tree
version=v4
num_class=1
num_tree_per_iteration=1
label_index=0
max_feature_idx=44
objective=binary sigmoid:1
feature_names=return_1d return_2d return_3d return_5d return_10d return_20d div_ma_5 div_ma_10 div_ma_20 div_ma_60 ma_5_20_cross ma_20_60_cross rsi rsi_change macd macd_signal macd_hist macd_hist_change bb_pct_b bb_bandwidth atr_pct volatility vol_change vol_ratio candle_body_pct upper_shadow_pct lower_shadow_pct day_of_week month is_month_end is_month_start streak gap price_position_20d macro_usdjpy_ret_20 macro_usdjpy_ret_60 macro_usdjpy_vol_20 macro_topix_ret_20 macro_topix_vol_20 macro_topix_above_200dma macro_nikkei_ret_20 macro_nikkei_above_200dma macro_nikkei_vi macro_jgb10y macro_bias_score
feature_infos=[-0.15524735687205682:0.10890399024220243] [-0.2498161708648643:0.10035743744844661] [-0.26470587641310128:0.12249520822442928] [-0.2438735177865613:0.17902163105197788] [-0.28919990091652215:0.23724993172455044] [-0.27862938971823681:0.22825847713029668] [-0.18484338799008093:0.071945143836717171] [-0.21629409113875647:0.12196944499756508] [-0.23944972485647481:0.12501317123402023] [-0.24510515342776276:0.22383043485128692] [-0.16341127736459227:0.093740609141189868] [-0.11882201951974358:0.1232471071589909] [17.849385473452429:94.474759414821705] [-27.158045884247599:21.412149538936688] [-210.51443068288654:226.47257929366879] [-172.18417171266583:190.56997153386638] [-114.16937321429491:58.446260617553463] [-43.627801623769422:26.090442764297038] [-0.42179518534657751:1.4206973127172264] [0.024343901652601637:0.49020635892754133] [0.0085809231774807947:0.078459928093569373] [0.0061940084395519703:0.056011815282873835] [-0.80232543475793539:7.7549496549383417] [0.46640226373325144:2.3686470637808776] [-1:0.98467526490660917] [0:1] [0:1] [0:4] [1:12] none [0:1] [-7:9] [-0.17279999999999995:0.13610835811034017] [0:1] [-0.10288784967882303:0.08505611680078462] [-0.13986255140503889:0.13160084488587853] [0.0024251968629527628:0.011841457708833433] [-0.90806057657351702:0.19897857359448179] [0.0040695656242548776:0.20202552483846534] [0:1] [-0.22859537662338159:0.23022297972565586] [0:1] none none none
tree_sizes=1266 1393 1412 1400 1412 1092 1187 992 1094 1093 1090 1086 1201 1205 981 1178 1177 1392 1180 1389 1314 1199 1415 1307 1096 1176 1199 1292 1390 1188 1095 989 1094 1207 1001 1078 1094 1101 1097 1207 994 993 1169 1297 999 1092 1214 1306 1489 897

Tree=0
num_leaves=11
num_cat=0
split_feature=5 15 14 34 34 36 41 15 22 2
split_gain=13.7867 7.35024 15.1856 7.4737 7.11789 5.50741 5.44 9.11024 8.20052 7.45255
threshold=0.028415399510119069 77.350463659272862 124.04374619231432 -0.00039914322828238363 0.035075048741410771 0.0080627815361906854 1.0000000180025095e-35 6.5533292116166626 -0.25142018323831444 0.0067999250948662668
decision_type=2 2 2 2 2 2 2 2 2 2
left_child=6 3 -3 5 -5 -2 7 -1 -8 -10
right_child=1 2 -4 4 -6 -7 8 -9 9 -11
leaf_value=0.18921954433467844 0.14901976461096689 0.13901291308391123 0.18382607451663013 0.19088665715540126 0.16483177512328578 0.17807244541713554 0.16616396366383801 0.14993218602621475 0.20516105626831921 0.17932162351425546
leaf_weight=9.9240559339523333 12.156968519091608 15.878489494323732 9.1797517389059049 25.802545428276062 11.908867120742796 7.9392447471618643 8.43544754385948 7.4430419504642478 27.291153818368912 18.85570627450943
leaf_count=40 49 64 37 104 48 32 34 30 110 76
internal_value=0.176516 0.168353 0.155442 0.174659 0.182197 0.160439 0.186039 0.172334 0.190596 0.195544
internal_weight=154.815 82.8659 25.0582 57.8076 37.7114 20.0962 71.9494 17.3671 54.5823 46.1469
internal_count=624 334 101 233 152 81 290 70 220 186
is_linear=0
shrinkage=1


Tree=1
num_leaves=12
num_cat=0
split_feature=5 23 20 36 9 38 12 25 23 23 40
split_gain=13.0398 12.4657 9.38717 8.60385 7.96095 7.94781 7.2245 5.03216 3.96555 5.17249 3.67159
threshold=0.028415399510119069 1.0732339815682537 0.020057720969287367 0.0078295656473835618 0.11720121531469453 0.011874254727979911 46.065228809746969 0.28850952838100291 1.0835427000518332 0.91214949066135553 0.047865265280182208
decision_type=2 2 2 2 2 2 2 2 2 2 2
left_child=1 5 8 4 -4 10 -3 -7 9 -2 -1
right_child=2 6 3 -5 -6 7 -8 -9 -10 -11 -12
leaf_value=0.030528540099068597 0.010097820735747911 0.0088883710369461067 -0.031811661710501461 0.0096394895157319443 -0.0036002441396010836 0.015057358573664751 -0.024237987666171395 -0.01553842143726107 0.017131245245809369 -0.016732301334714005 0.0042690380493670401
leaf_weight=28.992393106222153 11.41331295669079 9.171904385089876 22.105172127485275 8.679400831460951 17.383772701025009 7.92749474942684 10.167470991611479 7.4355569928884506 13.144981995224951 10.171204850077627 8.1765196323394758
leaf_count=117 46 37 89 35 70 32 41 30 53 41 33
internal_value=0.00171862 0.01099 -0.00621244 -0.0146241 -0.0205262 0.0184748 -0.00846393 0 0.00520686 -0.00225602 0.0256478
internal_weight=154.769 71.8713 82.8978 48.1683 39.4889 52.532 19.3394 15.3631 34.7295 21.5845 37.1689
internal_count=624 290 334 194 159 212 78 62 140 87 150
is_linear=0
shrinkage=0.03


Tree=2
num_leaves=12
num_cat=0
split_feature=15 2 28 38 8 35 35 20 38 35 12
split_gain=12.0485 10.361 9.06109 8.07057 11.6349 7.33342 20.3746 7.14601 4.1811 3.27976 2.64351
threshold=34.47245050504781 -0.013579717581697069 10.500000000000002 0.011874254727979911 0.0043723770125033831 0.032225279626958543 -0.026878640861689115 0.019661896554510217 0.0088530460530625906 0.053768424479902495 39.053185416917522
decision_type=2 2 2 2 2 2 2 2 2 2 2
left_child=3 8 7 5 10 6 -1 -3 -2 -7 -5
right_child=1 2 -4 4 -6 9 -8 -9 -10 -11 -12
leaf_value=0.035621197115769054 -0.0020637631856876685 -0.0023327857176130787 0.0083237378369552251 -0.0014278578206623888 -0.03055438441448546 0.034565448275428456 -0.010304460988766971 -0.029228688623693745 0.025009413649750043 0.0091044800594310832 0.020251837082658292
leaf_weight=10.888635590672491 7.9534989297390011 15.365830659866331 10.914098694920538 7.6802779138088244 8.190903574228285 16.093162268400196 24.283534303307533 26.333761051297188 8.1770059019327146 11.158997312188147 7.6794565171003342
leaf_count=44 32 62 44 31 33 65 98 106 33 45 31
internal_value=0.00167246 -0.00745215 -0.0139375 0.00914241 -0.00505553 0.0147223 0.00466131 -0.0202215 0.0120779 0.025988 0.00963176
internal_weight=154.719 68.7442 52.6137 85.975 23.5506 62.4243 35.1722 41.6996 16.1305 27.2522 15.3597
internal_count=624 277 212 347 95 252 142 168 65 110 62
is_linear=0
shrinkage=0.03


Tree=3
num_leaves=12
num_cat=0
split_feature=5 23 20 36 9 38 14 9 9 40 17
split_gain=11.9176 11.7535 8.6474 8.60363 9.10655 7.35276 6.52286 3.56154 5.20047 3.44187 3.23306
threshold=0.028415399510119069 1.0732339815682537 0.020286541694566059 0.0078295656473835618 0.11720121531469453 0.011874254727979911 10.616311866430125 0.10908567365689355 0.050744293824493435 0.047865265280182208 0.52676482072045394
decision_type=2 2 2 2 2 2 2 2 2 2 2
left_child=1 5 7 4 -4 9 -3 8 -2 -1 -7
right_child=2 6 3 -5 -6 10 -8 -9 -10 -11 -12
leaf_value=0.029473575209639974 -0.0035363662976955787 0.0052670412504517228 -0.03332767427308584 0.0095253410380972889 -0.0023702954953108918 0.012770136592245235 -0.026496834197316153 -0.0094104691175234071 0.020504000218127743 0.0040019584214728496 -0.011754151172115965
leaf_weight=28.861917421221733 12.401284843683245 11.396596506237985 20.423652172088623 8.6729802042245847 16.154263839125633 7.4233802407979947 7.946559026837348 9.6758113503456098 15.605316966772078 8.167039677500723 7.9379418045282364
leaf_count=117 50 46 82 35 65 30 32 39 63 33 32
internal_value=0.00164243 0.0105221 -0.0059284 -0.0145753 -0.0208762 0.0178125 -0.00833953 0.00428846 0.00983288 0.0247329 0
internal_weight=154.667 71.7334 82.9333 45.2509 36.5779 52.3903 19.3432 37.6824 28.0066 37.029 15.3613
internal_count=624 290 334 182 147 212 78 152 113 150 62
is_linear=0
shrinkage=0.03


Tree=4
num_leaves=12
num_cat=0
split_feature=5 35 10 38 10 9 13 0 22 14 38
split_gain=11.3066 9.98023 10.1856 7.51588 7.32091 9.71415 5.70327 5.51739 5.26877 5.30831 5.21522
threshold=0.03813713803566255 0.032225279626958543 0.0052443782720609242 0.010782881054116357 0.032676121782045826 0.14969822039545408 -2.2327351380656171 0.01078779920221107 0.2776109020466358 43.029887830732385 0.0082288512314874218
decision_type=2 2 2 2 2 2 2 2 2 2 2
left_child=1 2 7 10 8 6 -6 -1 9 -2 -3
right_child=4 3 -4 -5 5 -7 -8 -9 -10 -11 -12
leaf_value=0.017244126883923808 -0.0050856390513572608 0.0072787781971407912 -0.01897306264695009 0.0016807628449153737 -0.0064500347638846893 -0.022121416486811225 0.021438852424017017 -0.0074530885594797638 0.0024306814815833687 -0.031769301891117124 0.043126409379966493
leaf_weight=23.219048321247101 14.39941066503525 7.6532594114542034 14.629956990480421 12.854868829250334 7.7068116515874889 7.7045310735702506 17.837883874773979 9.6518253237009031 9.9341440796852094 16.425853729248047 12.559883207082747
leaf_count=94 58 31 59 52 31 31 72 39 40 66 51
internal_value=0.00158968 0.00933359 5.0851e-05 0.0214768 -0.00666708 0.00334799 0.0126228 0.00955062 -0.0149621 -0.0208308 0.0321062
internal_weight=154.577 80.5688 47.5008 33.068 74.0086 33.2492 25.5447 32.8709 40.7594 30.8253 20.2131
internal_count=624 326 192 134 298 134 103 133 164 124 82
is_linear=0
shrinkage=0.03


Tree=5
num_leaves=9
num_cat=0
split_feature=21 15 28 22 15 36 21 35
split_gain=15.4571 13.2489 12.7373 10.5387 9.02907 8.95461 3.9339 0.23631
threshold=0.01221413325002757 -4.2256044266430939 10.500000000000002 0.28309957826398841 -43.048596551767027 0.0051003994093244227 0.010801056499991303 0.00091945879712196376
decision_type=2 2 2 2 2 2 2 2
left_child=6 4 3 -3 -2 -4 -1 -6
right_child=1 2 5 -5 7 -7 -8 -9
leaf_value=0.0048986455587387749 -0.0040583754975986311 -0.021521388991981364 0.028307316139342689 0.0040153137330789139 0.034351487198044844 -0.0058598541571532187 0.030972434344816471 0.012521710754060883
leaf_weight=12.088935554027559 14.363723263144495 62.518755495548248 9.4177131801843661 16.84649670124054 7.3927997946739179 14.85960730910301 12.348820909857748 7.4133563637733459
leaf_count=49 58 252 38 68 30 60 50 30
internal_value=-0.000884747 -0.00507617 -0.0101611 -0.015951 0.0120025 0.00796923 0.0199879 0.0271048
internal_weight=157.25 132.812 103.643 79.3653 29.1699 24.2773 24.4378 14.8062
internal_count=635 536 418 320 118 98 99 60
is_linear=0
shrinkage=0.03


Tree=6
num_leaves=10
num_cat=0
split_feature=21 10 13 11 34 38 38 40 21
split_gain=14.6483 11.7205 6.28462 7.6838 7.44571 6.0582 6.41236 5.51562 3.74027
threshold=0.01221413325002757 0.00497844760029409 1.0009516891019532 -0.0022679243689105451 0.025744540301089084 0.011874254727979911 0.014271086919056561 -0.006306217766064103 0.010801056499991303
decision_type=2 2 2 2 2 2 2 2 2
left_child=8 5 3 -3 -4 7 -7 -2 -1
right_child=1 2 4 -5 -6 6 -8 -9 -10
leaf_value=0.0047748126916070223 0 0.0059387143826264716 0.0053174015668020803 -0.023651236584582857 -0.024099259172189122 -0.022984921019993703 0.008938484205748545 0.025237307245584734 0.030266749445106569
leaf_weight=12.082354575395586 12.069163948297502 7.9162962138652793 29.258048623800278 40.303179785609245 8.1984079480171186 8.426929175853731 9.9007530212402326 16.776497021317482 12.304928317666052
leaf_count=49 49 32 118 162 33 34 40 68 50
internal_value=-0.000814946 -0.00489416 -0.0114763 -0.0184517 -0.0016363 0.00673579 -0.00581903 0.0150591 0.0195247
internal_weight=157.237 132.849 85.6759 48.2195 37.4565 47.1733 18.3277 28.8457 24.3873
internal_count=635 536 345 194 151 191 74 117 99
is_linear=0
shrinkage=0.03


Tree=7
num_leaves=8
num_cat=0
split_feature=19 28 15 37 23 37 34
split_gain=11.6448 10.8863 15.896 8.43424 7.16097 3.58397 0.967677
threshold=0.044927242206155953 10.500000000000002 77.350463659272862 0.02242027084718046 1.0041076304111323 0.032075006935562207 -0.020564556758440319
decision_type=2 2 2 2 2 2 2
left_child=-1 2 4 6 -2 -4 -3
right_child=1 3 5 -5 -6 -7 -8
leaf_value=0.031124352464710667 0.0048321574888968146 0.0089277997386645359 -0.0079071573088597222 -0.006041852270658659 -0.011172663386348345 -0.038882682310172091 0.030912497244163936
leaf_weight=7.6121145337820044 58.820885971188545 7.3893315345048931 7.7240952253341701 11.384998619556425 40.4043138474226 12.972496658563612 10.878497198224069
leaf_count=31 238 30 31 46 163 52 44
internal_value=-0.000777078 -0.00288882 -0.00700395 0.0126707 -0.00162877 -0.0296988 0.0245183
internal_weight=157.187 149.575 119.922 29.6528 99.2252 20.6966 18.2678
internal_count=635 604 484 120 401 83 74
is_linear=0
shrinkage=0.03


Tree=8
num_leaves=9
num_cat=0
split_feature=15 37 38 11 38 9 40 11
split_gain=11.0444 14.7434 10.079 10.6723 9.79941 7.85888 1.85017 1.6681
threshold=77.350463659272862 0.022067400622074133 0.011874254727979911 -0.0071725489523677957 0.0063282190782212328 -0.0078252963610173382 -0.040032441083718111 0.091812789486894433
decision_type=2 2 2 2 2 2 2 2
left_child=2 -2 3 -1 -5 6 -4 -3
right_child=1 7 5 4 -6 -7 -8 -9
leaf_value=0.030909817519006216 0.0085278876947163032 -0.040787815235428848 0.0095793441657389764 -0.025173083665183744 0.0065471226142359406 -0.033505556281721555 -0.0085612427985641854 -0.013382850977263315
leaf_weight=13.002117171883581 11.405626863241197 10.481521278619768 7.4233760386705425 7.699516847729682 81.522914737462997 8.4539647698402387 8.9205906987190264 8.2295500934123975
leaf_count=53 46 42 30 31 330 34 36 33
internal_value=-0.000746404 -0.0165544 0.00308389 0.00735317 0.00315348 -0.0131909 0 -0.031915
internal_weight=157.139 30.1167 127.022 102.225 89.2224 24.7979 16.344 18.7111
internal_count=635 121 514 414 361 100 66 75
is_linear=0
shrinkage=0.03


Tree=9
num_leaves=9
num_cat=0
split_feature=21 15 13 15 21 21 19 7
split_gain=13.5091 11.646 8.60979 8.42396 7.50648 3.66381 3.60944 2.06615
threshold=0.01221413325002757 -4.2256044266430939 1.0009516891019532 -43.048596551767027 0.014774499484201661 0.010801056499991303 0.15542767179716058 0.0093946292982631917
decision_type=2 2 2 2 2 2 2 2
left_child=5 3 4 -2 -3 -1 -4 -5
right_child=1 2 6 7 -6 -7 -8 -9
leaf_value=0.0043015762788746999 -0.0040866965891355874 -0.030404851179671885 0.0048306132505102958 0.036619791807801456 -0.0075047205766404883 0.029448846832216422 -0.015618969998469135 0.0082842828266250362
leaf_weight=12.050521835684778 14.357681512832643 21.38901861011982 36.149872303009033 7.3499730080366117 38.468993276357651 12.240498960018156 7.6954732835292807 7.3582710325717926
leaf_count=49 58 86 146 30 155 50 31 30
internal_value=-0.000748878 -0.00466666 -0.009432 0.0113652 -0.0166486 0.0188203 0.000389439 0.0260303
internal_weight=157.06 132.769 103.703 29.0659 59.858 24.291 43.8453 14.7082
internal_count=635 536 418 118 241 99 177 60
is_linear=0
shrinkage=0.03


Tree=10
num_leaves=9
num_cat=0
split_feature=28 33 15 18 28 3 4 11
split_gain=15.817 15.6358 9.90839 7.62829 7.17486 3.62798 2.2562 1.27926
threshold=10.500000000000002 0.49460084673031895 83.148415429762466 0.98179565001850533 8.5000000000000018 -0.031041904722869381 0.052087887211692337 0.091812789486894433
decision_type=2 2 2 2 2 2 2 2
left_child=1 4 3 -3 5 -1 -2 -4
right_child=6 2 7 -5 -6 -7 -8 -9
leaf_value=0.0020548603519810831 0.027035795656857084 -0.00064295923819785209 -0.040217045257551702 -0.027347831316729371 -0.006098669867354735 0.027674938358715082 0.0043837904923043798 -0.01299904324068985
leaf_weight=8.8955619186162931 18.208868294954303 63.356698364019394 7.991040110588072 9.6629042476415616 11.375436186790465 17.701195612549785 8.1767832636833173 7.7421107292175293
leaf_count=36 74 256 32 39 46 72 33 31
internal_value=0.00101603 -0.00336671 -0.0102964 -0.00501171 0.0121596 0.0203736 0.021348 -0.0306459
internal_weight=153.111 126.725 88.7528 73.0196 37.9722 26.5968 26.3857 15.7332
internal_count=619 512 358 295 154 108 107 63
is_linear=0
shrinkage=0.03


Tree=11
num_leaves=9
num_cat=0
split_feature=28 15 16 28 28 34 15 12
split_gain=15.0586 11.2924 6.84164 6.82 4.48578 4.27924 3.57211 2.3635
threshold=10.500000000000002 83.148415429762466 1.0044019446468602 5.5000000000000009 8.5000000000000018 0.0028639349007490993 105.83236771952194 60.265355120436965
decision_type=2 2 2 2 2 2 2 2
left_child=1 2 4 -4 -1 7 -3 -2
right_child=5 6 3 -5 -6 -7 -8 -9
leaf_value=0.011696614618179606 0.017592948333558685 -0.035187078852630498 0.0031257821196630691 -0.018452530649673816 -0.0058647441823273042 0.033577689081285923 -0.0049615813001202156 -0.003135593143546367
leaf_weight=45.855655714869499 7.3350867629051226 9.7282981574535388 23.48391018807888 24.293545261025429 15.338822886347769 11.564651191234587 7.9870946407318106 7.4226544052362442
leaf_count=186 30 39 95 98 62 47 32 30
internal_value=0.00097062 -0.00330025 0.000338249 -0.00784543 0.00701108 0.0208371 -0.0242063 0.00714214
internal_weight=153.01 126.687 108.972 47.7775 61.1945 26.3224 17.7154 14.7577
internal_count=619 512 441 193 248 107 71 60
is_linear=0
shrinkage=0.03


Tree=12
num_leaves=10
num_cat=0
split_feature=28 33 28 19 3 28 37 28 38
split_gain=14.3562 14.49 7.04208 7.43899 6.66971 6.61298 5.70114 3.60126 2.60849
threshold=10.500000000000002 0.49460084673031895 5.5000000000000009 0.11421803238780411 0.042248590887274957 8.5000000000000018 0.023111275364690934 3.5000000000000004 0.0080210865913086255
decision_type=2 2 2 2 2 2 2 2 2
left_child=1 5 4 -4 -3 7 8 -1 -2
right_child=6 2 3 -5 -6 -7 -8 -9 -10
leaf_value=0.0031304301432820481 0.0082632710791084585 0.0059047187192807155 -0.0073695738030665836 -0.033282289079996259 -0.019898392547482387 -0.0057451360492768591 -0.00024458950960933886 0.027891762210122451 0.037084648872013945
leaf_weight=10.348867416381838 7.3596135526895585 32.20874211192131 30.170031607151031 16.202145338058472 10.185088098049162 11.389638528227804 7.4063709229230872 16.15073661506176 11.491351202130316
leaf_count=42 30 130 122 65 41 46 30 66 47
internal_value=0.000935955 -0.00322856 -0.00989753 -0.0177352 -0.000573743 0.0117322 0.0203615 0.0196464 0.0284238
internal_weight=152.913 126.655 88.766 46.3722 42.3938 37.8892 26.2573 26.4996 18.851
internal_count=619 512 358 187 171 154 107 108 77
is_linear=0
shrinkage=0.03


Tree=13
num_leaves=10
num_cat=0
split_feature=28 10 28 9 34 23 34 40 1
split_gain=13.6711 11.9718 5.78463 5.68689 5.94912 5.36728 4.03813 3.9651 3.01763
threshold=10.500000000000002 0.00497844760029409 8.5000000000000018 0.0023708611251758876 0.02489034192042228 1.0645277364596433 0.0028639349007490993 0.0063483636520035311 1.0000000180025095e-35
decision_type=2 2 2 2 2 2 2 2 2
left_child=1 2 5 -3 -5 -1 7 -2 -4
right_child=6 3 8 4 -6 -7 -8 -9 -10
leaf_value=0.022707936930230821 0.020357972993558623 0.0094333652734718762 0.0063784429415923742 -0.0061504063201365368 -0.025188884084119668 -0.0034117295665160906 0.032307452251506198 -0.0068275619605239037 -0.016853849991668005
leaf_weight=23.184936195611957 7.3190292716026324 9.3759033083915693 7.4141267985105497 47.433953031897545 23.339496791362762 7.9000792056322089 11.472653746604918 7.3943174779415131 7.9566204100847244
leaf_count=95 30 38 30 191 94 32 47 30 32
internal_value=0.000912233 -0.00314636 0.00857198 -0.0101644 -0.0131547 0.0158114 0.0198979 0.00661605 -0.00534001
internal_weight=152.791 126.605 46.4558 80.1494 70.7734 31.085 26.186 14.7133 15.3707
internal_count=619 512 189 323 285 127 107 60 62
is_linear=0
shrinkage=0.03


Tree=14
num_leaves=8
num_cat=0
split_feature=33 38 11 35 41 31 11
split_gain=11.9309 10.1338 7.78879 5.83743 3.91421 4.69787 4.74351
threshold=0.53806181059547808 0.011874254727979911 -0.0071725489523677957 0.017903555733564839 1.0000000180025095e-35 -1.4999999999999998 0.017320962095750073
decision_type=2 2 2 2 2 2 2
left_child=4 2 -2 -4 -1 -6 -7
right_child=1 -3 3 -5 5 6 -8
leaf_value=0 0.022749214888822443 -0.028409087104294645 -0.014848483199536185 0.0013032772909554564 0.034884346558915952 0.024613329528778875 -0.0014779811281216463
leaf_weight=14.324320167303084 9.0420568585395795 11.968250170350073 27.533790364861488 58.096002876758575 9.9821870923042315 7.9842552542686489 13.746812000870703
leaf_count=58 37 48 111 235 41 33 56
internal_value=0.00089582 -0.00451801 -0.000817323 -0.00393942 0.0134145 0.0189974 0.00874264
internal_weight=152.678 106.64 94.6719 85.6298 46.0376 31.7133 21.7311
internal_count=619 431 383 346 188 130 89
is_linear=0
shrinkage=0.03


Tree=15
num_leaves=10
num_cat=0
split_feature=0 5 13 28 2 38 32 40 2
split_gain=12.1202 11.0656 7.26988 6.3787 4.25942 3.52947 3.30558 2.78742 1.06595
threshold=0.014864533258757586 -0.0048483813541815848 3.9912102905717011 11.500000000000002 0.018313379275706313 0.012062533950057025 0.0064012408891561687 0.027192400917149587 -0.010729214322848788
decision_type=2 2 2 2 2 2 2 2 2
left_child=1 5 3 -3 -2 8 -6 -4 -1
right_child=4 2 7 -5 6 -7 -8 -9 -10
leaf_value=0.01065983679883779 -0.02641081501281849 -0.0073408575121792323 0.025519037559636634 0.018585223760207811 0.0092108365829633252 0.0047327781104758897 -0.013121796874561007 0 0.034345731055253355
leaf_weight=7.3124125450849577 13.364478573203085 65.841296136379242 10.010364830493929 7.5977457016706458 7.684125408530238 11.85537666082382 12.391667440533636 7.3819863051176062 12.089033395051956
leaf_count=30 54 266 41 31 31 48 50 30 50
internal_value=0.00110867 0.00560151 1.44347e-05 -0.00403819 -0.0142616 0.0204091 -0.00383432 0.0165517 0.0279498
internal_weight=155.528 122.088 90.8314 73.439 33.4403 31.2568 20.0758 17.3924 19.4014
internal_count=631 496 368 297 135 128 81 71 80
is_linear=0
shrinkage=0.03


Tree=16
num_leaves=10
num_cat=0
split_feature=0 10 12 15 26 38 22 37 28
split_gain=11.5307 10.7074 4.69409 6.26518 4.12 2.81021 2.68804 2.18692 0.728323
threshold=0.014864533258757586 0.0052443782720609242 53.850572234819701 36.580373057348957 0.26713615023474185 0.011973286397582524 0.37502725086164684 0.028979752744245361 9.5000000000000018
decision_type=2 2 2 2 2 2 2 2 2
left_child=1 5 -3 -4 6 8 7 -2 -1
right_child=4 2 3 -5 -6 -7 -8 -9 -10
leaf_value=0.025177511488791861 -0.021200344116920539 -0.018471048224509314 0.012191615888170922 -0.005529900033974796 -0.029451412382591198 0.002620855749046132 0.0065609333756218415 0 0.0080223438563977179
leaf_weight=22.80532838404179 8.6537067741155678 9.9342653751373273 28.798041775822639 40.164684221148491 9.1907723098993284 11.851534485816954 7.9174501895904532 7.7086265981197348 8.4151276499032956
leaf_count=94 35 40 117 162 37 48 32 31 35
internal_value=0.00110638 0.00549546 -0.000965759 0.00179406 -0.0138728 0.0171812 -0.00561244 -0.0123928 0.0217664
internal_weight=155.44 121.969 78.897 68.9627 33.4706 43.072 24.2798 16.3623 31.2205
internal_count=631 496 319 279 135 177 98 66 129
is_linear=0
shrinkage=0.03


Tree=17
num_leaves=12
num_cat=0
split_feature=10 11 11 28 28 11 6 38 17 33 11
split_gain=7.7849 5.84476 9.831 7.91266 9.50085 5.79506 4.59426 4.6352 4.36754 3.92881 1.00519
threshold=0.0052443782720609242 0.038087979194949113 0.026836208648098329 10.500000000000002 5.5000000000000009 -0.0022679243689105451 0.0010801701497669695 0.011251498444836328 -2.4148262717529394 0.58262466172908833 0.032880119813112681
decision_type=2 2 2 2 2 2 2 2 2 2 2
left_child=6 2 5 4 -3 -2 8 9 -1 -8 -10
right_child=1 3 -4 -5 -6 -7 7 -9 10 -11 -12
leaf_value=0 0.0093910739253725128 -0.0034537629357341737 0.027989896752868549 0.0084066052553732999 -0.034184243838852109 -0.012507141993534022 -0.0015368727547023699 -0.012271467798880168 0.032924111653850958 0.02352213942270653 0.0098039941514302172
leaf_weight=8.5477301925420779 16.205447152256966 22.193333223462105 9.3680675029754621 12.03743129968643 15.65882349014282 24.024139001965523 9.7005439251661354 11.35916383564472 10.668815091252329 8.2974904775619489 7.2652549147605887
leaf_count=35 66 89 38 49 63 97 40 46 44 34 30
internal_value=0.00106636 -0.00384809 0.00317208 -0.0109695 -0.0176204 -0.00330382 0.00991196 0.000966292 0.0185381 0.0104629 0.0262338
internal_weight=155.326 99.4872 49.5977 49.8896 37.8522 40.2296 55.839 29.3572 26.4818 17.998 17.9341
internal_count=631 402 201 201 152 163 229 120 109 74 74
is_linear=0
shrinkage=0.03


Tree=18
num_leaves=10
num_cat=0
split_feature=0 5 13 40 2 18 40 36 40
split_gain=10.8998 9.98176 6.64674 6.1179 3.97257 2.88863 2.7123 2.14485 3.60745
threshold=0.014864533258757586 -0.0048483813541815848 3.9912102905717011 0.05249650944735907 0.018313379275706313 0.99079127604677575 0.027192400917149587 0.0076378465208449446 -0.026827170582612966
decision_type=2 2 2 2 2 2 2 2 2
left_child=1 7 3 -3 -2 -6 -4 8 -1
right_child=4 2 6 -5 5 -7 -8 -9 -10
leaf_value=0.003433882619680586 -0.025203760345184179 -0.0088907918525134993 0.024737218516384253 0.010209244325784378 0.0044469390014429113 -0.016487441063979598 0 0.0022965202196267537 0.031425578900499559
leaf_weight=7.7942280769348207 13.395797938108442 55.29256671667099 9.945871055126192 18.056806117296219 12.625496849417688 7.4602720737457267 7.3594853579998007 7.5211488902568808 15.734474018216131
leaf_count=32 54 224 41 73 51 30 30 31 65
internal_value=0.00105495 0.00533361 2.13489e-05 -0.00384358 -0.0134991 -0.00343828 0.0158811 0.0194498 0.023736
internal_weight=155.186 121.705 90.6547 73.3494 33.4816 20.0858 17.3054 31.0499 23.5287
internal_count=631 496 368 297 135 81 71 128 97
is_linear=0
shrinkage=0.03


Tree=19
num_leaves=12
num_cat=0
split_feature=10 11 11 37 11 11 17 23 11 5 19
split_gain=7.1777 5.46372 9.32805 7.33575 5.74306 5.39588 5.00783 4.3227 7.44 2.87735 3.05119
threshold=0.0052443782720609242 0.038087979194949113 0.026836208648098329 0.020752062335458569 0.085080645857655415 -0.0022679243689105451 -2.8191451455212397 1.014163403944049 0.023121797361598587 0.026480221805678664 0.076277297978059655
decision_type=2 2 2 2 2 2 2 2 2 2 2
left_child=7 2 5 6 -5 -2 -3 9 -9 10 -1
right_child=1 3 -4 4 -6 -7 -8 8 -10 -11 -12
leaf_value=0.030162568200734038 0.0090695007085016578 0.01755428929042881 0.027332325522485688 -0.031837868696502687 -0.0028557441355608897 -0.012060676103884711 -0.0088060939160253416 0.014104774384196538 -0.020634122086371689 0 0.0081479560440502752
leaf_weight=12.477756127715113 16.171865731477737 8.8938415795564669 9.333484157919882 15.14512921869755 12.19856685400009 24.04936695098877 13.618433788418768 9.7198438942432421 8.3856634795665723 8.1083014458417875 16.990121752023697
leaf_count=52 66 36 38 61 49 97 55 40 34 33 70
internal_value=0.0010421 -0.00367129 0.0031114 -0.0105622 -0.0204954 -0.00318236 0.00157865 0.00955269 -0.00169075 0.0151608 0.019271
internal_weight=155.092 99.4107 49.5547 49.856 27.3437 40.2212 22.5123 55.6817 18.1055 37.5762 29.4679
internal_count=631 402 201 201 110 163 91 229 74 155 122
is_linear=0
shrinkage=0.03


Tree=20
num_leaves=11
num_cat=0
split_feature=10 23 15 21 21 37 11 21 22 15
split_gain=9.02188 8.92837 5.42628 5.30012 7.36277 6.49095 7.49076 6.84036 3.96185 0.237056
threshold=0.0059853753538484664 0.96348154209179682 7.4373305789189663 0.012301735283549707 0.010801056499991303 0.018537137221993242 -0.0056461989128218084 0.014928757877764574 -0.19174463177833564 -2.1456894186936242
decision_type=2 2 2 2 2 2 2 2 2 2
left_child=1 8 -3 4 -2 7 -7 -5 -1 -10
right_child=3 2 -4 5 -6 6 -8 -9 9 -11
leaf_value=0.00010689891663445961 -0.0069192522368358399 0.01050263158630179 -0.014907189087596024 -0.014421569168387148 0.028077764527006607 0.004998649700484175 -0.020186562364007277 0.012402622779732773 0.036081573409312992 0.016816845304496918
leaf_weight=7.7740201950073269 9.6481256037950534 12.369664415717127 13.540516451001166 11.415382295846937 7.8023567497730246 12.048236697912214 40.997183904051781 20.99544420838356 7.9253412485122743 14.042000278830523
leaf_count=32 39 51 55 46 32 49 165 85 33 58
internal_value=0.000416162 0.0100292 -0.00235563 -0.00473161 0.00923535 -0.00790121 -0.0142199 0.00222991 0.0207597 0.0268239
internal_weight=158.558 55.6515 25.9102 102.907 17.4505 85.4562 53.0454 32.4108 29.7414 21.9673
internal_count=645 229 106 416 71 345 214 131 123 91
is_linear=0
shrinkage=0.03


Tree=21
num_leaves=10
num_cat=0
split_feature=8 15 9 38 8 16 16 15 15
split_gain=8.56544 8.28519 10.1385 5.41359 5.33724 6.41479 4.18421 3.07433 1.85726
threshold=0.01369291463759255 -4.2256044266430939 0.011215419520011224 0.010948616258365853 0.019051386289637564 -2.3044559237384572 4.151853776531194 -47.419505920093023 9.8893979262713252
decision_type=2 2 2 2 2 2 2 2 2
left_child=1 7 8 -4 -2 -6 -7 -1 -3
right_child=4 2 3 -5 5 6 -8 -9 -10
leaf_value=0.0069428809348145194 -0.023480496575702926 -0.0031145493362197997 0.015238984927625265 -0.0093895826536903038 0.01864868634004381 -0.019831303989356102 -0.0015223342440551656 0.036358364281618261 -0.026549907610677166
leaf_weight=8.3507710993289965 11.385057911276816 7.7625137567520124 32.722888872027397 8.1650611460208875 8.9154100418090803 13.419126972556112 51.272111296653748 8.7892472147941572 7.6380526721477509
leaf_count=34 46 32 134 33 36 54 208 37 31
internal_value=0.000429716 0.00790873 0.00175679 0.00976255 -0.00589262 -0.00242467 -0.00602597 0.0250336 -0.0173153
internal_weight=158.42 73.4285 56.2885 40.888 84.9917 73.6066 64.6912 17.14 15.4006
internal_count=645 301 230 167 344 298 262 71 63
is_linear=0
shrinkage=0.03


Tree=22
num_leaves=12
num_cat=0
split_feature=10 40 28 37 3 11 13 20 5 11 26
split_gain=8.27123 5.52257 4.73033 10.2108 4.79456 6.92002 4.3745 4.18595 2.57857 2.39406 0.182104
threshold=0.0059853753538484664 -0.016953957198766797 9.5000000000000018 0.02242027084718046 0.024395034568371669 -0.0056461989128218084 1.0000000180025095e-35 0.020057720969287367 0.002229101373307119 0.04814602637864019 0.30101774799265296
decision_type=2 2 2 2 2 2 2 2 2 2 2
left_child=1 6 4 -4 5 -2 -1 -6 10 -10 -3
right_child=2 8 3 -5 7 -7 -8 -9 9 -11 -12
leaf_value=-0.01364924585171964 0.020903529913961837 0.031402465074758371 0.023211655792009962 -0.011397825425622093 -0.0033319893635291287 -0.0073540214799500949 0.010647703927787026 -0.028658688648992302 -0.0031260816049331224 0.016854510217994157 0.01165867041827523
leaf_weight=11.476561680436136 7.341982200741767 8.8559434860944766 13.186039239168169 13.144220471382139 12.624273464083673 42.626002714037895 10.93341790139675 13.935037612915037 8.7535924315452593 7.7810378223657599 7.666492596268653
leaf_count=47 30 37 54 53 51 172 45 56 36 32 32
internal_value=0.000406567 0.00963345 -0.00451492 0.00581999 -0.00831947 -0.00226871 -0.00127955 -0.0182219 0.0171104 0.0062714 0.0252991
internal_weight=158.325 55.467 102.858 26.3303 76.5273 49.968 22.41 26.5593 33.0571 16.5346 16.5224
internal_count=645 229 416 107 309 202 92 107 137 68 69
is_linear=0
shrinkage=0.03


Tree=23
num_leaves=11
num_cat=0
split_feature=8 15 11 28 23 36 13 18 15 21
split_gain=7.81622 7.84237 9.67941 5.74812 5.23577 4.93 4.61651 7.45658 2.96501 0.910988
threshold=0.01369291463759255 -4.2256044266430939 0.011699854795655275 10.500000000000002 1.1566208240992901 0.0050604280198464626 -2.5970060511162774 0.74060691678562018 -47.419505920093023 0.015251399346013135
decision_type=2 2 2 2 2 2 2 2 2 2
left_child=1 8 -3 6 -4 -5 9 -8 -1 -2
right_child=3 2 4 5 -6 -7 7 -9 -10 -11
leaf_value=0.0065763469438772501 -0.0084834848609172051 -0.023829824847247112 0.012315228734816818 0.024058448805662585 -0.010833778678387572 -0.0035192381859087784 0.015316673974457788 -0.010897960503553435 0.035462237163818168 -0.030382815638699393
leaf_weight=8.3347382247447985 7.4206463545560863 8.8322541862726194 38.490485072135925 7.5571561008691814 8.8926461786031705 12.039151981472967 10.615474030375479 38.616960391402245 8.6911049187183362 8.7009613662958127
leaf_count=34 30 36 158 31 36 49 43 156 37 35
internal_value=0.000409939 0.00757039 0.0015891 -0.00562317 0.00740417 0.00766442 -0.00993942 -0.00457552 0.0242878 -0.0231792
internal_weight=158.192 73.2412 56.2154 84.9504 47.3831 19.5963 65.354 49.2324 17.0258 16.1216
internal_count=645 301 230 344 194 80 264 199 71 65
is_linear=0
shrinkage=0.03


Tree=24
num_leaves=9
num_cat=0
split_feature=10 23 40 15 23 28 7 37
split_gain=7.51221 8.27765 6.01039 4.89672 4.42486 4.97525 7.10315 6.5581
threshold=0.0059853753538484664 0.96348154209179682 -0.018698851471578289 7.4373305789189663 0.77995847634662996 9.5000000000000018 0.0067461853887983677 0.02242027084718046
decision_type=2 2 2 2 2 2 2 2
left_child=1 2 -1 -3 -2 6 -6 -7
right_child=4 3 -4 -5 5 7 -8 -9
leaf_value=0.0024082413628004171 -0.019411555143312741 0.0095785499401637962 0.030805510973170552 -0.014562590348251078 0.0063582268937440413 0.0238111743556404 -0.013002855748162628 -0.0061020783012220425
leaf_weight=13.087994471192362 13.106307581067083 12.280957952141764 16.367831230163574 13.545687884092329 24.793728873133659 11.887826949357988 42.832510590553284 10.161683499813078
leaf_count=54 53 51 69 55 100 49 173 41
internal_value=0.000394955 0.00921 0.0196201 -0.00268069 -0.00428845 -0.0015393 -0.00571035 0.0100407
internal_weight=158.065 55.2825 29.4558 25.8266 102.782 89.6757 67.6262 22.0495
internal_count=645 229 123 106 416 363 273 90
is_linear=0
shrinkage=0.03


Tree=25
num_leaves=10
num_cat=0
split_feature=34 15 36 5 11 38 21 5 5
split_gain=7.44156 8.91645 6.08107 7.16402 4.78933 6.35965 4.15883 3.10183 2.99913
threshold=0.011234976807087517 -4.7270909542341064 0.008138132147436021 0.06999180933344519 0.057381362501072071 0.012683569007772974 0.010957156102323984 -0.088796926677401841 0.077687546424633949
decision_type=2 2 2 2 2 2 2 2 2
left_child=1 7 3 -3 5 6 -2 -1 -6
right_child=4 2 -4 -5 8 -7 -8 -9 -10
leaf_value=0.024124545669040508 -0.0013055261967664712 -0.021169347258716314 0.0076912826292211238 0.0001974411656769041 0.0041431789459183358 -0.0092479439084657278 0.020997812214142198 0 -0.017500146710555393
leaf_weight=8.0981613695621473 7.6439850181341162 40.563753932714462 11.539709255099295 19.02585506439209 11.002796530723574 8.3320874422788602 34.44587542116642 7.228579878807067 7.6804873347282401
leaf_count=34 31 165 47 77 45 34 141 30 31
internal_value=0 -0.00583954 -0.0104303 -0.0143189 0.00719505 0.0119634 0.0167316 0.0133444 -0.00486079
internal_weight=155.561 86.4561 71.1293 59.5896 69.1052 50.4219 42.0899 15.3267 18.6833
internal_count=635 353 289 242 282 206 172 64 76
is_linear=0
shrinkage=0.03


Tree=26
num_leaves=10
num_cat=0
split_feature=9 22 38 35 3 35 5 20 6
split_gain=5.25536 8.60526 9.28701 9.61826 5.4788 3.95012 2.63318 1.43304 1.38396
threshold=-0.010885176332444386 0.30126949979607426 0.010720142492578711 0.032465131591025827 -0.018598028666429341 0.018486527429351755 0.050515204064042314 0.019661896554510217 0.0026394653102505103
decision_type=2 2 2 2 2 2 2 2 2
left_child=4 2 3 -2 -1 -3 -4 -7 -6
right_child=1 5 6 -5 8 7 -8 -9 -10
leaf_value=-0.0038401822658475923 -0.011041154003598865 -0.0027471742162712269 -0.030486683953761359 0.0088647773987298104 0.031856595700281806 0.029317616877172926 -0.0059194055893374408 0.0071150866525757899 0.0076468286058722617
leaf_weight=9.6839276403188723 43.055770769715309 8.1808374822139758 13.599123924970629 40.057352647185326 7.2292356640100461 7.8372140675783184 9.1391822844743711 9.0623964071273786 7.6352867931127548
leaf_count=40 175 33 55 164 30 32 37 37 32
internal_value=0 -0.00245988 -0.00631555 -0.00128815 0.0121598 0.0125236 -0.0224956 0.0202181 0.0226921
internal_weight=155.48 130.932 105.851 83.1131 24.5485 25.0804 22.7383 16.8996 14.8645
internal_count=635 533 431 339 102 102 92 69 62
is_linear=0
shrinkage=0.03


Tree=27
num_leaves=11
num_cat=0
split_feature=34 11 11 38 16 40 21 38 12 11
split_gain=6.85587 7.90081 4.49871 6.06243 4.14775 6.48595 3.97587 3.60461 2.98254 2.76747
threshold=0.011234976807087517 -0.0036930169167710409 0.057381362501072071 0.012683569007772974 -1.7713873580029491 -0.015886362109907955 0.010957156102323984 0.012816706703620088 74.479668716540331 0.073709137576708397
decision_type=2 2 2 2 2 2 2 2 2 2
left_child=1 7 3 6 5 -3 -2 -1 -6 -4
right_child=2 4 9 -5 8 -7 -8 -9 -10 -11
leaf_value=0.024778403557355558 -0.0013521337243568262 -0.020920658588198169 -0.01690639457453056 -0.0091199887702796568 -0.022236890144571968 0.0050817498628082554 0.020421764052437709 -0.00037055661181642225 0 0.0038670757222264021
leaf_weight=7.5043603032827404 7.6391789168119422 10.140158727765082 7.6552004814147976 8.3233781754970533 25.251872599124908 26.809196949005127 34.335018113255501 8.5875334888696653 8.1508370190858823 11.016498297452925
leaf_count=32 31 41 31 34 102 110 141 35 33 45
internal_value=0 -0.00558649 0.00693179 0.0115654 -0.0100297 -0.00237691 0.0162366 0.0119711 -0.0174589 -0.00473589
internal_weight=155.413 86.444 68.9693 50.2976 70.3521 36.9494 41.9742 16.0919 33.4027 18.6717
internal_count=635 353 282 206 286 151 172 67 135 76
is_linear=0
shrinkage=0.03


Tree=28
num_leaves=12
num_cat=0
split_feature=34 11 11 2 38 16 38 17 21 11 24
split_gain=6.45437 7.50823 4.2529 5.80409 5.41497 3.91119 3.46686 3.26795 2.85872 2.63866 1.81427
threshold=0.011234976807087517 -0.0036930169167710409 0.057381362501072071 0.0049250824770348265 0.01120395538919044 -1.7713873580029491 0.012816706703620088 -2.2686803875482791 0.01312740236427804 0.073709137576708397 0.038595753954213607
decision_type=2 2 2 2 2 2 2 2 2 2 2
left_child=1 6 3 10 -5 7 -1 -3 -7 -4 -2
right_child=2 5 9 4 -6 8 -8 -9 -10 -11 -12
leaf_value=0.024301952272590324 0.028472967748280179 -0.014172761991425654 -0.016499044621099374 0.0095835207736874733 -0.017372278156939688 0 -0.00036152707373849594 0.00349002882601105 -0.021557486296025018 0.0037695993397675038 0.0059449206835747812
leaf_weight=7.4617992788553265 14.08244524896145 12.05328321456909 7.6582058072090176 20.679927542805675 7.4122983813285819 7.9015129208564749 8.5879177749156934 24.898689568042755 25.505564227700233 11.014081463217734 8.0368568748235685
leaf_count=32 58 49 31 85 30 32 35 102 103 45 33
internal_value=0 -0.00543418 0.00671705 0.0112317 0.00129072 -0.00976438 0.0116962 -0.00231815 -0.0169809 -0.00460971 0.0220812
internal_weight=155.293 86.4088 68.8838 50.2115 28.0922 70.359 16.0497 36.952 33.4071 18.6723 22.1193
internal_count=635 353 282 206 115 286 67 151 135 76 91
is_linear=0
shrinkage=0.03


Tree=29
num_leaves=10
num_cat=0
split_feature=15 34 38 38 38 40 12 37 37
split_gain=6.74459 7.98093 6.39435 6.00638 6.09115 3.84853 7.08467 3.4132 1.96725
threshold=-4.7270909542341064 0.011234976807087517 0.012816706703620088 0.010604110539496572 0.0091083201923271243 -0.015886362109907955 62.227329846699512 -0.022537965054142958 -0.027340926543110208
decision_type=2 2 2 2 2 2 2 2 2
left_child=2 5 -1 4 -3 8 -7 -4 -2
right_child=1 3 7 -5 -6 6 -8 -9 -10
leaf_value=0.029414630427107399 -0.006563574039113714 0.0017564153653211447 0.013354950943623843 -0.010333157449132567 0.025205465382910769 0.00350678546167465 -0.017584973794567523 -0.011969791228877213 -0.031467416183109796
leaf_weight=10.431136250495912 8.444779500365259 29.39943639934063 7.2892472296953201 14.278742894530295 14.731764480471609 32.805226713418961 21.725114479660988 7.8767315894365293 8.1705798506736738
leaf_count=45 34 120 30 58 61 134 88 32 33
internal_value=0 -0.00285109 0.0134613 0.00510961 0.0106627 -0.00955282 -0.00495576 0 -0.0216809
internal_weight=155.153 129.556 25.5971 58.4099 44.1312 71.1457 54.5303 15.166 16.6154
internal_count=635 528 107 239 181 289 222 62 67
is_linear=0
shrinkage=0.03


Tree=30
num_leaves=9
num_cat=0
split_feature=25 4 38 5 38 36 38 15
split_gain=6.53883 4.84588 5.51474 7.25222 6.96051 4.3478 4.5979 2.44723
threshold=0.03625410733844469 0.030925786300583739 0.010948616258365853 -0.098024287025842913 0.0096396950200652934 0.004808297053764809 0.0074568932641954971 34.47245050504781
decision_type=2 2 2 2 2 2 2 2
left_child=7 2 4 -4 -2 -3 -7 -1
right_child=1 5 3 -5 -6 6 -8 -9
leaf_value=-0.0040239387786885879 0.0034655511965939567 0.0064525280760926633 0.014897053097300349 -0.016351949184543045 0.027381067340799849 0.0059731834710445878 -0.018241891954114423 -0.024472624891825723
leaf_weight=13.611210554838182 39.815569281578064 13.73220221698284 8.0571773201227206 17.00919596850872 14.632788360118864 7.3253501504659644 25.130693703889847 11.6187776774168
leaf_count=56 164 56 34 69 61 30 102 47
internal_value=-0.00172941 0.00103069 0.0055735 -0.00539471 0.0109009 -0.00638539 -0.0123117 -0.0150975
internal_weight=150.933 125.703 79.5147 25.0664 54.4484 46.1882 32.456 25.23
internal_count=619 516 328 103 225 188 132 103
is_linear=0
shrinkage=0.03


Tree=31
num_leaves=8
num_cat=0
split_feature=25 33 13 0 40 13 15
split_gain=6.2289 5.05771 5.60287 6.16095 4.17183 3.21004 2.3136
threshold=0.03625410733844469 0.92090149766373386 -2.6777241264940694 0.014864533258757586 0.033911669552891162 -8.2073804938915043 34.47245050504781
decision_type=2 2 2 2 2 2 2
left_child=6 2 5 -4 -3 -2 -1
right_child=1 4 3 -5 -6 -7 -8
leaf_value=-0.0039169532807448327 0.0051182257662707306 0.0018363345690692496 0.012897169586420308 -0.0073875711972885578 -0.025101730568556233 -0.011976153573907423 -0.023847236626734134
leaf_weight=13.618012830615045 13.128130495548247 7.4170664101839092 57.212299153208733 14.996902316808699 9.1423033475875837 23.726708173751831 11.618222832679747
leaf_count=56 54 30 237 61 37 97 47
internal_value=-0.0016741 0.00101885 0.00353334 0.0083966 -0.0133301 -0.00555086 -0.0147205
internal_weight=150.86 125.623 109.064 72.2092 16.5594 36.8548 25.2362
internal_count=619 516 449 298 67 151 103
is_linear=0
shrinkage=0.03


Tree=32
num_leaves=9
num_cat=0
split_feature=25 22 13 0 13 26 15 35
split_gain=5.91022 4.79697 6.51613 9.21838 5.62598 3.39904 2.18808 0.803351
threshold=0.03625410733844469 0.30126949979607426 -2.6777241264940694 0.013775601945594131 -8.2073804938915043 0.078100018619555775 34.47245050504781 0.031322588482372245
decision_type=2 2 2 2 2 2 2 2
left_child=6 2 4 -4 -2 -3 -1 -7
right_child=1 5 3 -5 -6 7 -8 -9
leaf_value=-0.0038128747998146056 0.003878075466987355 -0.0019109699290048398 0.0089663186132896769 -0.01525543851876349 -0.021694717171531357 0.0076577217753323063 -0.023243418433041889 0.027635162876393088
leaf_weight=13.624536707997324 9.7203869223594683 7.5838525146245983 55.79618775844574 16.505703583359718 20.138301879167557 8.3005762696266157 11.614446148276327 7.5018940418958655
leaf_count=56 40 31 231 67 82 34 47 31
internal_value=-0.00164803 0.00097396 -0.00176579 0.00297309 -0.0131779 0.0127293 -0.0143552 0.0200234
internal_weight=150.786 125.547 102.161 72.3019 29.8587 23.3863 25.239 15.8025
internal_count=619 516 420 298 122 96 103 65
is_linear=0
shrinkage=0.03


Tree=33
num_leaves=10
num_cat=0
split_feature=25 22 13 0 13 34 1 38 7
split_gain=5.6228 4.57777 6.13825 8.72194 5.33419 3.72891 1.99514 1.82083 0.165615
threshold=0.03625410733844469 0.30126949979607426 -2.6777241264940694 0.013775601945594131 -8.2073804938915043 -0.0050047652362156794 0.0065718883555923044 0.0083629180746248605 0.014902559764600054
decision_type=2 2 2 2 2 2 2 2 2
left_child=7 2 4 -4 -2 -3 -7 -1 -9
right_child=1 5 3 -5 -6 6 -8 8 -10
leaf_value=-0.0020628233240979608 0.0037827881731171435 -0.0031308011261798395 0.008716238391291006 -0.014839595569289132 -0.021090497396290667 0.02996870178493272 0.0052857657868371714 -0.0086290304066186096 -0.026035995619161669
leaf_weight=10.485702589154245 9.7167180478572863 7.3509993106126812 55.733484610915184 16.515083402395248 20.150877013802528 7.6843408495187751 8.3148094266653043 7.3432736545801145 7.4095138758420944
leaf_count=43 40 30 231 67 82 32 34 30 30
internal_value=-0.00160624 0.000949929 -0.00172297 0.00287497 -0.0127983 0.0124446 0.019987 -0.014001 -0.0203315
internal_weight=150.705 125.466 102.116 72.2486 29.8676 23.3501 15.9992 25.2385 14.7528
internal_count=619 516 420 298 122 96 66 103 60
is_linear=0
shrinkage=0.03


Tree=34
num_leaves=8
num_cat=0
split_feature=5 0 13 21 37 36 33
split_gain=5.20334 3.55918 6.00315 4.47049 4.35634 3.99804 2.07452
threshold=0.15432681244490778 0.013775601945594131 -2.6777241264940694 0.010801056499991303 0.040063327570842418 0.0064712341951762295 0.90699014208573381
decision_type=2 2 2 2 2 2 2
left_child=1 2 4 -4 -1 6 -3
right_child=-2 5 3 -5 -6 -7 -8
leaf_value=-0.00017984519817115116 -0.023248884122087591 -0.025437382105627609 -0.0086102984710545016 0.011001829463059176 -0.022498244648944878 0.0023359632277026483 -0.0024594683988989094
leaf_weight=31.913169428706169 7.3617773950099936 10.147909447550775 10.173347473144529 59.73593881726265 9.1242935508489591 14.2545278519392 7.8999056667089453
leaf_count=131 30 41 42 248 37 58 32
internal_value=-0.00157279 -5.07654e-05 0.00241721 0.00777914 -0.00630558 -0.00861135 -0.0173764
internal_weight=150.611 143.249 110.947 69.9093 41.0375 32.3023 18.0478
internal_count=619 589 458 290 168 131 73
is_linear=0
shrinkage=0.03


Tree=35
num_leaves=9
num_cat=0
split_feature=38 5 22 22 16 24 34 2
split_gain=9.08199 9.71816 6.67391 5.81391 4.81474 2.95625 2.62851 1.88315
threshold=0.011874254727979911 -0.0029499932412553882 0.30126949979607426 0.046510220277717125 2.8120712927626887 -0.3640620041195029 0.004239515958119556 -0.013264433256144291
decision_type=2 2 2 2 2 2 2 2
left_child=1 7 3 -3 -4 -2 -7 -1
right_child=5 2 4 -5 -6 6 -8 -9
leaf_value=0.0059070962507332681 0.00038127380545330383 0.00077139262565670795 0.025080757613304562 -0.016628691136676008 0 -0.0039977403467043654 -0.028285478967189137 0.028504507092131565
leaf_weight=8.3773616105318087 7.3249689489603069 60.525863915681839 12.438440576195719 21.340136379003525 11.535951793193815 9.0766642391681689 11.595291569828985 13.110619127750395
leaf_count=35 30 248 51 87 47 37 47 57
internal_value=0.000591657 0.00412406 0.000105132 -0.00387385 0.0135218 -0.0141773 -0.0195762 0.0215864
internal_weight=155.325 127.328 105.84 81.866 23.9744 27.9969 20.672 21.488
internal_count=639 525 433 335 98 114 84 92
is_linear=0
shrinkage=0.03


Tree=36
num_leaves=9
num_cat=0
split_feature=22 28 15 25 4 15 28 37
split_gain=7.93122 5.52578 5.19602 5.38761 5.14128 4.32904 3.66061 2.0688
threshold=0.30126949979607426 10.500000000000002 29.303246506106898 0.41413419171358379 0.010914918739597048 10.741193519902248 7.5000000000000009 0.038355534840365031
decision_type=2 2 2 2 2 2 2 2
left_child=1 2 3 -1 -2 -3 -4 -6
right_child=4 5 6 -5 7 -7 -8 -9
leaf_value=0.0051699524240000905 0.026929142120225923 -0.0053892054629116233 -0.0070865392283820314 -0.016898216794191515 0.0097764207378146315 0.019617154791433083 -0.027582782007935274 -0.0077878673710767669
leaf_weight=43.787660911679268 12.690855950117109 7.9519829154014614 35.364014059305191 10.698041811585425 12.727111205458643 13.562093332409857 10.775510638952253 7.6357063204050055
leaf_count=181 53 34 144 44 52 56 44 31
internal_value=0.00058005 -0.00288683 -0.00594415 0.000126506 0.0132525 0.0100642 -0.0131319 0.0024119
internal_weight=155.193 122.139 100.625 54.4857 33.0537 21.5141 46.1395 20.3628
internal_count=639 503 413 225 136 90 188 83
is_linear=0
shrinkage=0.03


Tree=37
num_leaves=9
num_cat=0
split_feature=38 5 38 4 36 33 4 2
split_gain=8.63442 9.23803 6.07033 7.90405 7.17554 3.02264 2.7165 1.81329
threshold=0.011874254727979911 -0.0029499932412553882 0.0087475697149972317 0.054208861966825846 0.0075083000837755948 0.59060584069467736 -0.01655584685309602 -0.013264433256144291
decision_type=2 2 2 2 2 2 2 2
left_child=1 7 4 -4 -3 6 -2 -1
right_child=5 2 3 -5 -6 -7 -8 -9
leaf_value=0.005689136661740455 -0.0141102845806894 -0.012672605187629341 0.015302801965005147 -0.010508582006189579 0.0096494692743947265 -0.025138588662198456 0.0070914044380531571 0.027908385169961598
leaf_weight=8.3579643219709414 9.2996884137392062 42.142489388585091 34.970049604773521 12.683263227343557 15.911787405610083 10.926371932029722 7.7699028402566936 13.002318814396856
leaf_count=35 38 172 144 52 65 44 32 57
internal_value=0.000556411 0.00400954 9.17667e-05 0.00798426 -0.00618709 -0.0138389 -0.00394133 0.0210879
internal_weight=155.064 127.068 105.708 47.6533 58.0543 27.996 17.0696 21.3603
internal_count=639 525 433 196 237 114 70 92
is_linear=0
shrinkage=0.03


Tree=38
num_leaves=9
num_cat=0
split_feature=38 5 22 26 25 12 24 2
split_gain=8.20834 8.83284 6.03928 6.34213 4.6485 4.06117 2.41377 1.73235
threshold=0.011874254727979911 -0.0029499932412553882 0.30126949979607426 0.15843762018132057 0.29781140732438643 71.60201560010411 0.25000208073241786 -0.013264433256144291
decision_type=2 2 2 2 2 2 2 2
left_child=1 7 3 -3 6 -4 -2 -1
right_child=4 2 5 -5 -6 -7 -8 -9
leaf_value=0.0055558134451192571 0.0089362330056402123 -0.014690079578893359 0.02073224829472212 0.0022304370510940882 -0.025501826811214604 -0.0031622681326634672 -0.012211294074108023 0.027372745407430944
leaf_weight=8.3498919010162371 7.8051032721996325 28.463304862380028 16.272396057844166 53.299513310194016 12.813113600015638 7.6124422550201407 7.3721279352903366 12.899746358394621
leaf_count=35 32 116 67 219 52 31 30 57
internal_value=0.00054196 0.00391485 8.60627e-05 -0.00369097 -0.0134906 0.0128813 -0.000688418 0.0206605
internal_weight=154.888 126.897 105.648 81.7628 27.9903 23.8848 15.1772 21.2496
internal_count=639 525 433 335 114 98 62 92
is_linear=0
shrinkage=0.03


Tree=39
num_leaves=10
num_cat=0
split_feature=38 33 14 21 36 25 25 19 26
split_gain=7.79756 7.07426 6.49072 11.4728 7.13367 5.11754 4.4008 3.62735 1.01183
threshold=0.011874254727979911 0.49460084673031895 40.903335466644087 0.013611771848347947 0.004808297053764809 0.095167156885697393 0.29781140732438643 0.15660977597955378 0.30101774799265296
decision_type=2 2 2 2 2 2 2 2 2
left_child=1 5 3 -3 -4 -1 7 -2 -7
right_child=6 2 4 -5 -6 8 -8 -9 -10
leaf_value=-0.0019899794877960772 0.011926041818260409 -0.0029939511740112766 0.0049855144146950456 0.026082725181106103 -0.016013525532058457 0.031969738689517531 -0.024821222621553143 -0.014064926887233259 0.0095207809274121848
leaf_weight=7.2050296217203167 7.3661371320486086 29.697337105870247 23.420796155929565 17.520721241831779 30.723676666617393 10.581121087074282 12.824178501963614 7.8057109266519547 7.6003828793764105
leaf_count=30 30 122 96 73 125 46 52 32 33
internal_value=0.000530149 0.00382347 1.90363e-05 0.00811193 -0.00680896 0.0173553 -0.0131407 -0.000653143 0.0252022
internal_weight=154.745 126.749 101.363 47.2181 54.1445 25.3865 27.996 15.1718 18.1815
internal_count=639 525 416 195 221 109 114 62 79
is_linear=0
shrinkage=0.03


Tree=40
num_leaves=8
num_cat=0
split_feature=15 18 34 36 12 37 0
split_gain=11.1039 5.79016 8.35895 7.39141 5.69083 5.43956 2.13263
threshold=81.665048311383984 0.99079127604677575 0.007744889025525393 0.0082353779796109187 56.924254321267888 0.037179789356520783 -0.0020024460263775574
decision_type=2 2 2 2 2 2 2
left_child=1 2 3 -1 -4 6 -2
right_child=5 -3 4 -5 -6 -7 -8
leaf_value=-0.0088292887692630415 0.0068744815606986125 -0.013568395580329651 0.004722068949450116 0.01441593746655663 0.024092522318736535 -0.030718571489562734 -0.012765408578365211
leaf_weight=39.34726294875145 7.3196693956851959 12.312424495816229 33.172047764062881 15.348173305392264 26.534473195672035 11.229370594024656 7.8567401617765444
leaf_count=163 30 50 139 63 109 46 32
internal_value=0.000394753 0.00422936 0.00647391 -0.0017634 0.0140755 -0.0164806 -0.00272219
internal_weight=153.12 126.714 114.402 54.6954 59.7065 26.4058 15.1764
internal_count=632 524 474 226 248 108 62
is_linear=0
shrinkage=0.03


Tree=41
num_leaves=8
num_cat=0
split_feature=15 18 34 10 37 12 24
split_gain=10.5564 5.52376 7.50108 6.80212 5.24314 5.23982 2.96202
threshold=79.325208259428592 0.99079127604677575 0.007744889025525393 0.0077885507368584692 0.037179789356520783 56.924254321267888 0.019494500498806657
decision_type=2 2 2 2 2 2 2
left_child=1 2 3 -1 6 -4 -2
right_child=4 -3 5 -5 -6 -7 -8
leaf_value=0.0075354697356668698 0.0077567746646228022 -0.013212751503242812 0.0045917985619763225 -0.012972608284495245 -0.030043058886074971 0.023274267513288649 -0.015239372014420145
leaf_weight=30.251182287931442 8.2830646634101885 12.318260446190832 33.146879315376282 24.200827941298485 11.183072358369825 26.225884735584259 7.380945309996604
leaf_count=127 34 50 139 98 46 108 30
internal_value=0.000374341 0.00415376 0.00635839 -0.00145017 -0.0159204 0.0135781 -0.0027285
internal_weight=152.99 126.143 113.825 54.452 26.8471 59.3728 15.664
internal_count=632 522 472 225 110 247 64
is_linear=0
shrinkage=0.03


Tree=42
num_leaves=10
num_cat=0
split_feature=15 23 15 34 38 2 32 38 15
split_gain=10.0338 5.09311 10.2493 7.94082 5.99619 6.76611 4.28939 4.17887 1.69926
threshold=79.325208259428592 1.0732339815682537 10.741193519902248 0.0083882466098512704 0.010656253427988588 -0.0043754596302941198 -0.0016677973402133837 0.0096396950200652934 113.50096580974643
decision_type=2 2 2 2 2 2 2 2 2
left_child=1 4 -3 -4 7 -6 -2 -1 -8
right_child=6 2 3 -5 5 -7 8 -9 -10
leaf_value=0.0090438226158548202 0 0.016151535784331841 -0.029333697938175026 0 0.013584936214332969 -0.014135630359406917 -0.032167931730272006 0.031496306391354346 -0.0072267986425574634
leaf_weight=46.138208881020546 9.9601395130157488 12.941211923956869 13.350090175867082 16.165895238518715 11.369418665766718 16.972170561552048 9.4639509767293948 9.0759713649749738 7.3713269829750052
leaf_count=192 41 54 54 66 47 70 39 39 30
internal_value=0.000349739 0.00403782 -0.00406573 -0.0138683 0.00832959 -0.00235851 -0.0155494 0.0139687 -0.0239708
internal_weight=152.808 126.013 42.4572 29.516 83.5558 28.3416 26.7954 55.2142 16.8353
internal_count=632 522 174 120 348 117 110 231 69
is_linear=0
shrinkage=0.03


Tree=43
num_leaves=11
num_cat=0
split_feature=15 38 34 33 23 9 32 34 35 15
split_gain=9.57233 4.73879 7.89308 9.32077 8.04485 7.14536 4.23005 3.6886 2.56733 1.81072
threshold=81.665048311383984 0.010604110539496572 0.007744889025525393 0.91164340784769793 1.0732339815682537 1.0000000180025095e-35 -0.0016677973402133837 0.022649453447683546 -0.03952372525612418 113.50096580974643
decision_type=2 2 2 2 2 2 2 2 2 2
left_child=1 2 4 -4 -1 8 -2 -7 -3 -8
right_child=6 5 3 -5 -6 7 9 -9 -10 -11
leaf_value=0.0071347897805631557 0 -0.0018786992679822041 0.02305476243952468 -0.0070201023400355651 -0.020293533219600257 -0.0028892425738891747 -0.032610783319463522 -0.031091349539253212 0.016377519596376681 -0.0070569814541661469
leaf_weight=26.887472942471504 9.9601395130157488 12.254826918244364 36.115860879421234 10.310803934931753 12.290219798684118 10.516242310404779 8.9493973702192324 7.6654813438653937 10.292984053492544 7.3703890293836585
leaf_count=112 41 50 152 42 50 43 37 31 44 30
internal_value=0.000335407 0.00390628 0.00791554 0.0160517 -0.00167307 -0.00414531 -0.0153625 -0.0174254 0.00649948 -0.0239192
internal_weight=152.614 126.334 85.6044 46.4267 39.1777 40.7295 26.2799 18.1817 22.5478 16.3198
internal_count=632 524 356 194 162 168 108 74 94 67
is_linear=0
shrinkage=0.03


Tree=44
num_leaves=8
num_cat=0
split_feature=15 37 18 34 38 36 38
split_gain=9.09842 5.13112 5.01444 6.69572 12.0421 6.91627 3.65359
threshold=79.325208259428592 0.037179789356520783 0.99079127604677575 0.007744889025525393 0.010720142492578711 0.0082353779796109187 0.0088764762102181288
decision_type=2 2 2 2 2 2 2
left_child=2 6 3 5 -5 -1 -2
right_child=1 -3 -4 4 -6 -7 -8
leaf_value=-0.0083307878223915707 -0.015011046297444937 -0.028863404546419363 -0.012718493550398122 0.022562893957388894 -0.0045815234146324817 0.014210682726105449 0.010643423379346319
leaf_weight=39.020204231142998 8.0801091492176074 11.078730568289755 12.311421439051626 37.910221636295319 21.095727607607841 15.301225110888479 7.5700707882642737
leaf_count=162 33 46 50 160 87 63 31
internal_value=0.000290456 -0.0148614 0.0038138 0.00592928 0.0127803 -0.00143584 -0.00195209
internal_weight=152.368 26.7289 125.639 113.327 59.0059 54.3214 15.6502
internal_count=632 110 522 472 247 225 64
is_linear=0
shrinkage=0.03


Tree=45
num_leaves=9
num_cat=0
split_feature=22 33 10 10 4 4 8 5
split_gain=6.31015 5.03736 6.31742 5.54615 5.23223 3.78635 3.14119 4.92051
threshold=0.37502725086164684 0.49460084673031895 0.032676121782045826 0.022657585354576629 0.042659272000318611 0.044905638284190259 -0.0080320539765529001 -0.012767796078712533
decision_type=2 2 2 2 2 2 2 2
left_child=1 6 3 -3 -4 -2 7 -1
right_child=5 2 4 -5 -6 -7 -8 -9
leaf_value=0.0089817069629805641 0.02175044984057397 -0.0065734328874489933 0.020970903280671249 -0.027824713549583605 -0.0036502686085175483 -0.00026776204059023295 0.019322130445703061 -0.017517756640119089
leaf_weight=16.814801141619682 14.147801071405413 49.72582583129406 8.8033216297626478 14.458840519189833 24.050317600369453 10.05154727399349 9.1978909224271757 7.484902590513232
leaf_count=72 60 205 36 59 99 41 39 31
internal_value=-0.000633662 -0.00337503 -0.00688132 -0.0122835 0.00334154 0.01271 0.00617512 0
internal_weight=154.735 130.536 97.0383 64.1847 32.8536 24.1993 33.4976 24.2997
internal_count=642 541 399 264 135 101 142 103
is_linear=0
shrinkage=0.03


Tree=46
num_leaves=10
num_cat=0
split_feature=7 37 0 0 32 24 21 7 28
split_gain=6.82747 7.15438 7.78963 6.55625 6.37786 5.20047 4.36397 4.28584 1.25484
threshold=0.0016132007578977278 0.039114561607407901 0.0038295856318479875 -0.0039467886511528874 -0.0055251797967723606 0.17795566502463059 0.019064046408446046 0.011887113418004148 7.5000000000000009
decision_type=2 2 2 2 2 2 2 2 2
left_child=1 2 4 8 -1 7 -7 -5 -2
right_child=3 -3 -4 5 -6 6 -8 -9 -10
leaf_value=0.0037777087587869697 -0.027144728902107642 -0.016869296327681166 -0.0071418401588564107 -0.008443329389535929 0.029430129045463438 -0.0014580672593701824 -0.021781292686212084 0.015439089775620073 -0.0062037742872685523
leaf_weight=18.315705135464665 10.948857143521311 7.2229157090187064 12.753972485661505 7.2838675826787975 19.590095922350887 38.49981190264225 11.697133004665373 20.462496429681778 7.8501962572336188
leaf_count=77 45 30 53 30 83 159 48 85 32
internal_value=-0.000609028 0.0072841 0.0115226 -0.00553542 0.0182216 -0.00130066 -0.00713438 0.00851915 -0.0205587
internal_weight=154.625 57.8827 50.6598 96.7424 37.9058 77.9433 50.1969 27.7464 18.7991
internal_count=642 243 213 399 160 322 207 115 77
is_linear=0
shrinkage=0.03


Tree=47
num_leaves=11
num_cat=0
split_feature=7 36 0 0 24 21 7 37 7 28
split_gain=6.47992 7.95241 7.35479 6.23127 4.9189 4.13844 4.07904 3.51299 1.99902 1.17496
threshold=0.0016132007578977278 0.0050380393820635963 -0.00035917982515010211 -0.0039467886511528874 0.17795566502463059 0.019064046408446046 0.011887113418004148 0.023111275364690934 -0.01230252606664165 7.5000000000000009
decision_type=2 2 2 2 2 2 2 2 2 2
left_child=1 8 7 9 6 -6 -5 -3 -1 -2
right_child=3 2 -4 4 5 -7 -8 -9 -10 -11
leaf_value=0.0064463827928024119 -0.026468843455674147 0.01466750769524312 -0.016615293626975836 -0.0082407634661481113 -0.0014163449623839667 -0.021219285700293185 0.015039347270308118 -0.0068774625412260553 0.033117947035410135 -0.0060544734003732297
leaf_weight=7.0663889944553366 10.94273926317692 21.207956016063694 13.772551596164702 7.2881207615137127 38.503761321306229 11.699657171964644 20.429850324988365 7.1723696738481513 8.5548691898584348 7.8517602980136862
leaf_count=30 45 90 57 30 159 48 85 30 36 32
internal_value=-0.00061503 0.00708092 0 -0.00541455 -0.0012797 -0.0069548 0.00827072 0.00863454 0.0240052 -0.0200643
internal_weight=154.49 57.7741 42.1529 96.7159 77.9214 50.2034 27.718 28.3803 15.6213 18.7945
internal_count=642 243 177 399 322 207 115 120 66 77
is_linear=0
shrinkage=0.03


Tree=48
num_leaves=13
num_cat=0
split_feature=7 35 36 38 14 2 18 35 0 11 36 35
split_gain=6.1785 9.37815 10.2804 5.96202 7.97267 7.80803 6.54492 4.81106 3.29909 1.9398 1.48853 1.33498
threshold=0.0016132007578977278 0.017903555733564839 0.0071026271226287954 0.010720142492578711 40.903335466644087 0.014561749024016525 0.79869592019538727 0.051589454852216783 0.0096285440916090721 0.011699854795655275 0.0052746946737428314 -0.0048633063187535344
decision_type=2 2 2 2 2 2 2 2 2 2 2 2
left_child=1 2 11 4 5 -2 -6 10 -5 -4 -3 -1
right_child=3 7 9 8 6 -7 -8 -9 -10 -11 -12 -13
leaf_value=-0.0063156840339812408 -0.0045467216240129274 0.03376601614933307 0 -0.028260091918065663 -0.026973754502350344 0.022296723101208081 -0.00081481324024379822 0 -0.003990113640776634 0.020642605638626153 0.0090034828038310869 -0.029445616949241124
leaf_weight=7.4452039748430252 16.75609202682972 11.724362745881086 7.4910937100648862 11.578706264495851 11.658708587288855 17.68487773835659 27.101720958948135 8.573670879006384 11.901449248194693 7.7631180435419083 7.2012601047754279 7.4907123148441332
leaf_count=31 70 50 32 47 48 74 111 36 49 32 31 31
internal_value=-0.000609263 0.00690981 -0.00419408 -0.00529697 -0.00071155 0.00929255 -0.00998859 0.0190666 -0.0178258 0.0118293 0.0268217 -0.020909
internal_weight=154.371 57.6894 30.1901 96.6816 73.2014 34.441 38.7604 27.4993 23.4802 15.2542 18.9256 14.9359
internal_count=642 243 126 399 303 144 159 117 96 64 81 62
is_linear=0
shrinkage=0.03


Tree=49
num_leaves=7
num_cat=0
split_feature=2 38 15 35 32 34
split_gain=5.46773 4.41789 7.29128 6.07752 3.96562 1.09656
threshold=0.042536021053708246 0.012683569007772974 -1.0896297414581768 0.024984302338169954 -0.0026483687306554922 -0.00039914322828238363
decision_type=2 2 2 2 2 2
left_child=1 2 -1 -4 -3 -2
right_child=5 4 3 -5 -6 -7
leaf_value=0.024623695767620326 -0.0037536951861988749 0.0026109690543916269 -0.0071512003470484272 0.0068316496726803693 -0.022939226726055383 -0.023567223978695144
leaf_weight=11.135326832532881 7.3703821301460257 7.7406583279371288 46.408843040466309 63.601311683654785 9.8521023541688901 8.0912301987409574
leaf_count=50 30 32 191 266 40 33
internal_value=-0.000601903 0.00127171 0.00345465 0.000776571 -0.0118128 -0.0164931
internal_weight=154.2 138.738 121.145 110.01 17.5928 15.4616
internal_count=642 579 507 457 72 63
is_linear=0
shrinkage=0.03


end of trees

feature_importances:
macro_topix_vol_20=41
macd_signal=37
ma_20_60_cross=27
month=25
macro_usdjpy_ret_20=20
return_20d=18
volatility=18
macro_topix_ret_20=18
macro_usdjpy_vol_20=16
return_1d=14
rsi_change=14
macro_usdjpy_ret_60=14
macro_nikkei_ret_20=14
ma_5_20_cross=13
vol_change=13
vol_ratio=13
return_3d=12
div_ma_60=10
price_position_20d=10
div_ma_10=9
rsi=9
upper_shadow_pct=9
return_10d=7
bb_pct_b=7
macd_hist=6
candle_body_pct=6
div_ma_20=5
macd=5
bb_bandwidth=5
atr_pct=5
lower_shadow_pct=5
gap=5
return_5d=4
macd_hist_change=4
return_2d=2
div_ma_5=2
macro_nikkei_above_200dma=2
streak=1

parameters:
[boosting: gbdt]
[objective: binary]
[metric: binary_logloss]
[tree_learner: serial]
[device_type: cpu]
[data_sample_strategy: bagging]
[data: ]
[valid: ]
[num_iterations: 50]
[learning_rate: 0.03]
[num_leaves: 15]
[num_threads: 0]
[seed: 42]
[deterministic: 0]
[force_col_wise: 0]
[force_row_wise: 0]
[histogram_pool_size: -1]
[max_depth: 4]
[min_data_in_leaf: 30]
[min_sum_hessian_in_leaf: 0.001]
[bagging_fraction: 0.7]
[pos_bagging_fraction: 1]
[neg_bagging_fraction: 1]
[bagging_freq: 5]
[bagging_seed: 400]
[bagging_by_query: 0]
[feature_fraction: 0.6]
[feature_fraction_bynode: 1]
[feature_fraction_seed: 30056]
[extra_trees: 0]
[extra_seed: 12879]
[early_stopping_round: 0]
[early_stopping_min_delta: 0]
[first_metric_only: 0]
[max_delta_step: 0]
[lambda_l1: 0.5]
[lambda_l2: 2]
[linear_lambda: 0]
[min_gain_to_split: 0]
[drop_rate: 0.1]
[max_drop: 50]
[skip_drop: 0.5]
[xgboost_dart_mode: 0]
[uniform_drop: 0]
[drop_seed: 17869]
[top_rate: 0.2]
[other_rate: 0.1]
[min_data_per_group: 100]
[max_cat_threshold: 32]
[cat_l2: 10]
[cat_smooth: 10]
[max_cat_to_onehot: 4]
[top_k: 20]
[monotone_constraints: ]
[monotone_constraints_method: basic]
[monotone_penalty: 0]
[feature_contri: ]
[forcedsplits_filename: ]
[refit_decay_rate: 0.9]
[cegb_tradeoff: 1]
[cegb_penalty_split: 0]
[cegb_penalty_feature_lazy: ]
[cegb_penalty_feature_coupled: ]
[path_smooth: 0]
[interaction_constraints: ]
[verbosity: -1]
[saved_feature_importance_type: 0]
[use_quantized_grad: 0]
[num_grad_quant_bins: 4]
[quant_train_renew_leaf: 0]
[stochastic_rounding: 1]
[linear_tree: 0]
[max_bin: 255]
[max_bin_by_feature: ]
[min_data_in_bin: 5]
[bin_construct_sample_cnt: 200000]
[data_random_seed: 175]
[is_enable_sparse: 1]
[enable_bundle: 1]
[use_missing: 1]
[zero_as_missing: 0]
[feature_pre_filter: 1]
[pre_partition: 0]
[two_round: 0]
[header: 0]
[label_column: ]
[weight_column: ]
[group_column: ]
[ignore_column: ]
[categorical_feature: ]
[forcedbins_filename: ]
[precise_float_parser: 0]
[parser_config_file: ]
[objective_seed: 16083]
[num_class: 1]
[is_unbalance: 0]
[scale_pos_weight: 1]
[sigmoid: 1]
[boost_from_average: 1]
[reg_sqrt: 0]
[alpha: 0.9]
[fair_c: 1]
[poisson_max_delta_step: 0.7]
[tweedie_variance_power: 1.5]
[lambdarank_truncation_level: 30]
[lambdarank_norm: 1]
[label_gain: ]
[lambdarank_position_bias_regularization: 0]
[eval_at: ]
[multi_error_top_k: 1]
[auc_mu_weights: ]
[num_machines: 1]
[local_listen_port: 12400]
[time_out: 120]
[machine_list_filename: ]
[machines: ]
[gpu_platform_id: -1]
[gpu_device_id: -1]
[gpu_use_dp: 0]
[num_gpu: 1]

end of parameters

pandas_categorical:[]
