tree
version=v4
num_class=1
num_tree_per_iteration=1
label_index=0
max_feature_idx=44
objective=binary sigmoid:1
feature_names=return_1d return_2d return_3d return_5d return_10d return_20d div_ma_5 div_ma_10 div_ma_20 div_ma_60 ma_5_20_cross ma_20_60_cross rsi rsi_change macd macd_signal macd_hist macd_hist_change bb_pct_b bb_bandwidth atr_pct volatility vol_change vol_ratio candle_body_pct upper_shadow_pct lower_shadow_pct day_of_week month is_month_end is_month_start streak gap price_position_20d macro_usdjpy_ret_20 macro_usdjpy_ret_60 macro_usdjpy_vol_20 macro_topix_ret_20 macro_topix_vol_20 macro_topix_above_200dma macro_nikkei_ret_20 macro_nikkei_above_200dma macro_nikkei_vi macro_jgb10y macro_bias_score
feature_infos=[-0.075028419856006057:0.092089728453364827] [-0.10749542961608771:0.072600234508718442] [-0.13592920353982296:0.079661511526116113] [-0.11653999276149118:0.09688246473133999] [-0.12238410596026494:0.12208111429741919] [-0.14365883772622057:0.15946632782719194] [-0.089926180001491246:0.061571125265392754] [-0.10083801455014274:0.063498315211700365] [-0.095666348674156437:0.085518255329576021] [-0.12276333772448145:0.14527170132987477] [-0.062156848386248686:0.067117776152157971] [-0.061384247062958197:0.090126101122239621] [10.915043411533304:97.882736156351797] [-22.375620096251524:24.070654814645437] [-85.031145468112754:119.43496125647289] [-71.712211758319683:107.24128860996282] [-39.87910702929107:34.831373065277916] [-18.860445779579706:18.954262000134491] [-0.26624188755557282:1.3477180589501505] [0.023590912830590949:0.2160664966273102] [0.0099025495878150797:0.040524384140577213] [0.0062393301991226372:0.030173420090933423] [-0.76185152057245076:3.7541073887104179] [0.52538993059312733:1.8868679035856968] [-1:1] [0:0.93548387096774188] [0:0.93749713898578191] [0:4] [1:12] none [0:1] [-11:8] [-0.077770576798444568:0.082644628099173501] [0:1] [-0.10288784967882303:0.08505611680078462] [-0.13986255140503889:0.13160084488587853] [0.0023506467301043195:0.011841457708833433] [-0.21871130063915301:0.21255316252998058] [0.0039190494364641443:0.040640975235326525] [0:1] [-0.22859537662338159:0.23022297972565586] [0:1] none none none
tree_sizes=1286 1305 991 896 892 1297 1089 1172 1169 1274 785 999 1102 1287 994 1166 990 1190 1093 1285 1207 1316 1508 1373 1419 1212 1181 1292 1096 1309 1207 1300 785 894 1098 1527 1624 1279 1632 1314 998 1381 1323 1104 1104 1206 1425 1207 998 1049

Tree=0
num_leaves=11
num_cat=0
split_feature=34 26 27 28 35 4 18 22 34 28
split_gain=16.6798 12.4529 11.9175 8.85523 11.492 11.5544 6.63814 5.74893 4.3625 2.61563
threshold=-0.0025029587638420443 0.1647165854056894 1.5000000000000002 5.5000000000000009 0.013860247276322292 0.043862203496059411 0.82549829143950781 0.021311583461277931 0.0268667792984747 8.5000000000000018
decision_type=2 2 2 2 2 2 2 2 2 2
left_child=1 7 -3 6 -5 -6 8 -1 -2 -4
right_child=3 2 9 4 5 -7 -8 -9 -10 -11
leaf_value=-0.097908966511524809 -0.1370126115914902 -0.10680446547752787 -0.063982692884377163 -0.077046791600517597 -0.10512954210327147 -0.14072117168642465 -0.10258774036806954 -0.1263023829726917 -0.10937923435143238 -0.093368359568900064
leaf_weight=11.218972876667978 23.435187786817551 11.717593893408774 15.20794101059437 7.9779362678527823 42.133475914597511 8.2272467762231809 8.2272467762231809 9.9724203348159772 8.9751783013343793 7.7286257594823828
leaf_count=45 94 47 61 32 169 33 33 40 36 31
internal_value=-0.106793 -0.0940404 -0.0833176 -0.114214 -0.106301 -0.112117 -0.124633 -0.111297 -0.130488 -0.0715454
internal_weight=154.822 55.8456 34.6542 98.9763 58.3387 50.3607 40.6376 21.1914 32.4104 22.9366
internal_count=621 224 139 397 234 202 163 85 130 92
is_linear=0
shrinkage=1


Tree=1
num_leaves=11
num_cat=0
split_feature=34 20 28 26 27 35 1 38 4 28
split_gain=15.7993 13.1047 12.6852 11.8013 11.3094 10.9453 4.90064 3.23036 2.77319 2.42417
threshold=-0.0025029587638420443 0.014382146759625092 5.5000000000000009 0.1647165854056894 1.5000000000000002 0.023703351062026371 -0.012458203177965586 0.011439351918062111 0.01110248148794424 8.5000000000000018
decision_type=2 2 2 2 2 2 2 2 2 2
left_child=3 8 6 7 -5 -4 -3 -1 -2 -6
right_child=1 2 5 4 9 -7 -8 -9 -10 -11
leaf_value=-0.014308794659533523 -0.00049105885166273063 -0.0044020276741978592 0.021769953758770125 -0.0016321282502366244 0.039993382427479435 -0.011279786546561079 -0.035056272134220738 0.0074531181474169813 0.020127705953211932 0.011475479753322295
leaf_weight=13.707987830042841 7.7269694954156902 7.9660487025976208 9.4812262356281263 11.716555267572401 15.234402969479563 38.376951619982719 23.652573004364967 7.475319415330886 11.71866002678871 7.7331342548131934
leaf_count=55 31 32 38 47 61 154 95 30 47 31
internal_value=-0.00161285 -0.00884148 -0.014282 0.0107906 0.0212236 -0.00382079 -0.0285007 -0.00600181 0.0119534 0.0326806
internal_weight=154.79 98.9224 79.4768 55.8674 34.6841 47.8582 31.6186 21.1833 19.4456 22.9675
internal_count=621 397 319 224 139 192 127 85 78 92
is_linear=0
shrinkage=0.03


Tree=2
num_leaves=8
num_cat=0
split_feature=20 35 33 14 12 11 37
split_gain=13.235 11.7949 9.59213 13.9631 9.46013 11.6431 4.44701
threshold=0.012587146290965695 0.010637926901307939 0.44601462509791451 41.277706251028356 35.104929216297073 0.0080809927069648308 0.034031721132759658
decision_type=2 2 2 2 2 2 2
left_child=-1 2 6 -4 -3 -6 -2
right_child=1 4 3 -5 5 -7 -8
leaf_value=0.029336691540517573 0.0024079859264503622 0.013170791080447237 0.02819153962171659 -0.0082044575736844334 -0.02785997610741528 -0.0042664323661836222 -0.024980599606011466
leaf_weight=9.4835220426321012 9.2241416275501269 10.964992389082907 23.952849328517914 12.956592649221419 31.863475829362869 48.564443379640579 7.7185780704021445
leaf_count=38 37 44 96 52 128 195 31
internal_value=-0.00155253 -0.00404234 0.0067713 0.0152647 -0.0105833 -0.0142448 -0.0105977
internal_weight=154.729 145.245 53.8522 36.9094 91.3929 80.4279 16.9427
internal_count=621 583 216 148 367 323 68
is_linear=0
shrinkage=0.03


Tree=3
num_leaves=7
num_cat=0
split_feature=20 20 24 36 22 5
split_gain=12.5718 11.6558 8.63381 7.96408 3.55462 1.71743
threshold=0.012587146290965695 0.023631160231762597 -0.57189803657560268 0.0056120213692363559 1.0000000180025095e-35 -0.0014474738813401997
decision_type=2 2 2 2 2 2
left_child=-1 2 5 -4 -3 -2
right_child=1 4 3 -5 -6 -7
leaf_value=0.02858798856408383 -0.029571563862246648 0.030804430322034282 -0.011657832735917801 0.0045121526651312393 0.00090682645521662894 -0.0086519769191034882
leaf_weight=9.4921683073043805 13.93843285739422 7.9768312573432905 48.747336268424988 56.341158092021942 7.472550556063652 10.705724030733107
leaf_count=38 56 32 196 226 30 43
internal_value=-0.00150092 -0.00393182 -0.00701887 -0.00292618 0.0189646 -0.0223784
internal_weight=154.674 145.182 129.733 105.088 15.4494 24.6442
internal_count=621 583 521 422 62 99
is_linear=0
shrinkage=0.03


Tree=4
num_leaves=7
num_cat=0
split_feature=20 20 21 36 22 4
split_gain=11.9406 11.107 9.9276 6.89811 3.36531 0.976981
threshold=0.012587146290965695 0.023631160231762597 0.01584724807581522 0.0056120213692363559 1.0000000180025095e-35 0.015412332829166544
decision_type=2 2 2 2 2 2
left_child=-1 2 3 -2 -3 -4
right_child=1 4 5 -5 -6 -7
leaf_value=0.027868486514495531 -0.011239081828922255 0.030036370578822975 -0.035539623626200834 0.0032548802254097503 0.00088533268554701527 -0.01116291782259304
leaf_weight=9.4966743737459165 51.940205037593842 7.9863682240247709 8.6954226940870303 61.569744929671288 7.4729036688804626 7.4626574218273154
leaf_count=38 209 32 35 247 30 30
internal_value=-0.00144507 -0.00381797 -0.00683589 -0.00332722 0.0185197 -0.0275768
internal_weight=154.624 145.127 129.668 113.51 15.4593 16.1581
internal_count=621 583 521 456 62 65
is_linear=0
shrinkage=0.03


Tree=5
num_leaves=11
num_cat=0
split_feature=34 35 10 28 28 23 33 22 4 14
split_gain=12.2191 9.5074 10.821 12.4223 8.04941 7.69949 7.18644 4.94162 3.53568 1.91092
threshold=-0.0055182736971171589 0.0074456093038254298 0.027866062385443983 5.5000000000000009 8.5000000000000018 1.0521954255784685 0.25799148782033871 0.13756702031191662 0.0015491661714560625 14.236724951243334
decision_type=2 2 2 2 2 2 2 2 2 2
left_child=4 5 3 -3 6 9 -1 -8 -6 -2
right_child=1 2 -4 -5 8 -7 7 -9 -10 -11
leaf_value=-0.0038827784878850461 -0.01197729176004932 -0.022002671352575529 -0.036401765499995957 0.0031109899799705767 0.0068989213745091638 0.030960588725512588 0.033633389526754702 0.0029595032457704049 -0.018271358760410309 0.0067504540211589343
leaf_weight=7.7251645624637595 7.4647857993841189 25.05217345058918 10.686427503824232 48.034035235643387 7.9777093827724439 7.9739286899566642 19.966564774513248 7.9841123521327964 7.4798446595668793 7.4770168513059616
leaf_count=31 30 101 43 193 32 32 80 32 30 30
internal_value=0 -0.00576844 -0.0105089 -0.00565436 0.0117859 0.0104115 0.0193917 0.0261549 -0.00511952 -0.00202979
internal_weight=157.822 106.688 83.7726 73.0862 51.1334 22.9157 35.6758 27.9507 15.4576 14.9418
internal_count=634 429 337 294 205 92 143 112 62 60
is_linear=0
shrinkage=0.03


Tree=6
num_leaves=9
num_cat=0
split_feature=35 14 5 37 16 37 2 11
split_gain=11.8289 9.08611 13.7771 14.1301 12.5116 5.5995 2.46394 2.33313
threshold=0.055740524400693443 40.77289506434159 0.0087874541134505008 0.036645463385868278 8.2513760291677851 0.038841604642758883 0.0091617648788029377 0.023982977430136779
decision_type=2 2 2 2 2 2 2 2
left_child=1 2 3 -1 -4 6 -3 -2
right_child=7 5 4 -5 -6 -7 -8 -9
leaf_value=0.008542407346261504 -0.0070278742961979723 -0.0067191272267825277 0.034835782438154772 -0.020750104370514281 0.0013977009373789321 0.0057820446904889716 -0.031222079541542571 -0.028759445324407534
leaf_weight=42.540944367647171 13.428532779216768 11.440336525440221 22.697536453604698 20.132941022515297 18.944300755858421 10.191901996731756 7.9530096799135199 10.436650723218916
leaf_count=171 54 46 91 81 76 41 32 42
internal_value=0 0.00353413 0.00776798 -0.000986085 0.0207285 -0.0104659 -0.0194481 -0.0186003
internal_weight=157.766 133.901 104.316 62.6739 41.6418 29.5852 19.3933 23.8652
internal_count=634 538 419 252 167 119 78 96
is_linear=0
shrinkage=0.03


Tree=7
num_leaves=10
num_cat=0
split_feature=34 10 28 20 28 33 3 23 17
split_gain=11.3891 8.49198 10.9921 14.9492 7.67263 6.73091 8.05339 5.54242 4.98197
threshold=-0.0055182736971171589 0.027866062385443983 5.5000000000000009 0.014981428929829831 8.5000000000000018 0.25799148782033871 0.027621833293344892 0.94325391083176358 0.29676955943060618
decision_type=2 2 2 2 2 2 2 2 2
left_child=4 2 3 -2 5 -1 -7 -4 -6
right_child=1 -3 7 -5 8 6 -8 -9 -10
leaf_value=-0.0037027118593189689 0.013674837190677304 -0.026739354023222448 -0.0013350662411611633 -0.02499881376710255 0.010019315365892491 0.035521888412273828 0 0.017151689016382813 -0.020005283121525243
leaf_weight=7.7216174602508536 10.720753490924833 12.889051660895346 31.851689800620079 28.452006116509438 7.4817189425230008 18.979775682091717 8.9803687632083875 22.67791423201561 7.9715047180652618
leaf_count=31 43 52 128 115 30 76 36 91 32
internal_value=0 -0.00559307 -0.00202959 -0.0139002 0.0113568 0.018787 0.0253311 0.00642272 -0.00512699
internal_weight=157.726 106.591 93.7024 39.1728 51.135 35.6818 27.9601 54.5296 15.4532
internal_count=634 429 377 158 205 143 112 219 62
is_linear=0
shrinkage=0.03


Tree=8
num_leaves=10
num_cat=0
split_feature=11 5 4 37 9 28 38 26 13
split_gain=6.48811 7.67402 17.9913 9.63577 7.20147 7.16195 4.63779 4.02278 3.54134
threshold=0.051282448471722926 0.0077334728536692108 0.037643318307704517 0.036645463385868278 0.0096406905391553058 8.5000000000000018 0.0085555567897498408 0.43173345759552662 1.068806212080162
decision_type=2 2 2 2 2 2 2 2 2
left_child=1 3 6 4 -1 -4 -3 -5 -2
right_child=8 2 5 7 -6 -7 -8 -9 -10
leaf_value=-0.0020822111061186885 -0.02670846612485879 0.034205310100925118 0.0018050340450134956 -0.028703199737366604 0.026166039506673244 -0.029249698531031671 0.011363432139847219 -0.00021333982410985406 0
leaf_weight=44.24152584373951 9.669566676020624 15.222990393638609 15.202203109860422 14.110635131597521 7.7293064892292014 8.6610247343778592 26.896905615925789 7.7075075507163993 8.1902987658977491
leaf_count=178 39 61 61 57 31 35 108 31 33
internal_value=0 0.0022254 0.00958627 -0.00423815 0.002655 -0.0102764 0.0211353 -0.0201316 -0.0160833
internal_weight=157.632 139.772 65.9831 73.789 51.9708 23.8632 42.1199 21.8181 17.8599
internal_count=634 562 265 297 209 96 169 88 72
is_linear=0
shrinkage=0.03


Tree=9
num_leaves=11
num_cat=0
split_feature=34 20 34 21 40 20 20 40 12 13
split_gain=10.709 7.57725 6.14804 6.90456 6.03389 5.83637 5.83574 5.8344 4.33494 1.2573
threshold=-0.0055182736971171589 0.014981428929829831 0.030666778376329033 0.012837982744909745 0.043174313365636381 0.024035435510385356 0.019231336297532455 0.044240370087679677 52.273794900610504 1.4804799135379769
decision_type=2 2 2 2 2 2 2 2 2 2
left_child=5 7 3 -3 -4 6 8 9 -1 -2
right_child=1 2 4 -5 -6 -7 -8 -9 -10 -11
leaf_value=0 0.026845752107838877 -0.027658148215318274 -0.008282001936058046 -0.0061929747882552731 0.022726038450912027 0.03283090496873188 -0.01150363211180817 -0.0088063435607778386 0.021420422445988792 0.0051932824415572383
leaf_weight=15.458227843046187 7.98103114962578 21.27312396466732 11.407333418726923 42.114475011825562 7.4723012596368781 7.486171841621398 10.702832460403441 8.7124498486518842 17.465519666671753 7.4907860904932022
leaf_count=62 32 86 46 170 30 30 43 35 70 30
internal_value=0 -0.00543804 -0.00982188 -0.0142518 0.00427346 0.0110037 0.00565454 0.00851271 0.0120012 0.0190156
internal_weight=157.564 106.452 82.2672 63.3876 18.8796 51.1128 43.6266 24.1843 32.9237 15.4718
internal_count=634 429 332 256 76 205 175 97 132 62
is_linear=0
shrinkage=0.03


Tree=10
num_leaves=6
num_cat=0
split_feature=11 35 20 20 17
split_gain=14.0951 9.98907 6.56517 7.37834 2.89726
threshold=0.051282448471722926 0.054986871568956659 0.012956488839141514 0.023631160231762597 -1.2819472404045056
decision_type=2 2 2 2 2
left_child=1 2 -1 -4 -3
right_child=-2 4 3 -5 -6
leaf_value=0.024169892541507636 -0.025014735595017785 -0.0300717110533309 -0.0010011026715992751 0.022494470559987122 -0.0050962904897216962
leaf_weight=11.985543355345724 19.294820860028267 7.6865184903144863 90.154454275965691 11.710948482155798 12.405102416872976
leaf_count=48 78 31 363 47 50
internal_value=-0.00230739 0.00117322 0.00478368 0.00193678 -0.0171876
internal_weight=153.237 133.943 113.851 101.865 20.0916
internal_count=617 539 458 410 81
is_linear=0
shrinkage=0.03


Tree=11
num_leaves=8
num_cat=0
split_feature=11 35 7 26 19 1 34
split_gain=13.3687 9.53163 5.74163 10.4726 6.56747 3.37362 0.519585
threshold=0.051282448471722926 0.054986871568956659 0.0067147692006394128 0.14899950269712794 0.065338813621505717 -0.002385774184683775 0.005136956019418438
decision_type=2 2 2 2 2 2 2
left_child=1 2 3 -1 -4 -3 -2
right_child=6 5 4 -5 -6 -7 -8
leaf_value=-0.0068004772924885994 -0.0098235262761713366 -0.027557817619246354 0.011709533009258449 0.018015815340716473 -0.010778495080209734 -0.001748085449662728 -0.029703872038024177
leaf_weight=20.084898695349693 7.4195423722267178 10.158700689673426 15.45141366124153 46.213908448815346 32.092401072382927 9.9067810475826246 11.826131001114843
leaf_count=81 30 41 62 186 129 40 48
internal_value=-0.00224807 0.00113626 0.00466416 0.0102992 -0.00298961 -0.0168082 -0.0243919
internal_weight=153.154 133.908 113.843 66.2988 47.5438 20.0655 19.2457
internal_count=617 539 458 267 191 81 78
is_linear=0
shrinkage=0.03


Tree=12
num_leaves=9
num_cat=0
split_feature=20 37 26 23 4 26 40 40
split_gain=10.3161 7.13935 12.9471 12.893 5.68844 5.21594 5.11493 4.73994
threshold=0.012956488839141514 0.011389058449720603 0.23912974250873134 1.0986447350310276 0.018317508319207757 0.48507315079796126 0.051817450220382762 -0.029526616274857472
decision_type=2 2 2 2 2 2 2 2
left_child=-1 2 7 5 -4 -3 -5 -2
right_child=1 3 4 6 -6 -7 -8 -9
leaf_value=0.022008058899212091 -0.021714621296899012 -0.022910552420793276 0.025373809187269891 -0.0055484688795150007 -0.00072371587447623827 -0.00063867946505158932 0.020329713046323982 0.00010261829245255127
leaf_weight=12.225382193922995 14.117457002401354 43.558142259716988 19.646572396159176 11.162198364734651 9.6869700103998166 13.87109664082527 11.672082945704458 17.146199405193329
leaf_count=49 57 176 79 45 39 56 47 69
internal_value=-0.0022125 -0.00469829 0.00284003 -0.0105026 0.0167807 -0.0179861 0.00764747 -0.0100115
internal_weight=153.086 140.861 60.5972 80.2635 29.3335 57.4292 22.8343 31.2637
internal_count=617 568 244 324 118 232 92 126
is_linear=0
shrinkage=0.03


Tree=13
num_leaves=11
num_cat=0
split_feature=34 23 28 8 40 28 23 16 36 7
split_gain=11.9878 8.76861 7.4703 7.29964 6.18081 5.84698 5.74653 5.51097 5.13761 2.94547
threshold=-0.0055182736971171589 1.019643602792339 8.5000000000000018 -0.027110723341269575 0.0016464917232389411 6.5000000000000009 0.9604801483760107 -1.6074347644990572 0.0050462768954078283 0.0034899841882586992
decision_type=2 2 2 2 2 2 2 2 2 2
left_child=2 3 6 -2 -3 -5 -1 -4 -6 -8
right_child=1 4 7 5 8 -7 9 -9 -10 -11
leaf_value=0.031568638485324152 0.008591186151365629 -0.01242202352859198 0.0099912452554942518 -0.027750634559792209 0 -0.0076068103932733933 0.017458030986813748 -0.021420333045934534 0.025752641697375393 -0.003395900596479155
leaf_weight=13.451621383428572 8.9060252755880338 11.604050546884535 7.4697047322988501 28.117287650704384 13.111465483903887 31.206278041005135 8.2209519296884555 8.2228752672672254 10.951235532760618 11.717304244637488
leaf_count=54 36 47 30 114 53 126 33 33 44 47
internal_value=-0.00214161 -0.0079529 0.00969567 -0.0141631 0.00365015 -0.0179926 0.017509 -0.00618131 0.0123348 0.00532654
internal_weight=152.979 103.896 49.0825 68.2296 35.6668 59.3236 33.3899 15.6926 24.0627 19.9383
internal_count=617 420 197 276 144 240 134 63 97 80
is_linear=0
shrinkage=0.03


Tree=14
num_leaves=8
num_cat=0
split_feature=11 35 7 26 33 13 16
split_gain=12.2796 8.69572 5.37388 9.52279 5.14795 2.24872 1.70416
threshold=0.051282448471722926 0.054986871568956659 0.0067147692006394128 0.14899950269712794 0.78717911428763043 1.068806212080162 -3.2386948260471828
decision_type=2 2 2 2 2 2 2
left_child=1 2 3 -1 -4 -2 -3
right_child=5 6 4 -5 -6 -7 -8
leaf_value=-0.0063214747649092667 -0.031059008349634279 -0.0025387769523595978 -0.015159280671282617 0.017346166281291549 0.0042689639873417602 -0.0054761714965982505 -0.022854384617489718
leaf_weight=20.033328652381897 11.760211780667307 8.4166563302278536 17.382584556937218 46.197677955031395 30.105393752455711 7.3811887353658667 11.583822235465048
leaf_count=81 48 34 70 186 121 30 47
internal_value=-0.0020706 0.00116488 0.00453679 0.00999196 -0.00286472 -0.0233547 -0.0159949
internal_weight=152.861 133.719 113.719 66.231 47.488 19.1414 20.0005
internal_count=617 539 458 267 191 78 81
is_linear=0
shrinkage=0.03


Tree=15
num_leaves=10
num_cat=0
split_feature=26 37 8 35 36 37 18 38 20
split_gain=12.1659 9.34602 8.12975 9.89218 5.88605 5.77782 4.64153 6.83069 4.0128
threshold=0.43478641620197789 0.012522210872338959 0.033044247670201053 0.0074456093038254298 0.005293934214162895 0.039901789478247858 0.52739451661162617 0.008135667178601971 0.019792627679768124
decision_type=2 2 2 2 2 2 2 2 2
left_child=1 2 3 -1 -2 -6 8 -8 -3
right_child=4 6 -4 -5 5 -7 7 -9 -10
leaf_value=0.027102033027389796 0 -0.027377133242883069 -0.019340417355925899 -0.0010324955909229222 0.032956255747944821 0.00065040689816840008 0.0091727692095181779 -0.014611543188654178 0
leaf_weight=16.689530730247498 14.33244766294956 20.232238203287128 7.9411266744136801 25.497501641511917 15.426528275012972 8.4516240954399091 16.597454607486725 23.205808565020561 7.3864097148179999
leaf_count=67 58 82 32 103 62 34 67 94 30
internal_value=0.000118981 -0.00458878 0.00490844 0.0104812 0.0144827 0.0230353 -0.011804 -0.00437061 -0.0209919
internal_weight=155.761 117.55 50.1282 42.187 38.2106 23.8782 67.4219 39.8033 27.6186
internal_count=629 475 202 170 154 96 273 161 112
is_linear=0
shrinkage=0.03


Tree=16
num_leaves=8
num_cat=0
split_feature=14 35 37 33 26 7 33
split_gain=14.1077 19.9989 17.1461 14.626 6.81344 6.46223 3.49976
threshold=40.77289506434159 0.055740524400693443 0.038593212196747502 0.65995751164137417 0.24707692307692311 0.0043317910780166788 0.95086229422524182
decision_type=2 2 2 2 2 2 2
left_child=1 2 4 -4 -1 -2 -7
right_child=5 -3 3 -5 -6 6 -8
leaf_value=0.0078928589188002173 0.00047971407391851894 -0.023340674932185636 -0.021382862406001686 0.018663997122883632 0.027499827835611352 -0.032788009811085234 -0.0043320954453214353
leaf_weight=36.717351213097572 12.291952565312384 16.754033878445625 21.449361175298694 10.462729752063749 35.316218182444572 15.017199978232386 7.6397968530654898
leaf_count=148 50 68 87 42 142 61 31
internal_value=0.000110205 0.00509568 0.0101747 -0.00748435 0.0181915 -0.0160455 -0.0249309
internal_weight=155.649 120.7 103.946 31.9121 72.0336 34.9489 22.657
internal_count=629 487 419 129 290 142 92
is_linear=0
shrinkage=0.03


Tree=17
num_leaves=10
num_cat=0
split_feature=15 11 34 11 10 17 36 28 6
split_gain=12.7965 12.2794 15.0132 10.7122 8.51133 7.78845 4.99596 4.2381 3.94898
threshold=35.819370591365676 0.0076686264507370714 0.010320476997857876 -0.042261045474454188 -0.017091756781520692 -1.2819472404045056 0.005918254689754157 9.5000000000000018 -0.0059121347812581496
decision_type=2 2 2 2 2 2 2 2 2
left_child=1 2 5 -4 -3 -1 -6 8 -2
right_child=7 4 3 -5 6 -7 -8 -9 -10
leaf_value=-0.0089770389969420737 -0.0018349371683764044 -0.0067383244096915623 0.0080343487206916264 -0.030235377231137353 0.0080929310501032647 0.015863894659421618 0.034573819155387674 0 -0.028522841859404405
leaf_weight=14.362808406352995 8.8414186239242571 8.1331212371587736 7.6952274739742306 19.446363940834999 14.118279978632925 33.27646167576313 18.63974004983902 13.803055092692373 17.181239545345306
leaf_count=58 36 33 31 79 57 134 75 56 70
internal_value=9.33721e-05 0.00525144 -0.00185999 -0.0190636 0.0180867 0.00801246 0.0247148 -0.0140641 -0.0207688
internal_weight=155.498 115.672 74.7809 27.1416 40.8911 47.6393 32.758 39.8257 26.0227
internal_count=629 467 302 110 165 192 132 162 106
is_linear=0
shrinkage=0.03


Tree=18
num_leaves=9
num_cat=0
split_feature=14 35 18 28 16 15 9 33
split_gain=12.7818 18.5707 9.78972 15.7871 13.8565 4.28706 2.02003 1.10823
threshold=40.77289506434159 0.055740524400693443 0.50394703731841539 5.5000000000000009 8.0424577771942385 67.849496649634816 0.065043497472259224 0.92687249891969237
decision_type=2 2 2 2 2 2 2 2
left_child=1 2 3 -1 -4 6 -2 -8
right_child=5 -3 4 -5 -6 -7 7 -9
leaf_value=-0.012528835218375842 -0.003499719172800066 -0.022612078529540346 0.033209225772623002 0.019037505681272569 0.0011030085857279836 0.0022283615497641555 -0.031768897508763695 -0.0091680247697361935
leaf_weight=31.762039303779602 7.3934549987316158 16.692677050828934 26.334529191255569 22.627374202013016 23.110024437308311 7.8146301954984656 12.235160410404207 7.3863516300916663
leaf_count=129 30 68 106 91 93 32 50 30
internal_value=7.96616e-05 0.00483021 0.00972759 0.000546995 0.0191209 -0.0153217 -0.0207191 -0.0255898
internal_weight=155.356 120.527 103.834 54.3894 49.4446 34.8296 27.015 19.6215
internal_count=629 487 419 220 199 142 110 80
is_linear=0
shrinkage=0.03


Tree=19
num_leaves=11
num_cat=0
split_feature=34 26 26 24 24 11 19 15 16 25
split_gain=11.7516 6.72177 6.21724 5.56664 4.40627 4.39204 3.86255 2.95742 2.11289 1.91307
threshold=-0.0055182736971171589 0.4402072538860104 0.1647165854056894 0.66784181035742607 0.15635712292729595 -0.03774005389455725 0.074668026119324507 -15.279975772955224 7.2006558849205007 0.2398636493611386
decision_type=2 2 2 2 2 2 2 2 2 2
left_child=2 3 8 5 6 -2 -3 -4 -1 -9
right_child=1 4 7 -5 -6 -7 -8 9 -10 -11
leaf_value=0.0061589682654029478 0.0033077008292850298 0.027976466881763504 0.00089834977370248565 0.0061284753282565283 -0.007891412897469809 -0.016596396242877221 0 0.031474075642270269 -0.012257679028118772 0.0078046095059440424
leaf_weight=11.163812562823297 9.8696045726537687 8.4495867192745262 7.448776692152026 13.854280725121496 8.8668237775564176 56.392208516597748 8.6237238049507123 14.856237247586252 7.4604523777961722 8.1978683024644834
leaf_count=45 40 34 30 56 36 230 35 60 30 33
internal_value=6.2209e-05 -0.00545038 0.0120039 -0.0097749 0.00711268 -0.0134019 0.0157017 0.0199556 -0.000964286 0.024951
internal_weight=155.183 106.056 49.1271 80.1161 25.9401 66.2618 17.0733 30.5029 18.6243 23.0541
internal_count=629 431 198 326 105 270 69 123 75 93
is_linear=0
shrinkage=0.03


Tree=20
num_leaves=10
num_cat=0
split_feature=37 9 35 11 8 7 33 10 22
split_gain=9.15821 13.8816 9.06732 9.93929 7.72279 4.21898 5.58615 2.44958 0.786719
threshold=0.035811385079742249 0.06655162626990814 0.055922458804034465 0.0047973802071139557 0.0053963752962866152 0.006993359931403216 0.87016276366052159 0.023971353250831665 -0.060894611274325321
decision_type=2 2 2 2 2 2 2 2 2
left_child=1 2 3 -1 8 -6 -7 -3 -2
right_child=4 7 -4 -5 5 6 -8 -9 -10
leaf_value=0.0055898046220512199 -0.009033782050725303 -0.0022506676158634991 -0.011595117370472183 0.029330691039522825 0.017752926082002914 -0.020552738280805383 0.0069385578626774752 -0.028027559585661874 -0.026289165554127504
leaf_weight=49.324585914611816 10.061281353235247 7.337840989232066 12.503736853599547 24.076425835490227 7.4101264029741314 10.301876634359362 11.825974479317663 8.7855793684720975 15.670782223343847
leaf_count=199 41 30 51 97 30 42 48 36 64
internal_value=-0.000113656 0.00509719 0.0100514 0.0141475 -0.00983685 0.000321909 -0.00588137 -0.018667 -0.0212213
internal_weight=157.298 102.028 85.9047 73.401 55.27 29.538 22.1279 16.1234 25.7321
internal_count=638 413 347 296 225 120 90 66 105
is_linear=0
shrinkage=0.03


Tree=21
num_leaves=11
num_cat=0
split_feature=37 9 20 11 8 16 21 25 2 19
split_gain=8.65111 13.2129 8.60993 8.26347 7.36828 4.8408 3.35864 1.64722 1.78994 1.39108
threshold=0.035811385079742249 0.06655162626990814 0.013481895579576846 0.0068748050623466126 0.0053963752962866152 3.4960006771864083 0.012267518714361251 0.14976504370563556 -0.0070200517502478901 0.1072050836058943
decision_type=2 2 2 2 2 2 2 2 2 2
left_child=1 2 -1 -4 7 -6 -7 -2 -9 -3
right_child=4 9 3 -5 5 6 -8 8 -10 -11
leaf_value=0.03044122735469364 -0.031549001918037792 -0.0054600023888974596 -0.0024330814445757691 0.017825359462892744 0.016395502922664864 -0.018921287706424653 0.0031454302117749845 -0.00019261501429556477 -0.02063858868475691 -0.027053350082311849
leaf_weight=13.368424981832502 9.0608797818422335 8.5578853189945239 46.037520855665207 26.470706686377525 9.5978716760873812 9.5715015381574649 10.361222490668295 9.2887549698352831 7.3180502057075492 7.5291516333818427
leaf_count=54 37 35 186 107 39 39 42 38 30 31
internal_value=-0.000127828 0.00493455 0.00976886 0.00504134 -0.00958698 0.000319899 -0.00752603 -0.0207262 -0.0112586 -0.0182695
internal_weight=157.162 101.964 85.8767 72.5082 55.1983 29.5306 19.9327 25.6677 16.6068 16.087
internal_count=638 413 347 293 225 120 81 105 68 66
is_linear=0
shrinkage=0.03


Tree=22
num_leaves=13
num_cat=0
split_feature=34 38 28 19 25 28 11 37 16 4 37 8
split_gain=9.07961 9.75363 8.57101 8.03477 7.84645 6.97381 5.9463 5.09097 6.82431 3.32148 3.26753 2.64944
threshold=-0.0059272134205581853 0.0091825209779909205 5.5000000000000009 0.069612871523296385 0.32529101442557901 8.5000000000000018 0.0043220552387458486 0.036645463385868278 11.159638877802783 -0.019281949738964573 0.047235387141791103 0.003397563476243978
decision_type=2 2 2 2 2 2 2 2 2 2 2 2
left_child=5 3 9 11 -4 7 -7 8 -1 -3 -5 -2
right_child=1 2 4 10 -6 6 -8 -9 -10 -11 -12 -13
leaf_value=0.032166799859793559 0.0018738901385589718 -0.0075738986942665842 0.0045455647455972812 0.0017059980391028876 -0.023702834121599611 -0.020897948114719917 0.01120794013063915 -0.0023040809854219355 0 -0.038632450501145575 -0.016734808439103976 0.027107445353199863
leaf_weight=19.00843977928162 7.5955822765827206 7.3172749578952816 25.634722039103508 21.381414622068405 10.770675748586653 8.4581462591886538 7.9294254481792441 7.4405316710472098 7.7145311385393134 11.634110391139982 11.011210158467291 11.132682412862776
leaf_count=77 31 30 104 87 44 34 32 30 31 48 45 45
internal_value=-0.000144468 -0.00519231 -0.0137625 0.00397439 -0.00422039 0.00999552 -0.00501781 0.0174911 0.0233016 -0.0292242 -0.00473507 0.0187654
internal_weight=157.029 106.478 55.3568 51.1209 36.4054 50.5511 16.3876 34.1635 26.723 18.9514 32.3926 18.7283
internal_count=638 434 226 208 148 204 66 138 108 78 132 76
is_linear=0
shrinkage=0.03


Tree=23
num_leaves=12
num_cat=0
split_feature=34 28 4 28 7 23 21 15 14 4 6
split_gain=8.59411 9.22139 9.25184 6.60398 9.72275 6.19871 4.25355 4.2097 3.97271 3.62442 1.79793
threshold=-0.0059272134205581853 5.5000000000000009 0.040100085875010801 8.5000000000000018 0.00047126917352513666 1.0167200456657108 0.011329082562059455 24.36732291947671 -12.706463738568798 -0.024145655211305957 0.003842554945473618
decision_type=2 2 2 2 2 2 2 2 2 2 2
left_child=3 6 5 7 -5 -3 10 8 -1 -8 -2
right_child=1 2 -4 4 -6 -7 9 -9 -10 -11 -12
leaf_value=0.0061935230436550382 -0.011014658375940536 0 -0.020365611792915149 0.017039026476338037 -0.024271641614420216 0.021789246555772728 -0.0028329853134897191 0 0.033087717147298988 -0.029389513091311811 0.0067848338036126249
leaf_weight=11.146458506584167 8.120351314544676 36.21682833135128 11.14656640589237 7.444456115365031 8.9409246444702131 16.352766335010529 8.2708889394998568 9.1502128988504392 13.822431951761246 18.578922927379608 7.6521402001380912
leaf_count=45 33 147 46 30 36 66 34 37 56 77 31
internal_value=-0.000150714 -0.00506784 0.00199105 0.0097154 -0.00487506 0.00757898 -0.0155726 0.0170196 0.0229876 -0.0224924 -0.00174337
internal_weight=156.843 106.338 63.7162 50.5045 16.3854 52.5696 42.6223 34.1191 24.9689 26.8498 15.7725
internal_count=638 434 259 204 66 213 175 138 101 111 64
is_linear=0
shrinkage=0.03


Tree=24
num_leaves=12
num_cat=0
split_feature=34 28 11 11 28 7 35 20 40 17 7
split_gain=8.16584 8.76723 8.53083 7.56363 6.27176 9.26843 6.73903 6.16099 4.94617 1.96635 0.569267
threshold=-0.0059272134205581853 5.5000000000000009 0.02508595314863649 0.010536906323806218 8.5000000000000018 0.00047126917352513666 -0.045041447882702028 0.014981428929829831 0.034141347335333035 -1.733995524680864 0.015473340956272591
decision_type=2 2 2 2 2 2 2 2 2 2 2
left_child=4 7 3 -3 6 -6 -1 -2 -4 -9 -8
right_child=1 2 8 -5 5 -7 10 9 -10 -11 -12
leaf_value=-0.0021531037027351066 0.0012615631376254799 0.0010877518743615741 -0.019112861501053784 0.029772726992479556 0.016639142518643395 -0.023696456455262176 0.029561335811166087 -0.0072491673493880991 0.0057217850046961463 -0.027903508661509802 0.010461005560057553
leaf_weight=10.356990799307821 12.612978801131247 25.95769827067852 17.524700671434406 11.147835135459898 7.4427543580532101 8.9318878948688489 15.567108958959581 10.140343725681307 9.0570719540119153 19.758881822228432 8.1574027091264707
leaf_count=42 51 105 72 45 30 36 63 42 37 82 33
internal_value=-0.000143328 -0.00494244 0.00193266 0.0111713 0.00947516 -0.00473085 0.0166001 -0.0152031 -0.010318 -0.0222625 0.0249009
internal_weight=156.656 106.2 63.6873 37.1055 50.4561 16.3746 34.0815 42.5122 26.5818 29.8992 23.7245
internal_count=638 434 259 150 204 66 138 175 109 124 96
is_linear=0
shrinkage=0.03


Tree=25
num_leaves=10
num_cat=0
split_feature=37 4 12 34 14 11 36 38 32
split_gain=9.4762 10.8508 5.28137 5.12981 5.74247 5.45789 4.9051 4.83258 0.473843
threshold=0.036187183019415488 0.062506861883426482 49.448507721582622 0.0080252908928937234 41.277706251028356 0.0076686264507370714 0.0063755296264285779 0.0092045896561573567 -0.0019304941475809521
decision_type=2 2 2 2 2 2 2 2 2
left_child=1 3 8 4 -1 -5 7 -4 -2
right_child=2 -3 6 5 -6 -7 -8 -9 -10
leaf_value=0.017360141750010685 -0.0093773339243897729 -0.026215529754654715 0.0017586165376586539 -0.011503204441007395 -0.0063976312103593506 0.0089141097807546293 0.013113200069019589 -0.024623214745207258 -0.027233802821080129
leaf_weight=43.90992859005928 8.2742812633514422 7.7695853263139716 11.047066122293478 20.617819204926491 9.2804950773715955 22.371151253581047 9.3416171520948392 9.5186950117349607 13.388887390494345
leaf_count=178 34 32 45 84 38 91 38 39 55
internal_value=-0.00137514 0.00373566 -0.0117117 0.00679271 0.0128616 -0.000620825 -0.00256861 -0.0108874 -0.0224164
internal_weight=155.52 103.949 51.5705 96.1794 53.1904 42.989 29.9074 20.5658 21.6632
internal_count=634 423 211 391 216 175 122 84 89
is_linear=0
shrinkage=0.03


Tree=26
num_leaves=10
num_cat=0
split_feature=9 40 20 23 28 9 22 26 35
split_gain=8.63625 8.44258 8.9261 7.0772 6.2531 4.99111 4.65276 4.24731 1.1101
threshold=0.06655162626990814 0.020015343916864107 0.013481895579576846 1.0384680129670831 2.5000000000000004 0.026706499497089593 -0.099329440578280567 0.11892975011786894 0.026817262859412331
decision_type=2 2 2 2 2 2 2 2 2
left_child=1 2 -1 7 -5 -4 -2 -3 -8
right_child=6 3 5 4 -6 -7 8 -9 -10
leaf_value=0.034437763289019201 0 -0.028784933650035236 -0.001227711777167074 -0.0099355125843762059 0.020269191919131454 0.017146508156608082 -0.010630166867667349 -0.0060050541688512586 -0.032425587938229888
leaf_weight=8.8306933194398862 9.4733510613441485 10.224142074584959 42.113741993904114 8.6029580831527728 12.064485743641852 16.509170040488243 9.7392206639051455 28.910285174846649 8.8876229524612409
leaf_count=36 39 42 171 35 49 67 40 118 37
internal_value=-0.0013629 0.00192204 0.00915998 -0.00603152 0.00726725 0.0040943 -0.0158768 -0.0134313 -0.0238925
internal_weight=155.356 127.255 67.4536 59.8019 20.6674 58.6229 28.1002 39.1344 18.6268
internal_count=634 518 274 244 84 238 116 160 77
is_linear=0
shrinkage=0.03


Tree=27
num_leaves=11
num_cat=0
split_feature=37 9 11 35 12 16 10 35 11 18
split_gain=8.62122 12.4147 13.7288 11.0143 5.04328 4.41489 4.13799 3.82664 3.58029 0.502564
threshold=0.036187183019415488 0.06655162626990814 0.0068748050623466126 0.049513121814335877 49.448507721582622 1.839257505149587 0.023202148639503765 0.026817262859412331 0.04014911090366325 0.30114964593818511
decision_type=2 2 2 2 2 2 2 2 2 2
left_child=1 2 3 -1 9 -6 -3 -7 -4 -2
right_child=4 6 8 -5 5 7 -8 -9 -10 -11
leaf_value=0.0056743307917521439 -0.011475724509646894 0 0.030922348985369514 -0.027102973155812171 0.012353504158743084 0.00056266849410526376 -0.028842782420781365 -0.023008398026320563 0.0049892064155692799 -0.028831084393404087
leaf_weight=47.524083003401756 11.880583107471468 7.2598223984241512 20.458554193377498 9.3268465846776945 9.5428393483161944 11.324773862957956 10.076852798461912 8.9897227585315687 9.1220936030149442 9.6822835206985456
leaf_count=193 49 30 83 38 39 46 42 37 37 40
internal_value=-0.00133302 0.00353917 0.00835659 -0.000186491 -0.0112105 -0.00228406 -0.0180825 -0.0103233 0.0242225 -0.021691
internal_weight=155.188 103.768 86.4316 56.8509 51.4202 29.8573 17.3367 20.3145 29.5806 21.5629
internal_count=634 423 351 231 211 122 72 83 120 89
is_linear=0
shrinkage=0.03


Tree=28
num_leaves=9
num_cat=0
split_feature=37 9 11 20 9 33 28 27
split_gain=8.18126 11.895 8.50418 8.82172 8.58128 6.16765 3.36135 0.486484
threshold=0.036187183019415488 0.082237788977203033 0.0068748050623466126 0.013481895579576846 0.051946780505907099 0.82214311708930377 5.5000000000000009 1.5000000000000002
decision_type=2 2 2 2 2 2 2 2
left_child=1 2 3 -1 -4 6 7 -2
right_child=5 -3 4 -5 -6 -7 -8 -9
leaf_value=0.022861310848033164 -0.011247337709359175 -0.025085088430354462 0.028073471801704847 -0.0060327091545932564 -0.00022390648778682 0.0049430006307984832 -0.0035273168304324307 -0.029121908851554437
leaf_weight=9.7809422165155393 9.6712133586406726 9.5995377302169782 23.404485374689102 47.036320343613625 13.82793679833412 13.724424377083777 14.201608046889303 13.736182957887648
leaf_count=40 40 40 95 191 57 56 58 57
internal_value=-0.00131723 0.00342812 0.00695634 -0.00019542 0.017706 -0.0109492 -0.0170841 -0.0237938
internal_weight=154.983 103.649 94.0497 56.8173 37.2324 51.3334 37.609 23.4074
internal_count=634 423 383 231 152 211 155 97
is_linear=0
shrinkage=0.03


Tree=29
num_leaves=11
num_cat=0
split_feature=14 37 11 34 15 12 15 14 38 32
split_gain=7.85926 11.5796 12.4527 9.13291 5.76714 5.42235 3.51212 2.77336 2.24202 1.36119
threshold=40.77289506434159 0.038593212196747502 0.0068748050623466126 0.010720713584153609 66.603467282771945 49.448507721582622 21.922669389390062 3.4620537520791008 0.01088465429402838 0.0013507484189227983
decision_type=2 2 2 2 2 2 2 2 2 2
left_child=1 2 3 -1 8 9 -7 -4 -2 -3
right_child=4 5 7 -5 -6 6 -8 -9 -10 -11
leaf_value=0.0085485274352479837 -0.026312360498133396 -0.0099076391261514393 0.0058385162619282935 -0.016494632898373746 0.0055926240248682629 -0.0094210412347586724 0.014668386284484468 0.032546847037615984 -0.0052510544035362624 -0.031774565801913499
leaf_weight=40.666184142231941 17.042608037590984 11.398646950721742 7.4204159975051907 16.844643637537956 8.925568222999571 10.768270298838617 7.4258775413036338 16.636853694915771 10.227881684899328 7.4162541031837454
leaf_count=165 71 47 30 69 37 44 30 68 42 31
internal_value=-0.00129274 0.00237603 0.00874101 0.000653622 -0.0131993 -0.0109968 0.000147172 0.0259648 -0.0198242 -0.0214724
internal_weight=154.773 118.577 81.5681 57.5108 36.1961 37.009 18.1941 24.0573 27.2705 18.8149
internal_count=634 484 332 234 150 152 74 98 113 78
is_linear=0
shrinkage=0.03


Tree=30
num_leaves=10
num_cat=0
split_feature=11 5 4 37 16 34 34 34 22
split_gain=7.5509 8.80385 11.5919 9.46281 10.3544 4.54003 3.34939 3.27276 2.01947
threshold=0.051282448471722926 0.017379027105973614 0.039097686406722072 0.038223362994545991 -2.6610650529973792 0.0019374159936879078 0.0085365384170701403 0.015487083900501021 -0.23451915605481147
decision_type=2 2 2 2 2 2 2 2 2
left_child=1 3 8 4 -1 -2 -4 -5 -3
right_child=5 2 6 7 -6 -7 -8 -9 -10
leaf_value=0.015609151742705567 0.00055287679119712539 0.0042561912213438862 0.0050916164627844941 -0.028472590366337171 -0.0092680307204355394 -0.02701775673453273 -0.017763586447978048 -0.0019593909479570493 0.025284814932801863
leaf_weight=28.307320833206177 7.307508826255801 7.8877631723880759 9.1212959140539187 12.27496473491192 27.439820364117622 10.926891431212423 9.1233144104480726 8.2125769406557065 29.258125051856041
leaf_count=115 30 32 37 51 112 46 38 34 119
internal_value=0.000698886 0.00336944 0.01231 -0.00308346 0.00320747 -0.0162649 -0.00622213 -0.0196311 0.0216483
internal_weight=149.86 131.625 55.3905 76.2347 55.7471 18.2344 18.2446 20.4875 37.1459
internal_count=614 538 226 312 227 76 75 85 151
is_linear=0
shrinkage=0.03


Tree=31
num_leaves=11
num_cat=0
split_feature=26 8 34 28 5 4 14 14 4 4
split_gain=6.80594 7.39602 6.25143 7.18598 7.34592 7.11074 6.06059 2.8907 2.03138 1.51066
threshold=0.14461454346637512 0.0041361401146263769 -0.025411936753627736 4.5000000000000009 0.01986281848749483 0.041714097291496229 47.89033884729384 -32.821849792388996 0.027627449698765631 1.0000000180025095e-35
decision_type=2 2 2 2 2 2 2 2 2 2
left_child=1 7 9 4 -4 -5 8 -1 -3 -2
right_child=2 6 3 5 -6 -7 -8 -9 -10 -11
leaf_value=-0.0033473285337397144 0.029172759833590276 0.020961885828042683 -0.019570440166001086 0.012761441899213336 0.0095585307037447335 -0.013830206347392036 -0.016881135058834665 -0.028333416968583661 6.6329454276825e-05 0.0057869830954425444
leaf_weight=8.5475499331951159 8.8002722412347811 8.6068570315837913 20.373601958155636 46.902075245976448 9.67123134434223 8.8679084181785566 7.6584010422229758 13.551728308200834 9.4074685424566251 7.2942654639482489
leaf_count=35 36 35 84 191 40 37 32 56 38 30
internal_value=0.000662082 -0.00835586 0.00511324 0.00150833 -0.00971456 0.00794107 0.00217006 -0.0203716 0.0118963 0.0212141
internal_weight=149.681 47.772 101.909 85.8148 30.0448 55.77 25.6727 22.0993 18.0143 16.0945
internal_count=614 196 418 352 124 228 105 91 73 66
is_linear=0
shrinkage=0.03


Tree=32
num_leaves=6
num_cat=0
split_feature=35 19 15 11 11
split_gain=7.18264 6.5549 10.1793 6.42529 2.14972
threshold=0.055442140709373929 0.14318720669355861 51.780991086165635 0.0068748050623466126 0.023461452430367239
decision_type=2 2 2 2 2
left_child=1 2 3 -1 -2
right_child=4 -3 -4 -5 -6
leaf_value=-0.0015479192287298673 -0.0037047359126609497 0.027452236272310686 -0.02070893312303862 0.012919999878758085 -0.024286665760489438
leaf_weight=58.917050868272781 12.671795934438707 7.6145763993263236 14.032578721642492 46.994598418474197 9.2871485948562604
leaf_count=241 52 31 59 192 39
internal_value=0.000641227 0.00351686 0.00144901 0.00485319 -0.0143363
internal_weight=149.518 127.559 119.944 105.912 21.9589
internal_count=614 523 492 433 91
is_linear=0
shrinkage=0.03


Tree=33
num_leaves=7
num_cat=0
split_feature=11 34 5 28 11 7
split_gain=7.15446 7.96614 7.48975 9.66157 9.25255 5.95758
threshold=-0.043131033422889313 -0.024322119049262955 0.017379027105973614 4.5000000000000009 0.050009982243062197 0.0032093350228852018
decision_type=2 2 2 2 2 2
left_child=-1 5 3 -3 -4 -2
right_child=1 2 4 -5 -6 -7
leaf_value=0.02563925325440277 0.026382184001134096 -0.025365866761645515 0.011006803411256535 -0.0012513834175696102 -0.015389716808125719 -0.0011576330107890677
leaf_weight=7.6711127758026114 12.934892833232881 24.317566871643066 40.380489021539688 38.435231804847717 14.41874887049198 11.250510111451147
leaf_count=31 53 101 165 157 61 46
internal_value=0.000609357 -0.000978856 -0.00434433 -0.0113226 0.00349994 0.0138885
internal_weight=149.409 141.737 117.552 62.7528 54.7992 24.1854
internal_count=614 583 484 258 226 99
is_linear=0
shrinkage=0.03


Tree=34
num_leaves=9
num_cat=0
split_feature=35 15 36 5 37 4 33 17
split_gain=6.76143 5.23898 7.62373 7.54408 10.3242 8.13532 1.89725 1.77763
threshold=0.055442140709373929 36.778469935446218 0.0069865100601732419 0.016163647137031448 0.038593212196747502 0.039097686406722072 0.2745305692160131 -2.5886936533965073
decision_type=2 2 2 2 2 2 2 2
left_child=1 3 7 4 -1 -5 -2 -3
right_child=6 2 -4 5 -6 -7 -8 -9
leaf_value=0.0078847559960403407 -0.024767880938813172 -0.0020718912890599211 0.012497572607980508 0.026400914162024756 -0.018671183467749618 -0.003404806738894926 -0.004725476659754319 -0.022741609481906507
leaf_weight=44.824671655893326 7.7842837572097805 7.7670930773019817 9.9997590482234937 24.765501126646996 16.310094341635704 10.103800296783445 14.102692455053328 13.579574421048166
leaf_count=183 32 32 41 101 68 41 59 57
internal_value=0.000593442 0.00338754 -0.00673455 0.00691556 0.000195296 0.0176413 -0.0139586 -0.0166851
internal_weight=149.237 127.35 31.3464 96.0041 61.1348 34.8693 21.887 21.3467
internal_count=614 523 130 393 251 142 91 89
is_linear=0
shrinkage=0.03


Tree=35
num_leaves=13
num_cat=0
split_feature=34 18 19 35 11 38 8 14 21 4 24 32
split_gain=6.92872 5.52506 6.83232 6.64841 5.56913 5.00236 8.55959 4.35002 4.83739 2.95655 2.19554 0.0868901
threshold=-0.0039231273624454324 0.45293325167167886 0.097930615144504296 0.01835729902784489 0.0068748050623466126 0.0093583435701860129 0.028301069130532427 1.9880230610522178 0.0093093442277317681 -0.031773378188209293 0.081679746023732583 -0.0012697338906039188
decision_type=2 2 2 2 2 2 2 2 2 2 2 2
left_child=5 2 9 10 -5 7 11 8 -1 -2 -3 -7
right_child=1 3 -4 4 -6 6 -8 -9 -10 -11 -12 -13
leaf_value=0.0071464944870523895 -0.0036138734034059082 0.00076471329592759491 0.0057895717284848604 -0.022237686555891686 0.0013121913958004782 0.013873905403895236 -0.0052455512937832922 0.014095682075567889 -0.021232818957205263 -0.025184189751611605 0.023359541230143593 0.035196170403501502
leaf_weight=7.3525244444608751 10.868405669927592 7.8234977573156383 11.782229274511336 10.286809533834456 29.684837743639946 7.5465668290853527 8.1428065150976163 9.8068645894527418 10.077926546335219 21.705330148339275 10.766953304409979 9.6162144094705599
leaf_count=30 45 32 48 42 124 31 33 40 41 91 44 40
internal_value=3.35482e-05 -0.00438078 -0.0121605 0.00147103 -0.0051619 0.00879867 0.0178751 0 -0.00898644 -0.0190464 0.0155772 0.0290299
internal_weight=155.461 102.918 44.356 58.5621 39.9716 52.5429 25.3056 27.2373 17.4305 32.5737 18.5905 17.1628
internal_count=641 426 184 242 166 215 104 111 71 136 76 71
is_linear=0
shrinkage=0.03


Tree=36
num_leaves=14
num_cat=0
split_feature=36 32 12 23 2 12 9 36 0 34 8 7 15
split_gain=6.66229 12.289 6.66668 8.00051 7.85143 6.20748 5.98495 5.73354 5.2792 5.18357 2.48447 0.816132 0.0127196
threshold=0.005918254689754157 0.0021848222378109132 48.633650415590893 1.11235410418555 1.0000000180025095e-35 33.096259272618269 0.036703183223930326 0.0079475798632696187 0.0098205504891033541 0.027457251351965754 -0.014499017630623052 0.0048134582347431126 -3.6484955834713131
decision_type=2 2 2 2 2 2 2 2 2 2 2 2 2
left_child=2 7 5 4 -4 -1 -5 9 11 -2 -9 -3 -7
right_child=1 8 3 6 -6 12 -8 10 -10 -11 -12 -13 -14
leaf_value=0.0042988602207347489 0.02908547062427835 -0.0068472300178631911 0.0099948164098376292 0.033054027695166945 -0.018532980563647983 -0.028262598261782172 -0.00057102914931287459 0.011086378782720077 0.0058759440288012913 0.0017642421505603724 -0.010428442171923322 -0.025570865440703493 -0.011987415792726792
leaf_weight=7.8790756613016155 23.609958544373512 8.6735618710517937 12.080985873937609 7.9036431908607465 19.731657385826111 13.818578660488134 7.4278122186660767 7.3009369969367972 11.010266244411467 10.232124522328375 8.0490996241569501 8.4979354590177518 9.0619974732398934
leaf_count=32 97 36 50 32 82 58 31 30 45 42 33 35 38
internal_value=4.73268e-05 0.00629549 -0.00597286 0.000914784 -0.00730542 -0.0163985 0.0177118 0.0152323 -0.00878272 0.0218028 0 -0.0185967 -0.0239013
internal_weight=155.278 77.3739 77.9038 47.1441 31.8126 30.7597 15.3315 49.1921 28.1818 33.8421 15.35 17.1715 22.8806
internal_count=641 318 323 195 132 128 63 202 116 139 63 71 96
is_linear=0
shrinkage=0.03


Tree=37
num_leaves=11
num_cat=0
split_feature=34 36 16 18 9 36 7 36 38 18
split_gain=6.34062 6.09228 7.35478 5.13442 6.77927 5.74387 7.54703 5.60485 4.93868 4.85491
threshold=-0.0039231273624454324 0.0079904187825387309 -3.5315539703230878 0.45293325167167886 -0.065134368963793488 0.0071026271226287954 0.0023807783965599794 0.0060633783058748588 0.007776343004336158 0.81367975312543239
decision_type=2 2 2 2 2 2 2 2 2 2
left_child=1 8 -3 4 -2 6 -5 -6 -1 -10
right_child=3 2 -4 5 7 -7 -8 -9 9 -11
leaf_value=-0.00091706231049874408 0.009260094509794467 0.012696193950032278 -0.022029152730155297 0.014344826503062137 -0.025439167526493146 0.019954221784940732 -0.010433173389740709 0 0.030320709429577868 0
leaf_weight=9.9724778085947019 8.8103926181793195 8.4989235699176806 9.1436293274164182 13.624512150883673 23.565342381596565 10.285994932055472 34.579786837100983 11.81634898483753 17.232395321130756 7.5766474008560172
leaf_count=41 36 35 37 56 99 42 144 49 71 31
internal_value=4.01408e-05 0.00843787 -0.00494785 -0.00418329 -0.0117025 0.00144891 -0.00283865 -0.0175398 0.0155353 0.0222832
internal_weight=155.106 52.4241 17.6426 102.682 44.1921 58.4903 48.2043 35.3817 34.7815 24.809
internal_count=641 215 72 426 184 242 200 148 143 102
is_linear=0
shrinkage=0.03


Tree=38
num_leaves=14
num_cat=0
split_feature=36 32 12 12 36 38 0 5 2 35 2 26 10
split_gain=5.91063 11.5472 6.18658 5.84463 5.23466 6.63266 5.05183 4.7968 5.47485 3.44022 2.78265 1.48545 0.589901
threshold=0.005918254689754157 0.0021848222378109132 48.633650415590893 33.096259272618269 0.0079475798632696187 0.0089802666549142641 0.0098205504891033541 0.052537270167676405 0.00062969387817213296 0.043722797556203126 0.019792490390474374 0.26944278227929558 -0.00059038804059519101
decision_type=2 2 2 2 2 2 2 2 2 2 2 2 2
left_child=2 4 3 -1 9 -6 12 8 -4 -2 -9 -5 -3
right_child=1 6 7 11 5 -7 -8 10 -10 -11 -12 -13 -14
leaf_value=0.0043088849265790112 0.025967716158345869 -0.0059237245757408508 0.022645738866989219 -0.031500511439598596 -0.018241871181451236 0.016915717963514522 0.0056612540165358917 -0.018895992937048214 -0.0017585139573656058 0.0012357618673992901 0.0023628895105055623 -0.010474874285056996 -0.023570451628549881
leaf_weight=7.8673423528671291 25.757002294063568 7.2681073397398039 11.947418168187143 11.057624742388727 7.3262673616409293 8.0157842338085157 10.999922677874563 10.697842314839365 17.252327099442482 8.0443427413701993 7.1637073010206214 11.650179252028463 9.8831669986248016
leaf_count=32 106 30 49 47 30 33 45 45 71 33 30 49 41
internal_value=5.10835e-05 0.00594109 -0.00562657 -0.015711 0.0146157 0 -0.00866956 0.000992811 0.00855757 0.0208986 -0.0102351 -0.0230415 -0.0182752
internal_weight=154.931 77.2946 77.6364 30.5751 49.1434 15.3421 28.1512 47.0613 29.1997 33.8013 17.8615 22.7078 17.1513
internal_count=641 318 323 128 202 63 116 195 120 139 75 96 71
is_linear=0
shrinkage=0.03


Tree=39
num_leaves=11
num_cat=0
split_feature=36 23 35 11 16 38 36 3 35 11
split_gain=5.59491 6.0691 11.8204 7.83565 5.2385 4.43466 7.87734 7.83791 5.98031 4.04755
threshold=0.005918254689754157 1.0521954255784685 0.043096420070637305 0.023297958326379823 -8.7912553622374858 0.015303748310787461 0.0073917820735583308 -0.015735172677895089 0.044156441153378807 0.0076686264507370714
decision_type=2 2 2 2 2 2 2 2 2 2
left_child=1 4 3 -3 -1 6 8 -8 -2 -6
right_child=5 2 -4 -5 9 -7 7 -9 -10 -11
leaf_value=0.0053207292244418893 0.019221797121657919 0.036313430003223075 -0.016035670810761515 -0.0015021905441600224 -0.024974711173705189 0.022003934437017099 0.011640520929996014 -0.018548680526303832 -0.0055098551850392349 -0.0040887442539283975
leaf_weight=10.464656114578245 25.492074266076088 9.3577118217945152 11.483453929424284 7.1680904775857917 21.674604162573814 10.94187608361244 9.4811432659626025 20.643901348114014 10.660632550716398 17.369235679507256
leaf_count=43 105 38 48 30 91 45 39 85 44 73
internal_value=3.44579e-05 -0.00549176 0.00508007 0.0207098 -0.011729 0.00576995 0.00230413 -0.00844724 0.0116293 -0.0167007
internal_weight=154.737 77.5178 28.0093 16.5258 49.5085 77.2196 66.2778 30.125 36.1527 39.0438
internal_count=641 323 116 68 207 318 273 124 149 164
is_linear=0
shrinkage=0.03


Tree=40
num_leaves=8
num_cat=0
split_feature=35 34 34 5 11 1 25
split_gain=8.42611 6.78364 8.90341 6.13222 5.75533 4.93122 2.84809
threshold=0.065211300325784718 0.010320476997857876 0.032933049208423111 -0.04064745337381153 -0.00080098048566967772 0.0041942559421765955 0.4095454545454546
decision_type=2 2 2 2 2 2 2
left_child=1 3 6 -1 -5 -4 -3
right_child=-2 2 5 4 -6 -7 -8
leaf_value=0.027396124662644752 -0.019969024886967814 -0.0062444711858421643 -0.00082581048068129193 -0.0049377103406162441 0.012126276655126573 0.027482947634369256 -0.02581926663328599
leaf_weight=12.013747766613958 13.402332425117491 29.699031040072441 10.502164945006372 28.255010426044464 39.2314562946558 7.6349491626024237 9.339325085282324
leaf_count=49 56 124 44 116 163 31 39
internal_value=0.000958074 0.00337674 -0.00424575 0.00901244 0.00482962 0.0118921 -0.012323
internal_weight=150.078 136.676 57.1755 79.5002 67.4865 18.1371 39.0384
internal_count=622 566 238 328 279 75 163
is_linear=0
shrinkage=0.03


Tree=41
num_leaves=12
num_cat=0
split_feature=36 11 34 8 21 14 36 5 8 0 19
split_gain=6.65587 6.97664 7.19028 6.62815 6.48525 6.73122 4.6379 4.62789 4.08099 3.43775 3.23628
threshold=0.005918254689754157 -0.00080098048566967772 0.021507740186106687 -0.018095448645442627 0.011461554752091528 23.946144547454654 0.0071220746004734565 -0.058348159633527123 0.038139238124960791 0.00068996870881310468 0.11630730530041412
decision_type=2 2 2 2 2 2 2 2 2 2 2
left_child=4 3 8 -2 5 9 -5 -6 -3 -1 -9
right_child=1 2 -4 6 7 -7 -8 10 -10 -11 -12
leaf_value=0 0.01566094675506717 0.026490903261237778 -0.002758957057785341 0.00026095329221958877 0.0072701999661332131 -0.011103288456619887 -0.02692144911991895 -0.0092876960497260998 0 0.027911761114756434 -0.030553027419967401
leaf_weight=7.2250771522522035 7.5797303169965771 26.171776935458183 14.331115633249281 8.9102978557348269 7.6311024725437155 9.9637140184640867 9.5560494065284711 32.557865723967552 7.6451741904020301 9.2496197521686536 9.1410528123378736
leaf_count=30 31 109 59 37 31 41 39 137 31 38 39
internal_value=0.000924631 0.00729744 0.0139438 -0.00457215 -0.00515007 0.0061826 -0.0143288 -0.0115203 0.0211997 0.0175191 -0.0154776
internal_weight=149.963 74.1941 48.1481 26.0461 75.7684 26.4384 18.4663 49.33 33.817 16.4747 41.6989
internal_count=622 306 199 107 316 109 76 207 140 68 176
is_linear=0
shrinkage=0.03


Tree=42
num_leaves=11
num_cat=0
split_feature=34 19 23 22 32 1 16 11 32 32
split_gain=6.27192 6.76439 6.10527 4.33462 3.89669 3.86911 5.08529 2.21939 2.25024 2.19332
threshold=0.0080252908928937234 0.11630730530041412 1.108983999267829 0.027556823328840466 0.00013721924632537077 -0.0094960840339061697 8.7247813001119265 -0.0019720245950310407 0.00030715556804339356 0.0031981308159318993
decision_type=2 2 2 2 2 2 2 2 2 2
left_child=3 2 4 5 -2 -1 -7 8 -5 -9
right_child=1 -3 -4 7 -6 6 -8 9 -10 -11
leaf_value=-0.0022098609280116299 0.0025732569788329343 -0.023244160117677382 0.015899201069393323 -0.017444326078922542 -0.013788415969661228 0.024722840256197226 -0.00093795342694702325 0.013061596246263948 0.0019803682515516516 -0.005007190249876399
leaf_weight=8.9624872952699643 22.57479427754879 13.006846562027929 13.243813097476957 8.7195959091186541 24.284504368901253 23.571560069918636 7.8433446437120429 12.437221974134447 7.6290788650512686 7.4696800708770743
leaf_count=37 94 55 55 36 101 98 32 52 31 31
internal_value=0.000898438 -0.00520093 -0.000431862 0.00689244 -0.00581638 0.0134209 0.0181945 -0.000307676 -0.0083345 0.00575876
internal_weight=149.743 73.11 60.1031 76.633 46.8593 40.3774 31.4149 36.2556 16.3487 19.9069
internal_count=622 305 250 317 195 167 130 150 67 83
is_linear=0
shrinkage=0.03


Tree=43
num_leaves=9
num_cat=0
split_feature=35 34 34 33 1 21 21 10
split_gain=7.81458 5.89676 8.34032 5.06405 4.65032 4.08691 6.24564 5.38928
threshold=0.065211300325784718 0.010320476997857876 0.032933049208423111 0.86330709994076338 0.0041942559421765955 0.013413478887931263 0.010405776156017262 0.018813758081463464
decision_type=2 2 2 2 2 2 2 2
left_child=1 5 3 -3 -4 6 -1 -7
right_child=-2 2 4 -5 -6 7 -8 -9
leaf_value=0.012740243812687008 -0.019338522190626338 -0.016995966934683943 -0.00064268829452203402 0.0076582880019435877 0.026838321709736553 0.024878481945511007 -0.0077622747419893697 -0.00030289432622911133
leaf_weight=24.981237232685089 13.32465425133705 31.432982936501503 10.487238213419916 7.4541238248348227 7.6249448359012595 20.666676506400112 23.915335029363632 9.7315856665372831
leaf_count=103 56 132 44 31 31 86 99 40
internal_value=0.000864385 0.00319907 -0.00390736 -0.0117598 0.011699 0.00846234 0.00250676 0.016833
internal_weight=149.619 136.294 56.9993 38.8871 18.1122 79.2948 48.8966 30.3983
internal_count=622 566 238 163 75 328 202 126
is_linear=0
shrinkage=0.03


Tree=44
num_leaves=9
num_cat=0
split_feature=35 34 34 1 21 21 10 6
split_gain=7.43865 5.54909 7.90295 4.44475 3.85954 5.9118 5.12153 2.72303
threshold=0.065211300325784718 0.010320476997857876 0.032933049208423111 0.0041942559421765955 0.013413478887931263 0.010405776156017262 0.018813758081463464 -0.012485992708792873
decision_type=2 2 2 2 2 2 2 2
left_child=1 4 7 -4 5 -1 -6 -3
right_child=-2 2 3 -5 6 -7 -8 -9
leaf_value=0.012399422088591442 -0.018899056733444625 0.0026720651738067524 -0.00062652803194142466 0.026218886936083603 0.024221540022987736 -0.0075520536100929219 -0.00029535846982001407 -0.015222981585923664
leaf_weight=24.953257605433464 13.272759452462195 7.5039720535278311 10.486604869365694 7.6182821542024604 20.644951030611995 23.89953301846981 9.7315316796302778 31.300029218196869
leaf_count=103 56 31 44 31 86 99 40 132
internal_value=0.000844239 0.00312345 -0.00377147 0.011408 0.00823152 0.00243074 0.0163709 -0.0114334
internal_weight=149.411 136.138 56.9089 18.1049 79.2293 48.8528 30.3765 38.804
internal_count=622 566 238 75 328 202 126 163
is_linear=0
shrinkage=0.03


Tree=45
num_leaves=10
num_cat=0
split_feature=22 15 25 19 25 11 11 10 15
split_gain=5.88663 5.88819 6.69803 5.08007 4.81286 6.06727 3.96856 3.76684 1.7143
threshold=-0.17309852536242512 42.896464617527705 0.0082037236497922768 0.1305710163490843 0.13523686471662397 -0.0077571364908142195 0.0076686264507370714 0.016968387934542698 25.085139789904254
decision_type=2 2 2 2 2 2 2 2 2
left_child=4 2 -2 -3 7 -6 -4 -1 -7
right_child=1 3 6 -5 5 8 -8 -9 -10
leaf_value=0.033549887971851829 -0.023257848185416673 -0.025247843936913365 -0.001965345688699491 0.0026712761425312852 -0.013224123913271596 0.021163037108144891 0.011086939760082635 0.0023039569427646244 0.00070224714216704693
leaf_weight=8.7307026684284192 7.3905827701091757 14.784675151109697 46.528986781835556 7.0897936373949042 11.776609882712366 8.3948734104633349 33.472375184297562 7.2456975877284995 8.4376925528049451
leaf_count=36 31 63 193 30 49 35 139 30 35
internal_value=0.000779281 -0.00287595 0.000553731 -0.0161049 0.00979807 0.0014745 0.00344999 0.0220464 0.0128669
internal_weight=153.852 109.266 87.3919 21.8745 44.5856 28.6092 80.0014 15.9764 16.8326
internal_count=641 456 363 93 185 119 332 66 70
is_linear=0
shrinkage=0.03


Tree=46
num_leaves=12
num_cat=0
split_feature=12 32 4 4 0 37 1 21 21 4 0
split_gain=4.49014 6.21503 7.14275 6.05149 5.10848 4.32061 6.8097 3.83588 3.77087 3.09223 1.70302
threshold=49.071572779593033 0.0052495270481082166 0.027627449698765631 -0.040980389023078427 0.0079862161660319026 0.023642346662427819 -0.0057107872826504527 0.012332500749448421 0.0096900368784849211 -0.056319499511562891 -0.0043392031431175862
decision_type=2 2 2 2 2 2 2 2 2 2 2
left_child=3 2 8 9 -3 6 -5 -4 -2 -1 -7
right_child=1 4 7 5 -6 10 -8 -9 -10 -11 -12
leaf_value=-0.003273321128709393 0.0012319533653089472 -0.02432274425414192 -0.01160168674108269 -0.020944895918053343 0.0023624605610113271 -0.0066282556036004201 0.0087938289298905535 0.0082276367038153584 0.022726412600379293 0.018772825081454086 -0.03104433853865711
leaf_weight=8.7929731756448763 11.931595131754873 8.2922484576702136 15.265331521630289 9.3100740462541598 14.236358299851416 7.5309420377016094 15.393536910414694 15.454143345355986 29.080748438835144 9.196091949939726 9.2383197098970395
leaf_count=36 50 35 63 39 59 32 64 65 121 38 39
internal_value=0.000762251 0.00488091 0.00924725 -0.00546906 -0.00803054 -0.0117543 -0.00258139 -0.00127449 0.0171699 0.00799704 -0.0227531
internal_weight=153.722 94.2604 71.7318 59.4619 22.5286 41.4729 24.7036 30.7195 41.0123 17.9891 16.7693
internal_count=641 393 299 248 94 174 103 128 171 74 71
is_linear=0
shrinkage=0.03


Tree=47
num_leaves=10
num_cat=0
split_feature=22 15 25 25 11 36 11 10 6
split_gain=5.58206 5.61863 6.31452 4.53635 5.76555 3.8498 3.69516 3.57664 2.16902
threshold=-0.17309852536242512 42.896464617527705 0.0082037236497922768 0.13523686471662397 -0.0077571364908142195 0.0066503530359515945 0.0076686264507370714 0.016968387934542698 0.0005769662379700543
decision_type=2 2 2 2 2 2 2 2 2
left_child=3 2 -2 7 -5 -3 -4 -1 -6
right_child=1 5 6 4 8 -7 -8 -9 -10
leaf_value=0.032630877133179401 -0.022629545901327239 -0.023802350604200131 -0.001890579941991563 -0.012917082997025422 5.9908905238580875e-05 0.00043092284331943461 0.01070390455316262 0.0021498504789965352 0.022294448561487525
leaf_weight=8.7153835743665677 7.3723507970571509 14.575147017836573 46.491873696446419 11.753637403249742 8.936965689063074 7.2189880013465872 33.426670208573341 7.2434764653444281 7.8724940866231909
leaf_count=36 31 63 193 49 37 30 139 30 33
internal_value=0.000722999 -0.00283675 0.00050883 0.00951432 0.0014102 -0.0157835 0.00332679 0.0214114 0.012534
internal_weight=153.607 109.085 87.2909 44.522 28.5631 21.7941 79.9185 15.9589 16.8095
internal_count=641 456 363 185 119 93 332 66 70
is_linear=0
shrinkage=0.03


Tree=48
num_leaves=8
num_cat=0
split_feature=11 36 11 34 7 38 20
split_gain=5.40376 5.33379 6.97639 9.37539 7.90809 3.67682 5.28605
threshold=-0.042583099400526563 0.005918254689754157 -0.000417577574259198 0.023522350374874493 -0.0028941724845385872 0.013494432404103524 0.02093252786069218
decision_type=2 2 2 2 2 2 2
left_child=-1 5 4 -4 -3 6 -2
right_child=1 2 3 -5 -6 -7 -8
leaf_value=0.021959606307274535 -0.0086618076859214486 0.010225875167847133 0.019676098648285997 -0.0064716724982826716 -0.02031543338067748 -0.0249961687013345 0.01106504520309917
leaf_weight=8.1138839274644834 46.898788169026375 11.14793571829796 34.447033733129501 16.366077080368996 15.51271343231201 7.0669278353452674 13.916783988475798
leaf_count=33 197 46 144 68 64 31 58
internal_value=0.000707361 -0.000659106 0.0045543 0.0110442 -0.00719904 -0.00678382 -0.00370023
internal_weight=153.47 145.356 77.4738 50.8131 26.6606 67.8825 60.8156
internal_count=641 608 322 212 110 286 255
is_linear=0
shrinkage=0.03


Tree=49
num_leaves=9
num_cat=0
split_feature=13 36 32 12 38 15 36 12
split_gain=4.30941 4.9228 7.60957 5.23332 5.11047 4.61814 4.30738 2.94732
threshold=-6.9525049186146601 0.005918254689754157 0.00058198559475397549 37.461280043419002 0.013185573506505862 -16.356396802302616 0.006454116380920815 49.071572779593033
decision_type=2 2 2 2 2 2 2 2
left_child=7 4 3 -3 5 -2 -4 -1
right_child=1 2 6 -5 -6 -7 -8 -9
leaf_value=-0.022148537237958798 0.013980583445250216 0 0.014900584113442453 0.023889866315740634 -0.024311084994379194 -0.004733762097534718 -0.0082731699735901342 0
leaf_weight=9.3404838889837283 14.145149469375609 10.263570412993429 7.6536944806575766 26.554785743355751 6.8126407265663138 42.654802709817886 25.131856694817543 10.785497859120367
leaf_count=39 58 42 32 111 30 180 104 45
internal_value=0.000684674 0.00277429 0.00824034 0.0172769 -0.00304685 0 -0.00188644 -0.0114693
internal_weight=153.342 133.217 69.6039 36.8184 63.6126 56.8 32.7856 20.126
internal_count=641 557 289 153 268 238 136 84
is_linear=0
shrinkage=0.03


end of trees

feature_importances:
ma_20_60_cross=36
macro_usdjpy_ret_20=33
macro_usdjpy_ret_60=25
month=23
macro_usdjpy_vol_20=22
return_10d=19
atr_pct=19
macro_topix_ret_20=19
lower_shadow_pct=14
macd=13
macd_signal=13
div_ma_10=12
rsi=12
macd_hist=12
volatility=12
macro_topix_vol_20=12
div_ma_60=11
price_position_20d=11
return_20d=10
div_ma_20=10
ma_5_20_cross=10
vol_change=10
vol_ratio=10
gap=10
bb_bandwidth=9
upper_shadow_pct=8
return_2d=7
bb_pct_b=7
macro_nikkei_ret_20=7
return_1d=5
return_3d=5
macd_hist_change=5
div_ma_5=4
rsi_change=4
candle_body_pct=4
day_of_week=3
return_5d=2

parameters:
[boosting: gbdt]
[objective: binary]
[metric: binary_logloss]
[tree_learner: serial]
[device_type: cpu]
[data_sample_strategy: bagging]
[data: ]
[valid: ]
[num_iterations: 50]
[learning_rate: 0.03]
[num_leaves: 15]
[num_threads: 0]
[seed: 42]
[deterministic: 0]
[force_col_wise: 0]
[force_row_wise: 0]
[histogram_pool_size: -1]
[max_depth: 4]
[min_data_in_leaf: 30]
[min_sum_hessian_in_leaf: 0.001]
[bagging_fraction: 0.7]
[pos_bagging_fraction: 1]
[neg_bagging_fraction: 1]
[bagging_freq: 5]
[bagging_seed: 400]
[bagging_by_query: 0]
[feature_fraction: 0.6]
[feature_fraction_bynode: 1]
[feature_fraction_seed: 30056]
[extra_trees: 0]
[extra_seed: 12879]
[early_stopping_round: 0]
[early_stopping_min_delta: 0]
[first_metric_only: 0]
[max_delta_step: 0]
[lambda_l1: 0.5]
[lambda_l2: 2]
[linear_lambda: 0]
[min_gain_to_split: 0]
[drop_rate: 0.1]
[max_drop: 50]
[skip_drop: 0.5]
[xgboost_dart_mode: 0]
[uniform_drop: 0]
[drop_seed: 17869]
[top_rate: 0.2]
[other_rate: 0.1]
[min_data_per_group: 100]
[max_cat_threshold: 32]
[cat_l2: 10]
[cat_smooth: 10]
[max_cat_to_onehot: 4]
[top_k: 20]
[monotone_constraints: ]
[monotone_constraints_method: basic]
[monotone_penalty: 0]
[feature_contri: ]
[forcedsplits_filename: ]
[refit_decay_rate: 0.9]
[cegb_tradeoff: 1]
[cegb_penalty_split: 0]
[cegb_penalty_feature_lazy: ]
[cegb_penalty_feature_coupled: ]
[path_smooth: 0]
[interaction_constraints: ]
[verbosity: -1]
[saved_feature_importance_type: 0]
[use_quantized_grad: 0]
[num_grad_quant_bins: 4]
[quant_train_renew_leaf: 0]
[stochastic_rounding: 1]
[linear_tree: 0]
[max_bin: 255]
[max_bin_by_feature: ]
[min_data_in_bin: 5]
[bin_construct_sample_cnt: 200000]
[data_random_seed: 175]
[is_enable_sparse: 1]
[enable_bundle: 1]
[use_missing: 1]
[zero_as_missing: 0]
[feature_pre_filter: 1]
[pre_partition: 0]
[two_round: 0]
[header: 0]
[label_column: ]
[weight_column: ]
[group_column: ]
[ignore_column: ]
[categorical_feature: ]
[forcedbins_filename: ]
[precise_float_parser: 0]
[parser_config_file: ]
[objective_seed: 16083]
[num_class: 1]
[is_unbalance: 0]
[scale_pos_weight: 1]
[sigmoid: 1]
[boost_from_average: 1]
[reg_sqrt: 0]
[alpha: 0.9]
[fair_c: 1]
[poisson_max_delta_step: 0.7]
[tweedie_variance_power: 1.5]
[lambdarank_truncation_level: 30]
[lambdarank_norm: 1]
[label_gain: ]
[lambdarank_position_bias_regularization: 0]
[eval_at: ]
[multi_error_top_k: 1]
[auc_mu_weights: ]
[num_machines: 1]
[local_listen_port: 12400]
[time_out: 120]
[machine_list_filename: ]
[machines: ]
[gpu_platform_id: -1]
[gpu_device_id: -1]
[gpu_use_dp: 0]
[num_gpu: 1]

end of parameters

pandas_categorical:[]
