tree
version=v4
num_class=1
num_tree_per_iteration=1
label_index=0
max_feature_idx=44
objective=binary sigmoid:1
feature_names=return_1d return_2d return_3d return_5d return_10d return_20d div_ma_5 div_ma_10 div_ma_20 div_ma_60 ma_5_20_cross ma_20_60_cross rsi rsi_change macd macd_signal macd_hist macd_hist_change bb_pct_b bb_bandwidth atr_pct volatility vol_change vol_ratio candle_body_pct upper_shadow_pct lower_shadow_pct day_of_week month is_month_end is_month_start streak gap price_position_20d macro_usdjpy_ret_20 macro_usdjpy_ret_60 macro_usdjpy_vol_20 macro_topix_ret_20 macro_topix_vol_20 macro_topix_above_200dma macro_nikkei_ret_20 macro_nikkei_above_200dma macro_nikkei_vi macro_jgb10y macro_bias_score
feature_infos=[-0.047573324675198925:0.047032439022514749] [-0.052871223227637376:0.050100198868800794] [-0.078625938667899131:0.060579091775125216] [-0.079144063347538429:0.070190430904915058] [-0.10699996948242185:0.11742775503970204] [-0.1182423924334487:0.15884581472014592] [-0.046754045093518014:0.03136102171888943] [-0.065679653588011352:0.057611183675024734] [-0.095283898731975444:0.091383476178522549] [-0.086355409043981882:0.12109266072274501] [-0.058392300957105903:0.065549920908115844] [-0.042748625708304955:0.064274238635985359] [4.3321721234716364:99.078285278722376] [-31.4914123830169:24.909606094271432] [-4.0148556247349632:6.6759841301698373] [-3.5218467914220124:5.4278448928573138] [-2.4130647582626752:2.3328558279840159] [-0.79483865050966607:0.60413765747863146] [-0.29899250290519275:1.2942002598775366] [0.015966985924506762:0.20663538136815932] [0.0062028219888735359:0.03098835320355546] [0.0037467866522835347:0.018685482479757546] [-0.82513331758797714:3.6311208267090622] [0.55432004082819386:1.8220195466454623] [-1:1] [0:0.9499969482421875] [0:0.97058638734056779] [0:4] [1:12] [0:1] [0:1] [-11:9] [-0.063431099566931937:0.055611174876266878] [0:1] [-0.10288784967882303:0.08505611680078462] [-0.13986255140503889:0.13160084488587853] [0.0024251968629527628:0.011841457708833433] [-0.21871130063915301:0.21255327098343968] [0.0039190589040050275:0.040640984327119517] [0:1] [-0.22859537662338159:0.23022297972565586] [0:1] none none none
tree_sizes=1288 1279 788 1389 1320 999 1061 1105 1102 1105 1088 1179 1199 1185 1415 1196 1302 1082 1282 1080 1209 1186 1099 1080 1426 976 982 1316 1497 1105 1092 1196 1097 881 1279 1320 1314 1428 1322 1319 1178 1611 671 673 1363 1099 1088 1202 853 987

Tree=0
num_leaves=11
num_cat=0
split_feature=37 14 34 3 3 21 15 21 4 15
split_gain=14.3079 9.28279 10.6647 8.52356 10.6701 8.50684 5.07969 4.86665 2.69187 2.39546
threshold=0.01260626754095562 0.45871400784191968 0.016229913177655656 0.025969713004487919 0.0035807564667195151 0.010495927601876806 1.9465377430212778 0.0062908652098154156 0.011261775228811778 0.43838599818976881
decision_type=2 2 2 2 2 2 2 2 2 2
left_child=1 2 9 4 5 -2 8 -6 -3 -1
right_child=3 6 -4 -5 7 -7 -8 -9 -10 -11
leaf_value=-0.10825022701500286 -0.13493670392532597 -0.16363368907489775 -0.14678596342789405 -0.13048295587164599 -0.14596608399410804 -0.16070147444428531 -0.12814610993441192 -0.17448946536911414 -0.14262903424291418 -0.13448727325426629
leaf_weight=18.654964864254001 26.365683674812317 10.198047459125524 11.441711783409117 12.187910377979277 8.9543831348419172 17.162567675113678 7.4619859457015982 24.375820755958557 10.198047459125517 7.4619859457015982
leaf_count=75 106 41 46 49 36 69 30 98 41 30
internal_value=-0.143951 -0.133568 -0.124144 -0.151775 -0.155564 -0.145114 -0.146159 -0.167874 -0.154124 -0.114101
internal_weight=154.463 65.4167 37.5587 89.0464 76.8585 43.5283 27.8581 33.3302 20.3961 26.117
internal_count=621 263 151 358 309 175 112 134 82 105
is_linear=0
shrinkage=1


Tree=1
num_leaves=11
num_cat=0
split_feature=37 3 3 21 23 33 21 40 33 25
split_gain=13.5955 9.63476 9.80743 8.32022 7.19451 8.79245 5.85989 3.2993 3.26964 0.910786
threshold=0.004679852073389835 0.025969713004487919 0.0035807564667195151 0.010352315681080427 0.96927086796570994 0.67281214364837871 0.0062908652098154156 -0.039438904463816864 0.34599463346935905 0.18182122937475501
decision_type=2 2 2 2 2 2 2 2 2 2
left_child=4 2 3 -2 7 8 -4 -1 -6 -9
right_child=1 -3 6 -5 5 -7 -8 9 -10 -11
leaf_value=0.0016068925420872119 0.006468022539509539 0.014441967588243228 -0.00033956001268235162 -0.017504788985384639 0 -0.020455718005782865 -0.029176736866120878 0.011128177687016018 0.023945847075235983 0.034424520170149617
leaf_weight=7.4655610471963909 32.597409456968307 12.944741040468214 9.4504764527082425 18.632733806967735 8.7099105417728477 9.9537211805582029 28.046482905745506 7.4653416574001339 8.2092255949974042 10.956614628434179
leaf_count=30 131 52 38 75 35 40 113 30 33 44
internal_value=-0.0012809 -0.00773701 -0.0113851 -0.00229935 0.0107146 0 -0.0226738 0.0213919 0.012405 0.0277328
internal_weight=154.432 101.672 88.7271 51.2301 52.7604 26.8729 37.497 25.8875 16.9191 18.422
internal_count=621 409 357 206 212 108 151 104 68 74
is_linear=0
shrinkage=0.03


Tree=2
num_leaves=6
num_cat=0
split_feature=40 3 8 21 36
split_gain=9.99715 9.41587 9.37883 8.28249 7.90927
threshold=0.086652178383792369 0.029189560571665222 0.0040479602983482443 0.010495927601876806 0.0065766509884510908
decision_type=2 2 2 2 2
left_child=1 2 3 -1 -4
right_child=-2 -3 4 -5 -6
leaf_value=0.012364572721731691 -0.026028567141779448 0.022795812502939772 -0.0013920667286747809 -0.0077443724479393837 -0.025126674099668678
leaf_weight=48.775836527347565 11.421577811241148 13.95249868929386 34.032604962587357 26.328758478164673 19.868234992027283
leaf_count=196 46 56 137 106 80
internal_value=-0.00122712 0.000982681 -0.001574 0.00510259 -0.0109951
internal_weight=154.38 142.958 129.005 75.1046 53.9008
internal_count=621 575 519 302 217
is_linear=0
shrinkage=0.03


Tree=3
num_leaves=12
num_cat=0
split_feature=37 14 34 4 18 19 38 15 4 15 35
split_gain=12.821 8.44681 9.96998 6.69062 7.0172 7.89228 5.7132 4.86252 2.58431 2.21009 0.86268
threshold=0.01260626754095562 0.45871400784191968 0.016229913177655656 0.02482382817375706 0.60826703525606829 0.063443753435335537 0.0075844906777240298 1.9465377430212778 0.011261775228811778 0.43838599818976881 0.041821954274528179
decision_type=2 2 2 2 2 2 2 2 2 2 2
left_child=1 2 9 4 5 -2 -5 8 -3 -1 -6
right_child=3 7 -4 6 10 -7 -8 -9 -10 -11 -12
leaf_value=0.032906705472174988 0.0040478683165374825 -0.020528500132479689 -0.0042476682119383068 0.023645375884194245 -0.030880896965721667 -0.021285900003967548 -0.0055778038845107625 0.01421018065395158 0 0.0076744975890063356 -0.01089376483687023
leaf_weight=18.707359746098522 28.094815954566002 10.180669635534292 11.442669749259947 7.466255038976672 15.613942652940752 15.114993482828138 13.66185688972473 7.4664119631052008 10.194718822836874 7.4706708043813697 8.9306351542472822
leaf_count=75 113 41 46 30 63 61 55 30 41 30 36
internal_value=-0.00120336 0.00861049 0.0175917 -0.00862679 -0.0131963 -0.00503183 0.00525224 -0.00338814 -0.011201 0.0272941 -0.0255423
internal_weight=154.345 65.4625 37.6207 88.8825 67.7544 43.2098 21.1281 27.8418 20.3754 26.178 24.5446
internal_count=621 263 151 358 273 174 85 112 82 105 99
is_linear=0
shrinkage=0.03


Tree=4
num_leaves=11
num_cat=0
split_feature=37 3 3 23 6 40 11 40 17 40
split_gain=12.169 8.60426 9.1581 6.74176 6.54988 4.14681 3.37866 3.02263 2.56458 0.103013
threshold=0.004679852073389835 0.025969713004487919 0.0035807564667195151 0.96927086796570994 0.0033591132801498828 0.021730526188117553 -0.0033781057989309411 -0.039438904463816864 -0.071646334172300916 -0.013048150102230314
decision_type=2 2 2 2 2 2 2 2 2 2
left_child=3 2 6 7 8 -4 -2 -1 -5 -9
right_child=1 -3 5 4 -6 -7 -8 9 -10 -11
leaf_value=0.0014757716202760545 0.0078106744861938509 0.013618685102501219 -0.0035610223504687053 -0.00069272966139852807 -0.020149668863438629 -0.027857405127164871 -0.0076002956617396214 0.032156519827827863 0.019015015501285679 0.012725479814915249
leaf_weight=7.4650993198156383 17.398348495364189 12.965598851442335 10.905605062842367 9.4569909572601336 8.2052234113216382 26.451111152768135 33.765882641077042 10.477802082896236 9.2124869674444216 7.9771260023117039
leaf_count=30 70 52 44 38 33 107 136 42 37 32
internal_value=-0.0011724 -0.00729599 -0.0107583 0.0101618 -1.25666e-05 -0.0216871 -0.00198098 0.0204933 0.00920531 0.0265563
internal_weight=154.281 101.487 88.5209 52.7947 26.8747 37.3567 51.1642 25.92 18.6695 18.4549
internal_count=621 409 357 212 108 151 206 104 75 74
is_linear=0
shrinkage=0.03


Tree=5
num_leaves=8
num_cat=0
split_feature=37 38 40 38 36 36 34
split_gain=15.8655 9.79414 6.22329 7.00343 4.68008 5.38102 5.27488
threshold=0.038761309879516655 0.015995812901397413 -0.036344859847558024 0.0072728590805402667 0.004621161926408518 0.0060038208782324251 0.012738159111859939
decision_type=2 2 2 2 2 2 2
left_child=1 2 -1 -4 -2 -6 -7
right_child=4 -3 3 -5 5 6 -8
leaf_value=-0.014773596444620337 -0.033161587076636571 0.029851312858725262 -0.010065690328888106 0.0098414750025870613 0.0045058574419328803 -0.0039611232315164748 -0.033193903278148487
leaf_weight=14.686116844415663 9.1668262481689435 10.945814326405523 18.383382126688957 65.3580022752285 14.134404629468916 15.107444435358049 9.167786240577696
leaf_count=59 37 44 74 263 57 61 37
internal_value=-0.000965164 0.00523164 0.00180444 0.00516354 -0.0151499 -0.0090515 -0.0172583
internal_weight=156.95 109.373 98.4275 83.7414 47.5765 38.4096 24.2752
internal_count=632 440 396 337 192 155 98
is_linear=0
shrinkage=0.03


Tree=6
num_leaves=9
num_cat=0
split_feature=37 38 20 36 33 34 13 32
split_gain=15.0836 9.30245 7.65017 8.50729 7.62305 4.54537 1.7059 3.2326
threshold=0.038761309879516655 0.015995812901397413 0.01407107197369249 0.0068839950349469051 0.38041377113195968 0.0022401485196237307 0.35472176607804334 0.0022967406017329055
decision_type=2 2 2 2 2 2 2 2
left_child=1 2 4 -4 -1 -2 -7 -8
right_child=5 -3 3 -5 -6 6 7 -9
leaf_value=0.018798279461086361 0 0.029052918508760128 0 -0.033718335029642221 -0.00056005148007058712 -0.027732820242179924 -0.022342337734507958 0.001346128392441787
leaf_weight=27.396567642688751 14.353537872433661 10.963885039091108 18.614624947309498 7.94010205566883 44.491420239210129 17.067418217658997 7.4172775745391872 8.6791092008352262
leaf_count=110 58 44 75 32 179 69 30 35
internal_value=-0.000958741 0.00507695 0.00173201 -0.0112976 0.00692355 -0.0148024 -0.0206127 -0.0100036
internal_weight=156.924 109.407 98.4427 26.5547 71.888 47.5173 33.1638 16.0964
internal_count=632 440 396 107 289 192 134 65
is_linear=0
shrinkage=0.03


Tree=7
num_leaves=9
num_cat=0
split_feature=37 38 20 19 40 36 36 34
split_gain=14.3127 8.83722 7.25564 11.0243 7.56649 4.46239 5.18918 4.93256
threshold=0.038761309879516655 0.015995812901397413 0.01407107197369249 0.088380986245167617 -0.035889223980169187 0.004621161926408518 0.0060038208782324251 0.012738159111859939
decision_type=2 2 2 2 2 2 2 2
left_child=1 2 4 -4 -1 -2 -7 -8
right_child=5 -3 3 -5 -6 6 7 -9
leaf_value=-0.015824835244702008 -0.032040895234791672 0.028287091595798751 -0.023046907244797809 0.015491682011031436 0.010652930538591239 0.0047782364460616737 -0.0037223710575164173 -0.032049548364731471
leaf_weight=9.2101267725229246 9.1185686737298948 10.976828604936598 18.824483126401905 7.7058532238006583 62.701045736670494 14.121642291545866 15.093236654996874 9.1182438880205137
leaf_count=37 37 44 76 31 252 57 61 37
internal_value=-0.000943059 0.00493055 0.00166542 -0.0110262 0.00672236 -0.0144419 -0.00850242 -0.0165943
internal_weight=156.87 109.418 98.4415 26.5303 71.9112 47.4517 38.3331 24.2115
internal_count=632 440 396 107 289 192 155 98
is_linear=0
shrinkage=0.03


Tree=8
num_leaves=9
num_cat=0
split_feature=40 21 21 18 15 18 32 1
split_gain=10.0098 9.03228 12.455 7.64372 7.20659 3.59449 2.08283 2.69753
threshold=0.038657667377616008 0.013806148979876431 0.011762088313254386 0.40059575357859706 0.46718897200000492 0.27789178915824897 0.0042470398706305765 -0.0056655332772913005
decision_type=2 2 2 2 2 2 2 2
left_child=1 2 4 5 -1 -2 7 -5
right_child=3 -3 -4 6 -6 -7 -8 -9
leaf_value=0.013671143349725174 -0.0069634166794994047 0.032043413571541224 -0.027921821364084186 -0.0030008171614547465 -0.0031667367908493954 0.01879476619362146 -0.0033995384996082533 -0.027306840625231307
leaf_weight=43.82097390294075 7.433936879038809 7.7265020310878745 9.3944637775421125 7.4067196398973456 42.254113540053368 7.4252744764089584 9.8680625408887845 21.471033558249477
leaf_count=176 30 31 38 30 170 30 40 87
internal_value=-0.000933495 0.00441842 0.00141716 -0.0112947 0.00535093 0.00572111 -0.0181489 -0.0221567
internal_weight=156.801 103.196 95.4696 53.605 86.0751 14.8592 38.7458 28.8778
internal_count=632 415 384 217 346 60 157 117
is_linear=0
shrinkage=0.03


Tree=9
num_leaves=9
num_cat=0
split_feature=34 12 20 10 34 13 6 34
split_gain=9.89637 7.27096 6.90261 8.26623 6.78787 7.62404 5.42449 2.93215
threshold=-0.047862930570297328 51.473713939831235 0.015242040594683008 0.010812262790716233 0.018187934621441419 0.29941876339877999 -0.00072822935572719298 0.0027450632150273217
decision_type=2 2 2 2 2 2 2 2
left_child=-1 4 3 -3 6 -6 -2 -4
right_child=1 2 7 -5 5 -7 -8 -9
leaf_value=0.025213504305140039 0.018396305724413489 -0.014572010616746796 -0.0072930290580584178 0.0067245908583314874 -0.021124731578680656 0.010353382946960978 -0.0013774107557237706 -0.038367914497674134
leaf_weight=9.964054271578787 27.609639927744865 31.941851139068604 7.4318083971738798 28.987274289131165 14.851769268512728 9.4369498044252378 18.858937576413155 7.6492707878351212
leaf_count=40 111 129 30 117 60 38 76 31
internal_value=-0.000914618 -0.0031044 -0.00948893 -0.00431 0.00362024 -0.00846667 0.0103361 -0.0265796
internal_weight=156.732 146.768 76.0102 60.9291 70.7573 24.2887 46.4686 15.0811
internal_count=632 592 307 246 285 98 187 61
is_linear=0
shrinkage=0.03


Tree=10
num_leaves=9
num_cat=0
split_feature=5 35 21 37 35 35 32 32
split_gain=9.99042 12.5652 8.94077 6.22983 5.26475 7.5815 4.41844 3.37498
threshold=-0.015369255136511105 0.040090918997515053 0.010666763634443802 0.035945288942115468 0.060668297784268417 0.018588480705633906 0.0042470398706305765 -0.0026414899443252811
decision_type=2 2 2 2 2 2 2 2
left_child=1 2 -1 4 5 -2 7 -5
right_child=3 -3 -4 6 -6 -7 -8 -9
leaf_value=0.039997436442103601 -0.0071646788509206688 -0.0094751344467071189 0.0030758384600847897 -0.00080351429584860068 -0.020365315921946153 0.012938573138703611 0 -0.02597757543271231
leaf_weight=12.21016111969948 32.059815645217896 14.671635165810583 12.357217863202093 7.6396409571170834 8.4331107139587385 30.85194405913353 11.349570900201796 23.120004400610924
leaf_count=49 129 59 50 31 34 124 46 94
internal_value=-0.00154606 0.0110227 0.0236203 -0.00613862 -0.000428714 0.00255777 -0.0150147 -0.0206138
internal_weight=152.693 39.239 24.5674 113.454 71.3449 62.9118 42.1092 30.7596
internal_count=616 158 99 458 287 253 171 125
is_linear=0
shrinkage=0.03


Tree=11
num_leaves=10
num_cat=0
split_feature=38 5 14 12 40 5 23 40 5
split_gain=10.1134 7.34309 15.882 6.5947 8.05808 3.45435 2.56944 2.31966 2.21346
threshold=0.015995812901397413 -0.015369255136511105 -1.0698108152102461 68.757536866212575 0.035073714590360357 0.072021616352002119 0.86238716649182334 -0.0073459413921744257 0.0035971160456030886
decision_type=2 2 2 2 2 2 2 2 2
left_child=1 2 6 4 -3 -5 -1 -4 -2
right_child=8 3 7 5 -6 -7 -8 -9 -10
leaf_value=-0.025123456130311497 0.030443150193504402 -0.00413816814199389 0.0062918276424215689 0.01151616845423406 -0.024344469623716263 -0.010206747620276433 0 0.03166200610543736 0.0041925411172224515
leaf_weight=7.3932509124279004 7.4746972024440748 46.97197014093399 7.971720516681672 17.830712407827381 30.20033372938633 7.4287827759981147 7.6976968795061111 12.202666848897934 7.4450397938489914
leaf_count=30 30 189 32 72 123 30 31 49 30
internal_value=-0.00150414 -0.00422775 0.00707932 -0.00832522 -0.0126503 0.00429709 -0.0145464 0.0237853 0.0202744
internal_weight=152.617 137.697 35.2653 102.432 77.1723 25.2595 15.0909 20.1744 14.9197
internal_count=616 556 142 414 312 102 61 81 60
is_linear=0
shrinkage=0.03


Tree=12
num_leaves=10
num_cat=0
split_feature=38 7 7 33 34 19 10 25 13
split_gain=9.64487 8.66863 9.80512 8.57296 5.83642 3.59529 2.86802 1.34001 1.15347
threshold=0.015995812901397413 0.0028886138042453348 -0.00045088270350110269 0.83104686284931784 0.024988987323897652 0.064085086397987309 0.0017793918964007507 0.18983425847232357 0.58792401803719951
decision_type=2 2 2 2 2 2 2 2 2
left_child=1 2 4 6 -1 -5 -3 -2 -4
right_child=7 3 8 5 -6 -7 -8 -9 -10
leaf_value=0.0020410529580224919 0.0056126715215802292 -0.0082849374367483086 0.0068666938336252566 -0.010832363601764185 -0.018172915175315111 0.0096544448076446542 -0.029746224667337239 0.028267821633783437 0.02835634557770865
leaf_weight=45.200993031263351 7.4720464795827848 13.564582884311674 7.6765089780092266 12.372998237609865 15.31081449985504 14.621203601360319 19.418891921639442 7.4493133723735809 9.4235561788082105
leaf_count=182 30 55 31 50 62 59 79 30 38
internal_value=-0.00144912 -0.00411335 0.0023505 -0.0125256 -0.00325136 0 -0.0223272 0.0198137 0.0212238
internal_weight=152.511 137.59 77.6119 59.9777 60.5118 26.9942 32.9835 14.9214 17.1001
internal_count=616 556 313 243 244 109 134 60 69
is_linear=0
shrinkage=0.03


Tree=13
num_leaves=10
num_cat=0
split_feature=38 5 14 15 15 24 15 5 34
split_gain=9.19439 6.86274 15.0358 5.15913 4.21251 3.59467 2.41603 2.12731 1.03453
threshold=0.015995812901397413 -0.015369255136511105 -1.0698108152102461 -0.0841602388513875 0.54444264981507307 -0.076927817082886762 0.23491065493954752 0.0035971160456030886 0.022649453447683546
decision_type=2 2 2 2 2 2 2 2 2
left_child=1 2 5 8 -5 -1 -4 -2 -3
right_child=7 3 6 4 -6 -7 -8 -9 -10
leaf_value=-0.026239834107873374 0.029291315198757786 -0.025678730285798708 0.030886866140335315 0.0056446095454328396 -0.0085896679412576626 0 0.0053577055580798947 0.0037255878580027598 -0.007052949834156194
leaf_weight=7.6476294994354248 7.47309462726116 13.783842250704767 12.473300576210024 25.002399116754532 54.598827421665192 7.409703463315962 7.7118040025234214 7.4530484527349472 8.8734963685274106
leaf_count=31 30 56 50 101 221 30 31 30 36
internal_value=-0.00139267 -0.00399828 0.0069271 -0.00796814 -0.00390616 -0.0141338 0.0231718 0.0193604 -0.0201562
internal_weight=152.427 137.501 35.2424 102.259 79.6012 15.0573 20.1851 14.9261 22.6573
internal_count=616 556 142 414 322 61 81 60 92
is_linear=0
shrinkage=0.03


Tree=14
num_leaves=12
num_cat=0
split_feature=37 19 11 14 7 8 23 1 11 14 20
split_gain=7.76394 8.1563 5.19201 7.88219 5.16543 4.35855 3.93446 3.47119 2.68338 1.79595 1.65569
threshold=0.029753855719331538 0.090723585177030011 0.018565358751042597 0.16901778386885272 0.0028886138042453348 -0.0093748637157676593 0.96927086796570994 0.0039531458430097652 -0.0033781057989309411 2.3924778842012562 0.017616365886652909
decision_type=2 2 2 2 2 2 2 2 2 2 2
left_child=1 4 3 8 5 -1 -6 -5 -2 -4 -3
right_child=2 10 9 7 6 -7 -8 -9 -10 -11 -12
leaf_value=-0.0024857678897681089 -0.0053373017366909643 0.0069754238189349733 -0.033602901983905711 -0.00039665107013772899 0.0022101383514296284 0.014305647407030872 -0.018863973661459407 0.022615912587211386 -0.027900106883410533 -0.0083001344277893532 0.032242988753438874
leaf_weight=26.091751053929329 16.465092986822132 7.4612599760293943 7.5693097263574627 11.043707624077799 11.421349585056307 24.138644084334373 16.333992511034012 8.1437773108482343 7.5827107280492774 8.6021127700805646 7.471205547451973
leaf_count=105 67 30 31 45 46 97 66 33 31 35 30
internal_value=-0.00134096 0.00394327 -0.00970954 -0.00346357 0 0.0055351 -0.0101222 0.0098755 -0.0146236 -0.0233639 0.0228187
internal_weight=152.325 92.9182 59.4067 43.2353 77.9857 50.2304 27.7553 19.1875 24.0478 16.1714 14.9325
internal_count=616 374 242 176 314 202 112 78 98 66 60
is_linear=0
shrinkage=0.03


Tree=15
num_leaves=10
num_cat=0
split_feature=37 28 12 22 38 38 38 12 13
split_gain=13.5271 8.18957 9.06332 6.8927 6.36859 7.39585 4.36555 4.11772 2.03309
threshold=0.03033309197705614 8.5000000000000018 37.499988646746708 0.37270653140063886 0.007062998806181579 0.0082176195871514115 0.0090893507092461769 68.254898823667943 4.8268738123746546
decision_type=2 2 2 2 2 2 2 2 2
left_child=1 4 -3 7 -1 -6 -4 8 -2
right_child=3 2 6 -5 5 -7 -8 -9 -10
leaf_value=-0.0065043351434844422 -0.021832923196388014 0.020314861979646787 0.002928906437857432 0.010154012265652712 0.038016855793646893 0.010623884038368432 -0.01836526252399116 0.0013567512967976134 -0.0015109780928318334
leaf_weight=7.914196401834487 31.780825063586235 10.17884701490402 12.179984033107759 10.589699551463125 13.201274707913397 33.514912471175194 18.852006211876869 9.8729109913110715 7.336957022547721
leaf_count=32 130 41 49 43 53 135 76 40 30
internal_value=0.001296 0.00829626 -0.00148132 -0.00962478 0.0157288 0.0199156 -0.00988196 -0.0144249 -0.018645
internal_weight=155.422 95.8412 41.2108 59.5804 54.6304 46.7162 31.032 48.9907 39.1178
internal_count=629 386 166 243 220 188 125 200 160
is_linear=0
shrinkage=0.03


Tree=16
num_leaves=11
num_cat=0
split_feature=37 28 12 22 18 36 23 21 12 13
split_gain=12.7922 7.723 8.59254 6.54647 5.65047 6.59427 6.01815 4.23713 3.92329 1.92682
threshold=0.03033309197705614 8.5000000000000018 37.499988646746708 0.37270653140063886 0.69724385687501378 0.00581070434520511 0.89916479126161308 0.0092907165702407809 68.254898823667943 0.29941876339877999
decision_type=2 2 2 2 2 2 2 2 2 2
left_child=1 4 -3 8 6 -6 -1 -4 9 -2
right_child=3 2 7 -5 5 -7 -8 -9 -10 -11
leaf_value=0.0022826631015490815 -0.02527146592063613 0.019786528907025095 -0.001211824705834886 0.0098890397746732514 -0.014739559063720676 0.016332709521361448 0.030800601905555055 -0.025006384081052085 0.0013227521042496904 -0.0089090096717021564
leaf_weight=11.183633297681807 19.223967015743256 10.190341129899023 22.093849763274196 10.600661411881445 9.1602839380502719 11.420422226190565 22.893339693546295 8.9137715995311719 9.8742638826370221 19.794174015522003
leaf_count=45 79 41 89 43 37 46 92 36 40 81
internal_value=0.00127361 0.00807936 -0.00140995 -0.00935406 0.0152939 0.00175788 0.0225025 -0.00960722 -0.0140457 -0.0181755
internal_weight=155.349 95.8556 41.198 59.4931 54.6577 20.5807 34.077 31.0076 48.8924 39.0181
internal_count=629 386 166 243 220 83 137 125 200 160
is_linear=0
shrinkage=0.03


Tree=17
num_leaves=9
num_cat=0
split_feature=37 24 38 38 22 12 27 9
split_gain=12.0926 7.6489 8.92084 9.2086 6.22512 3.74494 1.70251 1.31981
threshold=0.03033309197705614 0.61861399074802115 0.015812405882617231 0.0086388766858221146 0.37270653140063886 68.254898823667943 1.0000000180025095e-35 0.015723160220589786
decision_type=2 2 2 2 2 2 2 2
left_child=1 2 3 -1 5 6 -2 -3
right_child=4 7 -4 -5 -6 -7 -8 -9
leaf_value=0.018722331314633956 -0.0037965295092832409 0 0.038399494070958433 -0.0020058923095597949 0.0096315604249798716 0.0012896086142780113 -0.021368921833209768 -0.017877559734963484
leaf_weight=32.821203008294106 9.7445122450590116 7.4444856792688352 8.1956616491079313 39.950027495622635 10.610833615064619 9.8755744099616987 29.171637400984764 7.4391573667526245
leaf_count=132 40 30 33 161 43 40 120 30
internal_value=0.00123783 0.00785451 0.0115624 0.00739304 -0.00910248 -0.0136908 -0.0177361 -0.0104081
internal_weight=155.253 95.8505 80.9669 72.7712 59.4026 48.7917 38.9161 14.8836
internal_count=629 386 326 293 243 200 160 60
is_linear=0
shrinkage=0.03


Tree=18
num_leaves=11
num_cat=0
split_feature=37 24 28 32 10 16 24 32 24 9
split_gain=11.4198 7.28206 8.57167 6.32074 5.92723 5.32046 3.98731 3.09584 1.90575 1.2563
threshold=0.03033309197705614 0.61861399074802115 8.5000000000000018 0.00074856854316451848 0.013381737924537675 0.53201993196670416 -0.51388018382478873 -0.0020299171159778302 0.21739101591185891 0.015723160220589786
decision_type=2 2 2 2 2 2 2 2 2 2
left_child=1 2 3 -1 6 -6 -2 -4 -8 -3
right_child=4 9 7 -5 5 -7 8 -9 -10 -11
leaf_value=0.0076746393163159461 0.0011625899467533945 0 0.013720056557795532 0.031411549976731505 0.019780428646607021 -0.0086979043970476667 -0.027918186066000002 -0.0052266551505178423 -0.0094053530454624844 -0.01747043462970474
leaf_weight=25.368573486804962 8.5322748720645887 7.4444856792688352 8.694307863712309 20.602595672011375 8.6068114936351794 10.771483123302458 15.318876639008524 26.302282512187958 16.079211264848709 7.430872917175293
leaf_count=102 35 30 35 83 35 44 63 106 66 30
internal_value=0.00120585 0.00763556 0.0112553 0.0194914 -0.00885007 0.00391622 -0.0152946 0 -0.0200177 -0.010177
internal_weight=155.152 95.8431 80.9678 45.9712 59.3087 19.3783 39.9304 34.9966 31.3981 14.8754
internal_count=629 386 326 185 243 79 164 141 129 60
is_linear=0
shrinkage=0.03


Tree=19
num_leaves=9
num_cat=0
split_feature=38 20 5 7 36 36 16 7
split_gain=10.5332 9.96727 9.98939 19.8173 6.16793 10.6744 5.08294 3.15256
threshold=0.015995812901397413 0.01407107197369249 0.02578522975157738 0.0013382953017007165 0.0067321795170828909 0.0053029672641741509 0.19105734717928072 0.010646057829619715
decision_type=2 2 2 2 2 2 2 2
left_child=1 2 3 -1 5 -3 -4 -2
right_child=7 4 6 -5 -6 -7 -8 -9
leaf_value=0.012642096543429061 0.035282518671294658 -0.017549782864550535 0 -0.017810189603521261 -0.027362608576134418 0.019565112851397136 0.026799782649675384 0.0047680849348880625
leaf_weight=37.470543220639229 7.6626451909542066 16.206870645284656 7.8966109454631832 35.291508287191391 15.641308307647703 9.1575674712657911 18.319079250097275 7.4201498478651047
leaf_count=151 31 66 32 144 64 37 74 30
internal_value=0.00116773 -0.00142571 0.00362964 -0.00200875 -0.0135782 -0.00315108 0.0188438 0.0234645
internal_weight=155.066 139.983 98.9777 72.7621 41.0057 25.3644 26.2157 15.0828
internal_count=629 568 401 295 167 103 106 61
is_linear=0
shrinkage=0.03


Tree=20
num_leaves=10
num_cat=0
split_feature=35 21 3 21 35 21 4 21 19
split_gain=8.87561 9.46644 9.9918 9.53207 8.08618 6.57347 4.02773 2.05779 0.635942
threshold=0.055945437953714434 0.0095993502904996881 -0.0063383046631385045 0.015070088306994552 0.028183732956600486 0.0092586423154904698 -0.012098073220013881 0.0074276108940596504 0.035120083744645036
decision_type=2 2 2 2 2 2 2 2 2
left_child=1 2 8 6 -4 7 -3 -2 -1
right_child=5 3 4 -5 -6 -7 -8 -9 -10
leaf_value=0.013477971978620775 -0.0072026991927619773 0.001054393773354469 -0.0046224172319192774 0.022411216065013714 0.016582242770400536 0.0058078012416736234 -0.016413715069506642 -0.033950917004160766 0.03601203433341435
leaf_weight=8.1955735534429568 7.6346864998340633 16.706179723143578 32.479609742760658 7.8959876596927634 27.712863206863403 8.3717957288026792 28.157815232872963 8.1582071185111982 11.691056221723555
leaf_count=33 31 68 132 32 112 34 115 33 47
internal_value=0.00233485 0.00549016 0.0119249 -0.00408139 0.00511841 -0.0135312 -0.00982157 -0.0241263 0.029491
internal_weight=157.004 132.839 80.0791 52.76 60.1925 24.1647 44.864 15.7929 19.8866
internal_count=637 539 324 215 244 98 183 64 80
is_linear=0
shrinkage=0.03


Tree=21
num_leaves=10
num_cat=0
split_feature=37 35 4 21 20 19 1 6 22
split_gain=11.641 6.47463 6.18315 5.595 4.84561 7.56413 4.53556 7.54695 4.19131
threshold=-1.0000000180025095e-35 0.055518657750080476 -0.012402967202349511 0.011635212228327326 0.009793870902864649 0.030875283299963922 -0.0087611732974423023 0.0016753185662405435 0.055921728241522313
decision_type=2 2 2 2 2 2 2 2 2
left_child=1 6 3 -2 5 -4 -1 -8 -6
right_child=2 -3 4 -5 8 -7 7 -9 -10
leaf_value=0 0.021614974661603083 -0.0065474018773130863 -0.013891843177544489 -0.0065979841716026656 -0.01652426968011252 0.018976731434157047 0.042657202031989666 0.009603036040337588 -0.0011022244722810447
leaf_weight=7.4477068483829489 13.626646712422373 8.2088887542486173 8.56138923764229 8.2995392978191358 38.944498956203461 13.048798829317091 11.696210816502573 17.097628086805344 30.001765459775925
leaf_count=30 55 33 35 34 159 53 47 69 122
internal_value=0.00228093 0.0149771 -0.00277927 0.01065 -0.00635278 0.00524603 0.0203322 0.0254154 -0.0102451
internal_weight=156.933 44.4504 112.483 21.9262 90.5565 21.6102 36.2415 28.7938 68.9463
internal_count=637 179 458 89 369 88 146 116 281
is_linear=0
shrinkage=0.03


Tree=22
num_leaves=9
num_cat=0
split_feature=16 35 38 15 7 38 15 36
split_gain=8.81143 11.0247 7.25829 7.12927 5.97514 2.05619 1.53376 1.11645
threshold=-0.32543858199107306 0.055518657750080476 0.0068234777303552152 2.2039183264605424 -0.017441241091737055 0.011094383520795051 0.33715425742613353 0.0058446579029881639
decision_type=2 2 2 2 2 2 2 2
left_child=4 2 -2 -4 -1 7 -3 -6
right_child=1 6 3 -5 5 -7 -8 -9
leaf_value=-0.0014459981346594557 -0.016131714799254238 -0.0087715233864792408 0.0094381956451075888 -0.013670568959593753 0.013797625606038628 0.0051452285290827142 -0.030685200930410179 0.038030518872969911
leaf_weight=12.565450638532637 13.964105382561682 10.581350550055506 73.232442691922188 12.017000630497931 10.100671097636228 7.9066196680068961 8.8087650686502439 7.6685682833194724
leaf_count=51 57 43 297 49 41 32 36 31
internal_value=0.00222515 -0.0017505 0.00228141 0.0057701 0.0144024 0.0222444 -0.0213663 0.0278039
internal_weight=156.845 118.604 99.2135 85.2494 38.2413 25.6759 19.3901 17.7692
internal_count=637 482 403 346 155 104 79 72
is_linear=0
shrinkage=0.03


Tree=23
num_leaves=9
num_cat=0
split_feature=37 4 19 11 40 11 26 26
split_gain=10.8966 5.80263 6.24375 4.67091 4.80108 4.36056 7.38135 6.87224
threshold=-0.0024423568469256192 -0.012402967202349511 0.065721736594131358 0.0019989313458403939 -0.036344859847558024 0.016081011518802594 0.11764679482858548 0.11538292246301707
decision_type=2 2 2 2 2 2 2 2
left_child=3 2 -2 -1 -5 6 -3 -7
right_child=1 5 -4 4 -6 7 -8 -9
leaf_value=0 0.021750149738696621 -0.016876491420692103 -0.007673292361794563 0.0054544895269941183 0.032793631717021571 0.005357263869950799 0.005284616445762059 -0.023081745440837232
leaf_weight=13.383274763822554 14.144549563527109 16.886390268802643 8.5434382259845716 12.64336985349655 14.658093407750131 9.0774537473917025 44.985801339149475 22.482776403427124
leaf_count=54 57 69 35 51 59 37 183 92
internal_value=0.00215141 -0.00246317 0.0103388 0.0151718 0.0218812 -0.00588054 -0.00086789 -0.0146233
internal_weight=156.805 116.12 22.688 40.6847 27.3015 93.4324 61.8722 31.5602
internal_count=637 473 92 164 110 381 252 129
is_linear=0
shrinkage=0.03


Tree=24
num_leaves=12
num_cat=0
split_feature=37 33 21 11 11 22 11 21 2 14 13
split_gain=10.3472 5.42827 8.33125 5.40899 5.74012 4.15277 4.36301 4.10778 3.02411 2.19088 1.31009
threshold=-1.0000000180025095e-35 0.45069711245007987 0.0096426822119896598 -0.0098729595856578128 0.016081011518802594 0.22982161780185675 0.0054656784247507648 0.010387640472678027 -0.004726465141213331 -0.47183808075700989 1.5097265035352054
decision_type=2 2 2 2 2 2 2 2 2 2 2
left_child=5 2 9 -3 -5 6 10 -8 -4 -2 -1
right_child=1 3 8 4 -6 -7 7 -9 -10 -11 -12
leaf_value=-0.0018148788292393866 0.027276979049321078 -0.024455596809801184 0.0023682060439757699 0.0044117738994428205 -0.013421015438396489 -0.00032288297112741495 0.040157502630161365 0.0065955199194814452 -0.018893905688970439 0.0042319163916934403 0.013103610326367502
leaf_weight=7.9266271591186506 10.927815705537798 12.125115916132925 10.75617538392544 34.668803095817566 26.39235819876194 11.417938366532324 10.202310770750048 7.4233289659023276 8.5418043881654722 8.9042593538761121 7.4239970743656158
leaf_count=32 44 50 44 141 108 46 41 30 35 36 30
internal_value=0.00210068 -0.00266722 0.00595212 -0.00751092 -0.00323939 0.0140816 0.0192313 0.0288992 -0.00722916 0.0189527 0.00521438
internal_weight=156.711 112.316 39.1301 73.1863 61.0612 44.3942 32.9763 17.6256 19.298 19.8321 15.3506
internal_count=637 458 159 299 249 179 133 71 79 80 62
is_linear=0
shrinkage=0.03


Tree=25
num_leaves=8
num_cat=0
split_feature=35 21 21 38 18 33 24
split_gain=7.70986 9.4288 10.1642 9.22764 9.18274 7.30698 4.46924
threshold=0.055518657750080476 0.0095993502904996881 0.015382159349533901 0.0068698436738094107 0.50357317193004403 0.61423166510858207 -0.35714246789906462
decision_type=2 2 2 2 2 2 2
left_child=1 3 6 -1 -2 -5 -3
right_child=4 2 -4 5 -6 -7 -8
leaf_value=-0.010766894149284284 0.003364644074800696 0 0.021274423147680764 0.024950825165656474 -0.030784297328089134 0.0042529521767849252 -0.019094585289506565
leaf_weight=13.769642055034636 11.927737787365915 17.351553201675415 7.8647608906030646 30.48404236137867 12.349006444215773 34.99141027033329 27.660987466573715
leaf_count=56 48 71 32 123 51 142 113
internal_value=0.000302775 0.00330162 -0.00619955 0.00982258 -0.0144562 0.0145657 -0.0120198
internal_weight=156.399 132.122 52.8773 79.2451 24.2767 65.4755 45.0125
internal_count=636 537 216 321 99 265 184
is_linear=0
shrinkage=0.03


Tree=26
num_leaves=8
num_cat=0
split_feature=35 21 21 7 35 7 11
split_gain=7.31682 8.88074 9.67353 7.52929 8.02856 6.8532 5.07533
threshold=0.055518657750080476 0.0095993502904996881 0.015382159349533901 -0.0098084472804670069 0.041078361526139202 0.0017984368922958815 0.018565358751042597
decision_type=2 2 2 2 2 2 2
left_child=1 3 6 -1 -5 -2 -3
right_child=5 2 -4 4 -6 -7 -8
leaf_value=0.031663801444841294 0 -0.0037239688150003994 0.020800745752984143 -0.00048377916487894751 0.022080595695898934 -0.030969948002427979 -0.025581058868356103
leaf_weight=10.16264472901821 14.345755681395532 30.851406678557396 7.8483343422412863 52.219858273863792 16.854304656386375 9.8667785823345167 14.102364987134932
leaf_count=41 58 126 32 212 68 41 58
internal_value=0.000291355 0.00321398 -0.00601073 0.00954247 0.00527736 -0.0141036 -0.0116977
internal_weight=156.251 132.039 52.8021 79.2368 69.0742 24.2125 44.9538
internal_count=636 537 216 321 280 99 184
is_linear=0
shrinkage=0.03


Tree=27
num_leaves=11
num_cat=0
split_feature=5 12 16 38 38 3 35 9 3 38
split_gain=10.3091 10.3592 7.17238 5.72226 7.47825 6.47757 5.33995 4.80061 3.92423 3.55145
threshold=0.0098850114027317932 67.122361403662353 0.49047399956420296 0.015812405882617231 0.012820525892451239 0.0063350916345941153 0.023615480759650257 0.021266207861107219 0.0052156245331628224 0.010800729719838842
decision_type=2 2 2 2 2 2 2 2 2 2
left_child=3 7 -3 4 5 -1 -4 9 -9 -2
right_child=1 2 6 -5 -6 -7 -8 8 -10 -11
leaf_value=0.012489098215362312 -0.015454486248325759 0.020138522231037615 0.0068493663318714782 0.026189564572635222 -0.018961641878452277 -0.0083255627132551163 -0.024059344438410304 -0.0066581408951563951 -0.039873617357977446 0.0067496470365853182
leaf_weight=52.377669394016266 13.903808429837229 13.146039843559267 8.4131386578083021 10.545947462320326 9.0458821356296522 15.425044372677801 7.3013624548912039 7.2571211308240917 10.374121636152266 8.3168729841709119
leaf_count=212 57 53 34 43 37 63 30 30 43 34
internal_value=0.000281778 -0.00818284 0.00494345 0.00713891 0.00373636 0.00743603 -0.00775982 -0.0178292 -0.0290372 -0.0066534
internal_weight=156.107 68.7125 28.8605 87.3945 76.8486 67.8027 15.7145 39.8519 17.6312 22.2207
internal_count=636 281 117 355 312 275 64 164 73 91
is_linear=0
shrinkage=0.03


Tree=28
num_leaves=13
num_cat=0
split_feature=12 23 36 25 19 24 20 21 20 0 34 19
split_gain=6.5938 6.63598 8.09168 7.75927 6.14717 5.83818 4.28439 4.34028 3.97736 4.18728 3.76772 2.23592
threshold=44.374105943892793 0.96927086796570994 0.0067321795170828909 0.12499791384112768 0.050577994516651202 -0.054096906304627476 0.017487453779971057 0.010632405540616251 0.01036134924796169 0.0071932399157450541 0.0079652569852287653 0.030626418557122302
decision_type=2 2 2 2 2 2 2 2 2 2 2 2
left_child=4 2 3 -2 10 -4 7 -6 11 -10 -1 -3
right_child=1 8 5 -5 6 -7 -8 -9 9 -11 -12 -13
leaf_value=0.032585316490681762 -0.0086081226329700767 -0.0083995187351029229 0.0067177828911736889 0.024105440456638982 0.0049961609982997245 -0.020759286352293578 0.014758921325190598 -0.021344353921022567 -0.021955157668664453 0 0.0053520818503468206 0.010501325858500731
leaf_weight=10.168243467807772 7.3012217134237316 9.5495549738407153 10.53623040020466 19.722098529338837 8.608543008565908 12.918294161558149 8.7854672819375974 9.2999584525823575 27.249099791049957 11.57528981566429 11.375894114375113 8.8606161624193174
leaf_count=41 30 39 43 80 35 53 36 38 112 47 46 36
internal_value=0.000251964 -0.00377615 0.00386977 0.0147659 0.0093373 -0.00826876 0 -0.00869921 -0.0106757 -0.0159074 0.0205187 9.99583e-05
internal_weight=155.951 107.712 50.4778 27.0233 48.2381 23.4545 26.694 17.9085 57.2346 38.8244 21.5441 18.4102
internal_count=636 440 206 110 196 96 109 73 234 159 87 75
is_linear=0
shrinkage=0.03


Tree=29
num_leaves=9
num_cat=0
split_feature=35 21 19 21 3 16 26 11
split_gain=6.84101 8.18051 10.3049 8.97787 7.67793 7.21868 6.90861 4.64264
threshold=0.055518657750080476 0.0095993502904996881 0.030626418557122302 0.015382159349533901 -0.0036449237845670997 -0.064345714161508569 0.17647230418919993 0.018565358751042597
decision_type=2 2 2 2 2 2 2 2
left_child=1 2 6 7 -4 -2 -1 -3
right_child=5 3 4 -5 -6 -7 -8 -9
leaf_value=-0.027268593365449453 0.0038135127087008296 -0.0036242573218186777 0.032964271935923113 0.020073642377337823 0.0078634471653330172 -0.026713482911258798 0.0042715202844953344 -0.024627245310515109
leaf_weight=7.5990875959396389 10.39023317396641 30.786615118384361 15.582902833819388 7.8109647482633582 40.932655215263367 13.711915403604506 15.020499646663664 13.995695799589155
leaf_count=31 42 126 63 32 166 57 61 58
internal_value=0.00025262 0.00308342 0.00915948 -0.00578487 0.0159309 -0.013695 -0.00706958 -0.0112811
internal_weight=155.831 131.728 79.1351 52.5933 56.5156 24.1021 22.6196 44.7823
internal_count=636 537 321 216 229 99 92 184
is_linear=0
shrinkage=0.03


Tree=30
num_leaves=9
num_cat=0
split_feature=37 11 14 34 14 5 25 36
split_gain=5.90132 4.71923 4.98561 4.63443 5.37301 9.43707 4.26202 3.33545
threshold=0.041364658524864269 0.018565358751042597 -0.25543371091190176 0.040621107146863518 0.67259283002262304 0.026530421957847831 0.39096327372729206 0.0071121109049528735
decision_type=2 2 2 2 2 2 2 2
left_child=3 2 -2 4 6 -6 -1 -4
right_child=1 -3 7 -5 5 -7 -8 -9
leaf_value=0.014745978485194114 -0.017149447050727806 -0.023607689163151684 0.021023445175445851 -0.015939515537235736 -0.017868012518007809 0.010052700328201835 -0.0019742724521834474 -0.0035968708576161463
leaf_weight=49.797305345535278 9.1637196987867355 12.597980931401251 7.311289370059967 7.8692608624696723 18.655553460121155 20.629602238535881 16.04224668443203 7.7794085294008255
leaf_count=202 38 53 30 32 76 84 65 32
internal_value=0 -0.0100508 -0.00117586 0.00347223 0.00533581 -0.00306612 0.0105128 0.00851809
internal_weight=149.846 36.8524 24.2544 112.994 105.125 39.2852 65.8396 15.0907
internal_count=612 153 100 459 427 160 267 62
is_linear=0
shrinkage=0.03


Tree=31
num_leaves=10
num_cat=0
split_feature=26 15 26 9 34 20 20 17 20
split_gain=6.49322 6.18293 5.83224 6.16017 4.53541 4.09428 6.23146 4.46686 2.57989
threshold=0.20483625291075655 2.1525170273885421 0.0512850608988605 -0.0033861891992265068 -0.007846026615542066 0.012360954238754931 0.010144701448857601 -0.06940449872683721 0.011387317779988899
decision_type=2 2 2 2 2 2 2 2 2
left_child=2 5 3 -1 -4 6 -2 -7 -6
right_child=1 -3 4 -5 8 7 -8 -9 -10
leaf_value=-0.012004603501508854 0.01182986963629112 -0.015257435758521308 0.0032648080103120113 0.016072378926936238 -0.0020977813229804605 -0.00084184236968331736 -0.011312858686911132 0.020666786199787207 -0.024226658490322107
leaf_weight=10.079326912760736 20.473883792757988 9.1946519762277585 8.5941708087921125 14.212659269571303 8.3056993186473864 10.076269268989561 17.43470586836338 28.814791887998581 22.574021637439728
leaf_count=41 83 38 35 58 34 41 71 118 93
internal_value=0 0.00536257 -0.00709804 0.00382506 -0.014042 0.0083462 0.000776801 0.0149587 -0.0192205
internal_weight=149.76 85.9943 63.7659 24.292 39.4739 76.7997 37.9086 38.8911 30.8797
internal_count=612 351 261 99 162 313 154 159 127
is_linear=0
shrinkage=0.03


Tree=32
num_leaves=9
num_cat=0
split_feature=26 15 21 19 19 21 11 1
split_gain=6.12396 5.87228 5.69977 5.36565 4.98723 7.70427 4.85955 2.27656
threshold=0.20483625291075655 2.1525170273885421 0.011762088313254386 0.031980352692215643 0.040761886644306765 0.0067455934512879517 -0.0090556763452737648 -0.0094269095299952515
decision_type=2 2 2 2 2 2 2 2
left_child=2 4 3 -1 5 -2 -5 -6
right_child=1 -3 -4 6 7 -7 -8 -9
leaf_value=-0.01831794558590457 0.012345584423381292 -0.014909613762868409 -0.024532567634126791 -0.014160384173328095 -4.7655914158391614e-05 -0.017797218009117183 0.0087942594361972281 0.016034445782691545
leaf_weight=11.910872563719748 13.581743448972704 9.1738508790731412 11.356877356767653 8.7698983103036827 7.3626463264226905 12.727621108293532 31.661372110247616 43.146350964903831
leaf_count=49 55 38 47 36 30 52 129 176
internal_value=0 0.00519487 -0.00690994 -0.00204809 0.00810351 -0.00193381 0.00302892 0.013492
internal_weight=149.691 85.9922 63.699 52.3421 76.8184 26.3094 40.4313 50.509
internal_count=612 351 261 214 313 107 165 206
is_linear=0
shrinkage=0.03


Tree=33
num_leaves=7
num_cat=0
split_feature=12 7 38 20 5 22
split_gain=5.63555 8.34761 3.6551 12.6611 8.43843 0.195362
threshold=34.215479806137395 -0.014153464183240899 0.015995812901397413 0.015955901474714373 0.029539946845118185 -0.010020019448067905
decision_type=2 2 2 2 2 2
left_child=1 -1 3 4 -2 -5
right_child=2 -3 -4 5 -6 -7
leaf_value=-0.0063653254673390058 -0.0048891755805826062 0.031918894756606177 0.011518289500624397 -0.033187432142924682 0.014095129337788342 -0.013542275218071826
leaf_weight=7.3360521346330669 74.973995462059975 9.3693984597921354 13.212188348174093 8.3188565671443957 26.979430839419365 9.4362515956163389
leaf_count=30 306 38 54 35 110 39
internal_value=0 0.0154218 -0.00214927 -0.00394549 0.00016478 -0.025934
internal_weight=149.626 16.7055 132.921 119.709 101.953 17.7551
internal_count=612 68 544 490 416 74
is_linear=0
shrinkage=0.03


Tree=34
num_leaves=11
num_cat=0
split_feature=26 12 26 36 14 0 37 14 5 23
split_gain=5.79311 5.51795 5.47426 5.89333 3.59806 3.46796 4.3777 2.5618 6.20529 1.50557
threshold=0.20483625291075655 34.215479806137395 0.0512850608988605 0.0064093759167840646 0.22306760242021542 0.0087699128175261504 0.0093257056922237975 0.53445727049350478 0.029539946845118185 1.0427658994813329
decision_type=2 2 2 2 2 2 2 2 2 2
left_child=2 -2 3 4 -1 6 -3 9 -9 -4
right_child=1 5 7 -5 -6 -7 -8 8 -10 -11
leaf_value=0 0.024917077438494813 0.0087042109318410214 0.0018716443445282872 -0.013535615388962795 0.026291939460625916 0.018094434387070563 -0.0063995796586788231 -0.037461329184061157 -0.0034292511939959442 -0.013236631013938566
leaf_weight=7.6089277714490917 9.1112075448036176 26.16936194896698 11.724177882075312 8.5538255572319013 8.1101628541946393 8.3769305199384672 42.276835277676582 8.6534147411584872 11.644190385937689 7.3064082115888587
leaf_count=31 37 106 48 35 33 34 174 36 48 30
internal_value=0 0.00502036 -0.00675965 0.00380388 0.0145488 0.00189797 -0.000328777 -0.0135109 -0.0206695 -0.0039228
internal_weight=149.535 85.9343 63.6011 24.2729 15.7191 76.8231 68.4462 39.3282 20.2976 19.0306
internal_count=612 351 261 99 64 314 280 162 84 78
is_linear=0
shrinkage=0.03


Tree=35
num_leaves=11
num_cat=0
split_feature=37 24 1 0 5 0 40 26 26 25
split_gain=5.71386 6.39584 5.89304 5.61348 5.45406 5.09752 3.71464 3.55318 2.40473 2.32088
threshold=0.0041797932940986779 -0.41043677458129674 -0.0087611732974423023 0.0081437542441938921 -0.014335546481545445 0.0086019006534122661 -0.036344859847558024 0.33333439297415751 0.19047342244239626 0.15789220074373908
decision_type=2 2 2 2 2 2 2 2 2 2
left_child=2 4 -1 7 -2 6 -4 -3 -6 -5
right_child=1 3 5 9 8 -7 -8 -9 -10 -11
leaf_value=-0.012387946866485745 0.02389149621207131 -0.022440157354317303 0.00093818053804696792 -0.0043096723168088826 -0.011333708609847795 -0.0064863752822555427 0.023581202169655736 -0.0059431745523210065 0.0062316633292893017 0.015134249375577336
leaf_weight=9.1460504382848722 8.3111820369958895 26.565000787377357 11.075407415628428 10.168730065226557 11.052164047956468 8.6313407719135267 22.426405861973766 28.776299357414246 12.428061380982397 7.3672914355993262
leaf_count=37 34 110 45 42 46 35 91 118 51 30
internal_value=-0.00104479 -0.00512106 0.00687389 -0.0100109 0.00557334 0.0117669 0.0169927 -0.0146302 -0.00168831 0.00380444
internal_weight=155.948 104.669 51.2792 72.8773 31.7914 42.1332 33.5018 55.3413 23.4802 17.536
internal_count=639 431 208 300 131 171 136 228 97 72
is_linear=0
shrinkage=0.03


Tree=36
num_leaves=11
num_cat=0
split_feature=37 36 36 23 37 1 23 12 11 28
split_gain=5.37921 7.24066 7.51938 6.38228 4.60563 4.47451 3.82993 3.25453 3.09574 2.44878
threshold=0.0041797932940986779 0.0044305451885316306 0.0067321795170828909 1.0552429230122866 -0.0065430356152600946 -0.0043756245489079961 1.135953674294462 66.178085623839962 0.0068442850606182945 6.5000000000000009
decision_type=2 2 2 2 2 2 2 2 2 2
left_child=3 9 7 4 8 -4 -5 -3 -1 -2
right_child=1 2 5 6 -6 -7 -8 -9 -10 -11
leaf_value=-0.0029651765733071547 -0.0043018897281392942 0.00088239396323537913 0.0021156736987918809 -0.020409208260839012 0.03157438755127176 -0.018372518994097711 0.0039143213842001865 0.017912466639571665 0.016912604795331944 -0.031116588640725047
leaf_weight=13.08393205702305 7.2020724266767528 37.887782901525497 12.567412033677099 7.664537817239764 8.6350260823965055 24.421425700187683 11.556263789534567 13.055736050009726 10.313820183277128 9.4255371391773206
leaf_count=53 30 156 52 31 35 101 47 53 42 39
internal_value=-0.0010119 -0.00497219 -0.0011645 0.00666894 0.0146719 -0.0112752 -0.00608752 0.00604195 0.00584824 -0.0220162
internal_weight=155.814 104.56 87.9324 51.2536 32.0328 36.9888 19.2208 50.9435 23.3978 16.6276
internal_count=639 431 362 208 130 153 78 209 95 69
is_linear=0
shrinkage=0.03


Tree=37
num_leaves=12
num_cat=0
split_feature=37 0 13 32 27 2 5 15 20 16 34
split_gain=5.10848 5.66935 6.96224 4.53206 4.34599 4.0747 5.39799 4.66248 3.08748 2.63294 1.9424
threshold=0.0041797932940986779 -0.0041137856161325139 -0.81692891331362449 -0.00025450093113155153 1.0000000180025095e-35 -0.0066394084296700342 0.009498105413638493 0.92581567998147685 0.014279957236305834 0.048929440728441499 -0.0066038171253102176
decision_type=2 2 2 2 2 2 2 2 2 2 2
left_child=5 3 9 8 -4 -1 10 -8 -2 -3 -7
right_child=1 2 4 -5 -6 6 7 -9 -10 -11 -12
leaf_value=-0.0058272926250222141 0.0066627201723864589 -0.035657687708341448 0.01264594239939284 0.019664964588995925 -0.0074069973693698162 0.028573321198645873 -0.015905811309299949 0.013097097173040745 -0.01488182716686879 -0.009386323690420641 0.0060050463603553766
leaf_weight=14.359887465834616 10.982247248291975 8.6459026485681552 10.00647424161434 10.726869866251944 44.407090857625008 12.168440550565718 7.9317722767591459 7.8754850029945374 8.6097147613763791 11.090767771005629 8.8854333758354205
leaf_count=58 45 36 41 44 183 50 32 32 36 46 36
internal_value=-0.000978296 -0.00484186 -0.00931562 0.00553481 -0.00313584 0.00650571 0.0117489 -0.00076557 -0.00261185 -0.0238069 0.0210467
internal_weight=155.69 104.469 74.1502 30.3188 54.4136 51.221 36.8611 15.8073 19.592 19.7367 21.0539
internal_count=639 431 306 125 224 208 150 64 81 82 86
is_linear=0
shrinkage=0.03


Tree=38
num_leaves=11
num_cat=0
split_feature=4 16 35 35 32 38 37 23 34 23
split_gain=5.44326 9.62646 5.58857 5.49134 4.76358 4.31294 4.02156 3.73805 2.81171 2.06072
threshold=-0.0023000521045532514 -0.01708605984460004 0.056583047709623642 0.041078361526139202 -0.00046256301014185869 0.0086388766858221146 -0.01249855525546034 0.91187754235203811 0.0019374159936879078 1.071264370213507
decision_type=2 2 2 2 2 2 2 2 2 2
left_child=4 8 3 -3 7 -6 -7 -1 -2 -9
right_child=1 2 -4 -5 5 6 -8 9 -10 -11
leaf_value=-0.017710114841692264 -0.0051408242063808096 -0.001722552081057733 -0.018963739431327693 0.018007452985976127 0.027299956637566403 0.019593842674444129 -0.0040726732551484316 0.014205673813472812 -0.032802043472042824 -0.003289399685451421
leaf_weight=8.5543314963579196 7.5682077705860165 49.710919693112373 10.447735533118246 14.505303353071211 10.813592135906218 7.8077824413776407 15.601421996951103 8.0325919985771197 10.909093022346495 11.594146102666853
leaf_count=35 31 204 44 59 44 32 64 33 46 47
internal_value=-0.000948061 -0.00557639 -0.000364081 0.00291686 0.00568572 0.0129835 0.00415154 -0.00295269 -0.0238133 0.00382874
internal_weight=155.545 93.1413 74.664 64.2162 62.4039 34.2228 23.4092 28.1811 18.4773 19.6267
internal_count=639 384 307 263 255 140 96 115 77 80
is_linear=0
shrinkage=0.03


Tree=39
num_leaves=11
num_cat=0
split_feature=4 40 34 20 20 11 19 26 22 32
split_gain=5.19321 6.05614 5.17379 6.00194 6.03405 4.57648 6.96382 4.64779 4.22874 4.15857
threshold=-0.012402967202349511 0.020415688782583933 0.019935322658112712 0.013436167579950071 0.017404644801790586 0.015759038813744967 0.047159366939988019 0.12499850987961734 -0.29441012978612668 -1.0000000180025095e-35
decision_type=2 2 2 2 2 2 2 2 2 2
left_child=2 8 3 -1 -5 6 -3 -7 -2 -10
right_child=1 5 -4 4 -6 7 -8 -9 9 -11
leaf_value=0.03183758576082471 -0.013637567777479471 -0.014603594209290654 -0.0063339965674600708 -0.012286472983128759 0.020479296228839282 -0.0010472843351207357 0.008447710413108378 -0.033416472290439481 -0.0030163850526185245 0.014119065778269782
leaf_weight=9.9833087623119372 9.0650430470705015 24.437907502055168 12.223308727145193 8.8343306332826632 7.2804254293441764 7.3937642276287106 18.730136305093765 10.984237283468245 19.680058598518372 26.791526213288307
leaf_count=41 37 101 50 36 30 31 77 47 80 109
internal_value=-0.000928234 -0.00415239 0.00826783 0.0156047 0.00231529 -0.0105387 -0.0043386 -0.0225108 0.00278455 0.00672794
internal_weight=155.404 117.083 38.3214 26.0981 16.1148 61.546 43.168 18.378 55.5366 46.4716
internal_count=639 482 157 107 66 256 178 78 226 189
is_linear=0
shrinkage=0.03


Tree=40
num_leaves=10
num_cat=0
split_feature=5 36 17 3 36 14 10 0 40
split_gain=9.62743 14.3945 9.46198 6.01083 6.00247 5.31441 3.93638 3.27381 2.66478
threshold=-0.017790038659315218 0.0067321795170828909 0.058872299274517266 -0.020428652046225401 0.0092673901285861421 -1.0698108152102461 0.0037588895232286705 -0.0041137856161325139 0.035073714590360357
decision_type=2 2 2 2 2 2 2 2 2
left_child=3 2 6 -1 7 -5 -2 -3 -4
right_child=1 4 8 5 -6 -7 -8 -9 -10
leaf_value=-0.0060513726561549673 0.021727385886664848 -0.004407688888044165 0 0.0024348530299071877 0.0020896240863925212 0.030760722686989501 0.003731574335790883 -0.028627413840566208 -0.02074178839711438
leaf_weight=8.8052783906459791 17.991888135671616 9.1212111264467222 10.594230487942697 11.575623512268065 9.3102125227451307 15.225066035985948 32.34046944975853 24.870739609003067 11.11017958819866
leaf_count=36 73 38 43 48 38 62 133 103 47
internal_value=0 -0.0042128 0.00385347 0.0132299 -0.0175405 0.0200658 0.0110355 -0.0231512 -0.0116947
internal_weight=150.945 115.339 72.0368 35.606 43.3022 26.8007 50.3324 33.992 21.7044
internal_count=621 475 296 146 179 110 206 141 90
is_linear=0
shrinkage=0.03


Tree=41
num_leaves=14
num_cat=0
split_feature=10 16 23 38 6 12 40 38 40 10 1 15 12
split_gain=5.65051 8.20952 8.25479 8.66644 6.36576 5.875 4.42265 4.39342 3.80543 3.75185 3.06044 1.47985 0.61707
threshold=0.0011048925287935332 0.011857829634407015 0.96927086796570994 0.0082176195871514115 -0.00088510944577008981 39.473688173153057 0.030462177085036849 0.011144196564817879 0.057588675328983714 0.01482496133020106 -0.0069670039632787053 1.4621237063501196 44.927542802046894
decision_type=2 2 2 2 2 2 2 2 2 2 2 2 2
left_child=4 11 9 -4 5 10 7 -6 -8 -3 -1 -2 -7
right_child=1 2 3 -5 6 12 8 -9 -10 -11 -12 -13 -14
leaf_value=-0.0068653715179655354 -0.0080424398921522724 0.00031458856448531372 0.0066521430592059189 -0.021950774954929982 0.019228660086359137 0.034592710354490228 -0.025681032554282345 -0.0071962067770381735 0.00029334834951282707 0.02259545974791086 0.014941105472177401 -0.030869357019253217 0.012770533491316068
leaf_weight=11.512800484895708 8.796897619962694 15.580038115382196 14.602076843380926 19.706448510289192 9.5538672059774417 8.1319814622402209 8.3517936766147631 8.5108883231878263 7.7200930565595618 12.514429628849028 7.7992575019597998 8.9039038121700269 9.0960511267185193
leaf_count=47 36 64 60 82 39 33 35 35 32 51 32 38 37
internal_value=0 -0.00537092 0 -0.00966809 0.00611434 0.014552 -0.00280786 0.00655512 -0.0137226 0.0115799 0.00181312 -0.0222544 0.0263779
internal_weight=150.781 80.1038 62.403 34.3085 70.6767 36.5401 34.1366 18.0648 16.0719 28.0945 19.3121 17.7008 17.228
internal_count=621 331 257 142 290 149 141 74 67 115 79 74 70
is_linear=0
shrinkage=0.03


Tree=42
num_leaves=5
num_cat=0
split_feature=24 31 1 8
split_gain=9.07853 7.41396 9.54435 6.52358
threshold=0.79843733956498164 -3.4999999999999996 -0.017429079459064131 -0.00070858115395638303
decision_type=2 2 2 2
left_child=1 -1 -3 -4
right_child=-2 2 3 -5
leaf_value=0.02762097604937291 -0.02623644354003999 -0.028095795738075569 0.011036458177205513 -0.0027328362481754266
leaf_weight=7.5294636636972418 8.9992567747831327 7.9378361254930487 47.383811578154564 78.744917809963226
leaf_count=31 37 33 194 326
internal_value=0 0.00204296 0.00011133 0.00241444
internal_weight=150.595 141.596 134.067 126.129
internal_count=621 584 553 520
is_linear=0
shrinkage=0.03


Tree=43
num_leaves=5
num_cat=0
split_feature=24 31 1 36
split_gain=8.65483 7.06727 9.10339 6.18424
threshold=0.79843733956498164 -3.4999999999999996 -0.017429079459064131 0.0065766509884510908
decision_type=2 2 2 2
left_child=1 -1 -3 -4
right_child=-2 2 3 -5
leaf_value=0.026942597942641561 -0.025666139326780722 -0.027487206194145415 0.0078728353793342098 -0.0053413150629140396
leaf_weight=7.5376977622508994 8.9681544601917249 7.9148064702749243 74.438625946640968 51.668980643153191
leaf_count=31 37 33 306 214
internal_value=0 0.00198221 9.25984e-05 0.00234276
internal_weight=150.528 141.56 134.022 126.108
internal_count=621 584 553 520
is_linear=0
shrinkage=0.03


Tree=44
num_leaves=12
num_cat=0
split_feature=5 35 35 35 14 26 28 21 0 15 21
split_gain=8.52768 5.78155 10.7235 5.55318 5.42686 6.57798 4.49746 7.6233 5.77665 2.59674 2.19614
threshold=-0.017790038659315218 0.040253656556901947 0.055778646326611454 0.046141183928610892 -1.0698108152102461 0.18470001590634491 3.5000000000000004 0.007255716437535681 0.00065578911655450611 0.10413420027704784 0.0087168603722140529
decision_type=2 2 2 2 2 2 2 2 2 2 2
left_child=4 6 3 -3 5 -1 7 -2 -8 -6 -4
right_child=1 2 10 -5 9 -7 8 -9 -10 -11 -12
leaf_value=-0.018745340874341734 -0.016991007531932344 0 -0.018666934389877102 0.031650090574012357 0.032555920101199107 0.015387785371573919 -0.0030216277569909736 0.011189901156946911 -0.025013383885354189 0.0066643944804476102 5.2143455775927421e-05
leaf_weight=7.4445315748453167 12.289542675018309 7.7778413295745876 9.8447189331054705 11.58771215379238 9.8284328132867831 8.986760661005972 23.896100461483002 19.847913026809692 21.908819556236267 9.2792720347642881 7.8073148578405371
leaf_count=31 51 32 41 47 40 37 99 81 91 38 33
internal_value=0 -0.0039861 0.00534098 0.0200784 0.0124477 0 -0.0086263 0 -0.0144606 0.0225157 -0.0104617
internal_weight=150.499 114.96 37.0176 19.3656 35.539 16.4313 77.9424 32.1375 45.8049 19.1077 17.652
internal_count=621 475 153 79 146 68 322 132 190 78 74
is_linear=0
shrinkage=0.03


Tree=45
num_leaves=9
num_cat=0
split_feature=19 35 34 32 26 34 37 2
split_gain=6.15642 4.95781 6.52525 5.50592 5.58987 4.69296 3.95079 2.00858
threshold=0.030626418557122302 0.055518657750080476 0.025863559082524138 0.0014205729284449966 0.067606054084144399 0.013855002821535513 0.046648709310677001 0.0012851168118785952
decision_type=2 2 2 2 2 2 2 2
left_child=5 3 -3 4 -2 7 -5 -1
right_child=1 2 -4 6 -6 -7 -8 -9
leaf_value=0.0096221033629922091 0.017539785488089814 0.0038245578132908029 -0.02660774968471822 0.018487724935516637 -0.0041489976574516909 -0.024278314841096767 -0.00098474063963622941 -0.0099312612321673724
leaf_weight=7.6401528716087359 11.508414819836615 13.483072593808176 8.4011436998844129 36.198272347450256 48.939985975623131 11.699657037854193 10.284598648548124 7.2790417969226837
leaf_count=31 47 56 35 148 202 49 43 30
internal_value=0.000890232 0.00372396 -0.00847987 0.0064691 0.000169497 -0.0116007 0.0140071 0
internal_weight=155.434 128.815 21.8842 106.931 60.4484 26.6189 46.4829 14.9192
internal_count=641 531 91 440 249 110 191 61
is_linear=0
shrinkage=0.03


Tree=46
num_leaves=9
num_cat=0
split_feature=19 23 3 7 34 23 33 7
split_gain=5.84162 4.80835 7.68801 6.97132 4.47645 3.38101 2.38428 1.75094
threshold=0.030626418557122302 1.1846124798194337 0.0093441857977074622 -0.017441241091737055 0.013855002821535513 1.2566360053626333 0.79377434864448315 0.0022780501628143022
decision_type=2 2 2 2 2 2 2 2
left_child=4 2 3 -2 7 -3 -4 -1
right_child=1 5 6 -5 -6 -7 -8 -9
leaf_value=0.0089911450281721459 -0.013160866258184802 0.02476873412230006 -0.018445557484643493 0.010557393381744846 -0.023736289963348652 0.0012261624248322558 -0.0016733099888841712 -0.0092680121928756173
leaf_weight=7.6308875530958193 11.334155872464178 12.70584259927273 16.094048023223877 59.493111968040466 11.654178187251089 11.389552056789396 17.76410186290741 7.2818719297647476
leaf_count=31 47 52 68 244 49 47 73 30
internal_value=0.000851764 0.00361333 0.000580132 0.00629871 -0.0113254 0.0151622 -0.0106482 0
internal_weight=155.348 128.781 104.685 70.8273 26.5669 24.0954 33.8581 14.9128
internal_count=641 531 432 291 110 99 141 61
is_linear=0
shrinkage=0.03


Tree=47
num_leaves=10
num_cat=0
split_feature=19 20 40 19 38 3 5 40 38
split_gain=5.54162 6.6464 5.65554 4.58179 4.1647 2.42335 7.80267 3.05911 1.8328
threshold=0.030626418557122302 0.011387317779988899 0.081743058768579693 0.088380986245167617 0.0095998596547917613 0.0060176284214157336 0.031841771437500228 0.025443105518437096 0.0077569152083314481
decision_type=2 2 2 2 2 2 2 2 2
left_child=4 5 3 -3 8 7 -7 -2 -1
right_child=1 2 -4 -5 -6 6 -8 -9 -10
leaf_value=-0.003752348888103582 0.0068200214697287306 -0.0022420044596172584 -0.020720908236926815 0.012664915481576815 0.0039199269106951753 -0.015877303139854138 0.022307416367347635 0.033892695915213107 -0.026670733418962651
leaf_weight=7.5987890213728013 10.809344366192819 61.840536281466484 9.1672197282314283 23.703258335590363 8.847757086157797 7.1762756407260877 7.8846630156040192 8.177131772041319 10.065216168761252
leaf_count=32 44 255 39 98 36 30 32 33 42
internal_value=0.000812725 0.00350342 -0.000506624 0.00191217 -0.011058 0.0144836 0.00350548 0.0213133 -0.0189588
internal_weight=155.27 128.758 94.711 85.5438 26.5118 34.0474 15.0609 18.9865 17.664
internal_count=641 531 392 353 110 139 62 77 74
is_linear=0
shrinkage=0.03


Tree=48
num_leaves=7
num_cat=0
split_feature=24 26 26 32 12 24
split_gain=4.71996 3.91982 4.29424 5.98492 5.62578 2.84397
threshold=0.8140545376970949 0.0512850608988605 0.18181734110946865 0.0037151351723985209 66.376739795905991 -0.62854035969278532
decision_type=2 2 2 2 2 2
left_child=1 5 4 -4 -3 -1
right_child=-2 2 3 -5 -6 -7
leaf_value=0 -0.01931753309809647 -0.0150263782256367 -0.00067689117221497947 0.01667788670255764 0.010769560427766984 0.022061004721555921
leaf_weight=9.7213153839111346 7.7282366901636115 27.28066685795784 69.063458532094955 21.415581464767456 7.9795156419277182 11.978436544537542
leaf_count=40 32 114 285 88 33 49
internal_value=0.000789715 0.00218847 0 0.00354048 -0.00852136 0.0133812
internal_weight=155.167 147.439 125.739 90.479 35.2602 21.6998
internal_count=641 609 520 373 147 89
is_linear=0
shrinkage=0.03


Tree=49
num_leaves=8
num_cat=0
split_feature=19 21 35 28 34 35 8
split_gain=5.22911 6.1524 4.49238 6.77901 4.21291 1.84145 1.64824
threshold=0.030626418557122302 0.0063755468413182357 0.062572256835615972 10.500000000000002 0.013855002821535513 0.036955013395850507 0.0022148999137047254
decision_type=2 2 2 2 2 2 2
left_child=4 5 3 -3 6 -2 -1
right_child=1 2 -4 -5 -6 -7 -8
leaf_value=0.0088878409975998492 0.0043490939131804957 -0.00066723126294918869 -0.015030669160587321 0.019100118663540118 -0.022858384987522757 0.027375281808619877 -0.0088359229952070361
leaf_weight=7.6289310306310671 8.0456913411617297 82.051073059439659 12.346574261784552 16.904785081744194 11.573337584733961 9.3053285777568799 7.2578348815441132
leaf_count=31 33 339 52 69 49 38 30
internal_value=0.000770488 0.00338713 0.000523939 0.00287256 -0.010769 0.0190262 0
internal_weight=155.114 128.653 111.302 98.9559 26.4601 17.351 14.8868
internal_count=641 531 460 408 110 71 61
is_linear=0
shrinkage=0.03


end of trees

feature_importances:
volatility=28
macro_topix_vol_20=26
macro_topix_ret_20=24
macro_usdjpy_ret_60=21
macro_usdjpy_ret_20=20
bb_bandwidth=18
macro_usdjpy_vol_20=18
macro_nikkei_ret_20=18
return_20d=16
atr_pct=16
rsi=15
macd_signal=15
lower_shadow_pct=15
return_5d=14
ma_20_60_cross=14
vol_ratio=14
macd=13
candle_body_pct=12
div_ma_10=11
gap=11
return_2d=9
return_10d=8
macd_hist=8
return_1d=7
rsi_change=7
vol_change=7
price_position_20d=7
ma_5_20_cross=6
month=6
bb_pct_b=5
upper_shadow_pct=5
div_ma_5=4
div_ma_20=4
div_ma_60=4
return_3d=3
macd_hist_change=3
day_of_week=2
streak=2

parameters:
[boosting: gbdt]
[objective: binary]
[metric: binary_logloss]
[tree_learner: serial]
[device_type: cpu]
[data_sample_strategy: bagging]
[data: ]
[valid: ]
[num_iterations: 50]
[learning_rate: 0.03]
[num_leaves: 15]
[num_threads: 0]
[seed: 42]
[deterministic: 0]
[force_col_wise: 0]
[force_row_wise: 0]
[histogram_pool_size: -1]
[max_depth: 4]
[min_data_in_leaf: 30]
[min_sum_hessian_in_leaf: 0.001]
[bagging_fraction: 0.7]
[pos_bagging_fraction: 1]
[neg_bagging_fraction: 1]
[bagging_freq: 5]
[bagging_seed: 400]
[bagging_by_query: 0]
[feature_fraction: 0.6]
[feature_fraction_bynode: 1]
[feature_fraction_seed: 30056]
[extra_trees: 0]
[extra_seed: 12879]
[early_stopping_round: 0]
[early_stopping_min_delta: 0]
[first_metric_only: 0]
[max_delta_step: 0]
[lambda_l1: 0.5]
[lambda_l2: 2]
[linear_lambda: 0]
[min_gain_to_split: 0]
[drop_rate: 0.1]
[max_drop: 50]
[skip_drop: 0.5]
[xgboost_dart_mode: 0]
[uniform_drop: 0]
[drop_seed: 17869]
[top_rate: 0.2]
[other_rate: 0.1]
[min_data_per_group: 100]
[max_cat_threshold: 32]
[cat_l2: 10]
[cat_smooth: 10]
[max_cat_to_onehot: 4]
[top_k: 20]
[monotone_constraints: ]
[monotone_constraints_method: basic]
[monotone_penalty: 0]
[feature_contri: ]
[forcedsplits_filename: ]
[refit_decay_rate: 0.9]
[cegb_tradeoff: 1]
[cegb_penalty_split: 0]
[cegb_penalty_feature_lazy: ]
[cegb_penalty_feature_coupled: ]
[path_smooth: 0]
[interaction_constraints: ]
[verbosity: -1]
[saved_feature_importance_type: 0]
[use_quantized_grad: 0]
[num_grad_quant_bins: 4]
[quant_train_renew_leaf: 0]
[stochastic_rounding: 1]
[linear_tree: 0]
[max_bin: 255]
[max_bin_by_feature: ]
[min_data_in_bin: 5]
[bin_construct_sample_cnt: 200000]
[data_random_seed: 175]
[is_enable_sparse: 1]
[enable_bundle: 1]
[use_missing: 1]
[zero_as_missing: 0]
[feature_pre_filter: 1]
[pre_partition: 0]
[two_round: 0]
[header: 0]
[label_column: ]
[weight_column: ]
[group_column: ]
[ignore_column: ]
[categorical_feature: ]
[forcedbins_filename: ]
[precise_float_parser: 0]
[parser_config_file: ]
[objective_seed: 16083]
[num_class: 1]
[is_unbalance: 0]
[scale_pos_weight: 1]
[sigmoid: 1]
[boost_from_average: 1]
[reg_sqrt: 0]
[alpha: 0.9]
[fair_c: 1]
[poisson_max_delta_step: 0.7]
[tweedie_variance_power: 1.5]
[lambdarank_truncation_level: 30]
[lambdarank_norm: 1]
[label_gain: ]
[lambdarank_position_bias_regularization: 0]
[eval_at: ]
[multi_error_top_k: 1]
[auc_mu_weights: ]
[num_machines: 1]
[local_listen_port: 12400]
[time_out: 120]
[machine_list_filename: ]
[machines: ]
[gpu_platform_id: -1]
[gpu_device_id: -1]
[gpu_use_dp: 0]
[num_gpu: 1]

end of parameters

pandas_categorical:[]
