tree
version=v4
num_class=1
num_tree_per_iteration=1
label_index=0
max_feature_idx=44
objective=binary sigmoid:1
feature_names=return_1d return_2d return_3d return_5d return_10d return_20d div_ma_5 div_ma_10 div_ma_20 div_ma_60 ma_5_20_cross ma_20_60_cross rsi rsi_change macd macd_signal macd_hist macd_hist_change bb_pct_b bb_bandwidth atr_pct volatility vol_change vol_ratio candle_body_pct upper_shadow_pct lower_shadow_pct day_of_week month is_month_end is_month_start streak gap price_position_20d macro_usdjpy_ret_20 macro_usdjpy_ret_60 macro_usdjpy_vol_20 macro_topix_ret_20 macro_topix_vol_20 macro_topix_above_200dma macro_nikkei_ret_20 macro_nikkei_above_200dma macro_nikkei_vi macro_jgb10y macro_bias_score
feature_infos=[-0.17675675675675673:0.17544107268877918] [-0.17820045865371648:0.233229675699689] [-0.17205762435444416:0.25459475745706528] [-0.172939430729799:0.32484887050588607] [-0.17215770996489332:0.31727158948685852] [-0.19087360344595505:0.30334244271599742] [-0.14356407805207219:0.17607185222843588] [-0.15944588553452183:0.23007843079331783] [-0.16998710122146726:0.22219399789527161] [-0.16734057893429982:0.24076780794453573] [-0.1151519490281705:0.1743352879181197] [-0.10627540309973649:0.1413754602245989] [1.5116279069767558:93.992932862190813] [-37.270598983612174:32.061285097192226] [-264.89173364630551:460.93225484325012] [-226.51973590992509:377.5487387039326] [-209.98596039308558:225.72618332181136] [-88.719006654349798:98.867413794174837] [-0.2824926847510757:1.3759687022744405] [0.032618589898009163:0.48063330293504047] [0.013718940019518054:0.053414958535440468] [0.0086600529077459423:0.055465657050330908] [-0.9475167131989447:9.4496523615439951] [0.49426840935166805:2.196093232418542] [-1:1] [0:0.89473684210526316] [0:0.9213483146067416] [0:4] [1:12] none [0:1] [-7:8] [-0.1216216216216216:0.13832039520112915] [0:1] [-0.10288784967882303:0.08505611680078462] [-0.13986255140503889:0.13160084488587853] [0.0024251968629527628:0.011841457708833433] [-0.21871130063915301:0.21255327098343968] [0.0039190687430325395:0.040640984327119524] [0:1] [-0.22859537662338159:0.23022297972565586] [0:1] none none none
tree_sizes=1386 1103 1086 1077 1506 960 1093 1375 1385 1288 1090 985 1293 976 1094 1004 1298 1102 1316 1278 1078 1102 1081 995 1094 1094 1087 1073 1307 1307 891 787 1313 894 784 882 1075 998 888 782 1310 1315 1419 1419 1306 788 1185 1186 982 1104

Tree=0
num_leaves=12
num_cat=0
split_feature=28 2 16 36 36 34 18 28 34 24 7
split_gain=10.3835 9.60944 7.02438 11.9357 6.54381 5.10988 3.46035 3.38248 3.22265 2.7783 1.24071
threshold=5.5000000000000009 0.033488307282755099 -7.43621089638751 0.0061402356477331943 0.0070260705870346567 -0.020913543199741754 0.19479648041829231 10.500000000000002 0.020930528714567468 -0.17589763177998471 -0.015794351228879362
decision_type=2 2 2 2 2 2 2 2 2 2 2
left_child=1 5 4 7 8 -1 -7 -4 -2 -5 -6
right_child=2 -3 3 9 10 6 -8 -9 -10 -11 -12
leaf_value=-0.14109423359415069 -0.13156768279213785 -0.13092011610374757 -0.14064383122897559 -0.1446719358727146 -0.13194455066977323 -0.14618974619079528 -0.16882761277071734 -0.11970293619577484 -0.15357265375891718 -0.16604224033309262 -0.10528404433498753
leaf_weight=9.2017679661512357 12.434821575880052 11.440035849809645 24.6209467202425 7.4608929455280331 7.7095893770456341 9.6991608291864377 29.34617891907692 9.9478572607040388 7.7095893770456305 16.413964480161667 8.4556786715984327
leaf_count=37 50 46 99 30 31 39 118 40 31 66 34
internal_value=-0.143824 -0.153345 -0.137616 -0.144431 -0.127623 -0.159297 -0.163918 -0.133171 -0.14071 -0.159784 -0.114372
internal_weight=154.44 59.6871 94.7533 58.4437 36.3097 48.2471 39.0453 34.5688 20.1444 23.8749 16.1653
internal_count=621 240 381 235 146 194 157 139 81 96 65
is_linear=0
shrinkage=1


Tree=1
num_leaves=9
num_cat=0
split_feature=28 38 8 36 20 1 34 8
split_gain=9.83807 8.03262 7.52775 9.95025 7.35856 6.4604 6.14451 7.31195
threshold=5.5000000000000009 0.0068717366350434456 0.030195151641402327 0.005918254689754157 0.019877044655961459 0.022281474376726566 -0.020913543199741754 -0.037101355667957157
decision_type=2 2 2 2 2 2 2 2
left_child=5 -2 4 -4 -3 6 -1 -8
right_child=1 2 3 -5 -6 -7 7 -9
leaf_value=0.0061457583809444291 -0.017128978888054085 -0.0060316695534947638 0.012990635512025065 -0.01876121819380603 0.021348880541241923 0.0087048761499377413 0.0013445541595562332 -0.026585960750418833
leaf_weight=9.2046318352222425 8.9564272761344892 8.9525841176509839 17.172769278287891 14.412570759654043 45.289009839296341 12.934512555599211 10.191451907157893 27.313260555267338
leaf_count=37 36 36 69 58 182 52 41 110
internal_value=0.000849687 0.00689147 0.00990188 -0.00130573 0.0165092 -0.00842039 -0.0136333 -0.0189327
internal_weight=154.427 94.7834 85.8269 31.5853 54.2416 59.6439 46.7093 37.5047
internal_count=621 381 345 127 218 240 188 151
is_linear=0
shrinkage=0.03


Tree=2
num_leaves=9
num_cat=0
split_feature=28 2 38 35 2 25 20 25
split_gain=9.22742 8.86197 7.619 7.56706 8.21679 5.75746 5.80349 4.12777
threshold=5.5000000000000009 0.033488307282755099 0.0068717366350434456 0.070056660669368123 0.01024204693127906 0.15112096369416098 0.024556369170860817 0.068337484433374854
decision_type=2 2 2 2 2 2 2 2
left_child=1 5 -2 4 -4 7 -7 -1
right_child=2 -3 3 -5 -6 6 -8 -9
leaf_value=-0.011897838083243488 -0.016726344802038152 0.013326970085175338 0.020948110027307162 -0.014566679092092796 0.00090986650095099581 -0.0013562571819306743 -0.029805321477680006 0.015021693277359627
leaf_weight=9.1822598427534121 8.9451774507760984 11.452142834663389 43.821458339691162 8.2167492061853391 33.837095901370049 10.914607003331186 20.594625100493431 7.448402374982833
leaf_count=37 36 46 176 33 136 44 83 30
internal_value=0.000817006 -0.00816328 0.00666784 0.0096006 0.0126475 -0.0139025 -0.0210675 0
internal_weight=154.413 59.592 94.8205 85.8753 77.6586 48.1399 31.5092 16.6307
internal_count=621 240 381 345 312 194 127 67
is_linear=0
shrinkage=0.03


Tree=3
num_leaves=9
num_cat=0
split_feature=23 23 36 11 22 22 36 9
split_gain=7.30684 6.92208 8.82623 8.46223 5.66276 7.10115 4.89542 0.258135
threshold=0.9775575514670628 0.75142275893443444 0.0052974122720070051 0.030163766115073657 -0.35786134965363675 -0.27104736147890718 0.0048721049086285712 0.055103986810074938
decision_type=2 2 2 2 2 2 2 2
left_child=1 -1 7 -4 -2 -6 -7 -3
right_child=4 2 3 -5 5 6 -8 -9
leaf_value=0.010621049111618467 -0.011398031360940497 -0.032294061291119419 -0.01318147671393435 0.014779532488481954 0.03322351635853861 0.016859349735973004 0 -0.012180820679992901
leaf_weight=14.680887565016745 10.938928842544554 11.17133465409279 22.111981466412544 14.173368424177168 8.4618775844573957 21.13484787940979 44.013711079955101 7.7102375179529181
leaf_count=59 44 45 89 57 34 85 177 31
internal_value=0.000777222 -0.0061973 -0.0111504 -0.00166635 0.00672238 0.00984383 0.00568465 -0.0267525
internal_weight=154.397 69.8478 55.1669 36.2853 84.5494 73.6104 65.1486 18.8816
internal_count=621 281 222 146 340 296 262 76
is_linear=0
shrinkage=0.03


Tree=4
num_leaves=13
num_cat=0
split_feature=28 21 21 20 0 13 11 14 36 14 4 19
split_gain=8.5886 8.52049 18.7736 12.7342 5.89708 8.69709 7.89377 5.70192 7.01126 3.74745 2.01121 1.69318
threshold=5.5000000000000009 0.018623517724971419 0.01641277264917736 0.019877044655961459 0.017278145385915437 -0.27143945821825349 0.054947493749913708 65.864994905035488 0.0058625641493879341 -23.879714033651222 0.0023873395143688696 0.11008151961985126
decision_type=2 2 2 2 2 2 2 2 2 2 2 2
left_child=4 2 3 -2 5 6 -1 9 -9 -3 -4 -7
right_child=1 7 10 -5 -6 11 -8 8 -10 -11 -12 -13
leaf_value=0.010399460654289754 -0.0076728126493202523 0.0070162607942247804 -0.0047253787464540077 0.028275855571428598 0.011131545444138722 -0.0084428653324437036 -0.021892497746279781 0.022829051231325715 -0.0084000397784063582 0.038346571979286433 -0.028119714778845343 -0.031331614664475579
leaf_weight=18.6108942180872 13.67397263646126 7.9770525246858623 7.4629869163036373 18.187853768467903 9.6997367143630964 8.4238533675670642 8.1721976399421674 8.9784670919179934 13.18765616416931 10.970054253935812 14.418459460139273 14.625362724065779
leaf_count=75 55 32 30 73 39 34 33 36 53 44 58 59
internal_value=0.000751676 0.00639685 -0.0012707 0.012863 -0.00791495 -0.0121982 0 0.0163618 0.00447118 0.0278014 -0.0218328 -0.0249072
internal_weight=154.389 94.8565 53.7433 31.8618 59.532 49.8323 26.7831 41.1132 22.1661 18.9471 21.8814 23.0492
internal_count=621 381 216 128 240 201 108 165 89 76 88 93
is_linear=0
shrinkage=0.03


Tree=5
num_leaves=8
num_cat=0
split_feature=35 28 36 16 15 14 15
split_gain=10.0261 9.67999 10.4851 20.4631 8.80788 11.576 3.81031
threshold=0.070056660669368123 5.5000000000000009 0.005918254689754157 -28.452206021676446 121.15737672366144 62.529372720107638 149.28291929984289
decision_type=2 2 2 2 2 2 2
left_child=1 4 6 -4 5 -1 -3
right_child=-2 2 3 -5 -6 -7 -8
leaf_value=-0.0080391539162069769 -0.024662812641507985 0.024321392470278945 0.033171769645157993 -0.011752964563706968 -0.02662955277796946 0.025611281841649451 0
leaf_weight=38.182625621557236 11.67959940433502 30.903334259986877 9.9838380515575391 36.043997064232826 13.116192132234572 9.9243243336677534 7.7304970771074286
leaf_count=154 47 124 40 145 53 40 31
internal_value=0 0.00218002 0.00874165 -0.000720512 -0.0066459 -5.2629e-05 0.0198645
internal_weight=157.564 145.885 84.6617 46.0278 61.2231 48.1069 38.6338
internal_count=634 587 340 185 247 194 155
is_linear=0
shrinkage=0.03


Tree=6
num_leaves=9
num_cat=0
split_feature=35 21 21 35 38 21 17 21
split_gain=9.53694 7.24772 12.9943 11.0858 11.7006 9.56571 5.46503 3.87938
threshold=0.070056660669368123 0.01641277264917736 0.018519931283491334 -0.0060724339159948784 0.0091284565622679319 0.019671870611717494 2.1339563562770469 0.013305612270053864
decision_type=2 2 2 2 2 2 2 2
left_child=1 3 6 7 -5 -4 -3 -1
right_child=-2 2 5 4 -6 -7 -8 -9
leaf_value=-0.020178496363468378 -0.02407257839466366 -0.032053033730179724 0.025807257731298727 0.03386359294304743 -0.00052903339046244671 -0.0013966731535874665 -0.0013957784584371622 0.0049797513349584639
leaf_weight=8.4301320910453814 11.656377404928206 13.874194443225862 12.208644434809683 20.653828695416451 13.179988250136374 58.883276954293251 9.6870186775922758 8.9364587366580945
leaf_count=34 47 56 49 83 53 237 39 36
internal_value=0 0.00212798 -0.00267427 0.0110545 0.0207656 0.00364817 -0.0211308 -0.00728076
internal_weight=157.51 145.854 94.6531 51.2004 33.8338 71.0919 23.5612 17.3666
internal_count=634 587 381 206 136 286 95 70
is_linear=0
shrinkage=0.03


Tree=7
num_leaves=12
num_cat=0
split_feature=6 36 24 16 9 28 19 19 20 16 6
split_gain=7.17086 11.302 10.6058 8.26511 7.11489 6.50709 11.3226 9.09962 3.89116 3.79233 1.58745
threshold=-0.0031249767351360833 0.0050174476351997283 -0.14348198970840478 -12.925684811572483 0.077899394377448097 5.5000000000000009 0.12371980145120746 0.15514451527138312 0.021487971456476265 14.637691689709436 0.010063125204369373
decision_type=2 2 2 2 2 2 2 2 2 2 2
left_child=5 4 9 -4 10 6 -1 8 -7 -3 -2
right_child=1 2 3 -5 -6 7 -8 -9 -10 -11 -12
leaf_value=0.0047063005563584498 0.012650464490028249 0.026687010146185672 0.011311556299531561 -0.017262021191671136 0 -0.023069337779159448 -0.031999281178532721 0.023645932542935202 0 0.00021733459565630739 0.038960318674875573
leaf_weight=10.651484251022341 8.4575899541378075 9.6900539696216601 9.9586565345525724 34.236646696925163 11.945968165993689 8.2010247111320513 17.266783565282822 9.221710726618765 17.187162220478058 10.431440010666845 10.223125115036963
leaf_count=43 34 39 40 138 48 33 70 37 69 42 41
internal_value=-6.27205e-06 0.00505819 -0.00196892 -0.0102878 0.0194911 -0.0078471 -0.0181154 0.000563302 -0.00838775 0.0149029 0.0301494
internal_weight=157.472 94.9435 64.3168 44.1953 30.6267 62.5282 27.9183 34.6099 25.3882 20.1215 18.6807
internal_count=634 382 259 178 123 252 113 139 102 81 75
is_linear=0
shrinkage=0.03


Tree=8
num_leaves=12
num_cat=0
split_feature=6 4 11 15 28 38 18 22 25 22 40
split_gain=6.83541 8.62289 7.85637 8.93039 6.16955 5.64798 4.06347 3.99416 3.58566 3.01657 0.91406
threshold=-0.0031249767351360833 0.075549018623982903 0.013091667074385029 -38.13070462572702 5.5000000000000009 0.0085487701253185288 0.12146677020624162 0.10998925556324525 0.44365881591395712 -0.19349575053804793 0.034141347335333035
decision_type=2 2 2 2 2 2 2 2 2 2 2
left_child=4 2 3 -2 6 -3 -1 9 -4 -6 -8
right_child=1 5 8 -5 7 -7 10 -9 -10 -11 -12
leaf_value=0 0.01116034729392989 0.0079107951720670758 0.022969183502515034 -0.01996352821354732 -0.001668618673782955 -0.020227288530334692 -0.030943745133798824 -0.012081266042602555 0.00049515602313808603 0.018002458368921229 -0.0099141289146474614
leaf_weight=8.1652044355869311 18.42149002850056 7.9488151669502285 31.862080067396164 11.874936804175375 11.696295380592344 15.130443453788756 11.327448293566706 11.688702717423437 9.6957155019044858 11.219262152910234 8.3636864870786649
leaf_count=33 74 32 128 48 47 61 46 47 39 45 34
internal_value=0 0.00496933 0.0101483 -0.00105528 -0.00763556 -0.01008 -0.0176492 0.000539513 0.0183337 0.00803214 -0.0244408
internal_weight=157.394 94.9335 71.8542 30.2964 62.4606 23.0793 27.8563 34.6043 41.5578 22.9156 19.6911
internal_count=634 382 289 122 252 93 113 139 167 92 80
is_linear=0
shrinkage=0.03


Tree=9
num_leaves=11
num_cat=0
split_feature=21 21 21 21 34 34 21 2 17 15
split_gain=7.77236 17.2483 9.16752 13.0252 9.00603 7.50223 5.90665 5.10368 3.52087 0.707789
threshold=0.01641277264917736 0.018519931283491334 0.019671870611717494 0.024475688753258576 0.031231176503199291 -0.0064129415175119822 0.013305612270053864 0.011451366284984445 3.118021960816542 34.430218443447181
decision_type=2 2 2 2 2 2 2 2 2 2
left_child=4 8 -3 -4 5 6 -1 -7 9 -2
right_child=1 2 3 -5 -6 7 -8 -9 -10 -11
leaf_value=-0.014281318125890931 -0.041344247767687935 0.024098372380231575 -0.019606467835419385 0.0080478171912467811 -0.013644703874764033 0.03478984486393031 0.016416556951506969 0.0043162173529435128 -0.005858892597654518 -0.017378770610853488
leaf_weight=9.9025501310825366 7.8848609030246797 12.722518175840376 22.295057639479637 39.005261287093163 10.397933110594748 15.689306929707529 8.7174389958381635 9.4488241374492628 10.169461384415625 11.104188114404677
leaf_count=40 32 51 90 157 42 63 35 38 41 45
internal_value=0 -0.00488932 0.00274196 -0.00207483 0.00893256 0.0149871 0 0.0250505 -0.0236762 -0.031036
internal_weight=157.337 103.181 74.0228 61.3003 54.1561 43.7581 18.62 25.1381 29.1585 18.989
internal_count=634 416 298 247 218 176 75 101 118 77
is_linear=0
shrinkage=0.03


Tree=10
num_leaves=9
num_cat=0
split_feature=3 9 9 11 4 16 28 35
split_gain=9.95485 10.5231 16.0047 8.91381 8.48237 7.1876 5.54666 2.56147
threshold=-0.061678060505448155 0.028459771827994283 0.13162227365948154 -0.015411527948392454 0.045384607018241548 -33.309415915448248 10.500000000000002 0.023238875742619961
decision_type=2 2 2 2 2 2 2 2
left_child=-1 3 6 4 -2 -5 -3 -4
right_child=1 2 7 5 -6 -7 -8 -9
leaf_value=0.02674914877693052 0.0082434288624681981 0.0078038348238023336 -0.027571026878851941 9.2444463068623212e-05 -0.022680614213535663 -0.02871617870752103 0.032382987896001761 -0.0032119207843614253
leaf_weight=9.2032487243413907 27.542616948485374 43.940848901867867 8.9275081753730792 9.3990797549486143 8.9379429817199689 25.704231962561607 9.9799074828624708 9.4379567354917508
leaf_count=37 111 177 36 38 36 104 40 38
internal_value=-0.000392948 -0.00257498 0.00529627 -0.0106552 0 -0.0210091 0.0136168 -0.0173343
internal_weight=153.073 143.87 72.2862 71.5839 36.4806 35.1033 53.9208 18.3655
internal_count=617 580 291 289 147 142 217 74
is_linear=0
shrinkage=0.03


Tree=11
num_leaves=8
num_cat=0
split_feature=34 23 5 21 3 7 21
split_gain=14.0471 11.6868 8.53077 10.3488 8.14531 8.71483 2.20453
threshold=0.036526421026013674 0.94202359726906881 0.15673634791959848 0.025288659031602816 0.02119071349731572 0.0043680072946640745 0.015588148067229154
decision_type=2 2 2 2 2 2 2
left_child=1 4 3 -3 5 -1 -2
right_child=6 2 -4 -5 -6 -7 -8
leaf_value=-0.0086424122255638284 -0.0072920955021213317 0.0059966326621889495 -0.017090120275080247 0.031680536630614688 -0.024603405921226108 0.022948679991034594 -0.033368054642164288
leaf_weight=25.713135212659836 8.1644470095634478 59.08793269097805 7.4380255788564673 18.19389234483242 15.844557613134382 8.9627013653516752 9.6090719401836378
leaf_count=104 33 238 30 73 64 36 39
internal_value=-0.000378545 0.00293509 0.00974146 0.0128791 -0.00812952 0 -0.0240975
internal_weight=153.014 135.24 84.7199 77.2818 50.5204 34.6758 17.7735
internal_count=617 545 341 311 204 140 72
is_linear=0
shrinkage=0.03


Tree=12
num_leaves=11
num_cat=0
split_feature=23 20 9 9 21 40 2 21 20 23
split_gain=12.1295 8.93681 9.28962 10.7508 4.88626 5.76494 5.8544 4.48529 2.30371 0.681811
threshold=0.94202359726906881 0.026955628184402638 0.037088484466894014 -0.014418425572445969 0.025288659031602816 -0.022572985183564483 -0.019383328129244145 0.0303418837948858 0.035102850228399381 0.83024327388916663
decision_type=2 2 2 2 2 2 2 2 2 2
left_child=1 2 3 -1 5 -2 -7 -6 9 -3
right_child=4 8 -4 -5 7 6 -8 -9 -10 -11
leaf_value=0.0086842273676473614 -0.013789110741949375 -0.014409087401271593 0.018272415973837525 -0.029851565943584447 0.027661201318453503 0.022653595793689755 0.00050600424908794493 0 -0.0059244433828167442 -0.038706779132631132
leaf_weight=10.16479580104351 14.099245756864546 8.4081407040357643 12.437267556786535 11.806346148252487 13.462478265166284 12.903777584433554 44.221807062625885 9.1995609998702985 7.9060254991054526 8.3427989184856397
leaf_count=41 57 34 50 48 54 52 178 37 32 34
internal_value=-0.000382326 -0.0109177 -0.000348695 -0.0121604 0.00617863 0.00189851 0.00635956 0.0177776 -0.0239711 -0.0301483
internal_weight=152.952 59.0654 34.4084 21.9711 93.8869 71.2248 57.1256 22.662 24.657 16.7509
internal_count=617 239 139 89 378 287 230 91 100 68
is_linear=0
shrinkage=0.03


Tree=13
num_leaves=8
num_cat=0
split_feature=34 9 9 13 36 23 38
split_gain=13.2126 10.5926 12.5875 9.8534 5.10576 3.19328 0.994093
threshold=0.036526421026013674 0.13162227365948154 0.036174353161288496 -0.21767500449105268 0.0045259450790139204 0.99954084613876837 0.0090597881876915889
decision_type=2 2 2 2 2 2 2
left_child=1 2 3 -1 -4 -3 -2
right_child=6 5 4 -5 -6 -7 -8
leaf_value=0.010812659156840822 -0.0090330114682502065 -0.027832226950866967 0 -0.010828418135930395 0.023501635080538368 -0.0011346627517010419 -0.030624948669616427
leaf_weight=31.235914573073387 8.1064582914114016 9.3823788464069384 9.4615656882524473 41.57469230890274 35.06776088476181 8.442937105894087 9.6041599065065366
leaf_count=126 33 38 38 168 141 34 39
internal_value=-0.000376117 0.00283175 0.00625996 -0.00130298 0.0184731 -0.0173337 -0.0234223
internal_weight=152.876 135.165 117.34 72.8106 44.5293 17.8253 17.7106
internal_count=617 545 473 294 179 72 72
is_linear=0
shrinkage=0.03


Tree=14
num_leaves=9
num_cat=0
split_feature=34 23 25 3 7 0 21 31
split_gain=12.588 10.4031 8.40607 7.49376 8.16903 7.15038 2.07094 0.854886
threshold=0.036526421026013674 0.94202359726906881 0.51015882838283833 0.02119071349731572 0.0043680072946640745 -0.0069583749475952686 0.015588148067229154 1.5000000000000002
decision_type=2 2 2 2 2 2 2 2
left_child=1 3 5 4 -1 -3 -2 -5
right_child=6 2 -4 7 -6 -7 -8 -9
leaf_value=-0.0083091159055268312 -0.0066906944523344629 0.018406391677903478 0.029066782858244031 -0.031704827699254978 0.022276172965435156 -0.0016386504026145829 -0.031908425383607934 -0.0097026392825827201
leaf_weight=25.661224737763405 8.1399912089109439 20.628840759396553 13.938609749078749 7.6257738173007956 8.9674558639526349 50.187326326966286 9.5273965299129468 8.1433296501636487
leaf_count=104 33 83 56 31 36 202 39 33
internal_value=-0.000390841 0.00273531 0.00915549 -0.00771269 0 0.00433968 -0.0229143 -0.0235578
internal_weight=152.82 135.153 84.7548 50.3978 34.6287 70.8162 17.6674 15.7691
internal_count=617 545 341 204 140 285 72 64
is_linear=0
shrinkage=0.03


Tree=15
num_leaves=8
num_cat=0
split_feature=3 36 11 11 17 32 38
split_gain=6.81446 6.26293 7.58904 7.18175 12.2762 6.03837 4.56902
threshold=-0.061678060505448155 0.0048721049086285712 0.043939428494798378 0.025092991851081162 -2.3410370705842509 1.0000000180025095e-35 0.0091284565622679319
decision_type=2 2 2 2 2 2 2
left_child=-1 2 6 5 -5 -3 -2
right_child=1 3 -4 4 -6 -7 -8
leaf_value=0.024454633251535289 0.02895061549127579 -0.00086956964893316496 -0.0067994310365319744 -0.014140935635995324 0.016067107167119486 -0.019825802278918888 0.0011506698938958343
leaf_weight=8.2212386429309827 14.197086080908777 30.639864042401314 14.367208302021025 17.790904819965363 28.544011369347572 32.119195461273193 9.928578317165373
leaf_count=33 57 124 58 72 115 130 40
internal_value=0.000712127 -0.000819439 0.00917084 -0.00458109 0.00405281 -0.0111154 0.019048
internal_weight=155.808 147.587 38.4929 109.094 46.3349 62.7591 24.1257
internal_count=629 596 155 441 187 254 97
is_linear=0
shrinkage=0.03


Tree=16
num_leaves=11
num_cat=0
split_feature=23 3 7 23 12 3 36 15 36 37
split_gain=8.94238 8.05483 7.24866 7.55682 6.89599 6.75702 7.07674 11.1399 4.06346 2.40212
threshold=0.94202359726906881 0.054646614647119514 0.015511823018225781 1.0181663790536593 52.408190178423283 0.014964066439430603 0.0058625641493879341 41.505982903711548 0.0057013751940565927 0.029831449603844543
decision_type=2 2 2 2 2 2 2 2 2 2
left_child=5 2 4 -4 -2 6 -1 -8 -3 -7
right_child=1 8 3 -5 -6 9 7 -9 -10 -11
leaf_value=-0.01608314960635052 0.010660409650005358 0.0033216517936831848 -0.00076169648446543009 0.032571202661925619 -0.011191507044084042 -0.0089128088466233265 -0.011210840773061516 0.027044403223560876 -0.023069575319702183 -0.032930466052427346
leaf_weight=13.732501477003096 38.253632932901382 7.4714502692222622 7.4237678945064571 18.176301643252373 16.820706769824028 13.074215173721315 10.589801460504534 12.68853150308132 9.1792915016412717 8.3396894037723523
leaf_count=56 154 30 30 73 68 53 43 51 37 34
internal_value=0.000698977 0.00631296 0.0103233 0.0230068 0.00356532 -0.00830409 0 0.00953782 -0.0113368 -0.0209211
internal_weight=155.75 97.3252 80.6744 25.6001 55.0743 58.4247 37.0108 23.2783 16.6507 21.4139
internal_count=629 392 325 103 222 237 150 94 67 87
is_linear=0
shrinkage=0.03


Tree=17
num_leaves=9
num_cat=0
split_feature=34 36 36 15 15 11 38 24
split_gain=6.97621 6.68896 7.87947 7.24744 6.7891 6.30135 5.08004 2.41173
threshold=0.036878931604569794 0.0078623172955767425 0.0069740304329113621 144.41698996179451 76.878039799900918 -0.019874585142254372 0.010884689301800766 -0.27125572269457154
decision_type=2 2 2 2 2 2 2 2
left_child=1 2 3 -1 5 -3 -4 -2
right_child=7 4 6 -5 -6 -7 -8 -9
leaf_value=0.0057275558905639035 -0.027419717188909485 8.7871659093755552e-05 0.032695205793451962 -0.016229103332479133 0.0095082505728810145 -0.032839632085836984 0.0038691515398507573 -0.0025063777329118121
leaf_weight=73.996301770210266 7.5655854791402843 7.3994282037019756 12.676561981439592 14.31582599878311 8.6381078809499723 10.608056634664537 11.902875259518622 8.5737605392932874
leaf_count=298 31 30 51 58 35 43 48 35
internal_value=0.000654959 0.00298197 0.00625918 0.00172161 -0.00984683 -0.0199035 0.0206417 -0.0167474
internal_weight=155.677 139.537 112.892 88.3121 26.6456 18.0075 24.5794 16.1393
internal_count=629 563 455 356 108 73 99 66
is_linear=0
shrinkage=0.03


Tree=18
num_leaves=11
num_cat=0
split_feature=23 36 16 4 36 35 28 36 33 0
split_gain=8.41214 6.49993 9.07904 5.58977 5.43291 4.03629 5.52142 4.48848 3.09851 2.97944
threshold=0.94202359726906881 0.0048721049086285712 12.566072398830686 0.026561208858900457 0.0068774530163991298 0.055900136275615082 4.5000000000000009 0.0083377806787460953 0.29866090748350355 0.0045052280171328238
decision_type=2 2 2 2 2 2 2 2 2 2
left_child=5 3 4 8 -3 6 -1 -8 -2 -4
right_child=1 2 9 -5 -6 -7 7 -9 -10 -11
leaf_value=-0.019686361470203848 0.015588212556492101 -0.0010188310840743794 -0.00018404472564546799 0.031651249053439377 0.019582120582543636 -0.025301227681208183 0.0081528269563278747 -0.013780100558524615 -0.0076936333554811533 -0.020385996865019729
leaf_weight=12.652915835380552 8.2242709994316119 19.808305561542511 13.619643181562425 12.205414831638334 21.359661683440208 8.5905546396970731 27.548907250165939 9.5344177931547147 7.711198315024375 14.367348343133925
leaf_count=52 33 80 55 49 86 35 111 39 31 58
internal_value=0.000624918 0.00607232 0.000754316 0.0177262 0.00973436 -0.00811339 -0.00399142 0.00171331 0.00388413 -0.0117231
internal_weight=155.623 97.2958 69.155 28.1409 41.168 58.3268 49.7362 37.0833 15.9355 27.987
internal_count=629 392 279 113 166 237 202 150 64 113
is_linear=0
shrinkage=0.03


Tree=19
num_leaves=11
num_cat=0
split_feature=23 3 2 3 6 34 25 36 15 17
split_gain=8.00329 7.39923 7.64558 6.52523 8.84064 6.09244 4.8156 3.72252 2.93559 2.26708
threshold=0.94202359726906881 0.054646614647119514 0.036390589648184098 0.014964066439430603 -0.0053963971981405593 0.029179363729959332 0.23529773622047248 0.0057013751940565927 37.058419216822045 5.7036883125785502
decision_type=2 2 2 2 2 2 2 2 2 2
left_child=3 2 5 4 6 -2 -1 -3 -6 -5
right_child=1 7 -4 9 8 -7 -8 -9 -10 -11
leaf_value=0.0020920318232901967 0.0095259926621983106 0.0029710316174467754 0.031501940242358535 -0.026986726150792156 0 -0.012513136593405801 -0.025000653047751949 -0.022259976929980472 0.024074739081030014 -0.0031570599862942401
leaf_weight=8.6196834892034548 58.376088544726372 7.4720937013626125 10.722347036004065 13.949716642498972 7.623949363827708 11.561860263347624 10.949599742889403 9.147958114743231 9.7189954370260221 7.3931582123041144
leaf_count=35 235 30 43 57 31 47 45 37 39 30
internal_value=0.000589857 0.00590457 0.00975341 -0.00793766 0 0.00542747 -0.0132842 -0.0110102 0.0146479 -0.0203525
internal_weight=155.535 97.2803 80.6603 58.2551 36.9122 69.9379 19.5693 16.6201 17.3429 21.3429
internal_count=629 392 325 237 150 282 80 67 70 87
is_linear=0
shrinkage=0.03


Tree=20
num_leaves=9
num_cat=0
split_feature=35 15 15 10 11 4 37 14
split_gain=9.3536 8.73323 14.1723 9.16826 8.25061 7.78291 5.71671 5.0691
threshold=0.056294619725414836 40.901326520172823 175.82001320443223 -0.043367647767142907 -0.007827871616730207 0.0081762733831098906 0.061282708919279123 5.0879728784238987
decision_type=2 2 2 2 2 2 2 2
left_child=1 3 6 -1 -5 -4 -3 -2
right_child=7 2 5 4 -6 -7 -8 -9
leaf_value=0.017407034212916304 0 0.022420220114147741 0.0081986133341619555 -0.000673832400103209 -0.023292636323379606 -0.028218809333323498 -0.0032709088376216499 -0.027726614428806157
leaf_weight=10.418926760554312 8.425341337919237 38.295304551720619 7.3875931650400188 35.36484207212925 24.609697759151459 9.8191211372613889 7.8755907267332068 15.420187994837759
leaf_count=42 34 154 30 143 100 40 32 63
internal_value=-0.00192308 0.00114723 0.00917089 -0.00592334 -0.0106493 -0.0125767 0.0177727 -0.0184835
internal_weight=157.617 133.771 63.3776 70.3935 59.9745 17.2067 46.1709 23.8455
internal_count=638 541 256 285 243 70 186 97
is_linear=0
shrinkage=0.03


Tree=21
num_leaves=9
num_cat=0
split_feature=3 9 11 36 3 36 21 16
split_gain=7.95386 10.8702 13.4975 10.5336 10.2355 7.82926 4.58937 2.33923
threshold=-0.015579664781356637 0.14002934051294855 0.024559093497619647 0.0048815766993560369 -0.057355145983547622 0.004621161926408518 0.01641277264917736 -33.309415915448248
decision_type=2 2 2 2 2 2 2 2
left_child=4 2 3 -2 -1 -4 -6 -8
right_child=1 -3 5 -5 6 -7 7 -9
leaf_value=0.011319900324783857 0.019668613150450764 -0.020050359053039337 -0.0044720077628794255 -0.0098810527429633987 -0.003058669629270842 0.026708262156485179 -0.0065068465977121733 -0.031858870554102754
leaf_weight=11.416281282901762 12.167502611875532 13.991329744458197 7.7061640471220008 43.089521989226341 14.064944088459013 29.85601831972599 7.3594704419374457 17.835867196321491
leaf_count=46 49 57 31 175 57 120 30 73
internal_value=-0.00188235 0.0026643 0.00659714 -0.00265254 -0.0114874 0.0200296 -0.0187102 -0.0260283
internal_weight=157.487 106.811 92.8192 55.257 50.6766 37.5622 39.2603 25.1953
internal_count=638 432 375 224 206 151 160 103
is_linear=0
shrinkage=0.03


Tree=22
num_leaves=9
num_cat=0
split_feature=34 12 16 36 38 38 34 18
split_gain=12.3618 12.3153 10.6843 9.66103 7.27651 5.87153 5.81589 0.390295
threshold=0.026408176255276809 65.928675886030618 -36.891255481809559 0.0076890429868764635 0.011520586655731796 0.011256605137215225 -0.038138333288536157 0.58214043262913329
decision_type=2 2 2 2 2 2 2 2
left_child=2 7 4 5 -1 -4 -5 -2
right_child=1 -3 3 6 -6 -7 -8 -9
leaf_value=0.0046192685561954362 -0.032449265814485463 0.0084319433153825125 0.0085391685512995492 0 0.04172233421261972 -0.0089612131854544374 -0.029607914233260049 -0.012031731782538947
leaf_weight=12.908660128712656 17.055376887321476 10.08171011507511 57.964069664478302 9.8234797716140765 7.4640022665262213 21.706680610775948 12.981602385640143 7.3481750190258017
leaf_count=52 70 41 234 40 30 88 53 30
internal_value=-0.00184048 -0.0172381 0.00256859 -0.00136915 0.0213979 0.00348476 -0.017845 -0.0282465
internal_weight=157.334 34.4853 122.848 102.476 20.3727 79.6708 22.8051 24.4036
internal_count=638 141 497 415 82 322 93 100
is_linear=0
shrinkage=0.03


Tree=23
num_leaves=8
num_cat=0
split_feature=34 5 36 15 23 11 34
split_gain=11.7424 11.1209 8.15008 8.18152 7.35707 6.9698 0.417451
threshold=0.026408176255276809 0.051764627193387043 0.0078203090662380126 144.41698996179451 0.99179588447191658 0.0056579344042724253 0.034551093974205867
decision_type=2 2 2 2 2 2 2
left_child=2 6 3 5 -4 -1 -2
right_child=1 -3 4 -5 -6 -7 -8
leaf_value=0.00059778925052991717 -0.013831292993758449 0.0022881481965555178 -0.024644781554919878 -0.012740297798285793 0.0062929306440722022 0.018150319216681681 -0.036282468280990014
leaf_weight=40.135189324617386 7.6277468800544765 14.524910345673559 14.619627445936205 14.493408679962156 9.6353540271520597 43.914296269416809 12.247064605355261
leaf_count=162 31 59 60 59 39 177 51
internal_value=-0.00179162 -0.0168208 0.00250044 0.00644915 -0.0122402 0.0101517 -0.030404
internal_weight=157.198 34.3997 122.798 98.5429 24.255 84.0495 19.8748
internal_count=638 141 497 398 99 339 82
is_linear=0
shrinkage=0.03


Tree=24
num_leaves=9
num_cat=0
split_feature=34 15 9 23 7 15 25 6
split_gain=11.1659 10.3983 9.86323 8.48746 8.39353 6.04649 5.94262 0.681446
threshold=0.026408176255276809 50.549838621060836 0.1297829140142098 0.9026428297514526 -0.0062929041341550787 85.256088682597905 0.51015882838283833 0.020630109293477295
decision_type=2 2 2 2 2 2 2 2
left_child=2 -2 3 5 -3 -1 -5 -4
right_child=1 4 7 6 -6 -7 -8 -9
leaf_value=-0.013574423567578967 -0.033635939544130848 -0.021992101614424407 -0.02510436279002725 0.0066978610442342606 0.014307403783091237 0.013765973024977351 0.028853495468838714 -0.0061672590189350033
leaf_weight=25.224367648363113 14.937504529953001 7.9573233425617227 7.7997481077909452 61.783474743366241 11.410545170307159 7.6652998924255362 12.903838828206061 7.3719144612550735
leaf_count=103 62 33 32 249 46 31 52 30
internal_value=-0.00175977 -0.0164389 0.00242025 0.00580175 -0.00056685 -0.00634867 0.011374 -0.0185664
internal_weight=157.054 34.3054 122.749 107.577 19.3679 32.8897 74.6873 15.1717
internal_count=638 141 497 435 79 134 301 62
is_linear=0
shrinkage=0.03


Tree=25
num_leaves=9
num_cat=0
split_feature=34 12 11 11 17 11 40 23
split_gain=10.9071 9.18877 8.62021 14.5023 9.45021 7.31008 6.84208 5.11303
threshold=0.001982249704764905 68.26435065238941 0.071438856379893015 0.0056579344042724253 0.2208825163192181 -0.015411527948392454 -0.047575993634514584 0.88656149195901868
decision_type=2 2 2 2 2 2 2 2
left_child=1 6 3 5 -5 -2 -1 -8
right_child=2 -3 -4 4 -6 -7 7 -9
leaf_value=-0.0067882996271188328 -0.0040300753643090371 -0.0098365065461246785 -0.025386166339263144 0.020171321167798704 -0.0059480001663571435 -0.033525970755301351 0.0028343749373687262 0.027950319208632918
leaf_weight=7.879777029156684 20.689973756670952 14.204445794224737 15.549008294939993 25.994129806756973 19.960152789950371 12.112986534833906 12.237213239073752 27.306257575750351
leaf_count=32 84 58 64 105 81 50 50 110
internal_value=0 0.00971292 -0.0062928 -0.00180212 0.00873873 -0.0166536 0.0160331 0.0210496
internal_weight=155.934 61.6277 94.3063 78.7572 45.9543 32.803 47.4232 39.5435
internal_count=634 250 384 320 186 134 192 160
is_linear=0
shrinkage=0.03


Tree=26
num_leaves=9
num_cat=0
split_feature=3 23 16 18 40 18 3 24
split_gain=8.62567 7.29944 6.1873 7.0653 5.98107 5.95787 6.44023 2.62467
threshold=0.054646614647119514 0.88656149195901868 -10.148722125105875 0.84556372555622827 -0.051835137888326714 0.45526485187493831 0.016326983897513862 0.17752715121136176
decision_type=2 2 2 2 2 2 2 2
left_child=1 5 4 -4 -3 -1 -7 -2
right_child=7 2 3 -5 -6 6 -8 -9
leaf_value=-0.02149565787962383 -0.0012626645214976263 -0.0038611218127595436 -0.0061008581009997171 0.016969125443007899 0.021731223713124474 0.012559296495675469 -0.016683320744934393 -0.024386314937997033
leaf_weight=14.531160011887549 8.6368263214826602 8.8664638549089414 38.824825778603554 14.834938332438467 32.359758540987968 15.986952960491182 8.7631080746650678 12.998742938041685
leaf_count=60 35 36 158 60 131 65 36 53
internal_value=0 0.00295461 0.00749676 0.000388211 0.0159561 -0.00748546 0.00117155 -0.016678
internal_weight=155.803 134.167 94.886 53.6598 41.2262 39.2812 24.7501 21.6356
internal_count=634 546 385 218 167 161 101 88
is_linear=0
shrinkage=0.03


Tree=27
num_leaves=9
num_cat=0
split_feature=34 12 11 11 21 40 13 34
split_gain=10.3612 9.09881 7.07228 13.446 8.00569 6.26182 6.15303 4.99516
threshold=0.0032294316815292272 68.26435065238941 0.071438856379893015 0.0056579344042724253 0.01724865381265028 -0.047575993634514584 5.7662928095743995 0.015885957688813627
decision_type=2 2 2 2 2 2 2 2
left_child=1 5 3 4 -2 -1 -7 -5
right_child=2 -3 -4 7 -6 6 -8 -9
leaf_value=-0.0065286561580464794 0 -0.010161275029115945 -0.023972017052802184 -0.0042300023149257175 -0.030235490166470279 0.025835857615360509 -0.00027747162982894491 0.015215454045243453
leaf_weight=7.8700309693813315 15.453581407666208 14.419968843460081 14.997055992484091 16.561327487230301 16.275934457778931 32.13061985373497 9.1275431066751462 28.877965077757835
leaf_count=32 63 59 62 67 67 130 37 117
internal_value=0 0.0091905 -0.0063429 -0.00220833 -0.0167847 0.0153393 0.0199663 0.00793241
internal_weight=155.714 63.5482 92.1659 77.1688 31.7295 49.1282 41.2582 45.4393
internal_count=634 258 376 314 130 199 167 184
is_linear=0
shrinkage=0.03


Tree=28
num_leaves=11
num_cat=0
split_feature=34 12 11 11 17 20 11 11 32 24
split_gain=9.82069 8.14644 7.79002 13.0667 8.88187 7.45238 6.95546 3.74043 2.61871 0.0682255
threshold=0.001982249704764905 68.26435065238941 0.071438856379893015 0.0056579344042724253 0.2208825163192181 0.022500304349244844 -0.015411527948392454 -0.012905878213306797 -0.010293159246970105 -0.14348198970840478
decision_type=2 2 2 2 2 2 2 2 2 2
left_child=1 5 3 6 -5 7 -2 -1 -7 -4
right_child=2 -3 9 4 -6 8 -8 -9 -10 -11
leaf_value=0.011216009992574199 -0.0036269287645543289 -0.0092547663851633155 -0.011273329971976113 0.019303843684483381 -0.0060058639784708783 0.0037625532377471107 -0.032438399327416524 -0.015233512005161336 0.027448553789592621 -0.03031459196942754
leaf_weight=7.4304256588220596 20.641684859991074 14.157577052712439 7.5000286102294922 26.002798348665237 19.949491024017334 7.6634508967399553 12.010253816843031 7.5491054952144605 24.76107090711594 7.9320148229598981
leaf_count=30 84 58 31 105 81 31 50 31 100 33
internal_value=0 0.00915148 -0.00605017 -0.00177229 0.00821099 0.0151044 -0.015918 -0.00145438 0.02283 -0.0242761
internal_weight=155.598 61.5616 94.0363 78.6042 45.9523 47.4041 32.6519 14.9795 32.4245 15.432
internal_count=634 250 384 320 186 192 134 61 131 64
is_linear=0
shrinkage=0.03


Tree=29
num_leaves=11
num_cat=0
split_feature=34 12 11 11 20 11 34 11 32 24
split_gain=9.33848 7.72513 7.45461 12.4047 7.05694 6.6509 4.04423 3.56978 2.45026 0.0543673
threshold=0.001982249704764905 68.26435065238941 0.071438856379893015 0.0056579344042724253 0.022500304349244844 -0.015411527948392454 0.015885957688813627 -0.012905878213306797 -0.010293159246970105 -0.14348198970840478
decision_type=2 2 2 2 2 2 2 2 2 2
left_child=1 4 3 5 7 -2 -5 -1 -6 -4
right_child=2 -3 9 6 8 -7 -8 -9 -10 -11
leaf_value=0.0109445212095176 -0.0035287831323328775 -0.0090205295442018964 -0.011021977071683372 -0.002748291386253821 0.0036729074477631725 -0.031763959168132988 0.014552535390919379 -0.01489785652997427 0.026691615371669957 -0.029722590903572804
leaf_weight=7.4358294010162354 20.635039865970612 14.141630053520201 7.4867444783449173 17.054135337471962 7.6637893468141511 11.94082325696945 28.897377178072929 7.5329215973615629 24.756134003400806 7.8878043144941312
leaf_count=30 84 58 31 69 31 50 117 31 100 33
internal_value=0 0.00889816 -0.00593184 -0.00174377 0.0146979 -0.015551 0.00797199 -0.0013996 0.0222156 -0.0237965
internal_weight=155.432 61.5303 93.9019 78.5274 47.3887 32.5759 45.9515 14.9688 32.4199 15.3745
internal_count=634 250 384 320 192 134 186 61 131 64
is_linear=0
shrinkage=0.03


Tree=30
num_leaves=7
num_cat=0
split_feature=3 22 22 34 38 25
split_gain=9.93852 6.52681 7.03229 6.1682 4.039 1.34337
threshold=-0.070602736626859272 -0.35786134965363675 -0.24074986165641962 0.034986160290540032 0.0091751330504961665 0.27055180180180188
decision_type=2 2 2 2 2 2
left_child=-1 5 4 -4 -3 -2
right_child=1 2 3 -5 -6 -7
leaf_value=0.029665511911042889 -0.024338336027247203 0.031875910318501004 0.0010706857838807323 -0.019362932807181567 0.00034565263831580993 -0.0044673516212623103
leaf_weight=7.9012867957353583 9.8145905733108538 7.6762070357799512 95.717150405049324 13.249524056911467 7.5490076541900635 8.5769463479518873
leaf_count=32 40 31 389 56 31 35
internal_value=0.000524746 -0.00137437 0.00107842 -0.00158292 0.0189686 -0.0171541
internal_weight=150.485 142.583 124.192 108.967 15.2252 18.3915
internal_count=614 582 507 445 62 75
is_linear=0
shrinkage=0.03


Tree=31
num_leaves=6
num_cat=0
split_feature=3 34 15 23 36
split_gain=9.47739 6.26493 6.78263 6.11494 2.68237
threshold=-0.070602736626859272 0.036878931604569794 209.2987062842613 0.93681161565353099 0.0065073011054223176
decision_type=2 2 2 2 2
left_child=-1 2 3 -2 -3
right_child=1 4 -4 -5 -6
leaf_value=0.028991047198284332 -0.0051852670052215909 -0.027505619410304074 -0.017840897209983209 0.0088418496683066311 -0.0011926012285217002
leaf_weight=7.8892590552568427 42.283101037144661 8.8297664374113101 13.130175754427908 70.98188616335392 7.2883210182189933
leaf_count=32 173 38 54 287 30
internal_value=0.000514969 -0.00133702 0.00090143 0.00347612 -0.0178803
internal_weight=150.403 142.513 126.395 113.265 16.1181
internal_count=614 582 514 460 68
is_linear=0
shrinkage=0.03


Tree=32
num_leaves=11
num_cat=0
split_feature=21 16 36 21 36 23 19 35 36 22
split_gain=6.79339 8.15631 7.94763 6.83362 8.77499 8.40537 8.22012 5.34252 5.32213 3.36026
threshold=0.024303447593452435 -9.0524171535030948 0.0058181111864939348 0.016357141239340751 0.0078203090662380126 0.99954084613876837 0.12371980145120746 0.014780030811669233 0.0045506404834245442 -0.15024266197397398
decision_type=2 2 2 2 2 2 2 2 2 2
left_child=3 9 -3 4 8 7 -7 -5 -1 -2
right_child=1 2 -4 5 -6 6 -8 -9 -10 -11
leaf_value=-0.0084524875270067332 0.0035593965526889782 0.018689048218359081 -0.015190593612459976 -3.0047095921685212e-05 -0.016739907687133453 0.017700681508605872 -0.012517147600568292 -0.02913023486045244 0.01660584857444183 0.032175670784039649
leaf_weight=7.6250257641077033 7.4022935926914242 8.1155296415090579 13.949705481529234 9.0496267974376696 11.15057100355625 12.822208866477014 15.715169504284857 20.120248347520828 31.789405331015587 12.550057232379912
leaf_count=31 30 33 57 37 46 52 64 84 129 51
internal_value=0.000485359 0.0105273 -0.00158884 -0.0033959 0.00436806 -0.0103686 0.000838966 -0.0211647 0.0112218 0.0235339
internal_weight=150.29 42.0176 22.0652 108.272 50.565 57.7073 28.5374 29.1699 39.4144 19.9524
internal_count=614 171 90 443 206 237 116 121 160 81
is_linear=0
shrinkage=0.03


Tree=33
num_leaves=7
num_cat=0
split_feature=3 22 22 3 38 25
split_gain=8.79496 6.16754 6.71527 5.81294 3.38158 1.24562
threshold=-0.070602736626859272 -0.35786134965363675 -0.23290625069976409 -0.045329618885478366 0.0091751330504961665 0.27055180180180188
decision_type=2 2 2 2 2 2
left_child=-1 5 4 -4 -3 -2
right_child=1 2 3 -5 -6 -7
leaf_value=0.027942491213784677 -0.023634408155981803 0.029002067620286093 -0.02238686530006815 0.00052231083975461513 0.00042274549176794422 -0.0043392269197140903
leaf_weight=7.8619152903556815 9.7755026370286959 8.6311419755220431 8.9575825035572034 98.816228583455086 7.5306390076875678 8.5610597431659681
leaf_count=32 40 35 37 404 31 35
internal_value=0.000467602 -0.00131299 0.00106964 -0.00161831 0.0180243 -0.0166761
internal_weight=150.134 142.272 123.936 107.774 16.1618 18.3366
internal_count=614 582 507 441 66 75
is_linear=0
shrinkage=0.03


Tree=34
num_leaves=6
num_cat=0
split_feature=3 35 3 2 37
split_gain=8.3948 5.7352 6.58446 6.1329 2.76195
threshold=-0.070602736626859272 0.059190206310181244 -0.045329618885478366 0.018353575036615836 0.015485414207445427
decision_type=2 2 2 2 2
left_child=-1 2 -2 -4 -3
right_child=1 4 3 -5 -6
leaf_value=0.027328475374453157 -0.020110132630174582 -0.0022036936847644514 0.008502065129744725 -0.0054790371981674989 -0.027595641525955891
leaf_weight=7.8426243960857382 9.9578577131032926 9.1446089744567889 72.536008879542351 42.456902682781219 8.13322466611862
leaf_count=32 41 38 296 173 34
internal_value=0.000456672 -0.00127948 0.00094253 0.00320642 -0.0165575
internal_weight=150.071 142.229 124.951 114.993 17.2778
internal_count=614 582 510 469 72
is_linear=0
shrinkage=0.03


Tree=35
num_leaves=7
num_cat=0
split_feature=35 14 5 20 20 34
split_gain=8.2664 7.34429 7.07838 6.02738 6.80514 4.88423
threshold=0.05685331462893662 -5.7998740614420958 0.18133138799758899 0.035673409771503954 0.030540101243849833 -0.002991407225890141
decision_type=2 2 2 2 2 2
left_child=2 -2 3 4 -1 -5
right_child=1 -3 -4 5 -6 -7
leaf_value=0.004957289792634917 0.004050451487157678 -0.02832745791545788 -0.022171334543010728 0.031651910085985911 -0.015586492358992348 0.0017209635209927848
leaf_weight=91.168440476059914 8.5634960085153597 13.760951042175291 7.2266728132963172 10.521212071180345 15.03670811653137 10.337875947356222
leaf_count=371 35 58 30 43 62 42
internal_value=3.54654e-05 -0.015979 0.00300318 0.00487256 0.00167571 0.0189226
internal_weight=156.615 22.3244 134.291 127.064 106.205 20.8591
internal_count=641 93 548 518 433 85
is_linear=0
shrinkage=0.03


Tree=36
num_leaves=9
num_cat=0
split_feature=34 23 33 36 5 15 33 21
split_gain=7.04062 8.07638 8.33752 6.63203 5.3568 4.5278 3.62808 3.53454
threshold=0.026408176255276809 0.87599002304872053 0.1092965574946211 0.0071701010779905714 0.069490326204467726 144.41698996179451 0.59765266825600605 0.016586432848311218
decision_type=2 2 2 2 2 2 2 2
left_child=1 4 -3 6 7 -4 -2 -1
right_child=3 2 5 -5 -6 -7 -8 -9
leaf_value=0 -0.029150821970638369 0.030033169722137192 0.0075968453203018524 0.0089748709762520196 0.0064749751431733733 -0.0098531551870120419 -0.0033505880918827781 -0.024157586583582281
leaf_weight=8.0542358309030551 13.557690680027013 11.636886969208716 63.902111515402794 7.8341255635023108 11.90675839781761 14.333722978830336 10.133175089955328 15.133976787328718
leaf_count=33 58 47 259 32 49 59 42 62
internal_value=2.51814e-05 0.00334655 0.0081555 -0.0121078 -0.0083398 0.00404694 -0.0198192 -0.0164526
internal_weight=156.493 124.968 89.8727 31.525 35.095 78.2358 23.6909 23.1882
internal_count=641 509 365 132 144 318 100 95
is_linear=0
shrinkage=0.03


Tree=37
num_leaves=8
num_cat=0
split_feature=3 34 21 36 17 16 3
split_gain=7.68175 7.25469 10.628 5.36495 5.12967 4.51516 4.52451
threshold=-0.070602736626859272 0.003435265100630636 0.015875930260948141 0.0048815766993560369 1.1602500745759665 -33.309415915448248 -0.017341745531019966
decision_type=2 2 2 2 2 2 2
left_child=-1 5 4 -4 -3 -2 -7
right_child=1 2 3 -5 -6 6 -8
leaf_value=0.02616965024737199 0.02246378505466979 0.018022769574927443 -0.0023016690906377067 -0.021668328718936349 -0.0073368409433120065 -0.014841576755320664 0.0059711341324348178
leaf_weight=7.5698393881320944 10.079050093889235 15.706777676939966 23.561165511608124 34.605183020234108 9.5890793502330762 9.5359587520360929 45.710413619875908
leaf_count=31 41 64 97 144 39 39 186
internal_value=1.60741e-05 -0.00154452 -0.00740571 -0.0144102 0.00802678 0.00571871 0.00172366
internal_weight=156.357 148.788 83.4622 58.1663 25.2959 65.3254 55.2464
internal_count=641 610 344 241 103 266 225
is_linear=0
shrinkage=0.03


Tree=38
num_leaves=7
num_cat=0
split_feature=35 10 14 10 24 35
split_gain=7.52615 7.57891 6.81148 4.79323 7.46056 5.1484
threshold=0.05685331462893662 0.066350385896099109 -5.7998740614420958 0.025240524235628507 -0.58713882052684341 0.0022868926035960473
decision_type=2 2 2 2 2 2
left_child=1 3 -2 4 -1 -5
right_child=2 -3 -4 5 -6 -7
leaf_value=0.02038570712972013 0.0039128464927398153 -0.021000827390695462 -0.027298673774327802 -0.0001829312317078373 -0.0023052836257440169 0.022924855776202045
leaf_weight=13.445584401488302 8.5438315719366091 8.8671641051769239 13.610631585121153 11.9398076236248 79.061485350131989 20.736817255616188
leaf_count=55 35 37 58 49 323 84
internal_value=2.25978e-05 0.00285532 -0.0153137 0.00496673 0.00119567 0.0145253
internal_weight=156.205 134.051 22.1545 125.184 92.5071 32.6766
internal_count=641 548 93 511 378 133
is_linear=0
shrinkage=0.03


Tree=39
num_leaves=6
num_cat=0
split_feature=3 35 14 33 11
split_gain=7.2587 7.32697 7.39698 9.6583 5.92877
threshold=-0.070602736626859272 0.05685331462893662 211.35666344676068 0.85676405920971155 -0.010522018820296184
decision_type=2 2 2 2 2
left_child=-1 2 3 -2 -3
right_child=1 4 -4 -5 -6
leaf_value=0.02547847906003441 -0.00046614983015278924 0.0028974021864248837 -0.018201941817031154 0.02052757127187288 -0.027650488488724378
leaf_weight=7.5419344007968894 91.579039335250854 7.1494051218032864 13.423938646912573 22.675649404525757 13.713176563382147
leaf_count=31 374 30 56 92 58
internal_value=1.46134e-05 -0.00149995 0.00117339 0.00385283 -0.0171882
internal_weight=156.083 148.541 127.679 114.255 20.8626
internal_count=641 610 522 466 88
is_linear=0
shrinkage=0.03


Tree=40
num_leaves=11
num_cat=0
split_feature=21 21 36 19 34 32 5 0 11 34
split_gain=5.66705 13.7096 11.8908 7.34688 6.73077 5.31912 6.41095 4.17142 3.10613 1.09072
threshold=0.024475688753258576 0.01641277264917736 0.0078623172955767425 0.18188456087751267 0.034551093974205867 0.0070853115261539932 0.033124212007912497 0.0018180225399476726 0.0093540714523929775 -0.0064129415175119822
decision_type=2 2 2 2 2 2 2 2 2 2
left_child=1 2 4 9 -1 8 -7 -5 -3 -2
right_child=3 5 -4 7 -6 6 -8 -9 -10 -11
leaf_value=0.019386327448501991 0.031554594615760101 -0.029096207313968073 -0.020051411189452716 0.0094783086675410532 -0.0075899269192279059 0.016189903266835629 -0.01600035709139502 -0.014897767466372357 -0.010252401411339955 0.0086064810312446206
leaf_weight=35.093773737549782 8.0741055309772474 17.417959049344063 9.7296699583530408 10.677854940295221 8.6404360979795438 9.0814368128776568 9.1919555962085706 10.215032383799551 25.568578630685806 7.6366841644048682
leaf_count=142 33 73 40 44 36 37 38 42 106 31
internal_value=-0.000685691 -0.00406211 0.0067279 0.00917037 0.0136299 -0.0136311 0 -0.00204483 -0.0191754 0.0234785
internal_weight=151.327 114.724 53.4639 36.6037 43.7342 61.2599 18.2734 20.8929 42.9865 15.7108
internal_count=622 472 218 150 178 254 75 86 179 64
is_linear=0
shrinkage=0.03


Tree=41
num_leaves=11
num_cat=0
split_feature=21 21 36 19 34 3 5 0 6 16
split_gain=5.42041 12.9539 11.2826 7.01661 6.38385 5.25841 5.87573 3.96823 2.22423 1.5747
threshold=0.024475688753258576 0.01641277264917736 0.0078623172955767425 0.18188456087751267 0.034551093974205867 -0.0059678209782444971 0.028670787551334346 0.0018180225399476726 -0.022794123783846144 -9.5405200900012836
decision_type=2 2 2 2 2 2 2 2 2 2
left_child=1 2 4 9 -1 8 -7 -5 -3 -2
right_child=3 5 -4 7 -6 6 -8 -9 -10 -11
leaf_value=0.018845265764956144 0.031939609148831004 -0.0049972553877233169 -0.019597278813758095 0.0092373520868177274 -0.0074121450449263267 0.0082839372952691562 -0.014686349793492816 -0.014537039708046933 -0.029317622691590838 0.0073644418144510823
leaf_weight=35.075982168316841 8.0184639096260053 7.2161092609167126 9.7032314091920835 10.679833590984346 8.6303734928369504 14.791167706251143 21.716527163982391 10.20424899458885 17.408523246645927 7.6723700314760199
leaf_count=142 33 30 40 44 36 60 90 42 74 31
internal_value=-0.000671291 -0.00397898 0.0065072 0.00896779 0.0132348 -0.013294 -0.00504347 -0.00197891 -0.0236648 0.022962
internal_weight=151.117 114.542 53.4096 36.5749 43.7064 61.1323 36.5077 20.8841 24.6246 15.6908
internal_count=622 472 218 150 178 254 150 86 104 64
is_linear=0
shrinkage=0.03


Tree=42
num_leaves=12
num_cat=0
split_feature=23 3 28 11 15 11 22 17 3 22 2
split_gain=9.04007 7.21823 7.23828 5.80995 9.61612 7.57389 4.48393 4.31309 3.93608 3.72186 3.04237
threshold=0.9775575514670628 0.02119071349731572 4.5000000000000009 0.011641322862443017 144.41698996179451 -0.013731186905494628 0.021352234378014482 5.0582662768468163 0.042892740875840836 0.29405429840930192 -0.0036928496909519044
decision_type=2 2 2 2 2 2 2 2 2 2 2
left_child=1 2 -1 5 9 7 -4 -2 -3 -5 -7
right_child=3 8 6 4 -6 10 -8 -9 -10 -11 -12
leaf_value=-0.020134796213510463 0.018806699178178218 -0.033268706573774932 -0.0049488083889730455 0.027879491828825716 -0.0096658892691060243 -0.00031211150585306642 0.014673926258244954 -0.0033974197909277652 -0.003233476795809943 0.0013042034819034376 -0.027806658469335954
leaf_weight=12.498589321970938 13.288583353161814 11.574647814035417 18.718396678566933 22.376648202538494 9.6709005534648878 7.4249946027994147 18.207707986235619 13.293079227209089 7.8800561726093283 7.6545802950859061 8.2916327863931638
leaf_count=53 54 48 78 91 40 31 75 54 33 31 34
internal_value=-0.00065833 -0.00862718 -0.00190436 0.00590287 0.0138935 -0.00154739 0.00459833 0.00771721 -0.0232377 0.0220785 -0.0171657
internal_weight=150.88 68.8794 49.4247 82.0004 39.7021 42.2983 36.9261 26.5817 19.4547 30.0312 15.7166
internal_count=622 287 206 335 162 173 153 108 81 122 65
is_linear=0
shrinkage=0.03


Tree=43
num_leaves=12
num_cat=0
split_feature=23 36 3 15 11 15 11 38 1 26 23
split_gain=8.57539 7.72129 8.00739 6.43157 5.5189 9.14055 7.21859 3.13374 3.00333 2.65522 2.47312
threshold=0.9775575514670628 0.0052746946737428314 0.021611217242513806 51.556621706345986 0.011641322862443017 144.41698996179451 -0.013731186905494628 0.0091284565622679319 0.034134607844428906 0.16182423884625119 1.0835560402004376
decision_type=2 2 2 2 2 2 2 2 2 2 2
left_child=1 9 3 -3 6 8 7 -2 -6 -1 -8
right_child=4 2 -4 -5 5 -7 10 -9 -10 -11 -12
leaf_value=-0.0035425094320021169 0.016878587431049662 -0.0042668747737293483 -0.018889872530047841 0.020908478801000684 0.026789174781928948 -0.0094323448588387471 -0.0018639270034953013 -0.0019417371233685574 0.002224953440108994 -0.028445080192005937 -0.027262545261059441
leaf_weight=7.6527613550424602 13.345466598868372 17.748163551092148 13.395707368850706 14.38758611679077 22.326566725969318 9.662685811519621 8.0250586122274381 13.234642580151556 7.6680870801210395 15.587008163332937 7.6636797338724127
leaf_count=32 54 74 56 59 91 40 33 54 31 66 32
internal_value=-0.000664231 -0.00843429 -0.00068263 0.00712967 0.00572502 0.0135197 -0.00152962 0.00750271 0.0215098 -0.0217696 -0.0167984
internal_weight=150.697 68.7712 45.5315 32.1357 81.9262 39.6573 42.2688 26.5801 29.9947 23.2398 15.6887
internal_count=622 287 189 133 335 162 173 108 122 98 65
is_linear=0
shrinkage=0.03


Tree=44
num_leaves=11
num_cat=0
split_feature=21 21 36 19 34 32 21 2 36 34
split_gain=5.1542 11.8721 10.5224 6.52565 5.83922 5.06153 5.47194 4.04891 2.70272 1.13427
threshold=0.024475688753258576 0.01641277264917736 0.0078623172955767425 0.18188456087751267 0.034551093974205867 0.0070853115261539932 0.019671870611717494 0.0080299733207421804 0.0050174476351997283 -0.0064129415175119822
decision_type=2 2 2 2 2 2 2 2 2 2
left_child=1 2 4 9 -1 8 -7 -5 -3 -2
right_child=3 5 -4 7 -6 6 -8 -9 -10 -11
leaf_value=0.018038233982422793 0.030290519563916249 -0.0067341112181366061 -0.01909759102391741 0.0086503798822936025 -0.0070798669840456477 0.013553537604775834 -0.01647724925291906 -0.015519240551924048 -0.024558232489271137 0.0077291376551972225
leaf_weight=34.96252778172493 8.0082374513149244 17.293938398361206 9.656181335449217 11.602656334638597 8.590954437851904 10.469935834407808 7.7018189430236808 9.2155027091503126 25.327443823218346 7.6342436075210562
leaf_count=142 33 72 40 48 36 43 32 38 107 31
internal_value=-0.000665776 -0.00390282 0.00614297 0.00874221 0.0126611 -0.01285 0 -0.00181382 -0.0182881 0.0222542
internal_weight=150.463 114.003 53.2097 36.4606 43.5535 60.7931 18.1718 20.8182 42.6214 15.6425
internal_count=622 472 218 150 178 254 75 86 179 64
is_linear=0
shrinkage=0.03


Tree=45
num_leaves=6
num_cat=0
split_feature=3 35 33 36 9
split_gain=9.49902 4.8999 5.53538 10.5783 6.06694
threshold=-0.063774934734442831 0.070056660669368123 0.86079982937259558 0.0061307361935033838 -0.024610081294204601
decision_type=2 2 2 2 2
left_child=-1 2 4 -4 -2
right_child=1 -3 3 -5 -6
leaf_value=0.026639206118262624 0.0045411462720037982 -0.022935896953812616 0.023646770350971402 -0.008716345077323719 -0.01039629942084945
leaf_weight=7.7279450595378867 33.453271552920341 9.3934436291456205 16.852526277303696 15.160946995019911 72.302789881825447
leaf_count=32 137 41 69 63 299
internal_value=-0.00192764 -0.00386539 -0.00214821 0.00826792 -0.00553542
internal_weight=154.891 147.163 137.77 32.0135 105.756
internal_count=641 609 568 132 436
is_linear=0
shrinkage=0.03


Tree=46
num_leaves=10
num_cat=0
split_feature=20 21 21 28 16 1 33 21 6
split_gain=6.97705 4.32742 7.30314 12.6824 5.37767 7.86005 4.86153 3.50992 0.759792
threshold=0.036159952171666614 0.01641277264917736 0.018623517724971419 6.5000000000000009 -0.75274021057167306 0.0013748356291944932 0.1092965574946211 0.0303418837948858 0.0080324830542175957
decision_type=2 2 2 2 2 2 2 2 2
left_child=1 4 8 -4 6 -6 -1 -2 -3
right_child=7 2 3 -5 5 -7 -8 -9 -10
leaf_value=0.007969778239430729 0.023299401713095368 -0.025361511389965844 -0.01844231072683495 0.010898170305853458 0.02837259147277282 -0.0010231487896876377 -0.017261778224145794 0 -0.0082714373345558773
leaf_weight=8.5167235285043734 11.178884878754618 18.093538254499439 21.468593955039978 28.183649078011513 10.720917493104936 20.061423972249031 16.440172895789146 10.881537795066832 9.1947655975818616
leaf_count=35 46 78 90 115 44 82 68 45 38
internal_value=-0.00186397 -0.00458279 -0.00913432 -0.00172052 0.00153897 0.00986364 -0.00814241 0.0128863 -0.0210732
internal_weight=154.74 132.68 76.9405 49.6522 55.7392 30.7823 24.9569 22.0604 27.2883
internal_count=641 550 321 205 229 126 103 91 116
is_linear=0
shrinkage=0.03


Tree=47
num_leaves=10
num_cat=0
split_feature=23 21 15 0 9 40 15 38 2
split_gain=7.84565 6.13863 7.40534 7.47729 3.33734 5.00726 4.13664 2.51218 2.10462
threshold=0.93781665936016301 0.025288659031602816 130.05556959069935 0.0077632292773344167 0.037307275058931132 0.035674938875034486 -40.884135990782319 0.010592469825008924 0.030482419776281636
decision_type=2 2 2 2 2 2 2 2 2
left_child=4 2 3 -2 6 -6 -1 -8 -3
right_child=1 8 -4 -5 5 -7 7 -9 -10
leaf_value=0 0.010493041840941129 0.022068753633475692 -0.022608774317173813 -0.010054511528088055 0.01005897541473149 -0.015564422594461185 -0.029069080863078529 -0.0045071777667960774 0.00046049252127387732
leaf_weight=10.121523931622503 41.650479391217232 15.308797717094423 10.017486587166784 22.686259359121323 13.257769629359247 10.316999360918997 16.080790460109714 7.7871392816305152 7.3209160417318335
leaf_count=42 171 63 42 93 55 44 68 33 30
internal_value=-0.00181001 0.00327723 -0.000810467 0.0029368 -0.010455 -0.000908296 -0.0162414 -0.0226034 0.0162923
internal_weight=154.548 96.9839 74.3542 64.3367 57.5642 23.5748 33.9895 23.8679 22.6297
internal_count=641 399 306 264 242 99 143 101 93
is_linear=0
shrinkage=0.03


Tree=48
num_leaves=8
num_cat=0
split_feature=3 26 7 12 18 10 5
split_gain=8.77067 4.72515 4.70025 5.94675 4.77821 3.32879 6.62639
threshold=-0.063774934734442831 0.50144508670520238 0.020346054471637821 55.184520434825487 0.98754251861599263 0.026283489450296908 -0.010507001880664333
decision_type=2 2 2 2 2 2 2
left_child=-1 2 3 -2 -4 6 -3
right_child=1 5 4 -5 -6 -7 -8
leaf_value=0.02575599906467612 -0.0042949883886217472 0.016225552377173356 0.0081585766546907988 -0.022241375568976807 -0.013801822928781411 0.02147794472650446 -0.01664665034110965
leaf_weight=7.6696874797344199 56.315535470843315 9.0304091572761571 29.917772486805916 24.441057279706001 10.17029385268688 7.7623279094696036 9.041762501001358
leaf_count=32 234 37 123 103 42 32 38
internal_value=-0.00177312 -0.00364058 -0.00619578 -0.010314 0.00183975 0.00735924 0
internal_weight=154.349 146.679 120.845 80.7566 40.0881 25.8345 18.0722
internal_count=641 609 502 337 165 107 75
is_linear=0
shrinkage=0.03


Tree=49
num_leaves=9
num_cat=0
split_feature=20 26 17 17 13 28 36 26
split_gain=6.18875 5.95488 5.39868 5.44007 4.16162 6.87879 5.76034 4.07537
threshold=0.036159952171666614 0.41949884792626735 -5.0174942228228465 -0.17261088056337212 -1.304714360667983 3.5000000000000004 0.0058181111864939348 0.2908566545609913
decision_type=2 2 2 2 2 2 2 2
left_child=1 4 -3 -4 5 -1 -6 -2
right_child=7 2 3 -5 6 -7 -8 -9
leaf_value=-0.018052576057886578 0.020980037044569608 -0.014717852069672572 0.026078701451154093 3.2355708129588954e-05 -0.0028917785507764047 0.0075838184535135028 -0.022684991271287164 -0.0032989949619270198
leaf_weight=11.815799772739409 14.190922215580942 6.9414729028940192 11.245797455310823 18.460608124732971 28.628826841711998 27.410722881555557 27.736007273197174 7.7884688526391974
leaf_count=50 59 30 46 76 119 114 115 32
internal_value=-0.00171304 -0.00428341 0.00555001 0.0113887 -0.00824354 -0.000275677 -0.0133322 0.0121936
internal_weight=154.219 132.239 36.6479 29.7064 95.5914 39.2265 56.3648 21.9794
internal_count=641 550 152 122 398 164 234 91
is_linear=0
shrinkage=0.03


end of trees

feature_importances:
macro_usdjpy_vol_20=35
volatility=33
macro_usdjpy_ret_20=31
ma_20_60_cross=29
return_5d=27
vol_ratio=22
macd_signal=20
macro_usdjpy_ret_60=14
macd_hist=13
month=13
macro_topix_vol_20=13
div_ma_60=12
atr_pct=12
vol_change=11
return_3d=10
macd_hist_change=10
upper_shadow_pct=8
return_20d=7
div_ma_5=7
rsi=7
macd=7
bb_bandwidth=7
candle_body_pct=7
return_1d=6
div_ma_10=6
bb_pct_b=6
price_position_20d=6
macro_nikkei_ret_20=6
return_10d=5
gap=5
ma_5_20_cross=4
rsi_change=4
lower_shadow_pct=4
return_2d=3
macro_topix_ret_20=3
div_ma_20=2
streak=1

parameters:
[boosting: gbdt]
[objective: binary]
[metric: binary_logloss]
[tree_learner: serial]
[device_type: cpu]
[data_sample_strategy: bagging]
[data: ]
[valid: ]
[num_iterations: 50]
[learning_rate: 0.03]
[num_leaves: 15]
[num_threads: 0]
[seed: 42]
[deterministic: 0]
[force_col_wise: 0]
[force_row_wise: 0]
[histogram_pool_size: -1]
[max_depth: 4]
[min_data_in_leaf: 30]
[min_sum_hessian_in_leaf: 0.001]
[bagging_fraction: 0.7]
[pos_bagging_fraction: 1]
[neg_bagging_fraction: 1]
[bagging_freq: 5]
[bagging_seed: 400]
[bagging_by_query: 0]
[feature_fraction: 0.6]
[feature_fraction_bynode: 1]
[feature_fraction_seed: 30056]
[extra_trees: 0]
[extra_seed: 12879]
[early_stopping_round: 0]
[early_stopping_min_delta: 0]
[first_metric_only: 0]
[max_delta_step: 0]
[lambda_l1: 0.5]
[lambda_l2: 2]
[linear_lambda: 0]
[min_gain_to_split: 0]
[drop_rate: 0.1]
[max_drop: 50]
[skip_drop: 0.5]
[xgboost_dart_mode: 0]
[uniform_drop: 0]
[drop_seed: 17869]
[top_rate: 0.2]
[other_rate: 0.1]
[min_data_per_group: 100]
[max_cat_threshold: 32]
[cat_l2: 10]
[cat_smooth: 10]
[max_cat_to_onehot: 4]
[top_k: 20]
[monotone_constraints: ]
[monotone_constraints_method: basic]
[monotone_penalty: 0]
[feature_contri: ]
[forcedsplits_filename: ]
[refit_decay_rate: 0.9]
[cegb_tradeoff: 1]
[cegb_penalty_split: 0]
[cegb_penalty_feature_lazy: ]
[cegb_penalty_feature_coupled: ]
[path_smooth: 0]
[interaction_constraints: ]
[verbosity: -1]
[saved_feature_importance_type: 0]
[use_quantized_grad: 0]
[num_grad_quant_bins: 4]
[quant_train_renew_leaf: 0]
[stochastic_rounding: 1]
[linear_tree: 0]
[max_bin: 255]
[max_bin_by_feature: ]
[min_data_in_bin: 5]
[bin_construct_sample_cnt: 200000]
[data_random_seed: 175]
[is_enable_sparse: 1]
[enable_bundle: 1]
[use_missing: 1]
[zero_as_missing: 0]
[feature_pre_filter: 1]
[pre_partition: 0]
[two_round: 0]
[header: 0]
[label_column: ]
[weight_column: ]
[group_column: ]
[ignore_column: ]
[categorical_feature: ]
[forcedbins_filename: ]
[precise_float_parser: 0]
[parser_config_file: ]
[objective_seed: 16083]
[num_class: 1]
[is_unbalance: 0]
[scale_pos_weight: 1]
[sigmoid: 1]
[boost_from_average: 1]
[reg_sqrt: 0]
[alpha: 0.9]
[fair_c: 1]
[poisson_max_delta_step: 0.7]
[tweedie_variance_power: 1.5]
[lambdarank_truncation_level: 30]
[lambdarank_norm: 1]
[label_gain: ]
[lambdarank_position_bias_regularization: 0]
[eval_at: ]
[multi_error_top_k: 1]
[auc_mu_weights: ]
[num_machines: 1]
[local_listen_port: 12400]
[time_out: 120]
[machine_list_filename: ]
[machines: ]
[gpu_platform_id: -1]
[gpu_device_id: -1]
[gpu_use_dp: 0]
[num_gpu: 1]

end of parameters

pandas_categorical:[]
