tree
version=v4
num_class=1
num_tree_per_iteration=1
label_index=0
max_feature_idx=44
objective=binary sigmoid:1
feature_names=return_1d return_2d return_3d return_5d return_10d return_20d div_ma_5 div_ma_10 div_ma_20 div_ma_60 ma_5_20_cross ma_20_60_cross rsi rsi_change macd macd_signal macd_hist macd_hist_change bb_pct_b bb_bandwidth atr_pct volatility vol_change vol_ratio candle_body_pct upper_shadow_pct lower_shadow_pct day_of_week month is_month_end is_month_start streak gap price_position_20d macro_usdjpy_ret_20 macro_usdjpy_ret_60 macro_usdjpy_vol_20 macro_topix_ret_20 macro_topix_vol_20 macro_topix_above_200dma macro_nikkei_ret_20 macro_nikkei_above_200dma macro_nikkei_vi macro_jgb10y macro_bias_score
feature_infos=[-0.13655705996131529:0.14340076106549171] [-0.17302704705446459:0.13939515321450036] [-0.24313326551373349:0.13251339020035702] [-0.24772497472194133:0.15508021390374327] [-0.27766990291262139:0.21037463976945237] [-0.32750828562820122:0.26342537692698631] [-0.1709690599115998:0.10665270993254242] [-0.21866521975040698:0.12251518905208526] [-0.26648317791562254:0.15650762268394663] [-0.30432433696010724:0.25280113014694672] [-0.15962449342521501:0.10857407429970878] [-0.12910427792581369:0.16194909857484796] [8.1632653061224403:96.875] [-25.201612903225808:23.316276844748934] [-210.42507191545383:184.00380699638936] [-173.97589317650653:173.50109370230982] [-78.411342885952351:52.014143279971329] [-27.233339646953127:21.410470343030575] [-0.23964468033716274:1.5077731535436663] [0.024762768320547853:0.44524114931100872] [0.010177501581513043:0.063096454107690061] [0.0077007658256716804:0.052397898686469782] [-0.85759104690774146:7.3141979768786118] [0.53504839685636885:2.0088397259980812] [-0.98979591836734693:1] [0:0.92307692307692313] [0:0.97727272727272729] [0:4] [1:12] none [0:1] [-7:7] [-0.065420560747663559:0.13440860215053774] [0:1] [-0.10288784967882303:0.08505611680078462] [-0.13986255140503889:0.13160084488587853] [0.0024251968629527628:0.011841457708833433] [-0.22586491944566001:0.19897857359448179] [0.0040695656242548776:0.036437272436454948] [0:1] [-0.22859537662338159:0.23022297972565586] [0:1] none none none
tree_sizes=1068 886 1289 988 1196 681 781 1296 679 1087 885 1208 1314 1209 972 1063 1209 1210 1061 999 1091 1081 784 784 680 1099 892 895 1522 1392 1144 993 995 970 1186 785 951 768 895 979 772 1101 671 986 971 870 987 1048 1092 1078

Tree=0
num_leaves=9
num_cat=0
split_feature=16 35 14 14 36 35 18 16
split_gain=12.4435 7.16385 7.43131 6.34593 8.62557 8.46445 4.54194 2.03102
threshold=-7.8067594845224484 0.013177225799022587 -41.648147886952749 -22.816741742470182 0.0080256770953464653 0.01753819340906038 0.39735796105466198 1.5323453286618181
decision_type=2 2 2 2 2 2 2 2
left_child=1 2 -1 7 5 -5 -3 -2
right_child=3 6 -4 4 -6 -7 -8 -9
leaf_value=-0.14066076659813639 -0.160204369836009 -0.12539053397454186 -0.17489152183565451 -0.14975315746332518 -0.190264476830214 -0.1713195568237767 -0.15703066117076844 -0.14188321660342809
leaf_weight=8.1979298293590563 7.4526634812355068 13.166372150182726 10.930573105812071 21.612724095582962 12.917950034141539 49.187578976154327 7.4526634812355033 9.1916182935237867
leaf_count=33 30 53 44 87 52 198 30 37
internal_value=-0.160091 -0.146395 -0.159226 -0.165806 -0.16924 -0.164451 -0.134958 -0.150116
internal_weight=140.11 39.7475 19.1285 100.363 83.7183 70.8003 20.619 16.6443
internal_count=564 160 77 404 337 285 83 67
is_linear=0
shrinkage=1


Tree=1
num_leaves=7
num_cat=0
split_feature=5 1 16 34 5 13
split_gain=12.5063 6.65186 7.49063 6.2435 5.72935 4.25075
threshold=-0.06941166069182074 -0.025322392951290792 -7.8067594845224484 0.0099806677244137516 -0.0247161850305842 -0.31560476684576594
decision_type=2 2 2 2 2 2
left_child=5 -2 4 -4 -3 -1
right_child=1 2 3 -5 -6 -7
leaf_value=0.032509723310422886 -0.024346487015762919 -0.0028168294282816956 -0.014489398859538651 0.0010160804477174145 0.025801435660649002 0.0020480022404758399
leaf_weight=9.9470303058624285 11.67179127037525 9.4453319907188433 39.222492948174477 49.658035188913345 11.682511836290358 8.4562652111053449
leaf_count=40 47 38 158 200 47 34
internal_value=-0.0008239 -0.00450251 -0.00186603 -0.00582964 0.0132217 0.0208206
internal_weight=140.083 121.68 110.008 88.8805 21.1278 18.4033
internal_count=564 490 443 358 85 74
is_linear=0
shrinkage=0.03


Tree=2
num_leaves=11
num_cat=0
split_feature=8 18 1 19 9 34 2 10 14 21
split_gain=11.8459 8.23458 5.56595 8.59072 6.79197 6.26957 4.85171 7.48021 4.54107 2.04319
threshold=-0.014589608768857188 0.089888792939081141 0.018899392628941362 0.11217261560189841 0.033538519620849153 0.023982079793153258 0.0046431275265548253 -0.014176473771928653 26.321813885942223 0.016191255338981667
decision_type=2 2 2 2 2 2 2 2 2 2
left_child=1 9 3 4 -2 -5 7 -3 -4 -1
right_child=2 6 8 5 -6 -7 -8 -9 -10 -11
leaf_value=-0.01386833444845598 -0.0073691992589334709 0.041479215349389913 -0.0056085924211610729 -0.0096676748528606027 0.021191876255703887 -0.038894470154308081 0 0.0023140355302270661 0.018416129344309883 0.0049755818683495578
leaf_weight=8.1978878229856473 33.241810411214828 12.194005787372591 13.160294875502588 21.099170580506325 7.4525648206472388 11.166020780801771 7.4594367146491996 7.9479935765266445 10.675436690449713 7.45961108803749
leaf_count=33 134 49 53 85 30 45 30 32 43 30
internal_value=-0.000784952 0.0118181 -0.00669447 -0.010803 -0.00103963 -0.0218998 0.021257 0.0283071 0.00516357 -0.00449444
internal_weight=140.054 43.2589 96.7953 72.9596 40.6944 32.2652 27.6014 20.142 23.8357 15.6575
internal_count=564 174 390 294 164 130 111 81 96 63
is_linear=0
shrinkage=0.03


Tree=3
num_leaves=8
num_cat=0
split_feature=5 16 5 2 2 27 18
split_gain=11.509 4.91308 6.9849 5.30967 7.07828 2.11131 2.09578
threshold=-0.06941166069182074 -7.8067594845224484 -0.0247161850305842 0.026020525577040269 0.011059198062303601 2.5000000000000004 0.12280622355446943
decision_type=2 2 2 2 2 2 2
left_child=6 2 -2 4 -3 -5 -1
right_child=1 3 -4 5 -6 -7 -8
leaf_value=0.0056828193558643375 -0.0081606951133290969 -0.0059345940444635627 0.020379441777218107 -0.0025278887558508665 -0.029060940101448631 0.014709104552243828 0.029381209230970824
leaf_weight=9.2139787077903765 12.667071267962458 60.482736974954605 13.694930315017698 11.169421896338465 14.378757670521734 9.1893932670354825 9.2212171256542188
leaf_count=37 51 244 55 45 58 37 37
internal_value=-0.000752839 -0.00429136 0.00652847 -0.00751383 -0.0112123 0.00520131 0.0199861
internal_weight=140.018 121.582 26.362 95.2203 74.8615 20.3588 18.4352
internal_count=564 490 106 384 302 82 74
is_linear=0
shrinkage=0.03


Tree=4
num_leaves=10
num_cat=0
split_feature=4 37 14 9 36 36 36 7 10
split_gain=10.9762 7.50374 9.62843 6.5172 9.42331 5.65263 5.61203 5.36713 5.35089
threshold=-0.010066561064977051 -0.0036440729663224087 -12.354596963733909 -0.034588039638702543 0.0041188779728217962 0.0080256770953464653 0.0076916350943581433 -0.023467177415413373 -0.0060036248034853737
decision_type=2 2 2 2 2 2 2 2 2
left_child=1 6 -3 -2 -5 -6 7 -1 -4
right_child=3 2 8 4 5 -7 -8 -9 -10
leaf_value=0.009435373963893802 0.012393770386802816 -0.021116165464543018 0.027966353151662123 -0.038913336039021314 -0.0021796434731438637 -0.026272316656263617 0 0.04599621627853958 -0.0017982536681151876
leaf_weight=9.9547126293182391 10.432283028960226 11.175366371870043 7.7091810554266003 7.6802996397018424 57.539726391434669 8.8924453705549222 8.9555961638689023 7.7184698432683971 9.9159448593854886
leaf_count=40 42 45 31 31 232 36 36 31 40
internal_value=-0.000717212 0.00934592 -0.000912671 -0.00755164 -0.0108082 -0.00629741 0.0202538 0.0292179 0.0119797
internal_weight=139.974 55.4293 28.8005 84.5448 74.1125 66.4322 26.6288 17.6732 17.6251
internal_count=564 223 116 341 299 268 107 71 71
is_linear=0
shrinkage=0.03


Tree=5
num_leaves=5
num_cat=0
split_feature=16 36 34 36
split_gain=9.7383 8.70919 6.91754 10.8695
threshold=-20.424414543260415 0.003784565361225328 -0.038532773326374274 0.0080256770953464653
decision_type=2 2 2 2
left_child=-1 -2 -3 -4
right_child=1 2 3 -5
leaf_value=0.02564094057190023 -0.026505807465979726 0.022739202436843346 0.0031030653219828921 -0.024330549363845266
leaf_weight=12.216238304972647 8.6695697456598264 10.679400488734244 90.33377380669117 13.092436850070952
leaf_count=49 35 43 364 53
internal_value=0.00211212 -0.000482273 0.00178828 -0.000623086
internal_weight=134.991 122.775 114.106 103.426
internal_count=544 495 460 417
is_linear=0
shrinkage=0.03


Tree=6
num_leaves=6
num_cat=0
split_feature=16 36 11 35 34
split_gain=9.23999 8.30167 6.66815 12.9783 8.85338
threshold=-20.424414543260415 0.003784565361225328 0.037454595636324368 0.0512953677393252 -0.038532773326374274
decision_type=2 2 2 2 2
left_child=-1 -2 4 -4 -3
right_child=1 2 3 -5 -6
leaf_value=0.024957271981134722 -0.025914144109792817 0.021281652251451389 0.02827670377734617 -0.014138473139507723 -0.005815242802109699
leaf_weight=12.22893914580345 8.6474799215793592 10.447600498795508 17.648266136646274 7.6795655936002722 78.334945753216743
leaf_count=49 35 42 71 31 316
internal_value=0.00204886 -0.000476508 0.00173518 0.0147737 -0.00206275
internal_weight=134.987 122.758 114.11 25.3278 88.7825
internal_count=544 495 460 102 358
is_linear=0
shrinkage=0.03


Tree=7
num_leaves=11
num_cat=0
split_feature=37 13 15 35 35 14 32 28 24 36
split_gain=7.2699 10.9173 7.82904 6.64416 10.6875 6.03026 5.97974 3.84216 1.70207 1.35063
threshold=-0.01091683714871222 0.68217849480344495 -28.242310303010381 -0.0014081143326124532 0.022654169317728793 20.791374250317862 0.0068550302396054317 8.5000000000000018 -0.46068427370948378 0.0051469171691743039
decision_type=2 2 2 2 2 2 2 2 2 2
left_child=2 3 -1 8 -5 6 -3 -4 -2 -7
right_child=1 5 7 4 -6 9 -8 -9 -10 -11
leaf_value=0.031884874106147897 -0.0354325280710805 0.010678126908143891 0.012222307008829926 0.021621671345514206 -0.011610676103632825 0.0076583070832189409 -0.016760805155522966 -0.01118056612787793 -0.010839713619547746 0.029969002489681498
leaf_weight=11.477554738521574 7.6616110801696804 15.858813613653185 12.441490292549135 9.6906853020191175 31.209997192025185 8.4509950280189532 9.9087642133235914 8.9324391186237317 10.393196791410444 8.9389413148164731
leaf_count=46 31 64 50 39 126 34 40 36 42 36
internal_value=0.00199672 -0.00187804 0.0138877 -0.0102451 -0.00274631 0.00916712 0 0.0016804 -0.0245165 0.0218085
internal_weight=134.964 102.113 32.8515 58.9555 40.9007 43.1575 25.7676 21.3739 18.0548 17.3899
internal_count=544 412 132 238 165 174 104 86 73 70
is_linear=0
shrinkage=0.03


Tree=8
num_leaves=5
num_cat=0
split_feature=16 36 3 34
split_gain=8.57767 7.83152 6.74566 6.49674
threshold=-20.424414543260415 0.003784565361225328 -0.039806086370686826 -0.038532773326374274
decision_type=2 2 2 2
left_child=-1 -2 -3 -4
right_child=1 2 3 -5
leaf_value=0.024013983919984109 -0.025226846168271207 -0.019559740016462917 0.025310708633621365 0.0013421057628066183
leaf_weight=12.239100024104117 8.6175499856471998 9.9186346232891065 9.7148115336894971 94.446116283535957
leaf_count=49 35 40 39 381
internal_value=0.0019492 -0.000481339 0.00166115 0.00415361
internal_weight=134.936 122.697 114.08 104.161
internal_count=544 495 460 420
is_linear=0
shrinkage=0.03


Tree=9
num_leaves=9
num_cat=0
split_feature=5 14 14 3 14 34 24 18
split_gain=7.3227 10.1437 14.3882 6.24102 8.68269 5.9018 5.00643 2.47181
threshold=-0.06941166069182074 23.488638803155485 54.342472758087986 -0.031547001256737088 -2.4697668719984445 0.023775071750258284 0.27475490196078439 0.12280622355446943
decision_type=2 2 2 2 2 2 2 2
left_child=7 3 6 -2 -5 -4 -3 -1
right_child=1 2 5 4 -6 -7 -8 -9
leaf_value=0.004102312850360168 -0.028520321390053439 0.010326174628960091 0.004286062501163786 0.0059494687414459926 -0.016073337789943732 -0.024437693312533971 0.041783462239041114 0.02799550836087571
leaf_weight=9.7274816632270831 9.64685210585594 13.903497606515886 14.627622932195665 33.449294492602348 26.943146035075188 8.1525693237781507 8.9750746935605985 9.4893733114004117
leaf_count=39 39 56 59 135 109 33 36 38
internal_value=0.00189344 -0.000939012 0.0096721 -0.00814112 -0.00383554 -0.00653096 0.0256365 0.0181347
internal_weight=134.915 115.698 45.6588 70.0393 60.3924 22.7802 22.8786 19.2169
internal_count=544 467 184 283 244 92 92 77
is_linear=0
shrinkage=0.03


Tree=10
num_leaves=7
num_cat=0
split_feature=5 1 14 27 39 12
split_gain=7.04583 6.4654 5.60066 5.38278 3.98169 2.44144
threshold=-0.073821751377006237 0.01727564972485696 28.033262412268417 3.5000000000000004 1.0000000180025095e-35 52.147757323821246
decision_type=2 2 2 2 2 2
left_child=-1 3 -3 4 -2 -5
right_child=1 2 -4 5 -6 -7
leaf_value=0.019302605755513041 0.004552193972992064 -0.0015222462147706996 0.024720485624356813 0.017497573262843985 -0.01262664003082776 -0.0015249206022889205
leaf_weight=14.481499761343001 12.640723913908003 13.141065984964373 11.702167704701422 9.1700659543275851 58.382597416639328 9.8994128853082639
leaf_count=58 51 53 47 37 236 40
internal_value=0.000877609 -0.00160603 0.0112012 -0.00546708 -0.0093228 0.00770325
internal_weight=129.418 114.936 24.8432 90.0928 71.0233 19.0695
internal_count=522 464 100 364 287 77
is_linear=0
shrinkage=0.03


Tree=11
num_leaves=10
num_cat=0
split_feature=37 1 11 6 27 4 16 2 25
split_gain=8.81421 6.16161 6.03932 5.9418 5.01105 4.70506 4.15851 3.87289 3.05534
threshold=0.00065229852832615631 0.016421425299408824 0.0031301817097999511 -0.015931878048894732 2.5000000000000004 -0.020112037107794075 0.32015840616843644 0.0083750705252690922 0.27529527559055128
decision_type=2 2 2 2 2 2 2 2 2
left_child=3 4 -3 -1 7 -5 -7 -2 -6
right_child=1 2 -4 5 8 6 -8 -9 -10
leaf_value=-0.0064501944016073041 -0.0081348891635676136 -0.010063421879860951 0.020285972398550043 0.030438057659283525 0.0082196498072639231 -0.006910430217350251 0.0170143165235477 -0.030422079035262208 -0.011865577702389765
leaf_weight=10.683703750371931 27.178917840123177 7.4335369765758541 12.933904260396956 13.211440116167067 16.577427268028263 9.1719897985458392 12.683477982878683 10.850191250443457 8.6496377438306791
leaf_count=43 110 30 52 53 67 37 51 44 35
internal_value=0.000874407 -0.00477609 0.00862929 0.0112841 -0.00945445 0.0171483 0.00660755 -0.0160707 0.000416345
internal_weight=129.374 83.6236 20.3674 45.7506 63.2562 35.0669 21.8555 38.0291 25.2271
internal_count=522 338 82 184 256 141 88 154 102
is_linear=0
shrinkage=0.03


Tree=12
num_leaves=11
num_cat=0
split_feature=21 38 37 35 11 32 6 9 12 19
split_gain=11.0886 6.43406 10.5235 6.30424 7.22492 5.83671 8.45046 2.29275 1.7747 0.380072
threshold=0.018505535550487364 0.007964128875918481 -0.0036440729663224087 0.036352193553541697 -0.0024193468082169818 0.010578507930503413 -0.01631597163015425 -0.01338342472829057 58.006441442973959 0.072433502682916748
decision_type=2 2 2 2 2 2 2 2 2 2
left_child=1 3 -3 4 -1 6 -2 -8 -7 -4
right_child=5 2 9 -5 -6 8 7 -9 -10 -11
leaf_value=0.010353199270778497 -0.0054867960644177372 0.0044952039784893951 -0.012430298917083926 0.020271647949235545 -0.018782236545985893 0.0045392864472729635 0.035476019807164763 0.014020244028110283 -0.012889994811008091 -0.032300148958912686
leaf_weight=11.653360575437546 10.140077233314512 13.187022313475607 8.1469911634922045 9.9176848828792554 14.816937640309334 7.9359017759561521 11.202416792511938 20.066292524337772 7.9376455545425415 14.321772336959837
leaf_count=47 41 53 33 40 60 32 45 81 32 58
internal_value=0.000838903 -0.00679287 -0.015537 0.00174761 -0.00560246 0.0105957 0.0163823 0.0238285 -0.00380419 -0.0273134
internal_weight=129.326 72.0438 35.6558 36.388 26.4703 57.2823 41.4088 31.2687 15.8735 22.4688
internal_count=522 291 144 147 107 231 167 126 64 91
is_linear=0
shrinkage=0.03


Tree=13
num_leaves=10
num_cat=0
split_feature=21 8 38 37 21 35 1 32 18
split_gain=10.5012 6.17616 6.13122 10.0422 5.99182 7.01793 5.84208 7.42495 2.39502
threshold=0.018505535550487364 -0.017520003075085566 0.007964128875918481 -0.0036440729663224087 0.015853413869528623 -0.019946893251553795 -0.01286470158656766 0.0099363063774631239 0.18932060460261249
decision_type=2 2 2 2 2 2 2 2 2
left_child=2 8 4 -4 5 -1 -3 -8 -2
right_child=1 6 3 -5 -6 -7 7 -9 -10
leaf_value=-0.0079777994438471559 0.0074372451995077761 -0.015504865153760573 0.0043772949417398253 -0.026690148632591299 -0.015325479216506383 0.021335682852892758 0.021186328039652418 -0.0058941495321431251 0.035662119318098214
leaf_weight=10.128274813294411 7.7076411098241797 8.8767978996038419 13.189798235893248 22.407344654202461 10.35534782707691 15.898656070232391 18.623691096901894 13.872170925140379 8.2204102873802167
leaf_count=41 31 36 53 91 42 64 75 56 33
internal_value=0.000816953 0.0103106 -0.0066123 -0.0151593 0.00171359 0.00963798 0.00333722 0.00951962 0.025194
internal_weight=129.28 57.3007 71.9794 35.5971 36.3823 26.0269 41.3727 32.4959 15.9281
internal_count=522 231 291 144 147 105 167 131 64
is_linear=0
shrinkage=0.03


Tree=14
num_leaves=8
num_cat=0
split_feature=15 27 11 0 0 0 17
split_gain=6.77985 5.37298 5.86542 7.13936 6.09636 1.985 1.71091
threshold=-67.088260314508801 3.5000000000000004 0.004790709475521627 -0.0044320855166002362 -0.0038343918007341378 0.0020148198203682193 -1.1984178138319248
decision_type=2 2 2 2 2 2 2
left_child=-1 2 4 -4 -2 6 -3
right_child=1 5 3 -5 -6 -7 -8
leaf_value=0.024036633162304737 0.0016561229195196912 0.0028755261669384516 -0.011779448865497501 0.011984384795473839 -0.018629056395143357 0 0.025899530533104557
leaf_weight=8.4607713818550092 19.053508624434471 7.4165956228971481 15.544555723667143 29.275973960757256 32.82931199669838 9.1714746803045255 7.4594734311103839
leaf_count=34 77 30 63 118 133 37 30
internal_value=0.000797528 -0.00107369 -0.00436471 0.00327117 -0.0111162 0.0109037 0.0170107
internal_weight=129.212 120.751 96.7034 44.8205 51.8828 24.0475 14.8761
internal_count=522 488 391 181 210 97 60
is_linear=0
shrinkage=0.03


Tree=15
num_leaves=9
num_cat=0
split_feature=37 40 13 14 22 28 11 36
split_gain=7.59286 8.60943 7.12497 6.43317 6.21206 5.66042 5.54924 3.98833
threshold=0.0076462226194665703 0.011850024431462549 -1.0941232454743106 -46.143323165734493 0.08861712131862666 2.5000000000000004 0.0055955596184951171 0.0069740304329113621
decision_type=2 2 2 2 2 2 2 2
left_child=2 -2 4 -4 -1 -3 -7 -5
right_child=1 5 3 7 -6 6 -8 -9
leaf_value=0.030865683783098355 -0.030482210952572596 0.014005807185913245 0.018374096060517962 0 0 -0.016736428106192018 0.0016122185014621707 -0.02206376962655749
leaf_weight=12.917874783277513 10.847803637385367 11.602572053670881 7.9781183451414099 16.374420925974849 10.428694635629652 26.53576497733593 27.480472803115845 10.659125342965124
leaf_count=52 44 47 32 66 42 108 111 43
internal_value=-0.00163491 -0.00785267 0.00625393 -0.00202598 0.0184428 -0.00309888 -0.0074096 -0.00941406
internal_weight=134.825 76.4666 58.3582 35.0117 23.3466 65.6188 54.0162 27.0335
internal_count=545 310 235 141 94 266 219 109
is_linear=0
shrinkage=0.03


Tree=16
num_leaves=10
num_cat=0
split_feature=21 34 19 12 11 21 12 3 1
split_gain=9.38761 6.58976 6.46216 5.20047 6.93655 5.74981 4.5722 2.69947 1.46138
threshold=0.018353407929795177 0.026734174904065603 0.097936125621598188 53.092751245895066 0.0058834594660734938 0.013262712131525091 73.710726348624107 -0.031547001256737088 -0.0083853854422585843
decision_type=2 2 2 2 2 2 2 2 2
left_child=3 2 -2 4 5 -1 8 -4 -5
right_child=1 -3 7 6 -6 -7 -8 -9 -10
leaf_value=0.0027617741125311839 -0.0041998200622440033 -0.0092560220937122229 0.001927212738247374 -0.0059284396154930486 0.018218384034065747 -0.020967851418206201 0.002492185611817954 0.025148175922801934 -0.025877890317645313
leaf_weight=18.08159227669239 11.630037039518355 13.318765893578528 7.6945451050996772 8.1060739755630511 10.433481544256209 14.278833255171774 7.4216416329145423 23.111260846257213 20.65916320681572
leaf_count=73 47 54 31 33 42 58 30 93 84
internal_value=-0.00157974 0.0075518 0.0133438 -0.00823847 -0.000655299 -0.00788324 -0.0163094 0.0202765 -0.0214945
internal_weight=134.735 55.7546 42.4358 78.9808 42.7939 32.3604 36.1869 30.8058 28.7652
internal_count=545 225 171 320 173 131 147 124 117
is_linear=0
shrinkage=0.03


Tree=17
num_leaves=10
num_cat=0
split_feature=21 34 19 12 11 21 12 21 1
split_gain=8.8675 6.24464 6.13058 4.94399 6.58081 5.47091 4.36598 2.43276 1.36882
threshold=0.018353407929795177 0.026734174904065603 0.097936125621598188 53.092751245895066 0.0058834594660734938 0.013262712131525091 73.710726348624107 0.021320810217943204 -0.0083853854422585843
decision_type=2 2 2 2 2 2 2 2 2
left_child=3 2 -2 4 5 -1 8 -4 -5
right_child=1 -3 7 6 -6 -7 -8 -9 -10
leaf_value=0.0026866500951741776 -0.0040936483818686253 -0.009022285395041553 0.02902885674977174 -0.0057891998685761338 0.017747300578573863 -0.020458897399903236 0.0024328825926296037 0.0089789569871965447 -0.025244791263279463
leaf_weight=18.085435777902603 11.625659286975859 13.305904567241667 13.944775253534319 8.1002003848552722 10.442065849900244 14.245286673307417 7.4232005178928366 16.871032059192657 20.593100219964981
leaf_count=73 47 54 56 33 42 58 30 68 84
internal_value=-0.00153737 0.00733242 0.0129726 -0.008017 -0.000616112 -0.00767237 -0.0158961 0.0197253 -0.0209762
internal_weight=134.637 55.7474 42.4415 78.8893 42.7728 32.3307 36.1165 30.8158 28.6933
internal_count=545 225 171 320 173 131 147 124 117
is_linear=0
shrinkage=0.03


Tree=18
num_leaves=9
num_cat=0
split_feature=21 20 9 14 34 22 38 19
split_gain=8.40461 6.61274 8.98075 6.90294 5.71227 7.7504 4.78785 4.23127
threshold=0.018565096601182916 0.021656211519347608 0.046077275779798386 -2.4697668719984445 0.026734174904065603 -0.16725624672781605 0.0082288512314874218 0.096616676530412463
decision_type=2 2 2 2 2 2 2 2
left_child=1 2 6 -3 5 -2 -1 -7
right_child=4 3 -4 -5 -6 7 -8 -9
leaf_value=0 -0.0046728672000877752 0 0.017798585904543644 -0.032442352245288242 -0.0081769989977802295 0.001225331798683139 -0.018944883511837096 0.029071773947051363
leaf_weight=24.92431066930294 12.882819712162016 9.8527492731809634 13.669171929359434 13.951337918639181 13.057488411664961 8.1743268966674822 19.107083216309547 18.910434126853943
leaf_count=101 52 40 55 57 53 33 78 76
internal_value=-0.00149111 -0.00755983 -0.00157239 -0.0202452 0.00750021 0.013125 -0.00842385 0.0218455
internal_weight=134.53 81.5047 57.7006 23.8041 53.0251 39.9676 44.0314 27.0848
internal_count=545 331 234 97 214 161 179 109
is_linear=0
shrinkage=0.03


Tree=19
num_leaves=8
num_cat=0
split_feature=5 36 17 36 13 12 7
split_gain=7.80107 5.69033 5.99699 7.13835 3.47198 3.26041 2.92036
threshold=-0.073821751377006237 0.0079928188188220697 -0.94965943459439195 0.0051292169386026459 -8.0008553128853794 47.326749097219569 -0.023467177415413373
decision_type=2 2 2 2 2 2 2
left_child=6 2 4 -4 -2 -3 -1
right_child=1 5 3 -5 -6 -7 -8
leaf_value=0.0019320082964200088 0.0048448795415660002 -0.0026700357899577293 -0.0083760139090347675 0.012004083932674679 -0.014952753846031692 -0.030284223748482521 0.028038926934055099
leaf_weight=9.2056519389152545 8.1415008157491666 8.5983228981494921 22.224477261304855 39.114178270101547 30.429401874542236 9.0025363564491254 7.6908585727214804
leaf_count=37 33 35 90 158 124 37 31
internal_value=-0.00145353 -0.00436483 -0.00127702 0.00435174 -0.0103713 -0.0192084 0.0163189
internal_weight=134.407 117.51 99.9096 61.3387 38.5709 17.6009 16.8965
internal_count=545 477 405 248 157 72 68
is_linear=0
shrinkage=0.03


Tree=20
num_leaves=9
num_cat=0
split_feature=5 14 17 17 0 5 37 18
split_gain=7.90533 8.93546 12.745 10.1043 9.75601 6.42447 2.77762 1.54593
threshold=-0.06941166069182074 18.199226722912616 -0.57272053667514899 1.7706402797211791 0.016125062816629735 0.048449955008212593 0.037324142470915651 0.15280314320829205
decision_type=2 2 2 2 2 2 2 2
left_child=7 2 6 -4 5 -3 -2 -1
right_child=1 4 3 -5 -6 -7 -8 -9
leaf_value=0.0058356126291539342 -0.028474304859406538 0.018331980505508428 0.017556825307354532 -0.0105578387092165 0.03464716802835334 -0.0059764735522198024 -0.0035793172866613676 0.028753633877972154
leaf_weight=7.7100488841533688 18.856179147958759 12.672957986593245 20.460562020540237 21.190471664071083 8.9765593707561475 26.546927213668823 7.6180587261915198 9.1636470258235914
leaf_count=31 77 51 83 86 36 108 31 37
internal_value=0.00279258 -9.74138e-07 -0.00704163 0.00308114 0.00953616 0.00202267 -0.022592 0.0208046
internal_weight=133.195 116.322 68.1253 41.651 48.1964 39.2199 26.4742 16.8737
internal_count=540 472 277 169 195 159 108 68
is_linear=0
shrinkage=0.03


Tree=21
num_leaves=9
num_cat=0
split_feature=5 9 17 17 35 21 5 28
split_gain=7.54052 6.71224 9.95408 9.77569 6.36748 4.69299 3.41227 2.80792
threshold=-0.06941166069182074 0.033538519620849153 -0.57272053667514899 1.7706402797211791 0.054369067707480963 0.018353407929795177 0.027054620670421973 7.5000000000000009
decision_type=2 2 2 2 2 2 2 2
left_child=7 2 6 -4 5 -3 -2 -1
right_child=1 4 3 -5 -6 -7 -8 -9
leaf_value=0.030259889424935207 -0.023692500321798208 0.0037897842265848867 0.01778910908003303 -0.01136904660209208 -0.010941409294572307 0.026100718762754795 -0.00052177345011884032 0.003136252376658591
leaf_weight=9.1715506613254565 22.74020953476429 22.180030658841133 20.252125680446625 16.970034748315811 9.6030951738357526 15.17819122970104 9.3209544867277128 7.6815190017223349
leaf_count=37 93 90 82 69 39 61 38 31
internal_value=0.00273557 0 -0.00598864 0.00421125 0.00843617 0.0141013 -0.0178228 0.0203369
internal_weight=133.098 116.245 69.2833 37.2222 46.9613 37.3582 32.0612 16.8531
internal_count=540 472 282 151 190 151 131 68
is_linear=0
shrinkage=0.03


Tree=22
num_leaves=6
num_cat=0
split_feature=15 6 0 11 8
split_gain=7.22534 6.90513 5.37192 4.36945 4.97487
threshold=-67.088260314508801 -0.01476384895394404 -0.017230562928555623 -0.041813418285149721 -0.017520003075085566
decision_type=2 2 2 2 2
left_child=-1 2 -2 -3 -5
right_child=1 3 -4 4 -6
leaf_value=0.026730551229217133 0.00019901079411922378 -0.014778275647211818 -0.028207255543977929 0.018484585497915585 0.0018898003012637471
leaf_weight=8.397639721632002 9.8690206706523913 8.0576891601085645 10.010237246751784 19.835398063063622 76.850665748119354
leaf_count=34 40 33 41 80 312
internal_value=0.00267008 0.00053372 -0.0146903 0.00378472 0.00575188
internal_weight=133.021 124.623 19.8793 104.744 96.6861
internal_count=540 506 81 425 392
is_linear=0
shrinkage=0.03


Tree=23
num_leaves=6
num_cat=0
split_feature=4 3 25 25 26
split_gain=7.35872 8.89269 4.55643 8.91313 2.73735
threshold=-0.057973042493136832 -0.038089136276199802 0.11834733893557424 0.073470611755297885 0.41588050314465413
decision_type=2 2 2 2 2
left_child=-1 -2 3 -3 -4
right_child=1 2 4 -5 -6
leaf_value=0.023071958985959266 -0.023281594675905636 0.00040604929361398562 -0.0043598303485318729 0.031715109502009391 0.0091527029332520559
leaf_weight=12.149239793419836 11.005395501852034 25.359621033072472 58.533777713775635 10.88309934735298 15.038555651903151
leaf_count=49 45 103 238 44 61
internal_value=0.0025961 7.28197e-05 0.00292206 0.0113668 -0.00123019
internal_weight=132.97 120.82 109.815 36.2427 73.5723
internal_count=540 491 446 147 299
is_linear=0
shrinkage=0.03


Tree=24
num_leaves=5
num_cat=0
split_feature=4 3 2 19
split_gain=6.98604 8.47425 5.34561 3.89938
threshold=-0.057973042493136832 -0.038089136276199802 -0.019008376160354553 0.084705893151228895
decision_type=2 2 2 2
left_child=-1 -2 -3 -4
right_child=1 2 3 -5
leaf_value=0.022500581784815614 -0.022751288658683515 -0.013647721358090177 -0.0016165741161559904 0.0102415843666412
leaf_weight=12.135021850466726 10.971196204423903 12.965174257755278 38.399309948086739 58.452736914157867
leaf_count=49 45 53 156 237
internal_value=0.00253861 7.71357e-05 0.00285808 0.00545081
internal_weight=132.923 120.788 109.817 96.852
internal_count=540 491 446 393
is_linear=0
shrinkage=0.03


Tree=25
num_leaves=9
num_cat=0
split_feature=16 2 2 36 26 20 19 36
split_gain=8.47025 9.28547 5.36108 9.66281 6.18425 3.73531 4.68383 1.58877
threshold=-20.424414543260415 -0.011104627478613236 0.0072832021575597325 0.0079246560292421213 0.28613199665831252 0.024885492840588882 0.12256042470603247 0.0065877082966626747
decision_type=2 2 2 2 2 2 2 2
left_child=-1 5 4 -4 -3 7 -7 -2
right_child=1 2 3 -5 -6 6 -8 -9
leaf_value=0.021528481523816975 -0.0083685333129845819 0.00047420650390327373 0.0029025211984642276 -0.027393492496762123 0.024733664870226029 0.012168912597578505 -0.01689017273352672 -0.031811109585061517
leaf_weight=13.374123588204382 8.551207900047304 23.900496229529381 44.32625487446785 9.7823110371828061 15.328465104103087 7.3969252556562415 8.2905923724174482 9.9244473576545698
leaf_count=54 35 97 179 40 62 30 34 41
internal_value=0.000395289 -0.00200389 0.00280669 -0.00308858 0.0110572 -0.01499 -0.00251361 -0.0235708
internal_weight=140.875 127.501 93.3375 54.1086 39.229 34.1632 15.6875 18.4757
internal_count=572 518 378 219 159 140 64 76
is_linear=0
shrinkage=0.03


Tree=26
num_leaves=7
num_cat=0
split_feature=16 6 27 13 26 0
split_gain=8.04948 8.63886 5.89087 3.30987 3.20732 0.320992
threshold=-20.424414543260415 -0.01631597163015425 2.5000000000000004 -0.066708820328305038 0.32071428571428579 -0.016428272261508222
decision_type=2 2 2 2 2 2
left_child=-1 5 3 -3 -4 -2
right_child=1 2 4 -5 -6 -7
leaf_value=0.020990181943415124 -0.0094771975972545181 -0.011640255392117336 0.0022616533108776012 0.0011760791814715073 0.019170597256233456 -0.028722570625918441
leaf_weight=13.3571380674839 7.5647705644369125 30.40942257642746 29.866250455379486 36.271346852183342 16.095339685678482 7.2278463095426542
leaf_count=54 31 124 121 147 65 30
internal_value=0.000373827 -0.00196214 0.000887325 -0.00461911 0.00904826 -0.0220749
internal_weight=140.792 127.435 112.642 66.6808 45.9616 14.7926
internal_count=572 518 457 271 186 61
is_linear=0
shrinkage=0.03


Tree=27
num_leaves=7
num_cat=0
split_feature=16 6 27 25 3 32
split_gain=7.64586 8.28129 5.57541 4.38252 3.47356 1.19327
threshold=-20.424414543260415 -0.01631597163015425 2.5000000000000004 0.15235814296241715 -0.0024956327983075561 -0.0068828915093391277
decision_type=2 2 2 2 2 2
left_child=-1 5 4 -4 -3 -2
right_child=1 2 3 -5 -6 -7
leaf_value=0.020468794494654972 -0.030149780778458021 0.0040601916345450115 0.020015977129284126 0.00083046195425374406 -0.0095420048771180967 -0.0071522445832969779
leaf_weight=13.337690412998198 7.2732056677341461 23.82139153778553 17.086034759879112 28.893646433949471 42.828121453523636 7.4722937345504743
leaf_count=54 30 97 69 117 174 31
internal_value=0.000360039 -0.00191353 0.000870383 0.0088096 -0.00448525 -0.0216377
internal_weight=140.712 127.375 112.629 45.9797 66.6495 14.7455
internal_count=572 518 457 186 271 61
is_linear=0
shrinkage=0.03


Tree=28
num_leaves=13
num_cat=0
split_feature=14 10 14 17 34 21 4 1 28 16 35 5
split_gain=7.90855 8.96615 7.13341 6.91258 4.77496 5.22389 4.63061 4.51523 4.25204 4.23494 3.15389 0.505895
threshold=24.396510750205611 0.032277430452178686 -2.4697668719984445 -0.73386795589527221 0.027424176430096318 0.018353407929795177 -0.0095067060124355268 0.0049697042875018757 8.5000000000000018 4.8199999953591499 0.004257431469596896 0.054829822133374402
decision_type=2 2 2 2 2 2 2 2 2 2 2 2
left_child=2 8 3 10 5 -3 -4 -5 11 -8 -1 -2
right_child=1 4 6 7 -6 -7 9 -9 -10 -11 -12 -13
leaf_value=-0.022218386769485031 0.039214047471470996 -0.0079970098057829224 0.0025696197634696473 0.01695835736795151 -0.018697351267388553 0.02173877221426021 -0.03371601281388252 -0.0013871531400347535 0.00098513124928242693 -0.0058173823340535837 0.00044915526299593744 0.01502229206059379
leaf_weight=10.926076471805574 7.7168374508619371 8.5570909678936058 7.3480131477117565 21.541723594069481 8.3243652284145337 8.2157879918813688 11.970584183931352 21.421229809522629 7.4210390448570243 11.451946571469305 7.3381999731063834 8.4064762443304044
leaf_count=45 31 35 30 87 34 33 49 87 30 47 30 34
internal_value=0.000348663 0.00999696 -0.00469723 0.00108716 -0.00204393 0.00653355 -0.0160286 0.00782289 0.0225743 -0.0221964 -0.0132254 0.0304782
internal_weight=140.639 48.6416 91.9978 61.2272 25.0972 16.7729 30.7705 42.963 23.5444 23.4225 18.2643 16.1233
internal_count=572 197 375 249 102 68 126 174 95 96 75 65
is_linear=0
shrinkage=0.03


Tree=29
num_leaves=12
num_cat=0
split_feature=14 5 40 14 7 20 34 18 16 40 7
split_gain=7.54754 8.61786 13.9819 6.77656 4.88652 8.43523 5.26936 4.06137 3.95557 2.41304 1.58402
threshold=24.396510750205611 0.078411767206475261 0.046373902452514167 -2.4697668719984445 -0.023814896911425795 0.02571180329332504 -0.028949107309786056 0.38359984372650563 4.8199999953591499 0.039275293191748502 0.011784378001706865
decision_type=2 2 2 2 2 2 2 2 2 2 2
left_child=3 9 -3 4 5 -1 -6 -5 -9 10 -2
right_child=1 2 -4 7 6 -7 -8 8 -10 -11 -12
leaf_value=-0.031953945412676245 0.036444097436924797 -0.027793742899674807 0.015282420210442217 0.001478965905145116 0.022863034186835038 0.0072563514695236052 0 -0.032845807320703364 -0.0056729256272050645 0.0045140423805871696 0.010060585904305802
leaf_weight=7.4891807138919821 9.1650840938091331 9.745223671197893 13.837697029113768 7.5732193142175701 10.588433310389517 8.0925956368446332 35.030437245965004 11.689931288361551 11.442331239581106 8.4241228699684125 7.4412849843502036
leaf_count=31 37 40 56 31 43 33 142 48 47 34 30
internal_value=0.000341179 0.00977085 -0.00271296 -0.00458874 0.00104183 -0.0122275 0.00621237 -0.0156474 -0.0215227 0.0214181 0.0277801
internal_weight=140.52 48.6134 23.5829 91.9061 61.2006 15.5818 45.6189 30.7055 23.1323 25.0305 16.6064
internal_count=572 197 96 375 249 64 185 126 95 101 67
is_linear=0
shrinkage=0.03


Tree=30
num_leaves=10
num_cat=0
split_feature=38 12 38 17 36 21 35 37 5
split_gain=4.52002 6.21862 5.39219 5.36839 4.80283 3.33696 6.06093 3.01253 2.69245
threshold=0.0096104496624365068 63.296539778668752 0.0088358271234713261 -2.1128471902880093 0.0060038208782324251 0.015719777189664386 -0.044706846112648961 0.023111275364690934 0.017717297196628293
decision_type=2 2 2 2 2 2 2 2 2
left_child=2 5 3 7 -5 -2 -7 -1 -4
right_child=1 -3 8 4 -6 6 -8 -9 -10
leaf_value=-0.022181960394858459 0 -0.011026405045284056 0 0.017144967408535671 -7.0917866621189902e-05 0.0012453430391035061 0.030353164484404116 0 -0.025325430477650797
leaf_weight=7.9591059237718609 9.0449445396661741 7.6098566502332678 7.355533853173255 23.55924454331398 29.974542260169983 11.457114249467848 17.80981315672398 9.4283342957496625 8.562423035502432
leaf_count=33 37 31 30 95 122 47 72 39 35
internal_value=0.00318141 0.010601 -0.00072363 0.00274183 0.00757998 0.0156028 0.0202466 -0.0106258 -0.0155835
internal_weight=132.761 45.9217 86.8392 70.9212 53.5338 38.3119 29.2669 17.3874 15.918
internal_count=541 187 354 289 217 156 119 72 65
is_linear=0
shrinkage=0.03


Tree=31
num_leaves=8
num_cat=0
split_feature=1 37 1 1 10 22 40
split_gain=5.35909 8.77166 8.4292 4.54639 4.08373 2.94983 1.0165
threshold=-0.023528046417134237 -0.0086018165053144951 -0.00724191750278702 -0.0038083037860212605 -0.0034182955135230171 0.22909398321497523 0.031711051874066205
decision_type=2 2 2 2 2 2 2
left_child=1 -1 5 -4 -5 6 -2
right_child=2 -3 3 4 -6 -7 -8
leaf_value=0.010964359938014938 0.012804456899735058 -0.02620768349305605 -0.018761242783011809 0.010519423750716067 -0.0028454708363245497 0.00022273670667143062 0.033471012612184409
leaf_weight=7.8283096849918392 12.284868016839033 11.263185411691664 7.5541076958179465 34.81220431625843 42.560432910919189 7.2815108597278586 9.1432047188281995
leaf_count=32 50 47 31 141 173 30 37
internal_value=0.00307521 -0.01066 0.00565698 0.000589011 0.00309235 0.0191455 0.0243675
internal_weight=132.728 19.0915 113.636 84.9267 77.3726 28.7096 21.4281
internal_count=541 79 462 345 314 117 87
is_linear=0
shrinkage=0.03


Tree=32
num_leaves=8
num_cat=0
split_feature=1 37 1 0 37 24 40
split_gain=5.0801 8.38231 8.03841 5.46877 5.65604 2.79832 0.613813
threshold=-0.023528046417134237 -0.0086018165053144951 -0.00724191750278702 -0.0081466172133345376 0.027147503637652285 0.017879353233830848 0.031711051874066205
decision_type=2 2 2 2 2 2 2
left_child=1 -1 5 -4 -5 6 -2
right_child=2 -3 3 4 -6 -7 -8
leaf_value=0.010702134495930294 0.012627099494252584 -0.025650937379352184 -0.017470740147389911 0.010985343087600427 -0.0051195140320571125 0.0027301470914780331 0.032868811620956236
leaf_weight=7.8285167962312725 10.27648070454598 11.206686630845068 10.714231565594671 41.496006309986115 32.690459758043289 9.5924064368009549 8.8712449520826322
leaf_count=32 42 47 44 168 133 39 36
internal_value=0.00299612 -0.010391 0.00550916 0.000553427 0.00374371 0.0186723 0.0249361
internal_weight=132.676 19.0352 113.641 84.9007 74.1865 28.7401 19.1477
internal_count=541 79 462 345 301 117 78
is_linear=0
shrinkage=0.03


Tree=33
num_leaves=8
num_cat=0
split_feature=1 1 38 0 12 38 33
split_gain=4.81651 7.67167 7.1068 5.1923 3.81783 1.24618 1.0033
threshold=-0.023528046417134237 -0.00724191750278702 0.0094980230471518184 -0.0081466172133345376 54.844559910639212 0.0088358271234713261 0.44208906197753789
decision_type=2 2 2 2 2 2 2
left_child=2 5 -1 -3 -5 -2 -7
right_child=1 3 -4 4 -6 6 -8
leaf_value=-0.025768868366047672 0.025111148326661701 -0.017053858285827915 0.0073685098491713752 0.0098096357008222966 -0.0033234391315078151 0 0.015046242155812064
leaf_weight=9.9741506576538104 14.041239634156229 10.696022704243658 9.0023114234209043 39.985515743494034 34.197506576776505 7.362372159957884 7.3678192049264908
leaf_count=42 57 44 37 162 139 30 30
internal_value=0.00291998 0.00536615 -0.0101299 0.000518494 0.00363024 0.0182166 0.00853176
internal_weight=132.627 113.65 18.9765 84.879 74.183 28.7714 14.7302
internal_count=541 462 79 345 301 117 60
is_linear=0
shrinkage=0.03


Tree=34
num_leaves=10
num_cat=0
split_feature=38 13 38 13 25 35 20 36 14
split_gain=4.08343 5.91793 5.07191 4.71295 6.25647 3.96918 3.17142 1.96738 1.16054
threshold=0.0096104496624365068 4.897112823292276 0.0088358271234713261 -3.8688019992644018 0.13840996168582378 -0.044706846112648961 0.021186493914583764 0.0051469171691743039 10.473796243967856
decision_type=2 2 2 2 2 2 2 2 2
left_child=2 5 3 6 -5 -2 -1 -7 -4
right_child=1 -3 8 4 -6 7 -8 -9 -10
leaf_value=0.0010792734252083878 0 -0.0069670760536586739 -0.0027032121008950141 0.020772298775464278 -6.7327980865717628e-05 0.0049206946808509101 -0.020636827633879189 0.027590273519158749 -0.022119787974553908
leaf_weight=10.50611098110676 9.7403788119554502 11.540547117590902 7.33633267879486 17.745418190956116 33.644982919096947 7.6145088076591518 8.9030430018901807 17.010608747601509 8.5394059121608716
leaf_count=43 40 47 30 72 137 31 37 69 35
internal_value=0.00283847 0.00989691 -0.000869649 0.00248973 0.00735634 0.0160443 -0.00917863 0.02204 -0.0152927
internal_weight=132.581 45.906 86.6753 70.7996 51.3904 34.3655 19.4092 24.6251 15.8757
internal_count=541 187 354 289 209 140 80 100 65
is_linear=0
shrinkage=0.03


Tree=35
num_leaves=6
num_cat=0
split_feature=5 8 16 1 21
split_gain=10.0707 7.11373 8.51395 5.62299 5.23044
threshold=-0.079769848572911181 -0.034731067429460909 -8.0099195074059786 0.024988524292480222 0.016837039634192832
decision_type=2 2 2 2 2
left_child=-1 -2 4 -4 -3
right_child=1 2 3 -5 -6
leaf_value=0.02134308207215134 -0.025452757516975722 0.031729256637247863 -0.0088636911937721961 0.010040881197613134 0.0017206757143087498
leaf_weight=14.197145804762838 10.348529770970343 7.6619426161050823 76.027445897459984 14.866158679127691 14.500880241394041
leaf_count=58 43 31 311 60 59
internal_value=-0.00079446 -0.00376066 -0.00123679 -0.00546066 0.0144834
internal_weight=137.602 123.405 113.056 90.8936 22.1628
internal_count=562 504 461 371 90
is_linear=0
shrinkage=0.03


Tree=36
num_leaves=8
num_cat=0
split_feature=16 21 6 21 34 2 24
split_gain=8.03376 5.38101 5.15316 3.54797 7.72292 4.58875 3.29496
threshold=-20.424414543260415 0.018565096601182916 -0.01631597163015425 0.014972907252542573 0.010720713584153609 0.0046431275265548253 -0.047920892494929
decision_type=2 2 2 2 2 2 2
left_child=-1 3 -3 5 -5 -2 -4
right_child=1 2 6 4 -6 -7 -8
leaf_value=0.02091075077496762 0.0066530832142642719 -0.014654961761409473 0 -0.026902229027679376 0 -0.012599798932038563 0.016081530206376149
leaf_weight=11.749202936887739 23.042770713567734 8.211930960416792 18.940518721938133 19.095610097050667 16.28267140686512 17.681204438209534 22.448568090796471
leaf_count=48 94 34 77 79 67 72 91
internal_value=-0.000748688 -0.00318639 0.0042056 -0.00818063 -0.0149166 -0.0015534 0.00879642
internal_weight=137.452 125.703 49.601 76.1023 35.3783 40.724 41.3891
internal_count=562 514 202 312 146 166 168
is_linear=0
shrinkage=0.03


Tree=37
num_leaves=6
num_cat=0
split_feature=5 36 18 21 18
split_gain=9.28056 7.51328 6.57042 6.2613 4.90381
threshold=-0.079769848572911181 0.0076823992236676776 0.18932060460261249 0.018565096601182916 0.31947197081933348
decision_type=2 2 2 2 2
left_child=-1 2 -2 -4 -3
right_child=1 4 3 -5 -6
leaf_value=0.020557923995358968 -0.019208361707786854 0 -0.0031550112174815858 0.012861505495498674 -0.025830710621940995
leaf_weight=14.139102101325987 11.303032636642454 9.5547458529472369 50.124500185251236 35.048720866441727 17.144810602068901
leaf_count=58 47 39 205 142 71
internal_value=-0.0007288 -0.00358152 0.000269298 0.00340757 -0.0170678
internal_weight=137.315 123.176 96.4763 85.1732 26.6996
internal_count=562 504 394 347 110
is_linear=0
shrinkage=0.03


Tree=38
num_leaves=7
num_cat=0
split_feature=5 36 8 9 16 32
split_gain=8.82237 7.12247 7.67714 6.49101 2.82449 1.80982
threshold=-0.079769848572911181 0.0076823992236676776 -0.034731067429460909 -0.028248402891060186 0.76370697658964748 -0.00031782143630970644
decision_type=2 2 2 2 2 2
left_child=-1 2 -2 -4 5 -3
right_child=1 4 3 -5 -6 -7
leaf_value=0.020062348785905071 -0.025110415493649577 0.003195070118613252 0.020238530031449938 -0.00046182423699252473 -0.027137415192142633 -0.014655897162748595
leaf_weight=14.103653132915495 7.596717193722724 7.5368372052907944 14.332931175827978 74.513345703482628 11.509084641933439 7.583106532692911
leaf_count=58 32 31 58 304 48 31
internal_value=-0.00071321 -0.00349669 0.000246247 0.00308454 -0.0166467 -0.00554781
internal_weight=137.176 123.072 96.443 88.8463 26.629 15.1199
internal_count=562 504 394 362 110 62
is_linear=0
shrinkage=0.03


Tree=39
num_leaves=8
num_cat=0
split_feature=5 36 0 0 3 36 38
split_gain=8.39181 6.77898 7.54585 4.45899 3.41916 3.37546 2.20243
threshold=-0.079769848572911181 0.0076823992236676776 -0.0081466172133345376 0.022382026814362525 0.0061265531931906656 0.0060862271753773399 0.0082497343705890489
decision_type=2 2 2 2 2 2 2
left_child=-1 2 5 -4 6 -2 -3
right_child=1 4 3 -5 -6 -7 -8
leaf_value=0.019581193125774544 -0.02189324559995879 0.0048617138100597165 0.0018382578079744571 0.022886463800426488 -0.028222120924637033 0 -0.014660515298202373
leaf_weight=14.06641663610935 14.247095286846163 7.547392517328265 63.103886246681213 9.1492108255624753 10.79938432574272 9.9242159277200681 8.2188986241817457
leaf_count=58 59 31 257 37 45 41 34
internal_value=-0.000702916 -0.00341903 0.000226354 0.0052502 -0.0162651 -0.0134714 -0.00497558
internal_weight=137.057 122.99 96.4244 72.2531 26.5657 24.1713 15.7663
internal_count=562 504 394 294 110 100 65
is_linear=0
shrinkage=0.03


Tree=40
num_leaves=6
num_cat=0
split_feature=16 6 33 16 6
split_gain=5.45867 5.25075 6.13439 5.3978 2.26984
threshold=-20.424414543260415 -0.015931878048894732 0.17858878561448274 2.6747321413624658 -0.025243123003633846
decision_type=2 2 2 2 2
left_child=-1 4 -3 -4 -2
right_child=1 2 3 -5 -6
leaf_value=0.018066147383873268 -0.0012681412238101462 0.018078262273364308 -0.0096441741928941799 0.0043380958437288777 -0.025586205107523952
leaf_weight=11.674477502703665 7.38953369855881 13.547663286328314 44.787104830145836 49.675485134124756 8.962369501590727
leaf_count=48 31 55 183 203 38
internal_value=0 -0.00188639 0.00049109 -0.00219826 -0.0167499
internal_weight=136.037 124.362 108.01 94.4626 16.3519
internal_count=558 510 441 386 69
is_linear=0
shrinkage=0.03


Tree=41
num_leaves=9
num_cat=0
split_feature=15 11 7 35 35 11 4 11
split_gain=5.38225 8.29611 6.40244 6.67826 5.36907 4.72863 3.46644 1.71343
threshold=-74.077832239797516 -0.01444295279865576 -0.0023689089151901267 -0.010530900344071279 -0.020838955077919438 -0.0051725378793193713 0.0054779341108426314 -0.030550224589896421
decision_type=2 2 2 2 2 2 2 2
left_child=-1 4 3 -3 6 -4 -2 -6
right_child=1 2 5 -5 7 -7 -8 -9
leaf_value=0.0222617786037465 -0.01346873087025448 -0.0031004761094824995 0.014465197834304021 0.021104404150628309 -0.0089590595663990163 -0.0078364801627982782 0.0096990038684095416 -0.031809222832972571
leaf_weight=7.1827744096517554 8.6949677765369433 14.194557398557661 8.3828803300857526 25.130545035004616 9.9848311543464678 41.848803848028183 10.565826565027235 9.9517613649368268
leaf_count=30 36 59 34 103 41 171 43 41
internal_value=0 -0.00149737 0.00342884 0.0122774 -0.0127367 -0.00341612 -0.000337318 -0.0229092
internal_weight=135.937 128.754 89.5568 39.3251 39.1974 50.2317 19.2608 19.9366
internal_count=558 528 367 162 161 205 79 82
is_linear=0
shrinkage=0.03


Tree=42
num_leaves=5
num_cat=0
split_feature=15 5 9 9
split_gain=5.27967 6.12135 4.24603 7.06029
threshold=99.196111957485641 -0.10087014480350608 -0.062335680846191351 -0.028248402891060186
decision_type=2 2 2 2
left_child=1 -1 -3 -4
right_child=-2 2 3 -5
leaf_value=0.020163119885905061 0.021804189932207074 -0.019545212961316505 0.013417744457343447 -0.0052336764308882292
leaf_weight=8.6230847090482694 7.3733668476343146 11.364487290382383 20.760464787483215 87.748076498508453
leaf_count=36 30 47 85 360
internal_value=0 -0.00150453 -0.00349159 -0.00135119
internal_weight=135.869 128.496 119.873 108.509
internal_count=558 528 492 445
is_linear=0
shrinkage=0.03


Tree=43
num_leaves=8
num_cat=0
split_feature=5 28 11 36 9 19 11
split_gain=4.92262 6.17972 7.97609 6.77213 5.40246 9.8934 4.03886
threshold=-0.10087014480350608 3.5000000000000004 -0.01444295279865576 0.0043705281600231729 -0.014809439999260534 0.096616676530412463 -0.027429541056803449
decision_type=2 2 2 2 2 2 2
left_child=-1 4 6 -4 -2 -6 -3
right_child=1 2 3 -5 5 -7 -8
leaf_value=0.019733946997176899 0.028164077592534458 -0.007565358300056715 -0.019715268702399719 0.0046414732343300546 -0.021134496274439949 0.015759085867370317 -0.032680095709513225
leaf_weight=8.5902950763702375 7.8867371231317547 19.1927724480629 10.436957061290739 56.617706373333931 8.6859182417392748 14.714651897549627 9.6726366728544217
leaf_count=36 32 79 43 232 36 60 40
internal_value=0 -0.0015394 -0.00541175 0.000171959 0.00949362 0.000888411 -0.0180394
internal_weight=135.798 127.207 95.9201 67.0547 31.2873 23.4006 28.8654
internal_count=558 522 394 275 128 96 119
is_linear=0
shrinkage=0.03


Tree=44
num_leaves=8
num_cat=0
split_feature=15 11 28 8 35 11 11
split_gain=4.94676 7.59124 6.78584 6.08519 5.79918 4.59933 2.71612
threshold=-74.077832239797516 -0.01444295279865576 3.5000000000000004 -0.017734788878667931 -0.0038962612884215204 -0.0051725378793193713 -0.027429541056803449
decision_type=2 2 2 2 2 2 2
left_child=-1 2 -2 4 -3 -5 -4
right_child=1 3 6 5 -6 -7 -8
leaf_value=0.021434237997026404 0.0070212892555538585 0 -0.0093019128335168535 0.015665038044813118 0.031715303109214638 -0.0043432166685274075 -0.030977725531499977
leaf_weight=7.1118473410606375 10.03816197812557 10.180414915084841 18.173647627234459 10.339888647198675 9.5623652786016446 59.443489268422127 10.84755724668503
leaf_count=30 41 42 75 42 39 244 45
internal_value=0 -0.00142685 -0.0122047 0.00327548 0.0171712 -0.000815754 -0.0193623
internal_weight=135.697 128.586 39.0594 89.5262 19.7428 69.7834 29.0212
internal_count=558 528 161 367 81 286 120
is_linear=0
shrinkage=0.03


Tree=45
num_leaves=7
num_cat=0
split_feature=23 36 21 21 18 22
split_gain=6.24871 5.91609 7.40127 5.72848 5.27289 4.68853
threshold=0.7381703978443509 0.0079928188188220697 0.018565096601182916 0.020197867954935052 0.41960499210561381 0.41533193228009296
decision_type=2 2 2 2 2 2
left_child=-1 2 5 -4 -3 -2
right_child=1 4 3 -5 -6 -7
leaf_value=0.020986526482844568 -0.0078036792006635778 0 0.023875162827905212 0.00022774752017309843 -0.029239851649681497 0.013289382395226776
leaf_weight=11.231059670448301 50.538772940635681 11.760390147566797 18.021479442715645 19.596785441040993 9.1739444583654386 9.2792387008666974
leaf_count=46 208 49 73 80 39 38
internal_value=0.00139397 -0.000658182 0.00239181 0.0125683 -0.0144787 -0.00396489
internal_weight=129.602 118.371 97.4363 37.6183 20.9343 59.818
internal_count=533 487 399 153 88 246
is_linear=0
shrinkage=0.03


Tree=46
num_leaves=8
num_cat=0
split_feature=23 28 35 7 35 38 0
split_gain=5.93631 5.74393 6.72361 6.3842 5.25437 3.80714 2.27168
threshold=0.73427301495687403 3.5000000000000004 1.0000000180025095e-35 -0.018680702815375809 -0.039948965697590759 0.0077857853379892624 0.0032299216044309191
decision_type=2 2 2 2 2 2 2
left_child=-1 5 4 -4 -3 6 -2
right_child=1 2 3 -5 -6 -7 -8
leaf_value=0.021276769317666078 0.010034574939106719 -0.002958876758381212 0.018324741382035478 -0.003906244015597938 -0.031555804295413083 0.021440616203406284 -0.010522590217299723
leaf_weight=10.262529313564299 8.049593538045885 14.143904641270639 12.634571403264998 53.709081470966339 10.434561729431151 12.946146726608275 7.3257406800985327
leaf_count=42 33 59 52 220 44 53 30
internal_value=0.00136484 -0.000547838 -0.00435407 0.000520333 -0.0171248 0.010658 0
internal_weight=129.506 119.244 90.9221 66.3437 24.5785 28.3215 15.3753
internal_count=533 491 375 272 103 116 63
is_linear=0
shrinkage=0.03


Tree=47
num_leaves=9
num_cat=0
split_feature=34 14 35 14 3 35 23 20
split_gain=6.86355 6.11571 7.88533 6.79769 7.92896 5.07809 2.81422 2.25891
threshold=0.034551093974205867 34.606777266085381 0.029143693586782263 -6.8496868197421454 -0.038089136276199802 0.013177225799022587 0.99933915040978405 0.023055454441078316
decision_type=2 2 2 2 2 2 2 2
left_child=1 3 -3 4 -1 -5 -2 -4
right_child=6 2 7 5 -6 -7 -8 -9
leaf_value=-0.01262134402195046 0 0.032176209761983911 0.012526630055768926 -0.021386841037002818 0.015432214585830847 0 -0.02459126798691438 -0.0068519924636411093
leaf_weight=10.082039803266523 7.3166141062974956 12.078647613525392 7.4319690316915539 14.973801344633101 32.162231341004372 25.702377840876579 9.4902483820915204 10.194833278656004
leaf_count=42 30 49 30 63 132 106 39 42
internal_value=0.00133111 0.0041712 0.0153787 0 0.00813003 -0.00865047 -0.0153229 0.000998221
internal_weight=129.433 112.626 29.7054 82.9205 42.2443 40.6762 16.8069 17.6268
internal_count=533 464 121 343 174 169 69 72
is_linear=0
shrinkage=0.03


Tree=48
num_leaves=9
num_cat=0
split_feature=34 14 35 14 16 26 7 20
split_gain=6.53108 5.82499 7.47882 6.42485 6.13363 5.24924 2.88297 2.15197
threshold=0.034551093974205867 34.606777266085381 0.029143693586782263 -6.8496868197421454 -10.673136096276419 0.1728328777821164 0.0049221211966966596 0.023055454441078316
decision_type=2 2 2 2 2 2 2 2
left_child=1 3 -3 4 -1 -5 -2 -4
right_child=6 2 7 5 -6 -7 -8 -9
leaf_value=-0.0058925285985616579 -0.00025161817707280662 0.031352777948997379 0.012227383205859959 0.0044923524235883612 0.016369361776704505 -0.016418948542476178 -0.025823549796277639 -0.0066832779061511633
leaf_weight=15.655956968665121 8.5702385455369967 12.076542198657991 7.4343490451574352 15.118422254920004 26.570204749703407 25.497677519917488 8.2049023211002332 10.189203172922133
leaf_count=65 35 49 30 63 109 106 34 42
internal_value=0.00128012 0.00405343 0.0149915 0 0.00788307 -0.00843768 -0.0149765 0.000962801
internal_weight=129.317 112.542 29.7001 82.8423 42.2262 40.6161 16.7751 17.6236
internal_count=533 464 121 343 174 169 69 72
is_linear=0
shrinkage=0.03


Tree=49
num_leaves=9
num_cat=0
split_feature=20 26 1 16 26 35 14 28
split_gain=4.70256 4.52137 5.89246 6.66897 4.13069 3.80536 2.08025 1.27799
threshold=0.017481497576906872 0.58123167155425237 -0.0050209343648421325 -4.8746184034984514 0.38043935253310918 0.010310663301239533 8.1026296455020219 4.5000000000000009
decision_type=2 2 2 2 2 2 2 2
left_child=4 2 5 -4 6 -2 7 -1
right_child=1 -3 3 -5 -6 -7 -8 -9
leaf_value=-0.0058574480501260209 0.0014989013798523609 -0.014304978894986081 -0.012967467964228313 0.0080179721372158758 0.0087076347253388555 0.023505542488845489 0 -0.026863709325203058
leaf_weight=8.1810946464538663 12.785896360874174 7.9481089115142813 19.126049041748047 36.18419437110424 7.3186835795640937 21.236237332224846 7.3511832803487769 9.0898530483245832
leaf_count=34 54 33 79 148 30 87 30 38
internal_value=0.00123987 0.00461565 0.00673968 0.000300268 -0.00826576 0.016194 -0.0141495 -0.0193322
internal_weight=129.221 97.2805 89.3324 55.3102 31.9408 34.0221 24.6221 17.2709
internal_count=533 401 368 227 132 141 102 72
is_linear=0
shrinkage=0.03


end of trees

feature_importances:
macd=22
macro_usdjpy_vol_20=22
return_20d=20
macd_hist=20
macro_usdjpy_ret_60=20
volatility=19
return_2d=17
ma_20_60_cross=16
macro_usdjpy_ret_20=14
return_1d=11
macro_topix_ret_20=11
macro_topix_vol_20=11
bb_pct_b=10
div_ma_60=9
rsi=9
return_3d=8
return_5d=8
div_ma_5=8
macd_hist_change=8
bb_bandwidth=8
month=8
div_ma_10=7
rsi_change=7
atr_pct=7
return_10d=6
div_ma_20=6
macd_signal=6
lower_shadow_pct=6
day_of_week=6
upper_shadow_pct=5
gap=5
macro_nikkei_ret_20=5
ma_5_20_cross=4
vol_change=4
candle_body_pct=4
vol_ratio=3
price_position_20d=2
macro_topix_above_200dma=1

parameters:
[boosting: gbdt]
[objective: binary]
[metric: binary_logloss]
[tree_learner: serial]
[device_type: cpu]
[data_sample_strategy: bagging]
[data: ]
[valid: ]
[num_iterations: 50]
[learning_rate: 0.03]
[num_leaves: 15]
[num_threads: 0]
[seed: 44]
[deterministic: 0]
[force_col_wise: 0]
[force_row_wise: 0]
[histogram_pool_size: -1]
[max_depth: 4]
[min_data_in_leaf: 30]
[min_sum_hessian_in_leaf: 0.001]
[bagging_fraction: 0.7]
[pos_bagging_fraction: 1]
[neg_bagging_fraction: 1]
[bagging_freq: 5]
[bagging_seed: 21897]
[bagging_by_query: 0]
[feature_fraction: 0.6]
[feature_fraction_bynode: 1]
[feature_fraction_seed: 12646]
[extra_trees: 0]
[extra_seed: 20733]
[early_stopping_round: 0]
[early_stopping_min_delta: 0]
[first_metric_only: 0]
[max_delta_step: 0]
[lambda_l1: 0.5]
[lambda_l2: 2]
[linear_lambda: 0]
[min_gain_to_split: 0]
[drop_rate: 0.1]
[max_drop: 50]
[skip_drop: 0.5]
[xgboost_dart_mode: 0]
[uniform_drop: 0]
[drop_seed: 20829]
[top_rate: 0.2]
[other_rate: 0.1]
[min_data_per_group: 100]
[max_cat_threshold: 32]
[cat_l2: 10]
[cat_smooth: 10]
[max_cat_to_onehot: 4]
[top_k: 20]
[monotone_constraints: ]
[monotone_constraints_method: basic]
[monotone_penalty: 0]
[feature_contri: ]
[forcedsplits_filename: ]
[refit_decay_rate: 0.9]
[cegb_tradeoff: 1]
[cegb_penalty_split: 0]
[cegb_penalty_feature_lazy: ]
[cegb_penalty_feature_coupled: ]
[path_smooth: 0]
[interaction_constraints: ]
[verbosity: -1]
[saved_feature_importance_type: 0]
[use_quantized_grad: 0]
[num_grad_quant_bins: 4]
[quant_train_renew_leaf: 0]
[stochastic_rounding: 1]
[linear_tree: 0]
[max_bin: 255]
[max_bin_by_feature: ]
[min_data_in_bin: 5]
[bin_construct_sample_cnt: 200000]
[data_random_seed: 182]
[is_enable_sparse: 1]
[enable_bundle: 1]
[use_missing: 1]
[zero_as_missing: 0]
[feature_pre_filter: 1]
[pre_partition: 0]
[two_round: 0]
[header: 0]
[label_column: ]
[weight_column: ]
[group_column: ]
[ignore_column: ]
[categorical_feature: ]
[forcedbins_filename: ]
[precise_float_parser: 0]
[parser_config_file: ]
[objective_seed: 3944]
[num_class: 1]
[is_unbalance: 0]
[scale_pos_weight: 1]
[sigmoid: 1]
[boost_from_average: 1]
[reg_sqrt: 0]
[alpha: 0.9]
[fair_c: 1]
[poisson_max_delta_step: 0.7]
[tweedie_variance_power: 1.5]
[lambdarank_truncation_level: 30]
[lambdarank_norm: 1]
[label_gain: ]
[lambdarank_position_bias_regularization: 0]
[eval_at: ]
[multi_error_top_k: 1]
[auc_mu_weights: ]
[num_machines: 1]
[local_listen_port: 12400]
[time_out: 120]
[machine_list_filename: ]
[machines: ]
[gpu_platform_id: -1]
[gpu_device_id: -1]
[gpu_use_dp: 0]
[num_gpu: 1]

end of parameters

pandas_categorical:[]
