tree
version=v4
num_class=1
num_tree_per_iteration=1
label_index=0
max_feature_idx=44
objective=binary sigmoid:1
feature_names=return_1d return_2d return_3d return_5d return_10d return_20d div_ma_5 div_ma_10 div_ma_20 div_ma_60 ma_5_20_cross ma_20_60_cross rsi rsi_change macd macd_signal macd_hist macd_hist_change bb_pct_b bb_bandwidth atr_pct volatility vol_change vol_ratio candle_body_pct upper_shadow_pct lower_shadow_pct day_of_week month is_month_end is_month_start streak gap price_position_20d macro_usdjpy_ret_20 macro_usdjpy_ret_60 macro_usdjpy_vol_20 macro_topix_ret_20 macro_topix_vol_20 macro_topix_above_200dma macro_nikkei_ret_20 macro_nikkei_above_200dma macro_nikkei_vi macro_jgb10y macro_bias_score
feature_infos=[-0.15824915824915819:0.13431715857928972] [-0.19093851132686079:0.12706353176588303] [-0.20161812297734627:0.1336032388663968] [-0.22986470468040454:0.19460188933873135] [-0.26650146887246884:0.26188094047023514] [-0.30767070448777301:0.35519568151147096] [-0.16013437390715968:0.067031126871552354] [-0.20127794904151758:0.11899363709500485] [-0.23143925904409948:0.13553430723748497] [-0.26479036909574061:0.24798376284513232] [-0.16775610836646215:0.092555761559638183] [-0.1665660302685148:0.14908610095667729] [9.3700787401574814:94.454713493530505] [-30.533397630385721:32.677531030988774] [-228.43110523131782:243.04923156178756] [-202.29394875434912:226.0709495874157] [-104.77471637839874:79.543945729855338] [-46.172457567214195:26.516778305262193] [-0.42815126345994992:1.3187396965389484] [0.025854689961322421:0.47552182601768039] [0.010987917555081734:0.055898545651274542] [0.0082436302732407877:0.051326273691965095] [-0.65840508519950447:7.4270113013315431] [0.46589045556740694:2.0579220104862932] [-1:1] [0:0.96078431372549022] [0:0.94936708860759489] [0:4] [1:12] [0:1] [0:1] [-8:9] [-0.12895622895622894:0.09598523304107065] [0:1] [-0.10288784967882303:0.08505611680078462] [-0.13986255140503889:0.13160084488587853] [0.0024251968629527628:0.011841457708833433] [-0.21871130063915301:0.21255316252998058] [0.0039190425134663694:0.040640975235326539] [0:1] [-0.22859537662338159:0.23022297972565586] [0:1] none none none
tree_sizes=1097 1280 1418 1410 1294 1206 1098 1207 1292 1201 1184 1204 1389 1307 1414 1267 995 997 1411 1101 993 973 1095 998 894 1191 1418 1186 1416 1209 848 1095 873 973 1077 1080 1188 1299 1068 1090 1318 1521 1296 1202 1298 1190 1423 1205 1004 1416

Tree=0
num_leaves=9
num_cat=0
split_feature=37 23 34 23 25 15 27 40
split_gain=13.1972 10.4357 13.5966 12.247 6.7073 5.06996 6.39386 0.48456
threshold=0.015492931742331907 0.84439440810968691 0.030666778376329033 1.1181222673896036 0.032787864309603447 -65.211102141509485 1.5000000000000002 -0.016048729264473312
decision_type=2 2 2 2 2 2 2 2
left_child=1 7 3 -3 -2 -6 -7 -1
right_child=4 2 -4 -5 5 6 -8 -9
leaf_value=0.024073340697032521 -0.00065565798461997803 -0.013466331134705488 -0.040043204720423574 0.016867916299371018 -0.0026876917428984692 -0.012398612406577837 -0.032962627304161357 0.0031660571147300292
leaf_weight=9.4998182356357592 13.249746486544607 28.249459490180016 7.9998469352722159 17.499665170907974 8.2498421519994718 24.999521672725677 37.249287292361259 8.2498421519994718
leaf_count=38 53 113 32 70 33 100 149 33
internal_value=-0.0105922 -0.00135436 -0.00849962 -0.00159008 -0.0186423 -0.0223598 -0.025308 0.0173064
internal_weight=155.247 71.4986 53.749 45.7491 83.7484 70.4987 62.2488 17.7497
internal_count=621 286 215 183 335 282 249 71
is_linear=0
shrinkage=1


Tree=1
num_leaves=11
num_cat=0
split_feature=36 15 15 23 35 37 14 5 14 5
split_gain=22.7511 22.7673 12.346 11.7113 10.2502 10.0455 5.35363 5.25953 3.33076 2.60506
threshold=0.0063755296264285779 -22.179302256520401 70.283921887948352 0.83593658414086103 0.042109044468784836 0.015492931742331907 111.84059770090745 -0.065065345961578522 29.742446519334184 -0.031916007712855347
decision_type=2 2 2 2 2 2 2 2 2 2
left_child=1 5 4 -3 7 -1 -4 -2 -5 -7
right_child=2 3 6 8 -6 9 -8 -9 -10 -11
leaf_value=0.029417968533394952 0 0.0021899462384051809 -0.026542536215190368 -0.041561182318870835 -0.0073421623597633 -0.014101623278596639 0.0050138644277552703 0.029185320115788116 -0.019902451952072561 0.0065504777830157146
leaf_weight=11.249055936932566 7.7493658512830725 12.748676940798758 7.4991193860769254 15.497661635279654 9.7484764307737333 9.4994005709886569 7.4989231079816818 34.246679186820984 31.745360687375069 7.7490585744380942
leaf_count=45 31 51 30 62 39 38 30 137 127 31
internal_value=-0.00177077 -0.011715 0.0111526 -0.0220439 0.01807 0.00955688 -0.0111486 0.0243754 -0.0287115 -0.00432758
internal_weight=155.232 88.4892 66.7426 59.9917 51.7445 28.4975 14.998 41.996 47.243 17.2485
internal_count=621 354 267 240 207 114 60 168 189 69
is_linear=0
shrinkage=0.03


Tree=2
num_leaves=12
num_cat=0
split_feature=36 11 0 36 11 10 5 27 40 28 22
split_gain=21.4513 17.4481 8.79538 7.01606 5.16673 9.51489 8.53739 5.11605 3.98199 3.3144 0.991753
threshold=0.0063755296264285779 -0.013829507530650985 0.012855297197040262 0.0044368062295989533 0.029236618982596666 1.0000000180025095e-35 -0.084095227927831737 2.5000000000000004 0.02437784899435658 9.5000000000000018 -0.047134244592841594
decision_type=2 2 2 2 2 2 2 2 2 2 2
left_child=1 2 8 10 6 -6 -2 -5 -1 -8 -3
right_child=4 3 -4 7 5 -7 9 -9 -10 -11 -12
leaf_value=0.027596691281029893 -0.0090704837107187918 -0.016505231478233299 -0.016433773286642847 -0.0021506161624853561 0.019335112017635284 -0.017163610626937113 0.029285412764652071 -0.023702453413348576 0.00060872546419825911 0.007573726125940497 -0.045036023207045278
leaf_weight=11.497118532657629 7.7485173344612113 7.4960070699453381 7.9980377554893485 23.990796238183975 9.49755607545376 12.496772229671476 23.245661064982414 17.9900923371315 9.7473931014537794 13.747588604688643 9.7451793104410154
leaf_count=46 31 30 32 96 38 50 93 72 39 55 39
internal_value=-0.00172656 -0.0113865 0.00689192 -0.0205874 0.0108191 -0.000479714 0.0164772 -0.0123852 0.0169772 0.0224038 -0.0364162
internal_weight=155.201 88.4646 29.2425 59.2221 66.7361 21.9943 44.7418 41.9809 21.2445 36.9932 17.2412
internal_count=621 354 117 237 267 88 179 168 85 148 69
is_linear=0
shrinkage=0.03


Tree=3
num_leaves=12
num_cat=0
split_feature=37 19 20 23 23 34 23 35 20 10 1
split_gain=12.0964 14.3801 14.307 9.85319 9.61243 12.5154 11.2749 8.52976 5.61651 0.179425 0.128342
threshold=0.015492931742331907 0.12199934444779763 0.029639543942903013 0.94143152681807774 0.84439440810968691 0.030666778376329033 1.1181222673896036 0.037998412354985252 0.021037408279533886 0.043331395133845103 0.0042431618886845665
decision_type=2 2 2 2 2 2 2 2 2 2 2
left_child=4 3 9 7 10 6 -6 -2 -5 -3 -1
right_child=1 2 -4 8 5 -7 -8 -9 -10 -11 -12
leaf_value=0.030553801136324023 0.027991514949827604 -0.039727950315502483 0.0025653223082546237 -0.021428091612050781 -0.004471353612924207 -0.029995448316361448 0.024629398360215056 -0.0065902095959711774 0.0063825209632761672 -0.016568345916997542 0.011617313357338758
leaf_weight=9.9953948110342044 14.494225218892099 17.486257672309879 12.243849590420721 15.236322283744814 28.233426958322525 7.9901355355978003 17.489583775401115 8.4972899407148343 8.2446354925632459 7.496066913008689 7.7466252148151389
leaf_count=40 58 70 49 61 113 32 70 34 33 30 31
internal_value=-0.0016956 -0.00940947 -0.0228149 0.00151765 0.00714597 0.000272356 0.00691139 0.0151059 -0.01134 -0.0350779 0.02506
internal_weight=155.154 83.6986 37.2262 46.4725 71.4552 53.7131 45.723 22.9915 23.481 24.9823 17.742
internal_count=621 335 149 186 286 215 183 92 94 100 71
is_linear=0
shrinkage=0.03


Tree=4
num_leaves=11
num_cat=0
split_feature=11 3 6 38 37 15 4 0 34 40
split_gain=13.9024 10.6917 11.2985 7.86131 7.34845 6.71631 5.45063 5.33358 4.14083 0.106046
threshold=-0.015480220311124391 0.03305610947433258 -0.011647252938917651 0.0089141286860965827 0.015492931742331907 64.730555341870911 -0.061113068941243735 0.012855297197040262 0.022649453447683546 -0.034851846460604956
decision_type=2 2 2 2 2 2 2 2 2 2
left_child=4 2 6 -3 9 -4 -2 8 -6 -1
right_child=1 3 5 -5 7 -7 -8 -9 -10 -11
leaf_value=0.013456290631960835 0 -0.038958189164403349 0.014294769283003987 -0.0052135313508486283 0.02192491942508475 -0.0059212089566390196 -0.025104663092000747 -0.015925563528377276 -0.0041436581707705537 0.033883455318075247
leaf_weight=8.2393505573272723 10.988033235073091 12.482150912284853 33.713184222579002 14.233159363269804 10.246034964919096 22.483865082263947 18.972277149558067 7.9945880621671668 7.4954320788383475 8.2412834912538511
leaf_count=33 44 50 135 57 41 90 76 32 30 33
internal_value=-0.00164836 -0.00721418 -0.00170016 -0.0231176 0.0125467 0.00602329 -0.0161269 0.00144138 0.0108476 0.0270442
internal_weight=155.089 112.873 86.1574 26.7153 42.2167 56.197 29.9603 25.7361 17.7415 16.4806
internal_count=621 452 345 107 169 225 120 103 71 66
is_linear=0
shrinkage=0.03


Tree=5
num_leaves=10
num_cat=0
split_feature=36 15 34 13 15 23 9 37 14
split_gain=15.5926 20.2207 8.13911 8.09594 7.83779 6.43395 5.93674 5.4451 6.05865
threshold=0.0059465208567478891 -22.179302256520401 0.038217894311869512 -4.9120760946874382 79.88443893271922 0.83138368734615342 -0.062463531384527059 0.015492931742331907 -75.902969603382175
decision_type=2 2 2 2 2 2 2 2 2
left_child=1 7 4 -3 6 -5 -2 -1 -9
right_child=2 3 -4 5 -6 -7 -8 8 -10
leaf_value=0.028146935212841704 -0.0035395069965490781 0.00069982626278655192 -0.012474730354801207 -0.00073431565106457555 -0.0071449795214737211 -0.031281627918556786 0.022289510535983822 -0.016647064687009983 0.015510493819225214
leaf_weight=9.4806987494230288 7.745450794696807 12.977939903736113 9.9833097010850889 8.9934048950672132 10.990152552723883 31.426491782069206 49.453809827566147 7.4943371862173107 9.7469138205051404
leaf_count=38 31 52 40 36 44 126 198 30 39
internal_value=0.000805724 -0.00829193 0.0102913 -0.0188315 0.0140986 -0.0251935 0.0185372 0.0120916 0.000475415
internal_weight=158.293 80.1198 78.1727 53.3978 68.1894 40.4199 57.1993 26.7219 17.2413
internal_count=634 321 313 214 273 162 229 107 69
is_linear=0
shrinkage=0.03


Tree=6
num_leaves=9
num_cat=0
split_feature=37 20 20 36 9 34 36 3
split_gain=14.6851 17.1295 19.8017 13.2263 8.97172 6.59545 6.04694 4.9506
threshold=0.015492931742331907 0.031649376942935591 0.023654495793242771 0.0076676376795750565 0.036758419393649121 0.037397177722281134 0.0040092078562762885 0.016175717966110285
decision_type=2 2 2 2 2 2 2 2
left_child=5 2 4 -4 -2 6 -1 -8
right_child=1 -3 3 -5 -6 -7 7 -9
leaf_value=-0.0075079087562443863 0.012873332665853752 0.024782726307110117 -0.034396099904829287 0.0060959512383465557 -0.016389936850600674 -0.010250974402272659 0.0251112487299151 0.0042878434492380829
leaf_weight=7.4770038574933997 26.215663030743599 10.987668246030806 32.671942993998528 7.7433421015739432 11.969349727034567 8.9686451554298383 33.699622392654419 18.47087137401104
leaf_count=30 105 44 131 31 48 36 135 74
internal_value=0.000771542 -0.00706471 -0.0122073 -0.0263628 0.00296809 0.0111256 0.0148114 0.0184462
internal_weight=158.204 89.588 78.6003 40.4153 38.185 68.6161 59.6475 52.1705
internal_count=634 359 315 162 153 275 239 209
is_linear=0
shrinkage=0.03


Tree=7
num_leaves=10
num_cat=0
split_feature=36 15 34 15 19 37 37 19 9
split_gain=14.1734 18.9989 7.49635 8.14513 7.10009 6.00555 4.98824 6.68498 4.92994
threshold=0.0059465208567478891 -22.179302256520401 0.039765647226320595 79.88443893271922 0.064564486840648402 0.0082268386318266069 0.015492931742331907 0.11461936928740013 -0.056349920589895727
decision_type=2 2 2 2 2 2 2 2 2
left_child=1 6 3 8 -3 -6 -1 -8 -2
right_child=2 4 -4 -5 5 -7 7 -9 -10
leaf_value=0.027224280407342084 -0.00068781927053639504 0.0053891566540775569 -0.013156558670614245 -0.0081093615403296376 -0.0033567025832715093 -0.02934105699395953 0.017490665579095125 -0.016122424466119119 0.021505144772838158
leaf_weight=9.4620705693960208 9.2377340495586378 7.9879914075136176 8.9766407012939435 11.236694365739821 12.970855250954626 32.352135315537453 8.9960550367832202 8.2350255995988828 48.668370380997658
leaf_count=38 37 32 36 45 52 130 36 33 195
internal_value=0.000750376 -0.00792634 0.00979968 0.013277 -0.0181583 -0.0226778 0.0118273 0.000640364 0.0178096
internal_weight=158.124 80.0041 78.1194 69.1428 53.311 45.323 26.6932 17.2311 57.9061
internal_count=634 321 313 277 214 182 107 69 232
is_linear=0
shrinkage=0.03


Tree=8
num_leaves=11
num_cat=0
split_feature=0 0 19 21 9 19 0 9 19 0
split_gain=8.72589 15.1304 7.66522 7.1049 6.35981 6.5537 5.38848 3.13675 2.05941 1.69597
threshold=0.013123454017101579 0.0015325414048041888 0.071778668491158451 0.027532912897656584 0.027568726226583674 0.16653578992737247 0.021350333159044891 0.05688609852595599 0.11613974202987938 0.016538897799073474
decision_type=2 2 2 2 2 2 2 2 2 2
left_child=1 2 -1 -4 8 -6 9 -8 -3 -2
right_child=6 4 3 -5 5 -7 7 -9 -10 -11
leaf_value=0.018144034760821406 -0.0076701800875558406 0.040189889608451046 -0.010607248833429072 0.016360516810735779 -0.0031814036563731509 0.026953938326901402 0.011015104947495387 -0.012551893165861167 0.012319206629896075 -0.032322006922953672
leaf_weight=10.725819081068037 7.9839490801095989 10.473790973424913 62.282220557332039 7.9796331822872153 17.444356009364132 7.4793418794870368 8.972992807626726 7.4680578112602225 8.4671172797679883 8.7182662487030012
leaf_count=43 32 42 250 32 70 30 36 30 34 35
internal_value=0.000720247 0.00446365 -0.00310513 -0.0069689 0.0182911 0.00663524 -0.012406 0 0.0308137 -0.0234205
internal_weight=157.996 124.852 80.9877 70.2619 43.8646 24.9237 33.1433 16.4411 18.9409 16.7022
internal_count=634 501 325 282 176 100 133 66 76 67
is_linear=0
shrinkage=0.03


Tree=9
num_leaves=10
num_cat=0
split_feature=20 20 23 9 40 35 11 17 2
split_gain=13.332 15.451 19.5997 11.406 11.3903 6.74089 5.23467 6.74675 3.96524
threshold=0.031932929421768716 0.022294081128952762 1.0848902339927755 0.036758419393649121 -0.00091713069127991032 -0.034461565170257551 -0.020665725724004155 -3.7945264360442326 0.0021256703932117653
decision_type=2 2 2 2 2 2 2 2 2
left_child=1 2 3 -1 8 -6 -2 -8 -3
right_child=6 4 -4 -5 5 -7 7 -9 -10
leaf_value=0.030769915055038816 0.033491407196607072 -0.006257126807267626 -0.01956659342323111 -0.0016659963588503319 0.0036530719637725348 -0.023860146141857923 0.02324157533671628 -0.011122647577260621 0.015673463940479505
leaf_weight=25.679055079817772 11.202205449342729 12.69811035692692 13.70081616938114 13.462562516331671 7.9858833104372016 44.784055083990097 7.9874571859836605 8.222055643796919 12.213120475411413
leaf_count=103 45 51 55 54 32 180 32 33 49
internal_value=0.000720942 -0.00324685 0.00891117 0.0197105 -0.0117216 -0.0194412 0.01906 0.00567988 0.00430307
internal_weight=157.935 130.524 52.8424 39.1416 77.6812 52.7699 27.4117 16.2095 24.9112
internal_count=634 524 212 157 312 212 110 65 100
is_linear=0
shrinkage=0.03


Tree=10
num_leaves=10
num_cat=0
split_feature=37 20 19 19 23 37 17 1 21
split_gain=19.8126 10.1535 12.4079 5.52176 5.27452 4.70241 5.02344 4.18579 1.47402
threshold=0.015019141797233073 0.031932929421768716 0.057900633690261792 0.12199934444779763 0.8494850729940866 -0.0048739093324975937 4.2640502990760831 0.0046582718826813094 0.021902401444550291
decision_type=2 2 2 2 2 2 2 2 2
left_child=4 2 -2 -4 8 6 -6 -7 -1
right_child=1 -3 3 -5 5 7 -8 -9 -10
leaf_value=0.031961132142431736 0.016379321682213885 0.016816119731984155 -0.0085089590572428094 -0.027402178666792107 -0.010310649646363225 0.025820674696345695 0.014298324781592573 0 0.0088016792134346915
leaf_weight=11.455324009060861 8.967926621437071 9.4763936847448331 35.11569707095623 29.835195511579514 19.698947891592983 12.704832181334497 9.2037639617919904 8.9593598991632444 8.2010233253240568
leaf_count=46 36 38 141 120 79 51 37 36 33
internal_value=0.000313082 -0.00937446 -0.0132842 -0.0179709 0.0119664 0.00598136 -0.00157058 0.0159717 0.0246964
internal_weight=153.618 83.3952 73.9188 64.9509 70.2233 50.5669 28.9027 21.6642 19.6563
internal_count=617 335 297 261 282 203 116 87 79
is_linear=0
shrinkage=0.03


Tree=11
num_leaves=10
num_cat=0
split_feature=40 14 19 5 2 19 10 40 21
split_gain=9.17808 11.1375 13.2211 5.68276 8.25695 5.20369 7.0069 6.50078 4.7669
threshold=0.011329208494662015 51.252700976205922 0.18379109699573279 0.026467160807647109 0.018158184441225082 0.12350288375061035 0.048560224022718874 -0.022089105845620512 0.023624604290601748
decision_type=2 2 2 2 2 2 2 2 2
left_child=5 3 -3 4 -2 7 8 -1 -7
right_child=1 2 -4 -5 -6 6 -8 -9 -10
leaf_value=-0.018682175426088535 0.0025399420571933433 -0.034835430173878953 0.0086257772054154531 0.016121916161171732 -0.026455122044851179 0.028648031350294988 -0.0074195582848646732 0.010182537893340929 0.0047342397771055703
leaf_weight=10.47106419503689 34.562978014349937 18.123491197824482 7.4803495854139319 14.701409026980398 9.467405289411543 21.394756942987442 8.7071507573127729 13.695066303014753 14.909145206212996
leaf_count=42 139 73 30 59 38 86 35 55 60
internal_value=0.000335485 -0.00614439 -0.0218895 0.00096745 -0.00424728 0.00839668 0.0142695 -0.00222314 0.0199788
internal_weight=153.513 84.3356 25.6038 58.7318 44.0304 69.1772 45.0111 24.1661 36.3039
internal_count=617 339 103 236 177 278 181 97 146
is_linear=0
shrinkage=0.03


Tree=12
num_leaves=12
num_cat=0
split_feature=36 15 15 15 35 3 13 33 9 27 16
split_gain=14.0125 21.4139 8.77191 13.1445 5.76593 3.55439 3.21077 4.2948 3.12075 2.96103 1.41367
threshold=0.0060633783058748588 -17.302838644249764 67.781214904710893 -15.32399868753469 -0.025986030139525603 -0.0060935761137493874 -5.0090270244450847 0.72447903745968756 0.085238327174854855 1.5000000000000002 4.8076689543704854
decision_type=2 2 2 2 2 2 2 2 2 2 2
left_child=1 9 3 5 -5 -2 -3 -8 -4 -1 -11
right_child=2 6 8 4 -6 -7 7 -9 -10 10 -12
leaf_value=0 0.0098488132241443122 -0.0033507034364049144 -0.019531835258877757 0.039605547701497205 0.011590985175571769 -0.011408960402860577 -0.033183489742035825 -0.010439429260475516 0.0027991548509069411 0.0065905609829803079 0.028309694831003034
leaf_weight=10.43997371196747 10.951537802815439 11.441391021013258 8.2310936301946658 15.914884179830549 17.420771524310112 13.205527573823927 20.594687983393669 18.857349768280983 9.4670178443193418 9.1921161711215991 7.7134966999292365
leaf_count=42 44 46 33 64 70 53 83 76 38 37 31
internal_value=0.000321985 -0.00836168 0.00953453 0.0151903 0.0268747 -0.00118217 -0.0197103 -0.0237023 -0.00775374 0.0121523 0.0192402
internal_weight=153.43 78.239 75.1908 57.4927 33.3357 24.1571 50.8934 39.452 17.6981 27.3456 16.9056
internal_count=617 315 302 231 134 97 205 159 71 110 68
is_linear=0
shrinkage=0.03


Tree=13
num_leaves=11
num_cat=0
split_feature=37 15 19 19 15 9 37 5 26 3
split_gain=17.9755 10.3369 10.1173 6.86991 5.34278 5.18406 6.2393 4.87574 2.2157 1.34163
threshold=0.015019141797233073 37.627090525449212 0.18613291816793762 0.057900633690261792 67.781214904710893 0.043615068659047955 0.00052090630906143087 0.026467160807647109 0.34113113330438566 0.0069005336546986715
decision_type=2 2 2 2 2 2 2 2 2 2
left_child=4 3 9 -2 5 6 -1 -5 -6 -3
right_child=1 2 -4 7 8 -7 -8 -9 -10 -11
leaf_value=0.00072152254919396217 0.022061318874558412 -0.039370550503164098 0.0043166656864777669 -0.012221818386740926 -0.010315247469733248 0.034938448223268116 0.024575693847949314 0.0072161464220141368 0.0085945249598921615 -0.013081171646872459
leaf_weight=27.322557613253593 7.705947905778884 13.850062385201459 7.7256945818662635 31.342795416712761 10.718865916132929 9.6514807939529401 14.91213023662567 15.175000488758085 7.4821596741676322 7.4099632352590552
leaf_count=110 31 56 31 126 43 39 60 61 30 30
internal_value=0.000319277 -0.0089143 -0.0227568 -0.000701594 0.0114329 0.0162169 0.0102133 -0.00553554 -0.00171791 -0.0327652
internal_weight=153.297 83.2095 28.9857 54.2237 70.0872 51.8862 42.2347 46.5178 18.201 21.26
internal_count=617 335 117 218 282 209 170 187 73 86
is_linear=0
shrinkage=0.03


Tree=14
num_leaves=12
num_cat=0
split_feature=37 15 19 19 15 20 7 16 6 26 3
split_gain=17.0635 9.86771 9.67507 6.53401 5.08189 4.88788 3.74924 4.73251 2.29751 2.10974 1.25122
threshold=0.015019141797233073 37.627090525449212 0.18613291816793762 0.057900633690261792 67.781214904710893 0.028942879989285814 -0.010840440210426015 -24.059920609683434 0.0047296205364660655 0.34113113330438566 0.0069005336546986715
decision_type=2 2 2 2 2 2 2 2 2 2 2
left_child=4 3 10 -2 6 -5 7 -1 -8 -6 -3
right_child=1 2 -4 5 9 -7 8 -9 -10 -11 -12
leaf_value=0.015438649090399846 0.021559188675293564 -0.038480421593833081 0.0042134343526245704 -0.01002432360473903 -0.010057257445542301 0.013149106175247503 0.033251950395849418 -0.011253240865947561 0.012550881863648377 0.008390363462066253 -0.012784950845904284
leaf_weight=12.181425109505655 7.6955981105566016 13.792450532317167 7.7265172600746146 38.540749102830887 10.715369492769243 7.9646205157041541 11.633309885859491 7.9553851485252371 20.065619379281998 7.4829481542110434 7.4006790816783896
leaf_count=49 31 56 31 155 43 32 47 32 81 30 30
internal_value=0.000326311 -0.00867291 -0.0222158 -0.000646582 0.0111596 -0.00536781 0.0158294 0.00415198 0.0221158 -0.00164946 -0.0320305
internal_weight=153.155 83.1206 28.9196 54.201 70.0341 46.5054 51.8357 20.1368 31.6989 18.1983 21.1931
internal_count=617 335 117 218 282 187 209 81 128 73 86
is_linear=0
shrinkage=0.03


Tree=15
num_leaves=11
num_cat=0
split_feature=37 20 19 23 28 40 18 18 9 32
split_gain=10.3027 13.5079 16.262 11.0826 5.42219 11.664 7.71543 6.47685 3.01653 2.60101
threshold=0.015019141797233073 0.031649376942935591 0.12350288375061035 0.9643853290797314 8.5000000000000018 -0.019595860061444866 0.29121139530529755 0.87052866159778242 -0.010125070443194146 0.0035861379898347594
decision_type=2 2 2 2 2 2 2 2 2 2
left_child=4 2 3 -2 6 -6 -1 -8 -7 -4
right_child=1 -3 9 -5 5 8 7 -9 -10 -11
leaf_value=-0.003118121685783958 0.013961545906367624 0.022849533840770236 -0.017355868803146209 -0.014157545751096739 -0.02371751491757601 0.026008168014157534 0.030810700210592165 0 0 -0.042388221023355162
leaf_weight=11.933790683746336 25.060812518000603 10.703540608286856 21.756724119186405 21.536222949624062 10.190194025635721 7.4138433486223212 23.339206650853161 7.4412783235311499 8.4425320625305158 8.134631395339964
leaf_count=48 101 43 88 87 41 30 94 30 34 33
internal_value=0.00100489 -0.00568484 -0.0103495 0.000609001 0.00962067 -0.000667642 0.0159791 0.0235792 0.0143028 -0.0268696
internal_weight=155.953 87.1919 76.4884 46.597 68.7608 26.0466 42.7143 30.7805 15.8564 29.8914
internal_count=629 352 309 188 277 105 172 124 64 121
is_linear=0
shrinkage=0.03


Tree=16
num_leaves=8
num_cat=0
split_feature=36 37 36 19 37 14 18
split_gain=14.1183 9.55308 10.2958 11.8801 6.40484 5.79466 5.52928
threshold=0.0041954807640636532 0.0088491131145940222 0.0078773298394208182 0.057900633690261792 -0.0042097228658444221 -17.3310690033918 0.29571110420576513
decision_type=2 2 2 2 2 2 2
left_child=5 4 3 -3 6 -1 -2
right_child=1 2 -4 -5 -6 -7 -8
leaf_value=-0.0034537495903138385 -0.009141104063603165 0.022043820856016558 0.021396064526644332 -0.010962527253117889 0.029494345661875598 -0.036814679353171689 0.014491314148965793
leaf_weight=10.868098378181459 11.438993901014326 9.4098410755395872 12.683005824685095 63.407205790281296 16.11702997982502 9.0643024891614896 22.796403527259827
leaf_count=44 46 38 51 256 65 37 92
internal_value=0.000967837 0.00460262 -0.00138689 -0.00602151 0.014724 -0.0212823 0.0061124
internal_weight=155.785 135.852 85.5001 72.817 50.3524 19.9324 34.2354
internal_count=629 548 345 294 203 81 138
is_linear=0
shrinkage=0.03


Tree=17
num_leaves=8
num_cat=0
split_feature=36 37 36 19 37 14 6
split_gain=13.484 9.01174 9.74592 11.2809 6.09241 5.54283 5.21997
threshold=0.0041954807640636532 0.0088491131145940222 0.0078773298394208182 0.057900633690261792 -0.0042097228658444221 -17.3310690033918 -0.0092125262452590218
decision_type=2 2 2 2 2 2 2
left_child=5 4 3 -3 6 -1 -2
right_child=1 2 -4 -5 -6 -7 -8
leaf_value=-0.0033662565678650091 -0.0095175436071171099 0.021523717600425228 0.020851744418722611 -0.010649878367380686 0.028763970140769143 -0.03606312168251076 0.013745074833505828
leaf_weight=10.868039935827257 10.70721325278282 9.3966312408447248 12.675973847508429 63.36987492442131 16.081794247031212 9.0179818421602231 23.511506408452988
leaf_count=44 43 38 51 256 65 37 95
internal_value=0.000947139 0.00450082 -0.00131359 -0.00582993 0.0143368 -0.0208197 0.00592832
internal_weight=155.629 135.743 85.4425 72.7665 50.3005 19.886 34.2187
internal_count=629 548 345 294 203 81 138
is_linear=0
shrinkage=0.03


Tree=18
num_leaves=12
num_cat=0
split_feature=37 11 28 9 8 34 11 34 9 17 23
split_gain=8.89068 8.59259 12.1317 7.0441 6.65059 7.94931 5.65808 6.86667 5.81422 3.52171 2.72298
threshold=0.015019141797233073 0.015414262455869967 2.5000000000000004 0.02689905173514523 -0.012895750010924684 0.022649453447683546 0.051152210524714532 0.0268667792984747 0.01948804693205778 1.5316191460397202 0.89850936264079884
decision_type=2 2 2 2 2 2 2 2 2 2 2
left_child=6 4 -3 -4 9 -6 7 8 -1 -2 -8
right_child=1 2 3 -5 5 -7 10 -9 -10 -11 -12
leaf_value=0.0082155786102454317 0.0014441136865174144 0.0081914808378639146 -0.0012728203783552287 -0.034923950412212287 0.020626708902420202 -0.0096035378692756346 0.0061964173671021769 -0.0065887705445306921 0.032428847832562523 -0.024142498697634827 -0.015223645043251108
leaf_weight=25.699990659952164 7.4277351051568967 12.141062274575232 9.0946341305971163 19.317729488015175 22.069714188575748 9.392607167363165 7.432815924286845 9.9174414426088315 16.317042589187622 7.454950362443924 9.1834464073181135
leaf_count=104 30 49 37 79 89 38 30 40 66 30 37
internal_value=0.000926529 -0.00529105 -0.0151054 -0.0254377 0.00325614 0.0111191 0.00894743 0.0137769 0.0190056 -0.0118258 -0.00519992
internal_weight=155.449 86.8984 40.5534 28.4124 46.345 31.4623 68.5507 51.9345 42.017 14.8827 16.6163
internal_count=629 352 165 116 187 127 277 210 170 60 67
is_linear=0
shrinkage=0.03


Tree=19
num_leaves=9
num_cat=0
split_feature=36 20 3 7 15 15 35 15
split_gain=12.7134 6.57167 6.60928 11.5364 6.11053 7.98842 6.03422 4.62816
threshold=0.0041954807640636532 0.028890803894373287 0.03305610947433258 -0.013377104103184984 -88.706974578613384 65.634295915025845 0.0029563290971583727 -7.0529320683929271
decision_type=2 2 2 2 2 2 2 2
left_child=7 2 3 -2 -3 -6 -4 -1
right_child=1 4 6 -5 5 -7 -8 -9
leaf_value=-0.0010999494705462014 -0.014230265234079113 -0.0067166362432442934 0.0051801257990146503 0.012111757270197915 0.027480569796410406 -0.00067720585477026992 -0.024617285157521662 -0.031583108235659317
leaf_weight=8.6434308886528033 19.04922242462635 8.9183624833822233 7.6886403262615231 48.198940649628639 25.400338903069496 11.892812937498091 14.310006186366079 11.15630231797695
leaf_count=35 77 36 31 195 103 48 58 46
internal_value=0.00089122 0.00434587 -0.000305307 0.00423782 0.0132797 0.0185419 -0.0140141 -0.0202858
internal_weight=155.258 135.458 89.2468 67.2482 46.2115 37.2932 21.9986 19.7997
internal_count=629 548 361 272 187 151 89 81
is_linear=0
shrinkage=0.03


Tree=20
num_leaves=8
num_cat=0
split_feature=19 36 23 4 40 15 17
split_gain=11.0203 12.5171 12.5037 13.5822 8.54604 8.14225 8.28888
threshold=0.057900633690261792 0.0075713970907196277 0.83825105733276406 -0.071502455914644533 -0.006306217766064103 76.828418964041006 1.9706232745218826
decision_type=2 2 2 2 2 2 2
left_child=-1 2 4 -4 -2 6 -3
right_child=1 5 3 -5 -6 -7 -8
leaf_value=0.025128189394210489 0.03226363312727528 0.039781123128947785 0.019365387797975909 -0.015915290076351344 -0.00065652763500528301 -0.0079561527205715566 0.0037874969372836708
leaf_weight=14.274997532367705 8.8711172789335269 11.599890857934954 9.1782064884901029 74.655002817511559 17.79798336327076 8.4453255981206876 12.578874498605726
leaf_count=58 36 47 37 303 72 34 51
internal_value=0.00170212 -0.000845061 -0.00578453 -0.0115167 0.0112575 0.0148201 0.0233486
internal_weight=157.401 143.126 110.502 83.8332 26.6691 32.6241 24.1788
internal_count=638 580 448 340 108 132 98
is_linear=0
shrinkage=0.03


Tree=21
num_leaves=8
num_cat=0
split_feature=19 20 37 20 19 38 21
split_gain=10.4437 10.2078 9.67129 9.05252 6.67724 2.63895 1.24134
threshold=0.057900633690261792 0.032100492662697135 0.015492931742331907 0.029948334579826371 0.11163293635777465 0.01627689124066899 0.025855843333694322
decision_type=2 2 2 2 2 2 2
left_child=-1 2 3 -2 -4 6 -3
right_child=1 5 4 -5 -6 -7 -8
leaf_value=0.024524142014554166 0.011440771900369311 0.0090768569656912157 -0.00058926280799341004 -0.02089540765199813 -0.019553099623115827 0 0.030899921662043837
leaf_weight=14.237627923488615 40.25362366437912 9.8734778463840538 31.13686865568161 7.403453677892684 39.252135798335075 7.3975994139909735 7.668735831975936
leaf_count=58 163 40 126 30 160 30 31
internal_value=0.00169207 -0.000784883 -0.00461663 0.00547606 -0.0116196 0.0157912 0.0215706
internal_weight=157.224 142.986 118.046 47.6571 70.389 24.9398 17.5422
internal_count=638 580 479 193 286 101 71
is_linear=0
shrinkage=0.03


Tree=22
num_leaves=9
num_cat=0
split_feature=23 36 4 16 2 7 14 41
split_gain=8.9242 14.2985 10.2395 7.5172 8.72583 5.09904 3.40472 3.05771
threshold=0.83825105733276406 0.0075713970907196277 -0.071502455914644533 24.517143593146997 0.0021256703932117653 -0.016144401799888308 -10.873574807468684 1.0000000180025095e-35
decision_type=2 2 2 2 2 2 2 2
left_child=3 2 -2 4 6 -4 -1 -3
right_child=1 7 5 -5 -6 -7 -8 -9
leaf_value=0.014233700288873529 0.018815381572473689 0.00074605396586989935 -0.025175062886646896 -0.010040852562656176 0.031482647856109824 -0.0068581906694341627 -0.0105508309387294 0.025646467020868466
leaf_weight=7.6554290205240241 9.1720355898141843 8.1298424154520035 18.138877108693123 8.1437021195888502 19.410740375518799 64.49747109413147 8.0841593593358976 13.814379036426544
leaf_count=31 37 33 74 33 79 262 33 56
internal_value=0.00165705 -0.00267556 -0.00802534 0.0129874 0.0189797 -0.0115559 0.000903979 0.0178807
internal_weight=157.047 113.753 91.8084 43.294 35.1503 82.6363 15.7396 21.9442
internal_count=638 462 373 176 143 336 64 89
is_linear=0
shrinkage=0.03


Tree=23
num_leaves=8
num_cat=0
split_feature=19 36 23 4 40 41 23
split_gain=9.87883 11.2165 11.1937 12.2117 7.88131 6.49715 0.71272
threshold=0.057900633690261792 0.0075713970907196277 0.83825105733276406 -0.071502455914644533 -0.006306217766064103 1.0000000180025095e-35 0.98217274874148208
decision_type=2 2 2 2 2 2 2
left_child=-1 2 4 -4 -2 -3 -7
right_child=1 5 3 -5 -6 6 -8
leaf_value=0.023868784066190082 0.030938243720010243 -0.0015883725330393091 0.018353133806213069 -0.015088454455586859 -0.00072043954053378453 0.012468407236391988 0.032525690908467048
leaf_weight=14.185049936175345 8.7982989102602023 12.795714676380156 9.1713331788778287 74.457722201943398 17.768561452627182 11.095094159245493 8.6263490468263608
leaf_count=58 36 52 37 303 72 45 35
internal_value=0.00162342 -0.000783332 -0.00547044 -0.0109028 0.010671 0.0140627 0.0241192
internal_weight=156.898 142.713 110.196 83.6291 26.5669 32.5172 19.7214
internal_count=638 580 448 340 108 132 80
is_linear=0
shrinkage=0.03


Tree=24
num_leaves=7
num_cat=0
split_feature=19 20 37 20 19 40
split_gain=9.36327 9.48665 8.89759 8.38872 6.48357 3.28212
threshold=0.057900633690261792 0.032100492662697135 0.015492931742331907 0.029948334579826371 0.12350288375061035 -0.0073459413921744257
decision_type=2 2 2 2 2 2
left_child=-1 2 3 -2 -4 -3
right_child=1 5 4 -5 -6 -7
leaf_value=0.023305237513139256 0.011016126679277392 0.00150132137076783 -0.0026651274888987867 -0.020121883549380978 -0.021457471815855597 0.024507670501652146
leaf_weight=14.141244128346441 40.149143651127815 11.569671511650087 40.62007936835289 7.3922457695007315 29.531326547265053 13.302901595830916
leaf_count=58 163 47 165 30 121 54
internal_value=0.00161774 -0.000722365 -0.00442666 0.00525481 -0.0111595 0.0152725
internal_weight=156.707 142.565 117.693 47.5414 70.1514 24.8726
internal_count=638 580 479 193 286 101
is_linear=0
shrinkage=0.03


Tree=25
num_leaves=10
num_cat=0
split_feature=34 23 36 21 37 15 12 15 7
split_gain=10.8541 10.578 7.58532 9.55673 6.4642 5.92121 4.55888 4.28945 2.72535
threshold=-0.018205699142547157 0.84439440810968691 0.0063389709181267727 0.016991050804329059 0.015933065216486412 40.672648346703738 39.352518904473527 67.781214904710893 0.026009129727669295
decision_type=2 2 2 2 2 2 2 2 2
left_child=7 4 3 -3 -2 -6 -4 8 -1
right_child=1 2 6 -5 5 -7 -8 -9 -10
leaf_value=0.025642517076945398 0.026450191866059292 -0.0028373739082958815 -0.013593991991017748 -0.027474576813403612 0.010813903656656763 -0.019016947129655327 0.011080142427054776 -0.0029884615546038763 0.0021362648059704455
leaf_weight=20.303312554955486 11.67838118970394 31.584581851959229 7.4410461336374309 27.128956854343414 14.788603350520136 7.306988149881362 19.998711809515953 7.4476805180311194 7.8507806956768027
leaf_count=83 48 129 30 111 60 30 81 30 32
internal_value=0.000862623 -0.00339411 -0.00902054 -0.0149983 0.0102408 0 0.0034106 0.0150185 0.0201617
internal_weight=155.529 119.927 86.1533 58.7135 33.774 22.0956 27.4398 35.6018 28.1541
internal_count=634 489 351 240 138 90 111 145 115
is_linear=0
shrinkage=0.03


Tree=26
num_leaves=12
num_cat=0
split_feature=36 15 21 2 23 20 26 33 11 15 20
split_gain=10.282 17.0764 8.74286 8.30892 7.00222 5.64154 4.61238 4.56909 4.4425 3.33975 3.19883
threshold=0.0059465208567478891 4.4738676813255251 0.016782109756962791 0.020352059575779905 0.85774365821026233 0.020460335513529951 0.53614982578397219 0.89280024485759812 -0.019934714828134022 39.811393477011123 0.032236537805948338
decision_type=2 2 2 2 2 2 2 2 2 2 2
left_child=1 4 5 6 -1 -3 9 -5 -6 -2 -4
right_child=3 2 10 7 8 -7 -8 -9 -10 -11 -12
leaf_value=0.024909463167171634 0.024876727990725649 -0.014886899609317387 -0.038076784741355563 -0.015790945515249878 0.0085308308774495866 0.014843176911774151 -0.0041019175488963599 0.0076779774805278301 -0.01693961898723817 0.0059104174816365443 -0.0083764348599819956
leaf_weight=12.422860994935034 28.517194330692291 12.424317687749864 16.066958755254749 14.058366551995279 12.780940592288969 7.3220463395118704 7.6295935362577429 11.328387379646299 8.3637483865022677 16.963495045900345 7.4349145442247382
leaf_count=51 116 51 67 57 52 30 31 46 34 69 30
internal_value=0.000838983 -0.00676928 -0.0189693 0.00845383 0.00871023 -0.00282183 0.0150925 -0.00497473 -0.00148908 0.0186655 -0.0306629
internal_weight=155.313 76.8158 43.2482 78.497 33.5675 19.7464 53.1103 25.3868 21.1447 45.4807 23.5019
internal_count=634 315 178 319 137 81 216 103 86 185 97
is_linear=0
shrinkage=0.03


Tree=27
num_leaves=10
num_cat=0
split_feature=34 20 6 20 15 6 33 22 14
split_gain=10.0603 8.69832 11.6688 8.64818 6.71535 4.68957 3.94338 3.13818 2.44436
threshold=-0.018205699142547157 0.023654495793242771 0.011291072425282791 0.032381047838354889 33.861164433770831 -0.00044877020725790753 0.67732639211676127 -0.019203659344111276 19.512216679504039
decision_type=2 2 2 2 2 2 2 2 2
left_child=5 2 4 6 -2 -1 -3 -5 -7
right_child=1 3 -4 7 -6 8 -8 -9 -10
leaf_value=0.026875094877075758 0.026244990252834832 -0.020169054244491877 -0.015159957679423448 0.017811788255200425 0 0.012782768262525718 -0.00075201558635635862 -0.0047300556645010683 -0.0055221786691069096
leaf_weight=14.194302275776861 19.775498792529106 40.728663146495819 13.49094036221504 9.5915668755769747 13.740589737892149 11.47597496211529 14.382864177227018 7.8907253593206397 9.8282921314239484
leaf_count=58 81 167 55 39 56 47 59 32 40
internal_value=0.000807451 -0.00329205 0.00640966 -0.00977875 0.015879 0.0144583 -0.0155681 0.00742638 0.0039453
internal_weight=155.099 119.601 47.007 72.5938 33.5161 35.4986 55.1115 17.4823 21.3043
internal_count=634 489 192 297 137 145 226 71 87
is_linear=0
shrinkage=0.03


Tree=28
num_leaves=12
num_cat=0
split_feature=34 23 36 21 0 21 34 19 19 34 4
split_gain=9.5459 9.78294 6.78448 8.51099 6.70519 4.96254 5.91427 4.38525 1.67308 1.29582 1.14943
threshold=-0.018205699142547157 0.84439440810968691 0.0063389709181267727 0.016991050804329059 0.013123454017101579 0.017678588555437229 0.018946996336555836 0.12954317952850439 0.12532882737437917 0.021507740186106687 0.010323175929235597
decision_type=2 2 2 2 2 2 2 2 2 2 2
left_child=4 5 3 -3 8 9 -7 -4 -1 -2 -10
right_child=1 2 7 -5 -6 6 -8 -9 10 -11 -12
leaf_value=0.0086144668288697501 0.029084880775592122 -0.0027839208237892881 0.014560826130857539 -0.026134551326644544 -0.0062708172110577491 -0.015947543187669496 0.015885721277671183 -0.0076433469103316803 0.011333466005078927 0.0070548152506492226 0.037483902019995248
leaf_weight=11.759101688861849 8.1908607035875338 31.53410904109478 13.610038608312609 26.920988216996193 8.8441596478223783 9.469013452529909 7.5849789381027213 13.790820717811583 7.3182603865861875 8.3536317646503431 7.5197044610977173
leaf_count=48 34 129 55 111 36 39 31 56 30 34 31
internal_value=0.000791488 -0.0032011 -0.00862313 -0.0142948 0.0141013 0.00993876 -0.000820735 0.00311557 0.0213648 0.0207308 0.0283552
internal_weight=154.896 119.454 85.856 58.4551 35.4412 33.5985 17.054 27.4009 26.5971 16.5445 14.838
internal_count=634 489 351 240 145 138 70 111 109 68 61
is_linear=0
shrinkage=0.03


Tree=29
num_leaves=10
num_cat=0
split_feature=34 11 20 19 37 6 24 7 14
split_gain=9.08708 9.64664 8.96017 7.6675 6.28402 4.4104 3.92747 4.25977 2.37764
threshold=-0.018205699142547157 -0.014907847692122054 0.023654495793242771 0.19655923582974141 0.014067646782174094 -0.00044877020725790753 0.56992481203007528 0.00048881610339659607 19.512216679504039
decision_type=2 2 2 2 2 2 2 2 2
left_child=5 6 4 -4 -3 -1 7 -2 -7
right_child=1 2 3 -5 -6 8 -8 -9 -10
leaf_value=0.025857156441957636 0.0020674456724139889 0.020808068946600689 -0.021112573005586766 0.0080411765284018576 -0.0050916439111237536 0.012363126569699788 -0.0067669878244691999 0.027046821893897083 -0.0057159013032457495
leaf_weight=14.125032842159269 13.993472382426264 10.253785535693167 43.597163811326027 7.936820536851882 23.927860260009766 11.447066858410837 7.3672521859407416 12.20804752409458 9.8125700354576093
leaf_count=58 57 42 180 32 98 47 30 50 40
internal_value=0.000796764 -0.00309889 -0.00849116 -0.0162097 0.00298389 0.0137938 0.00995143 0.0153307 0.00359973
internal_weight=154.669 119.284 85.7156 51.534 34.1816 35.3847 33.5688 26.2015 21.2596
internal_count=634 489 352 212 140 145 137 107 87
is_linear=0
shrinkage=0.03


Tree=30
num_leaves=7
num_cat=0
split_feature=36 13 6 19 34 37
split_gain=8.81251 6.34667 7.83539 6.2914 4.75911 2.06243
threshold=0.0041008323143450253 -10.139648769709725 0.020629577752915861 0.19655923582974141 0.01770438479135528 0.0082268386318266069
decision_type=2 2 2 2 2 2
left_child=4 -2 3 -3 -1 -4
right_child=1 2 5 -5 -6 -7
leaf_value=-0.028012068278354198 -0.019668949580543545 0.0044048650391658051 0 0.026844767731648615 0 -0.018888635615566609
leaf_weight=12.921778410673143 8.8650316447019559 89.145510405302048 7.6174096614122417 11.703813478350638 7.3232410401105872 12.083887904882429
leaf_count=54 36 365 31 48 31 49
internal_value=-0.000745079 0.00211867 0.00413813 0.0076263 -0.0182704 -0.0120836
internal_weight=149.661 129.416 120.551 100.849 20.245 19.7013
internal_count=614 529 493 413 85 80
is_linear=0
shrinkage=0.03


Tree=31
num_leaves=9
num_cat=0
split_feature=3 7 20 28 15 20 9 24
split_gain=7.58588 9.52355 7.72054 8.95595 6.94116 6.89124 3.33012 2.98803
threshold=0.03305610947433258 0.0080681066806081569 0.021704504881993339 2.5000000000000004 40.672648346703738 0.028942879989285814 0.053407905583679825 0.25834260289210237
decision_type=2 2 2 2 2 2 2 2
left_child=1 2 4 -4 -1 7 -3 -2
right_child=5 6 3 -5 -6 -7 -8 -9
leaf_value=0.023808211516881554 -0.034130763771439226 0.02599388043856812 0.017764721326640608 -0.012151711915249058 -0.0074495216669564317 0.0057264982679916046 0.0039548773010429101 -0.0091489003547747354
leaf_weight=14.346397772431375 9.2397896796464938 15.598397865891458 8.5029469877481443 55.482251867651939 8.2989427596330625 10.28805138170719 13.642159357666968 14.162463948130606
leaf_count=59 38 64 35 228 34 42 56 58
internal_value=-0.000734223 0.00284076 -0.00208133 -0.00753087 0.0120695 -0.0129201 0.0171032 -0.0215135
internal_weight=149.561 115.871 86.6305 63.9852 22.6453 33.6903 29.2406 23.4023
internal_count=614 476 356 263 93 138 120 96
is_linear=0
shrinkage=0.03


Tree=32
num_leaves=7
num_cat=0
split_feature=36 13 1 41 34 11
split_gain=8.2435 6.02214 8.18925 8.20779 4.57484 4.25514
threshold=0.0041008323143450253 -10.139648769709725 0.01286047434932769 1.0000000180025095e-35 0.01770438479135528 -0.014592096014139298
decision_type=2 2 2 2 2 2
left_child=4 -2 3 -3 -1 -4
right_child=1 2 5 -5 -6 -7
leaf_value=-0.027290460536130223 -0.019161631964689976 -0.0073339940167768394 0.0066313137685160119 0.015228184644793205 0 -0.011999558677546962
leaf_weight=12.84028282761574 8.8573495149612409 16.690678879618645 13.983949929475783 59.135567247867584 7.3053451776504508 30.595315456390381
leaf_count=54 36 68 57 243 31 125
internal_value=-0.000701231 0.00206248 0.0040339 0.0100083 -0.0176965 -0.00579946
internal_weight=149.408 129.263 120.406 75.8262 20.1456 44.5793
internal_count=614 529 493 311 85 182
is_linear=0
shrinkage=0.03


Tree=33
num_leaves=8
num_cat=0
split_feature=36 3 13 20 35 28 24
split_gain=7.80956 8.65557 7.89635 6.49455 4.77437 4.09687 3.27629
threshold=0.0041008323143450253 0.03305610947433258 -10.139648769709725 0.028942879989285814 0.047987675578263785 2.5000000000000004 0.25834260289210237
decision_type=2 2 2 2 2 2 2
left_child=4 2 -2 6 -1 -4 -3
right_child=1 3 5 -5 -6 -7 -8
leaf_value=-0.027947183767668665 -0.017867238023152855 -0.03399916590237944 0.023648607301808126 0.0066693716403505836 0 0.0059213633951716999 -0.0073115258300023283
leaf_weight=11.931900352239611 8.6036956310272199 8.0561776310205513 13.782343506813048 10.040696084499357 8.1611755788326246 75.96454168856144 12.787760466337202
leaf_count=51 35 33 57 41 34 311 52
internal_value=-0.000698474 0.00198658 0.00643173 -0.0112429 -0.0172637 0.00926339 -0.0203565
internal_weight=149.328 129.235 98.3506 30.8846 20.0931 89.7469 20.8439
internal_count=614 529 403 126 85 368 85
is_linear=0
shrinkage=0.03


Tree=34
num_leaves=9
num_cat=0
split_feature=36 3 20 24 26 20 35 24
split_gain=7.41135 8.21871 6.20442 5.94556 6.54035 6.03476 4.57403 3.13189
threshold=0.0041008323143450253 0.03305610947433258 0.028942879989285814 -0.35800356018074758 0.049227999723049233 0.021704504881993339 0.047987675578263785 0.25834260289210237
decision_type=2 2 2 2 2 2 2 2
left_child=6 3 7 5 -5 -2 -1 -3
right_child=1 2 -4 4 -6 -7 -8 -9
leaf_value=-0.027359718513688975 0.01401351651879241 -0.033276407039732926 0.0065048909547721504 -0.011163500038620064 0.015408252403807983 -0.011168783511925712 0 -0.0071234555881178859
leaf_weight=11.86639589071274 10.237892761826513 8.0280812680721336 10.036381825804709 7.607413411140441 55.226546958088875 25.239422619342804 8.1611755788326246 12.784469306468962
leaf_count=51 42 33 41 31 227 103 34 52
internal_value=-0.000696998 0.0019141 -0.0109812 0.00624828 0.0117147 -0.00314151 -0.0168621 -0.019902
internal_weight=149.188 129.16 30.8489 98.3113 62.834 35.4773 20.0276 20.8126
internal_count=614 529 126 403 258 145 85 85
is_linear=0
shrinkage=0.03


Tree=35
num_leaves=9
num_cat=0
split_feature=28 28 37 14 32 27 1 9
split_gain=5.3267 10.1436 14.3146 7.09585 6.89267 4.7809 3.6507 3.56134
threshold=2.5000000000000004 4.5000000000000009 0.015492931742331907 116.17003155020303 -0.00019972678412955022 1.0000000180025095e-35 -0.0039019078544832993 0.055950567271388911
decision_type=2 2 2 2 2 2 2 2
left_child=4 2 6 5 -1 -3 -2 -6
right_child=1 3 -4 -5 7 -7 -8 -9
leaf_value=0.029811731182487772 0.014989076992949818 -0.0083811758784602987 -0.038612658468653645 -0.019001371104220434 0.011987379583302328 0.0083075102404343362 -0.010364999621375794 -0.013403111653690359
leaf_weight=9.4531533420085925 7.6162971258163479 16.847672522068024 13.033665195107458 10.562875911593435 8.0014614015817624 73.734478741884232 8.6515239626169222 7.8418680429458609
leaf_count=39 31 69 55 44 33 303 35 32
internal_value=0 -0.00248603 -0.0174673 0.00196313 0.0120681 0.00492751 0.00102565 0
internal_weight=155.743 130.447 29.3015 101.145 25.2965 90.5822 16.2678 15.8433
internal_count=641 537 121 416 104 372 66 65
is_linear=0
shrinkage=0.03


Tree=36
num_leaves=10
num_cat=0
split_feature=28 28 37 34 11 6 21 1 23
split_gain=5.08102 9.6298 13.7185 7.4172 5.93505 5.78904 4.93898 2.7639 1.76812
threshold=2.5000000000000004 4.5000000000000009 0.015492931742331907 0.012448077353523159 -0.033431570486230903 0.0028279738822283283 0.016880987109144745 0.0055173629229476892 0.92928542455725094
decision_type=2 2 2 2 2 2 2 2 2
left_child=3 2 5 7 8 -2 -6 -1 -3
right_child=1 4 -4 -5 6 -7 -8 -9 -10
leaf_value=0.035443093762268292 0.016543129681909557 0.0046923214908191502 -0.037878294225330442 -0.006210572214549499 0.006402361394428153 -0.015493075571067228 -0.0079444229672106272 0.0058062321651010003 0.02607403802889479
leaf_weight=7.6794237792491931 8.8291494697332435 10.251587733626367 12.928132280707358 10.249594599008558 36.25900274515152 7.4328438788652411 46.529061377048492 7.3436700105667114 8.0660711973905546
leaf_count=32 36 42 55 42 149 30 192 30 33
internal_value=0 -0.00244213 -0.017071 0.0117789 0.0018851 0.000985887 -0.00148119 0.0242212 0.0164857
internal_weight=155.569 130.296 29.1901 25.2727 101.106 16.262 82.7881 15.0231 18.3177
internal_count=641 537 121 104 416 66 341 62 75
is_linear=0
shrinkage=0.03


Tree=37
num_leaves=11
num_cat=0
split_feature=15 20 7 37 20 5 37 38 13 5
split_gain=5.02137 8.68968 8.68951 7.51155 5.86738 5.21125 4.78241 4.74024 4.59103 2.3718
threshold=40.672648346703738 0.023536037297863868 0.01829836876618331 0.015492931742331907 0.033324136663822307 0.026467160807647109 0.036645463385868278 0.0099079365472332787 1.7712275284216548 -0.044004657714079069
decision_type=2 2 2 2 2 2 2 2 2 2
left_child=1 2 9 8 6 -5 7 -2 -3 -1
right_child=4 3 -4 5 -6 -7 -8 -9 -10 -11
leaf_value=0.00687446585836376 -0.011156191208920963 -0.0019032620522456483 -0.0044737472518640627 -0.019991721335607095 0.014266216677687481 0.0062152528347433986 -0.027265108436234937 0.011029540071499401 0.019791173757709973 0.031034009644775411
leaf_weight=8.5044334977865237 28.677216812968254 18.530075833201412 11.982791408896444 22.734410420060161 7.6359802633523932 7.2895032912492743 10.776661977171896 9.6907735615968686 12.625076070427893 16.902902260422707
leaf_count=35 118 76 49 94 31 30 46 40 52 70
internal_value=0 0.00407596 0.0151381 -0.0027125 -0.00696122 -0.0131697 -0.0109817 -0.00491223 0.00709915 0.0245863
internal_weight=155.35 98.5692 37.3901 61.1791 56.7806 30.0239 49.1447 38.368 31.1552 25.4073
internal_count=641 406 154 252 235 124 204 158 128 105
is_linear=0
shrinkage=0.03


Tree=38
num_leaves=9
num_cat=0
split_feature=19 37 28 28 23 34 19 25
split_gain=7.46863 7.70698 9.83067 7.56426 5.97611 8.75771 3.2071 2.95234
threshold=0.066575324974534847 0.015019141797233073 2.5000000000000004 4.5000000000000009 0.79127960840079781 0.025455770057296493 0.11787219743284746 0.24893129695728752
decision_type=2 2 2 2 2 2 2 2
left_child=7 4 6 -4 -2 -6 -3 -1
right_child=1 2 3 -5 5 -7 -8 -9
leaf_value=0.025034095841773161 0.023835460388512253 0.021407529341833272 -0.035389432492320114 -0.0082927114780378067 0.0070603222327959049 -0.02027472560718685 -0.0018452790952642453 0
leaf_weight=11.582054525613787 10.194015413522719 8.0573925524950045 11.552650615572928 44.146518260240555 41.962136656045914 11.852552041411398 8.5410288423299772 7.2084030807018271
leaf_count=48 43 33 50 182 172 48 35 30
internal_value=0 -0.00250363 -0.00917187 -0.0152047 0.00485057 0.000260329 0.00972409 0.0167813
internal_weight=155.097 136.306 72.2976 55.6992 64.0087 53.8147 16.5984 18.7905
internal_count=641 563 300 232 263 220 68 78
is_linear=0
shrinkage=0.03


Tree=39
num_leaves=9
num_cat=0
split_feature=19 37 20 11 19 13 6 5
split_gain=7.10954 7.30535 8.6218 6.75917 6.26675 4.24162 7.9909 2.99812
threshold=0.066575324974534847 0.015019141797233073 0.031649376942935591 0.015951279446005943 0.12280588945528902 1.5002378060749459 0.013395337074368808 -0.056555725378164216
decision_type=2 2 2 2 2 2 2 2
left_child=3 5 4 -1 -3 7 -7 -2
right_child=1 2 -4 -5 -6 6 -8 -9
leaf_value=0.029256645039916804 -0.012745167658766703 -0.002545101923168135 0.015740885367386905 -0.0040863299295718714 -0.021953690523636521 0.027058090925169483 -0.0044357888717095626 0.0040225917387256352
leaf_weight=11.441441074013712 12.190024867653845 31.253789216279984 8.810834199190138 7.3101937323808661 32.094492018222809 14.611356779932978 10.746592491865156 26.377671629190445
leaf_count=48 50 129 36 30 135 61 44 108
internal_value=0 -0.0024386 -0.00893973 0.0163942 -0.0129787 0.00472089 0.0138143 -0.00127447
internal_weight=154.836 136.085 72.1591 18.7516 63.3483 63.9256 25.3579 38.5677
internal_count=641 563 300 78 264 263 105 158
is_linear=0
shrinkage=0.03


Tree=40
num_leaves=11
num_cat=0
split_feature=36 38 6 8 14 15 40 25 38 36
split_gain=9.31193 6.25501 5.91252 5.69747 6.1075 4.99754 4.58039 3.90105 3.82662 0.784456
threshold=0.0079246560292421213 0.0081356616280677703 0.0045068785468790496 0.023104786582784923 -16.480161805777467 63.085630506063062 0.028467093558160021 0.22996632996633001 0.0070637146818047216 0.0093785972757756877
decision_type=2 2 2 2 2 2 2 2 2 2
left_child=1 2 7 4 -3 9 -5 -1 -4 -2
right_child=5 3 8 6 -6 -7 -8 -9 -10 -11
leaf_value=-0.01314180624056707 0.03262030043711657 0.0040463529192022321 -0.0061280198344525021 0.024111427742500458 -0.013827155839540316 -0.0022694039066499722 -0.0022887842615534957 0.0086667168031357277 -0.037624839739842542 0.0097902170439649432
leaf_weight=13.611540839076044 7.8938866853714007 36.192331969738007 8.2472934126853961 12.220376759767534 28.438117757439613 7.4061100929975501 7.9566889554262152 11.485698148608206 9.3263381570577604 7.2137536555528641
leaf_count=57 33 149 34 50 119 30 33 48 39 30
internal_value=-0.000867693 -0.00415886 -0.0132577 0.000446412 -0.00377204 0.0159747 0.0137568 -0.0027046 -0.0257462 0.0250149
internal_weight=149.992 127.478 42.6709 84.8075 64.6304 22.5138 20.1771 25.0972 17.5736 15.1076
internal_count=622 529 178 351 268 93 83 105 73 63
is_linear=0
shrinkage=0.03


Tree=41
num_leaves=13
num_cat=0
split_feature=37 19 37 22 21 1 23 19 0 10 9 0
split_gain=6.83739 8.96218 9.63984 7.83392 6.08394 4.3191 6.6147 5.0787 4.88806 3.44221 1.95698 0.322426
threshold=0.015492931742331907 0.11244379530478484 0.034534262130328404 0.13129516096743135 0.021832766078129364 0.0036193296667136336 1.1284798382633239 0.16474543474839187 -0.0063482007040770441 -0.0045370239695913797 0.0055808690713900167 0.0018457753032286031
decision_type=2 2 2 2 2 2 2 2 2 2 2 2
left_child=5 2 -2 4 -3 8 7 -7 10 -4 -1 -10
right_child=1 3 9 -5 -6 6 -8 -9 11 -11 -12 -13
leaf_value=0.009891958444363233 -0.015701596376206956 -0.015636712665311959 -0.00094001937357877322 -0.034757566978618523 0.010735685096819127 -0.020031585407618194 0.016401180759395218 0.0064190010034964121 0.0097031811235070969 0.020952203280257028 -0.0076634352415719019 0.028429275877369986
leaf_weight=9.5096462070941943 12.912029132246969 19.856944546103481 7.5455188304185894 12.27973824739456 9.9243775904178602 15.362957119941713 9.9999916702508909 8.1270346343517286 7.4634017348289516 17.460374683141708 8.9910696744918805 10.392895489931105
leaf_count=39 53 84 31 52 41 63 41 34 31 73 37 43
internal_value=-0.00084096 -0.00683665 0.00337247 -0.0161159 -0.00625381 0.00581488 -0.00157757 -0.0105062 0.0127426 0.0142104 0.000713321 0.0231235
internal_weight=149.826 79.979 37.9179 42.0611 29.7813 69.847 33.49 23.49 36.357 25.0059 18.5007 17.8563
internal_count=622 334 157 177 125 288 138 97 150 104 76 74
is_linear=0
shrinkage=0.03


Tree=42
num_leaves=11
num_cat=0
split_feature=36 38 1 8 9 40 24 35 21 38
split_gain=8.7534 5.77954 9.06186 5.32485 8.14055 4.41823 3.55277 3.41058 0.99009 0.682113
threshold=0.0079246560292421213 0.0081356616280677703 0.0057715716154969074 0.023104786582784923 0.021614365989715844 0.028467093558160021 -0.11578555472822039 -0.066743319868473469 0.021745207400128686 0.0070637146818047216
decision_type=2 2 2 2 2 2 2 2 2 2
left_child=1 2 6 4 -3 -5 -1 -2 -9 -4
right_child=7 3 9 5 -6 -7 -8 8 -10 -11
leaf_value=-0.0080950741106024255 0 0.0023642354720831127 -0.012097431315827292 0.023502802016750826 -0.021006999632502178 -0.0024062101736545727 0.014108365690148478 0.0085482068715355946 0.031023137315848218 -0.035242013524861233
leaf_weight=17.629532560706142 7.194649130105975 48.523655340075493 7.5113119482994106 12.187418714165689 15.978002727031706 7.9491939991712561 7.6142174750566474 7.705842047929762 7.5147577673196793 9.781486824154852
leaf_count=74 30 201 31 50 67 33 32 32 31 41
internal_value=-0.000808144 -0.00400416 -0.0127654 0.00041887 -0.00365726 0.0133039 -0.000303248 0.015553 0.0228299 -0.0282627
internal_weight=149.59 127.175 42.5365 84.6383 64.5017 20.1366 25.2438 22.4152 15.2206 17.2928
internal_count=622 529 178 351 268 83 106 93 63 72
is_linear=0
shrinkage=0.03


Tree=43
num_leaves=10
num_cat=0
split_feature=36 23 34 9 33 1 15 14 36
split_gain=8.35499 5.97929 6.2829 7.05823 5.26979 5.0301 4.78492 3.80322 0.742648
threshold=0.0079246560292421213 0.83138368734615342 -0.0049442715758031266 -0.046866447911971733 0.66865427470136518 0.0046582718826813094 63.085630506063062 -16.480161805777467 0.0093785972757756877
decision_type=2 2 2 2 2 2 2 2 2
left_child=1 4 5 -4 7 -3 8 -1 -2
right_child=6 2 3 -5 -6 -7 -8 -9 -10
leaf_value=0.0085237448117092551 0.031558433514013058 0.01577313955616387 0.004899414251572606 -0.017040767299620795 0.022313647041756916 -0.0078200007597681535 -0.002548756016488061 -0.016499765820907925 0.0093136091423286962
leaf_weight=10.124494194984438 7.7970491200685519 14.254303276538851 14.87243105471134 55.64312969148159 10.85763445496559 13.647463485598562 7.3933289945125571 7.646945312619212 7.1842643767595291
leaf_count=42 33 59 61 233 45 56 30 33 30
internal_value=-0.000784228 -0.00390964 -0.0074748 -0.012199 0.00754429 0.00398031 0.0152116 -0.00206491 0.0241276
internal_weight=149.421 127.046 98.4173 70.5156 28.6291 27.9018 22.3746 17.7714 14.9813
internal_count=622 529 409 294 120 115 93 75 63
is_linear=0
shrinkage=0.03


Tree=44
num_leaves=11
num_cat=0
split_feature=34 15 11 17 0 37 6 14 7 7
split_gain=7.08853 7.63937 5.59943 7.41144 7.83786 4.56816 4.48492 2.57736 1.85776 0.207495
threshold=-0.018205699142547157 65.634295915025845 -0.019934714828134022 5.7896393980515883 -0.0019497962897822572 0.0094755929118459665 0.017852476723889069 -67.740977320512897 0.031788539785898046 -0.0049883190869600786
decision_type=2 2 2 2 2 2 2 2 2 2
left_child=1 6 5 4 -4 -2 9 -7 -5 -1
right_child=2 -3 3 8 -6 7 -8 -9 -10 -11
leaf_value=0.013369156744095008 0.023692938902837499 -0.012035085359509175 -0.012843766542515359 -0.033884013332972009 0.0064302887883152023 -0.012554906744980991 0 0.0069462204617081703 -0.0074831097895902525 0.033155023353233788
leaf_weight=9.0484848618507421 7.679615110158923 7.6305644810199729 36.797058060765266 9.2463958859443682 34.375115394592285 8.2896439880132711 7.5288921296596518 12.606841534376141 7.0803249925374976 8.8905864506959915
leaf_count=38 32 31 155 38 143 34 31 52 30 38
internal_value=-0.000733709 0.0109944 -0.00433457 -0.00813887 -0.00340837 0.00659389 0.0188144 -0.000555683 -0.0253194 0.0262694
internal_weight=149.174 33.0985 116.075 87.4989 71.1722 28.5761 25.468 20.8965 16.3267 17.9391
internal_count=622 138 484 366 298 118 107 86 68 76
is_linear=0
shrinkage=0.03


Tree=45
num_leaves=10
num_cat=0
split_feature=36 11 34 34 19 22 2 1 38
split_gain=8.15562 6.3554 5.8467 5.24097 4.79893 4.71426 4.66631 4.07547 3.11501
threshold=0.0043345422201390886 0.029236618982596666 0.011914230819505269 0.018946996336555836 0.1574523127996556 -0.092991692242114829 0.018158184441225082 -0.015025133091599639 0.0077445623110167783
decision_type=2 2 2 2 2 2 2 2 2
left_child=3 2 6 -1 7 -4 -2 -3 -6
right_child=1 4 5 -5 8 -7 -8 -9 -10
leaf_value=-0.027272868443031128 0.019375430347877618 0.0038522918390491647 0.0096955638365675383 0.00057936406984231061 -0.0053395664406350237 -0.011142466674018088 0 -0.018968046984720974 0.018643704620683373
leaf_weight=13.496360555291178 34.132139727473259 7.5134390145540264 14.776613071560858 8.1916081607341749 7.5216868519783002 20.683901414275169 16.544919803738594 23.677488401532173 7.2140076905488968
leaf_count=59 143 31 61 35 31 85 68 98 30
internal_value=-0.000667282 0.0021094 0.0069466 -0.0169591 -0.00656132 -0.00200467 0.0133332 -0.0131181 0.00633028
internal_weight=153.752 132.064 86.1376 21.688 45.9266 35.4605 50.6771 31.1909 14.7357
internal_count=641 547 357 94 190 146 211 129 61
is_linear=0
shrinkage=0.03


Tree=46
num_leaves=12
num_cat=0
split_feature=15 35 17 38 9 1 38 34 37 32 35
split_gain=7.21895 7.89932 5.32124 5.25032 4.49226 6.79788 4.20796 6.48453 3.51728 3.17593 2.20966
threshold=64.730555341870911 0.034758460435233014 -0.28354085278172642 0.0077445623110167783 0.079047063066086554 0.015227997337134204 0.011094362279018014 0.034551093974205867 0.0082268386318266069 -0.0055037167278867418 0.017261582746140206
decision_type=2 2 2 2 2 2 2 2 2 2 2
left_child=1 2 9 -4 -2 10 7 -3 -8 -1 -6
right_child=4 6 3 -5 5 -7 8 -9 -10 -11 -12
leaf_value=0.0033754992883866255 -0.024093504098266539 0.0090278910766895693 -0.013016652604588575 0.0091674032791761676 -0.0021149668550787875 -0.022506221095951875 -0.0012410061670218772 -0.019074411330009734 -0.030026173989475276 0.028628042889895393 0.016687906248466708
leaf_weight=8.9480643570423144 13.981939464807509 22.846211522817615 11.164703309535978 31.639315962791443 8.4398089200258308 8.3887468278408033 8.5791345238685626 8.4819312542676908 7.6018079519271842 14.71191295981407 8.7932016700506193
leaf_count=37 59 96 46 132 35 35 36 35 31 62 37
internal_value=-0.000645913 0.00310716 0.00974833 0.00272352 -0.0114374 -0.00274332 -0.00589916 0.00028121 -0.0174047 0.0206697 0.00743701
internal_weight=153.577 113.973 66.464 42.804 39.6037 25.6218 47.5091 31.3281 16.1809 23.66 17.233
internal_count=641 475 277 178 166 107 198 131 67 99 72
is_linear=0
shrinkage=0.03


Tree=47
num_leaves=10
num_cat=0
split_feature=11 11 20 3 3 26 5 5 40
split_gain=5.94005 6.22381 4.10982 10.1322 6.78391 6.61596 4.74896 2.88797 2.54309
threshold=0.055003212644083262 0.092848447168897411 0.029499568001411795 0.03305610947433258 -0.019614202862164639 0.14108969315499612 -0.076275485185066591 0.050319749371888774 -0.016048729264473312
decision_type=2 2 2 2 2 2 2 2 2
left_child=2 8 3 4 -1 -4 -7 -5 -2
right_child=1 -3 5 7 -6 6 -8 -9 -10
leaf_value=-0.0092310221417031511 -0.0030837972838425 0.0053516556300473904 -0.0070794725414428114 -0.030061145047911707 0.010462572992185197 0.00037205100668228681 0.029258499961338839 -0.0051430100877390356 -0.028510160810726482
leaf_weight=20.334595516324043 7.1964853405952498 10.048617169260977 10.454987689852713 9.2049820721149462 48.674572974443436 9.1578703969717026 14.14314691722393 11.131109103560446 13.072499543428421
leaf_count=85 30 42 43 38 203 38 59 46 57
internal_value=-0.000647614 -0.0121791 0.00222178 -0.00104387 0.00435177 0.0108597 0.0194251 -0.0187754 -0.0212439
internal_weight=153.419 30.3176 123.101 89.3453 69.0092 33.756 23.301 20.3361 20.269
internal_count=641 129 512 372 288 140 97 84 87
is_linear=0
shrinkage=0.03


Tree=48
num_leaves=8
num_cat=0
split_feature=36 10 36 7 2 9 32
split_gain=7.58538 5.84803 5.5046 4.96433 7.47151 4.42933 2.16856
threshold=0.0043345422201390886 -0.014197143301805435 0.0074312198479703851 -0.015237129394772854 -0.0096349580057946121 -0.048789709839938626 0.0033140393974230302
decision_type=2 2 2 2 2 2 2
left_child=6 2 5 -3 -5 -2 -1
right_child=1 3 -4 4 -6 -7 -8
leaf_value=-0.024069702138269568 0.029707935868487925 -0.019320597100992303 -0.0055516253993494434 0.017636131494710237 -0.0041090817853869643 0.005416233324667459 -0.0026550093207138806
leaf_weight=12.177240893244745 13.129879429936407 11.066440433263777 10.838384121656416 16.160235598683357 62.828360840678215 17.650183811783794 9.3678199052810651
leaf_count=54 54 46 45 67 262 73 40
internal_value=-0.000646509 0.00202788 0.0111107 -0.00215697 0.000480207 0.0174163 -0.0164121
internal_weight=153.219 131.673 41.6184 90.055 78.9886 30.7801 21.5451
internal_count=641 547 172 375 329 127 94
is_linear=0
shrinkage=0.03


Tree=49
num_leaves=12
num_cat=0
split_feature=15 35 22 28 9 1 9 10 19 23 35
split_gain=6.63555 7.4531 4.85387 4.33372 4.21642 6.37549 3.41905 3.00545 5.10638 4.37756 2.10778
threshold=64.730555341870911 0.034758460435233014 -0.094568972840164342 10.500000000000002 0.079047063066086554 0.015227997337134204 -0.042870810699276188 -0.034552789826968015 0.15956693015915593 0.94143152681807774 0.017261582746140206
decision_type=2 2 2 2 2 2 2 2 2 2 2
left_child=1 7 6 -4 -2 10 -3 8 -1 -9 -6
right_child=4 2 3 -5 5 -7 -8 9 -10 -11 -12
leaf_value=-0.017252882497369414 -0.02330937159753026 0.019505949310439905 -0.021004033009833771 0.0011688153471545665 -0.0020456222213317875 -0.021779213326929434 -0.0041104222228676287 0.022573704751723152 0.013209124430713298 0.0040240302045328642 0.016304465483672381
leaf_weight=7.6667707562446576 13.884905010461805 7.1647240370512035 19.039516329765323 10.456600591540335 8.4190437346696907 8.3410021960735303 10.722524806857107 21.930169850587845 7.9778109937906265 28.720245286822319 8.7867385894060117
leaf_count=32 59 30 80 43 35 35 45 93 33 119 37
internal_value=-0.000631685 0.00296466 -0.00578907 -0.0130923 -0.0110043 -0.0025651 0.00560518 0.0094272 -0.00113244 0.0128928 0.00726649
internal_weight=153.11 113.678 47.3834 29.4961 39.4317 25.5468 17.8872 66.295 15.6446 50.6504 17.2058
internal_count=641 475 198 123 166 107 75 277 65 212 72
is_linear=0
shrinkage=0.03


end of trees

feature_importances:
bb_bandwidth=35
macro_topix_ret_20=34
macd_signal=31
macro_usdjpy_vol_20=31
atr_pct=28
vol_ratio=23
macro_usdjpy_ret_20=23
div_ma_60=20
ma_20_60_cross=15
macd=13
macro_nikkei_ret_20=13
month=12
macro_usdjpy_ret_60=12
return_2d=11
return_5d=11
div_ma_5=11
volatility=11
return_1d=10
return_20d=10
div_ma_10=10
macro_topix_vol_20=10
rsi_change=7
return_3d=6
ma_5_20_cross=6
macd_hist_change=6
candle_body_pct=6
return_10d=5
vol_change=5
lower_shadow_pct=5
day_of_week=4
gap=4
price_position_20d=4
div_ma_20=3
macd_hist=3
bb_pct_b=3
upper_shadow_pct=3
macro_nikkei_above_200dma=3
rsi=1

parameters:
[boosting: gbdt]
[objective: binary]
[metric: binary_logloss]
[tree_learner: serial]
[device_type: cpu]
[data_sample_strategy: bagging]
[data: ]
[valid: ]
[num_iterations: 50]
[learning_rate: 0.03]
[num_leaves: 15]
[num_threads: 0]
[seed: 42]
[deterministic: 0]
[force_col_wise: 0]
[force_row_wise: 0]
[histogram_pool_size: -1]
[max_depth: 4]
[min_data_in_leaf: 30]
[min_sum_hessian_in_leaf: 0.001]
[bagging_fraction: 0.7]
[pos_bagging_fraction: 1]
[neg_bagging_fraction: 1]
[bagging_freq: 5]
[bagging_seed: 400]
[bagging_by_query: 0]
[feature_fraction: 0.6]
[feature_fraction_bynode: 1]
[feature_fraction_seed: 30056]
[extra_trees: 0]
[extra_seed: 12879]
[early_stopping_round: 0]
[early_stopping_min_delta: 0]
[first_metric_only: 0]
[max_delta_step: 0]
[lambda_l1: 0.5]
[lambda_l2: 2]
[linear_lambda: 0]
[min_gain_to_split: 0]
[drop_rate: 0.1]
[max_drop: 50]
[skip_drop: 0.5]
[xgboost_dart_mode: 0]
[uniform_drop: 0]
[drop_seed: 17869]
[top_rate: 0.2]
[other_rate: 0.1]
[min_data_per_group: 100]
[max_cat_threshold: 32]
[cat_l2: 10]
[cat_smooth: 10]
[max_cat_to_onehot: 4]
[top_k: 20]
[monotone_constraints: ]
[monotone_constraints_method: basic]
[monotone_penalty: 0]
[feature_contri: ]
[forcedsplits_filename: ]
[refit_decay_rate: 0.9]
[cegb_tradeoff: 1]
[cegb_penalty_split: 0]
[cegb_penalty_feature_lazy: ]
[cegb_penalty_feature_coupled: ]
[path_smooth: 0]
[interaction_constraints: ]
[verbosity: -1]
[saved_feature_importance_type: 0]
[use_quantized_grad: 0]
[num_grad_quant_bins: 4]
[quant_train_renew_leaf: 0]
[stochastic_rounding: 1]
[linear_tree: 0]
[max_bin: 255]
[max_bin_by_feature: ]
[min_data_in_bin: 5]
[bin_construct_sample_cnt: 200000]
[data_random_seed: 175]
[is_enable_sparse: 1]
[enable_bundle: 1]
[use_missing: 1]
[zero_as_missing: 0]
[feature_pre_filter: 1]
[pre_partition: 0]
[two_round: 0]
[header: 0]
[label_column: ]
[weight_column: ]
[group_column: ]
[ignore_column: ]
[categorical_feature: ]
[forcedbins_filename: ]
[precise_float_parser: 0]
[parser_config_file: ]
[objective_seed: 16083]
[num_class: 1]
[is_unbalance: 0]
[scale_pos_weight: 1]
[sigmoid: 1]
[boost_from_average: 1]
[reg_sqrt: 0]
[alpha: 0.9]
[fair_c: 1]
[poisson_max_delta_step: 0.7]
[tweedie_variance_power: 1.5]
[lambdarank_truncation_level: 30]
[lambdarank_norm: 1]
[label_gain: ]
[lambdarank_position_bias_regularization: 0]
[eval_at: ]
[multi_error_top_k: 1]
[auc_mu_weights: ]
[num_machines: 1]
[local_listen_port: 12400]
[time_out: 120]
[machine_list_filename: ]
[machines: ]
[gpu_platform_id: -1]
[gpu_device_id: -1]
[gpu_use_dp: 0]
[num_gpu: 1]

end of parameters

pandas_categorical:[]
