tree
version=v4
num_class=1
num_tree_per_iteration=1
label_index=0
max_feature_idx=44
objective=binary sigmoid:1
feature_names=return_1d return_2d return_3d return_5d return_10d return_20d div_ma_5 div_ma_10 div_ma_20 div_ma_60 ma_5_20_cross ma_20_60_cross rsi rsi_change macd macd_signal macd_hist macd_hist_change bb_pct_b bb_bandwidth atr_pct volatility vol_change vol_ratio candle_body_pct upper_shadow_pct lower_shadow_pct day_of_week month is_month_end is_month_start streak gap price_position_20d macro_usdjpy_ret_20 macro_usdjpy_ret_60 macro_usdjpy_vol_20 macro_topix_ret_20 macro_topix_vol_20 macro_topix_above_200dma macro_nikkei_ret_20 macro_nikkei_above_200dma macro_nikkei_vi macro_jgb10y macro_bias_score
feature_infos=[-0.1059670781893004:0.11846129084178325] [-0.15053763440860213:0.18461290841783362] [-0.20220335092953867:0.24135604655085174] [-0.23148352863143928:0.30334690986364432] [-0.29162421031179953:0.38108730299273952] [-0.30088495575221241:0.44452676421559545] [-0.1360540836108764:0.14037806011775644] [-0.19667205916339264:0.21697146069645157] [-0.24655901159640187:0.2852752165409333] [-0.24779271741012174:0.42463534705583278] [-0.16364045449431885:0.19289529251024717] [-0.10415090381979042:0.24328604530981712] [6.7901234567901128:94.302554027504911] [-30.659676541305629:22.979703147353362] [-270.62830270575887:635.43018573191057] [-205.4923540650592:558.34734226277453] [-175.68024789079021:172.62051540659206] [-34.643431793030061:54.677536982612821] [-0.31014250366346885:1.3020480851228695] [0.040388358350415862:0.55514328712586158] [0.013249310978410657:0.062248328346078539] [0.0089203576002463737:0.044052874194577395] [-0.84947091148553522:3.8261405672009863] [0.49297673454400598:1.923386504367764] [-0.97802197802197799:0.98969072164948457] [0:0.96638655462184875] [0:0.97560975609756095] [0:4] [1:12] none [0:1] [-12:8] [-0.10620347394540941:0.1082169709989258] [0:1] [-0.10288784967882303:0.08505611680078462] [-0.13986255140503889:0.13160084488587853] [0.0024251968629527628:0.011841457708833433] [-0.21871130063915301:0.21255327098343968] [0.0039190675958463003:0.04064098432711951] [0:1] [-0.22859537662338159:0.23022297972565586] [0:1] none none none
tree_sizes=1204 1308 1251 1414 1183 870 991 878 883 1196 779 869 762 876 876 1101 1288 1102 1311 1094 1145 873 999 994 995 787 1080 1299 1307 1293 890 790 996 897 1208 1209 1100 1099 1314 1099 1209 1095 892 765 1098 980 887 1207 1213 985

Tree=0
num_leaves=10
num_cat=0
split_feature=2 37 35 7 36 16 17 31 22
split_gain=16.2998 14.4954 12.3632 8.2514 6.06769 5.01595 3.77402 2.66744 3.35055
threshold=-0.013450266210164928 0.01601439565633345 0.048697796915044174 0.0036535641723287973 0.0078203090662380126 13.72496933515375 -2.3280636832216142 -2.4999999999999996 -0.066724879881499541
decision_type=2 2 2 2 2 2 2 2 2
left_child=7 2 4 6 -2 -5 -3 -1 -9
right_child=1 3 -4 5 -6 -7 -8 8 -10
leaf_value=-0.050823555355784145 0.0097497163593634993 -0.022943505248863388 -0.02974025173892577 -0.040432122807431983 -0.020035892274148155 -0.02188271124950748 0.0029368233691022122 -0.018557366141865921 -0.039770466974496252
leaf_weight=13.248414158821104 27.496708631515503 7.4991023540496817 12.248533844947813 27.746678709983826 9.4988629817962629 25.996888160705566 8.4989826679229719 8.7489527463912964 14.248294472694397
leaf_count=53 110 30 49 111 38 104 34 35 57
internal_value=-0.0229517 -0.0176416 -0.00544511 -0.0262625 0.00297367 -0.0320133 -0.0087978 -0.0400862 -0.0314798
internal_weight=155.231 118.986 49.2441 69.7417 36.9956 53.7436 15.9981 36.2457 22.9972
internal_count=621 476 197 279 148 215 64 145 92
is_linear=0
shrinkage=1


Tree=1
num_leaves=11
num_cat=0
split_feature=0 5 40 20 25 1 0 0 23 23
split_gain=11.8149 10.3056 16.2128 10.9379 6.74033 6.5766 6.54122 7.63557 5.55943 4.87422
threshold=-0.010480768368590741 0.027391255031437915 -0.019595860061444866 0.021890997097365368 0.05721726190476191 0.0011082812246722142 -0.01643647765905298 -0.026593226686126899 0.97372955068249656 0.89134003541545115
decision_type=2 2 2 2 2 2 2 2 2 2
left_child=6 2 5 4 -3 -2 7 -1 -4 -5
right_child=1 3 8 9 -6 -7 -8 -9 -10 -11
leaf_value=-0.021240339824778621 -0.024837268393570547 -0.014329688189833198 0.011250420482579159 -0.036641017364382772 0.011203371201103407 0.0067905957954628449 -0.029303475710539904 0.0119868522897745 0.036120679193892044 -0.0044500068177519151
leaf_weight=9.4961241036653501 9.7472537904977816 10.997116446495054 24.495752096176147 9.2478031218051928 29.243764355778694 9.4987649321556074 15.496000215411184 11.246952787041666 15.998044982552527 9.7477135211229307
leaf_count=38 39 44 98 37 117 38 62 45 64 39
internal_value=-0.00104443 0.00346255 0.0121397 -0.00515408 0.00352244 -0.00935169 -0.0156407 -0.00309511 0.0226666 -0.0228338
internal_weight=155.215 118.976 59.7398 59.2364 40.2409 19.246 36.2391 20.7431 40.4938 18.9955
internal_count=621 476 239 237 161 77 145 83 162 76
is_linear=0
shrinkage=0.03


Tree=2
num_leaves=11
num_cat=0
split_feature=2 37 35 3 2 36 15 32 31 12
split_gain=15.0557 13.5059 11.5769 7.66823 6.95662 5.67826 3.89444 3.58283 3.65346 2.77124
threshold=-0.013450266210164928 0.01601439565633345 0.048697796915044174 0.025766923646055821 0.0034171545668653107 0.0080284506675140487 41.875849823926295 0.0049087564109550072 -2.4999999999999996 49.39831441149213
decision_type=2 2 2 2 2 2 2 2 2 2
left_child=7 2 5 4 -3 -2 -5 8 -1 -10
right_child=1 3 -4 6 -6 -7 -8 -9 9 -11
leaf_value=-0.035687998484599796 0.0295793765080186 -0.0082051224702312884 -0.0076405934706395727 0 0.015855218385940641 0 -0.022438238461580155 0 -0.020031433790646029 0.00081171096368815347
leaf_weight=10.489126369357111 29.495230242609978 18.242998227477074 12.245979845523832 11.247510537505152 20.493354856967926 7.4986385703086844 19.741355240345001 7.4957600235939017 9.9927793890237826 8.2461908310651761
leaf_count=42 118 73 49 45 82 30 79 30 40 33
internal_value=-0.00103374 0.00406553 0.0158413 -0.00425117 0.00430919 0.0239923 -0.0150189 -0.0175095 -0.0220524 -0.0107177
internal_weight=155.189 118.965 49.2398 69.7252 38.7364 36.9939 30.9889 36.2239 28.7281 18.239
internal_count=621 476 197 279 155 148 124 145 115 73
is_linear=0
shrinkage=0.03


Tree=3
num_leaves=12
num_cat=0
split_feature=2 5 35 40 20 35 0 23 14 9 20
split_gain=14.317 15.5814 14.8485 11.0027 8.86587 7.26289 5.37919 2.91589 2.83446 3.44333 1.04533
threshold=-0.0099728050937957762 0.085570144271590612 0.047809268133043765 0.063760679059580619 0.022395699473418993 0.016764218318279237 0.0022866067615211487 0.9971809674485087 16.321512999888458 0.047019010051906222 0.020773193208585866
decision_type=2 2 2 2 2 2 2 2 2 2 2
left_child=6 2 3 -2 -4 7 8 -3 10 -10 -1
right_child=1 5 4 -5 -6 -7 -8 -9 9 -11 -12
leaf_value=-0.03759651970057009 0.023890645188907812 -0.037259251667492575 0.0054426761861822888 -0.0075175476721821826 -0.029779081244192981 0.0032907999069474829 0.005211565741178972 -0.007001133353859307 0.0012051369034384285 -0.022243055826518705 -0.013317882693728602
leaf_weight=8.7382435798645037 52.226341903209686 8.4915587604045886 13.495558440685274 10.494924589991568 8.7448479384183866 10.743647202849386 7.4973149448633185 7.495636820793151 10.737806558609011 7.4909291863441458 8.9856907278299314
leaf_count=35 209 34 54 42 35 43 30 30 43 30 36
internal_value=-0.00102329 0.00457801 0.0109351 0.0183336 -0.00910193 -0.0144601 -0.0153199 -0.0262625 -0.0200456 -0.00893563 -0.0286468
internal_weight=155.143 111.693 84.9617 62.7213 22.2404 26.7308 43.45 15.9872 35.9527 18.2287 17.7239
internal_count=621 447 340 251 89 107 174 64 144 73 71
is_linear=0
shrinkage=0.03


Tree=4
num_leaves=10
num_cat=0
split_feature=0 19 28 0 0 40 35 5 36
split_gain=10.4776 10.4374 6.28222 6.26495 6.99437 6.15273 7.42995 5.02665 1.77113
threshold=-0.010480768368590741 0.099783040940487885 10.500000000000002 -0.01643647765905298 -0.026593226686126899 0.05936409989484815 0.044818543951141827 0.045862884583212755 0.0060445121867038097
decision_type=2 2 2 2 2 2 2 2 2
left_child=3 2 7 4 -1 6 -3 -2 -7
right_child=1 5 -4 -5 -6 8 -8 -9 -10
leaf_value=-0.020008715909655167 0.023671329134345307 0.0080004137204437806 -0.0057163461907298848 -0.02815834907153281 0.011815908269421518 -0.005132676506825579 -0.016426020608380346 0 -0.029288273658549305
leaf_weight=9.4780136346816999 31.722149074077606 35.218718469142914 10.992213055491446 15.470099225640295 11.241934671998026 7.7435988783836347 13.983913362026213 11.491044923663138 7.7405945062637329
leaf_count=38 127 141 44 62 45 31 56 46 31
internal_value=-0.0010401 0.00319907 0.0127537 -0.0147977 -0.0025614 -0.00472481 0.000394766 0.0178287 -0.020035
internal_weight=155.082 118.892 54.2054 36.19 20.7199 64.6868 49.2026 43.2132 15.4842
internal_count=621 476 217 145 83 259 197 173 62
is_linear=0
shrinkage=0.03


Tree=5
num_leaves=7
num_cat=0
split_feature=34 28 35 36 35 33
split_gain=11.8631 11.5564 9.21364 12.6123 6.73918 5.77908
threshold=0.034551093974205867 1.5000000000000002 0.0065938654777143455 0.0033891865123832697 -0.031847027946740263 0.78169371954682698
decision_type=2 2 2 2 2 2
left_child=1 -1 4 -4 -3 -2
right_child=5 2 3 -5 -6 -7
leaf_value=0.029780337542894671 -0.0041647545189011544 0 -0.024511947369980039 0.010826815392579594 -0.022334083195783325 -0.03702907772501305
leaf_weight=11.488255277276037 12.481089770793917 25.46749110519886 8.2343548536300641 72.668628349900246 19.709787830710411 8.2416437268257123
leaf_count=46 50 102 33 291 79 33
internal_value=3.88856e-06 0.00336875 0.000417608 0.00654451 -0.0100487 -0.0200041
internal_weight=158.291 137.569 126.08 80.903 45.1773 20.7227
internal_count=634 551 505 324 181 83
is_linear=0
shrinkage=0.03


Tree=6
num_leaves=8
num_cat=0
split_feature=34 37 37 13 39 3 40
split_gain=11.2896 6.73796 9.56828 10.1726 7.09341 3.59014 2.22234
threshold=0.034551093974205867 -0.01976475917694059 0.0057906414163494411 -4.0807436738857055 1.0000000180025095e-35 -0.0044660557679775384 -0.018785568013769124
decision_type=2 2 2 2 2 2 2
left_child=1 4 6 -4 -1 -2 -3
right_child=5 2 3 -5 -6 -7 -8
leaf_value=0.0084556373882600337 -0.00032715146117907878 0.0043560780676361746 -0.017027568825410181 0.0066005868486786251 -0.023865669395854154 -0.027959932362369357 0.026321087655300005
leaf_weight=7.9879234880208978 7.4855927526950863 8.4855410307645815 19.215497344732285 69.177399516105652 13.215095162391663 13.226629763841627 19.465092837810516
leaf_count=32 30 34 77 277 53 53 78
internal_value=0 0.00326458 0.00620418 0.00103508 -0.0113634 -0.0195418 0.0208897
internal_weight=158.259 137.547 116.344 88.3929 21.203 20.7122 27.9506
internal_count=634 551 466 354 85 83 112
is_linear=0
shrinkage=0.03


Tree=7
num_leaves=7
num_cat=0
split_feature=28 34 23 37 34 37
split_gain=10.8901 8.9308 8.46202 8.929 6.69447 5.1636
threshold=1.5000000000000002 0.034551093974205867 0.98673397695231524 -0.01976475917694059 0.01132120789607838 0.015485381349138129
decision_type=2 2 2 2 2 2
left_child=-1 2 4 -4 -2 -3
right_child=1 5 3 -5 -6 -7
leaf_value=0.02337708472454476 -0.013596358975188773 -0.00043411424228371857 -0.013163419824005701 0.014707111050095185 0.0049406328737052752 -0.033720152654644994
leaf_weight=14.224953740835188 43.428995206952095 7.9865150302648571 10.96558006107807 45.931008383631706 25.710320323705673 9.9659721404314023
leaf_count=57 174 32 44 184 103 40
internal_value=0 -0.00252991 0.000300641 0.00881639 -0.00654719 -0.0211918
internal_weight=158.213 143.988 126.036 56.8966 69.1393 17.9525
internal_count=634 577 505 228 277 72
is_linear=0
shrinkage=0.03


Tree=8
num_leaves=7
num_cat=0
split_feature=28 37 10 26 39 18
split_gain=10.3373 6.60026 13.8434 9.7468 6.18758 4.52374
threshold=1.5000000000000002 -0.01976475917694059 -0.0082534049195927533 0.27408307556341144 1.0000000180025095e-35 0.36622234174968399
decision_type=2 2 2 2 2 2
left_child=-1 4 5 -4 -2 -3
right_child=1 2 3 -5 -6 -7
leaf_value=0.022770876163393527 0.0026828091425683729 0.028231250832585847 -0.014179894743114601 0.0044879163470730376 -0.027376960753560359 0.0012524150458631833
leaf_weight=14.218870326876639 7.9851255565881738 15.721157193183901 48.640788659453392 46.930942252278328 14.441262200474739 10.233428195118902
leaf_count=57 32 63 195 188 58 41
internal_value=0 -0.00247474 0.000260096 -0.00495516 -0.0167165 0.0189812
internal_weight=158.172 143.953 121.526 95.5717 22.4264 25.9546
internal_count=634 577 487 383 90 104
is_linear=0
shrinkage=0.03


Tree=9
num_leaves=10
num_cat=0
split_feature=34 23 20 15 15 40 13 33 16
split_gain=10.2628 8.18737 8.89008 10.2111 7.77783 7.29533 5.92062 5.24825 1.52511
threshold=0.034551093974205867 0.98173999289093494 0.017233846527677156 45.315408218596446 25.519840881095753 -0.020207627171844097 -5.0811131543571291 0.78169371954682698 -25.357289869465635
decision_type=2 2 2 2 2 2 2 2 2
left_child=1 2 3 -1 -4 8 -7 -2 -3
right_child=7 5 4 -5 -6 6 -8 -9 -10
leaf_value=0.035713817206922897 -0.0035828292568909699 -0.013626771961741202 -0.020938377238627237 -0.0074061261028787748 0.0006518369210470812 -0.0028763577866119977 0.021077565831955174 -0.034898399533753656 0.0023225958712874439
leaf_weight=7.7368323057889921 12.467702910304071 8.4639367312192899 25.945841386914253 7.9896363765001297 29.433881923556328 9.976901710033415 40.423605039715767 8.2045741528272611 7.4731511771678916
leaf_count=31 50 34 104 32 118 40 162 33 30
internal_value=0 0.00310701 -0.00377391 0.0145971 -0.00957918 0.0105966 0.0161208 -0.0186553 -0.00588654
internal_weight=158.116 137.444 71.1062 15.7265 55.3797 66.3376 50.4005 20.6723 15.9371
internal_count=634 551 285 63 222 266 202 83 64
is_linear=0
shrinkage=0.03


Tree=10
num_leaves=6
num_cat=0
split_feature=28 3 15 12 4
split_gain=10.8387 6.78598 7.97811 5.12205 3.17324
threshold=1.5000000000000002 0.038962161615118125 107.90105477679057 36.007612977470906 0.060306000027266722
decision_type=2 2 2 2 2
left_child=-1 2 3 -2 -3
right_child=1 4 -4 -5 -6
leaf_value=0.02480129683316161 -0.011016248157972201 -0.025787239645370077 -0.02475120898233386 0.0055985616437266789 -0.0015803055070727876
leaf_weight=12.194128349423407 17.931043848395348 12.972212031483652 8.4653345644474012 92.551662027835846 9.7250557392835599
leaf_count=49 72 52 34 371 39
internal_value=-0.000107996 -0.0026723 0.00017163 0.00262074 -0.0169906
internal_weight=153.839 141.645 118.948 110.483 22.6973
internal_count=617 568 477 443 91
is_linear=0
shrinkage=0.03


Tree=11
num_leaves=7
num_cat=0
split_feature=36 34 23 3 16 35
split_gain=10.572 12.4959 8.97733 7.22702 3.50503 3.11231
threshold=0.0033162554063034346 0.030666778376329033 0.73998697790977419 0.038962161615118125 -0.25281901527820944 0.012855133393989917
decision_type=2 2 2 2 2 2
left_child=-1 2 5 -4 -3 -2
right_child=1 4 3 -5 -6 -7
leaf_value=-0.030543101338654861 -0.025356490912060929 -0.00083724706981276359 0.01297353320559972 -0.0054880360782852446 -0.025479763092962904 0
leaf_weight=7.7025959789752951 7.719753369688986 9.718905061483385 84.791833087801933 21.944224670529366 14.426844000816343 7.4922696799039841
leaf_count=31 31 39 340 88 58 30
internal_value=-0.000120301 0.00177323 0.0058167 0.00900888 -0.0169574 -0.0141541
internal_weight=153.796 146.094 121.948 106.736 24.1457 15.212
internal_count=617 586 489 428 97 61
is_linear=0
shrinkage=0.03


Tree=12
num_leaves=6
num_cat=0
split_feature=28 3 14 40 23
split_gain=10.3081 6.17829 7.04545 7.6635 4.5454
threshold=1.5000000000000002 0.038962161615118125 110.43228922750588 -0.022572985183564483 1.0623987451397803
decision_type=2 2 2 2 2
left_child=-1 2 3 -2 -3
right_child=1 4 -4 -5 -6
leaf_value=0.024155042258331368 -0.011360822820034967 -0.025663200859067155 -0.023685874740310305 0.0067503118964909259 0
leaf_weight=12.171339944005011 25.381521627306938 14.191116467118265 8.2070620805025083 85.299260646104813 8.4838555455207807
leaf_count=49 102 57 33 342 34
internal_value=-0.000153773 -0.00265568 5.34167e-05 0.00233599 -0.0163208
internal_weight=153.734 141.563 118.888 110.681 22.675
internal_count=617 568 477 444 91
is_linear=0
shrinkage=0.03


Tree=13
num_leaves=7
num_cat=0
split_feature=36 34 23 38 10 7
split_gain=9.94159 11.8268 8.49164 5.77733 3.97422 1.65444
threshold=0.0033162554063034346 0.030666778376329033 0.73998697790977419 0.012440194407162848 0.0051523725727208322 0.0041148486743603193
decision_type=2 2 2 2 2 2
left_child=-1 2 5 -4 -3 -2
right_child=1 4 3 -5 -6 -7
leaf_value=-0.029700236600442183 -0.0010387823782881133 0 0.011926016408908615 -0.0055467348218175699 -0.025391695550975743 -0.022404013043385577
leaf_weight=7.6773980855941764 7.7146251052618009 9.4665494859218615 88.230419874191284 18.451234921813011 14.649903044104574 7.4808888584375381
leaf_count=31 31 38 354 74 59 30
internal_value=-0.000158275 0.00167428 0.00561161 0.00871952 -0.0165554 -0.0138118
internal_weight=153.671 145.994 121.877 106.682 24.1165 15.1955
internal_count=617 586 489 428 97 61
is_linear=0
shrinkage=0.03


Tree=14
num_leaves=7
num_cat=0
split_feature=36 34 35 35 38 10
split_gain=9.47142 11.1892 8.30187 10.0128 8.77706 3.76854
threshold=0.0033162554063034346 0.030666778376329033 0.0065938654777143455 -0.019946893251553795 0.012364383810133729 0.0051523725727208322
decision_type=2 2 2 2 2 2
left_child=-1 2 3 -2 -4 -3
right_child=1 5 4 -5 -6 -7
leaf_value=-0.029061892220730943 0.0051951107763329807 0 0.015589158104638956 -0.022259114758708023 -0.014772298368150288 -0.024761058026822644
leaf_weight=7.6549174189567557 33.875647708773613 9.4665494859218615 64.568874478340149 15.678897067904471 7.7270343154668799 14.623659327626227
leaf_count=31 136 38 259 63 31 59
internal_value=-0.00019207 0.00159324 0.00542528 -0.0037269 0.0118319 -0.0161447
internal_weight=153.596 145.941 121.85 49.5545 72.2959 24.0902
internal_count=617 586 489 199 290 97
is_linear=0
shrinkage=0.03


Tree=15
num_leaves=9
num_cat=0
split_feature=11 32 28 10 35 38 35 8
split_gain=13.413 10.1214 6.74584 8.58929 7.3632 7.00601 5.62741 4.33573
threshold=0.05428679533339887 -0.0013964299770280462 2.5000000000000004 0.013473178930535125 0.014920402801057777 0.009059780369120413 0.01387135079352997 0.037052512196889799
decision_type=2 2 2 2 2 2 2 2
left_child=2 -2 7 5 -5 -4 -3 -1
right_child=1 6 3 4 -6 -7 -8 -9
leaf_value=0.031694601295578738 -0.035171167717378736 -0.018630824731167808 0.01894767009781374 -0.028338076527807451 -0.00028681296682275364 -2.0031883717423178e-05 0.012245049476323369 0.0020705251165605955
leaf_weight=9.92224930226803 13.401365086436273 7.4593544155359295 25.674105018377304 11.447314620018004 25.654170140624046 43.543098703026772 9.9553464204072935 9.4380177706480008
leaf_count=40 54 30 103 46 103 175 40 38
internal_value=-0.000224154 -0.017416 0.00408054 0.000825757 -0.0103322 0.00713939 -0.00076446 0.0195013
internal_weight=156.495 30.8161 125.679 106.319 37.1015 69.2172 17.4147 19.3603
internal_count=629 124 505 427 149 278 70 78
is_linear=0
shrinkage=0.03


Tree=16
num_leaves=11
num_cat=0
split_feature=14 26 28 21 37 25 3 32 40 15
split_gain=7.46954 9.72618 8.46353 6.95531 7.21279 6.70159 6.52659 8.86739 3.79647 3.57323
threshold=49.126337183331778 0.045199182839632285 8.5000000000000018 0.016115870948941267 0.01601439565633345 0.056079664570230614 0.046937985980061832 -0.01090521039231551 0.041145533942059893 5.948359539619152
decision_type=2 2 2 2 2 2 2 2 2 2
left_child=2 -2 6 9 -5 -3 7 -1 -7 -4
right_child=1 5 3 4 -6 8 -8 -9 -10 -11
leaf_value=-0.0099869886990448745 -0.032624303790272979 -0.021111036690928189 -0.024545640330184287 0.025188397932632157 -0.0091163816675066799 -0.0044288125921963586 -0.01065700843025264 0.021839514384930772 0.013319067164411979 0
leaf_weight=7.699365332722663 10.184450626373289 10.904607921838759 13.658661276102068 8.7095361948013323 8.9767888784408552 20.899126395583153 7.4634261876344672 41.040040031075478 17.676256313920021 9.2017363905906659
leaf_count=31 41 44 55 35 36 84 30 165 71 37
internal_value=-0.000224228 -0.00850223 0.00479764 -0.00525281 0.00785761 -0.00217126 0.0122375 0.0163208 0.0035897 -0.0158154
internal_weight=156.414 59.6644 96.7496 40.5467 17.6863 49.48 56.2028 48.7394 38.5754 22.8604
internal_count=629 240 389 163 71 199 226 196 155 92
is_linear=0
shrinkage=0.03


Tree=17
num_leaves=9
num_cat=0
split_feature=11 28 10 4 34 13 10 38
split_gain=12.438 6.39557 7.94424 11.1016 6.14565 5.70278 5.21804 2.8793
threshold=0.05428679533339887 2.5000000000000004 0.011073127862765599 -0.0062616493271998022 0.020349607959124664 -0.88093433334579518 0.025766039421140311 0.0097630647807514723
decision_type=2 2 2 2 2 2 2 2
left_child=1 4 3 -3 -1 -2 -4 -7
right_child=5 2 6 -5 -6 7 -8 -9
leaf_value=0.030804895208590768 -0.029111366749343962 -0.002906091350665095 -0.018829424304744533 0.021296203976275959 -0.00091153456845008082 -0.014294438994243239 0.0013680093489341814 0.00822412493997377
leaf_weight=11.865629136562349 14.857918143272402 38.028814181685448 21.402342021465302 27.145565867424011 7.4609287381172171 7.9471983611583692 19.664199903607368 7.9571664780378342
leaf_count=48 60 153 86 109 30 32 79 32
internal_value=-0.00024762 0.00389482 0.000723818 0.00728496 0.0189203 -0.0168199 -0.00919544 -0.00253014
internal_weight=156.33 125.567 106.241 65.1744 19.3266 30.7623 41.0665 15.9044
internal_count=629 505 427 262 78 124 165 64
is_linear=0
shrinkage=0.03


Tree=18
num_leaves=11
num_cat=0
split_feature=13 14 35 40 40 23 2 16 2 35
split_gain=12.0315 7.26223 7.3658 8.44951 7.01605 3.86149 5.06212 3.25448 3.49856 2.23555
threshold=-3.6052207455790248 49.126337183331778 0.047809268133043765 0.063760679059580619 -0.0024685049968774515 1.0133082776884443 -0.0080673410086941604 18.283694142512918 0.010424522975544971 0.014920402801057777
decision_type=2 2 2 2 2 2 2 2 2 2
left_child=5 2 3 -2 -4 9 -7 8 -3 -1
right_child=1 7 4 -5 -6 6 -8 -9 -10 -11
leaf_value=-0.032311264242071001 0.020744675914309715 -5.6173722932116378e-05 -0.020350436283829806 -0.009657714778593807 0.01143327753454617 -0.016384457572253763 0.011894072136014613 0.0054634545571217016 -0.021198769961208039 -0.0072079339380007271
leaf_weight=10.662978589534761 45.948448687791824 16.153854787349704 10.416682839393617 7.9638201892375937 10.215203091502188 10.397784247994425 8.2063187509775144 14.671029344201086 12.897105395793913 8.6934678554534894
leaf_count=43 185 65 42 32 41 42 33 59 52 35
internal_value=-0.000241978 0.00440426 0.0100651 0.0158006 -0.00433128 -0.0145887 -0.00323898 -0.0049372 -0.0106863 -0.0234699
internal_weight=156.227 118.266 74.5442 53.9123 20.6319 37.9605 18.6041 43.722 29.051 19.3564
internal_count=629 476 300 217 83 153 75 176 117 78
is_linear=0
shrinkage=0.03


Tree=19
num_leaves=9
num_cat=0
split_feature=11 25 25 11 1 5 26 1
split_gain=11.5375 5.47063 5.36902 6.75678 4.50778 3.37871 2.1153 0.853985
threshold=0.05428679533339887 0.05721726190476191 0.14265364265364269 0.028616463723296962 0.014024209761770547 0.021685585778539299 0.13698915763135949 -0.01571083173611176
decision_type=2 2 2 2 2 2 2 2
left_child=1 5 6 -4 7 -1 -3 -2
right_child=4 2 3 -5 -6 -7 -8 -9
leaf_value=0.0017625085270311224 -0.031785838472167954 0.0034029923632789977 -0.0031879590748583563 0.015392201579935033 0.0016772774397495972 -0.018148255171906515 0.025157220607394164 -0.012799554209407902
leaf_weight=13.163780972361566 8.6356340497732198 8.426608473062517 52.387441486120224 23.634003207087517 7.7081739306449881 12.406208634376524 15.39758677780628 14.355282083153725
leaf_count=53 35 34 211 95 31 50 62 58
internal_value=-0.000262502 0.00372493 0.00696481 0.00264259 -0.0162426 -0.00796958 0.0189031 -0.0225043
internal_weight=156.115 125.416 99.8456 76.0214 30.6991 25.57 23.8242 22.9909
internal_count=629 505 402 306 124 103 96 93
is_linear=0
shrinkage=0.03


Tree=20
num_leaves=10
num_cat=0
split_feature=13 23 19 20 37 15 22 13 19
split_gain=7.24507 7.3106 9.26128 6.83019 6.16788 4.16552 4.54717 3.92879 2.69873
threshold=-3.6052207455790248 0.98173999289093494 0.067764727265409108 0.016558022405860715 0.038998692071975934 -16.349716541015106 -0.041865659632405509 -1.50978105956176 0.10800846604905742
decision_type=2 2 2 2 2 2 2 2 2
left_child=5 2 -2 -3 -4 -1 -7 -5 -8
right_child=1 3 4 7 -6 6 8 -9 -10
leaf_value=0.0092707844073322918 0.020125335646547504 -0.0098761636850310513 0 0 -0.021925181238851229 0 -0.0079195415159213842 0.02116961304932018 -0.033772954028930394
leaf_weight=7.4569740146398535 11.906668931245802 7.6660249829292288 31.359869837760925 8.9533000439405424 15.357389390468596 14.379592925310133 11.41761836409569 41.704813346266747 8.116239130496977
leaf_count=30 48 31 126 36 62 58 46 168 33
internal_value=0.00217602 0.00605216 -0.00122041 0.0134089 -0.00757149 -0.00820919 -0.0127726 0.0174587 -0.0214972
internal_weight=158.318 116.948 58.6239 58.3241 46.7173 41.3704 33.9135 50.6581 19.5339
internal_count=638 471 236 235 188 167 137 204 79
is_linear=0
shrinkage=0.03


Tree=21
num_leaves=7
num_cat=0
split_feature=36 9 36 37 4 32
split_gain=6.80843 6.39462 4.79253 5.50154 4.50777 2.23643
threshold=0.0033891865123832697 0.099993799339235814 0.0048775667393845187 0.0088491565792749877 0.028513901662068245 0.0034301723881371431
decision_type=2 2 2 2 2 2
left_child=-1 2 4 -4 -2 -3
right_child=1 5 3 -5 -6 -7
leaf_value=-0.021292112310774079 0.0055823297985344673 -0.020705753999801346 0.010137526016622893 -0.0034937107557123002 0.030482363599166409 0
leaf_weight=8.3325014263391477 19.607819035649303 9.3707020282745379 46.695334583520889 55.121880188584328 10.903210788965223 8.1905188709497434
leaf_count=34 79 38 188 222 44 33
internal_value=0.00209964 0.00376201 0.00612697 0.00268821 0.0162696 -0.0120962
internal_weight=158.222 149.889 132.328 101.817 30.511 17.5612
internal_count=638 604 533 410 123 71
is_linear=0
shrinkage=0.03


Tree=22
num_leaves=8
num_cat=0
split_feature=34 36 5 38 34 10 34
split_gain=8.40105 8.56976 7.25885 9.19486 5.69346 10.6955 9.52292
threshold=0.0268667792984747 0.0033891865123832697 0.064590600011915314 0.0091284604493771741 0.010103050245114488 0.036129355527346425 1.0000000180025095e-35
decision_type=2 2 2 2 2 2 2
left_child=1 -1 3 -2 6 -6 -3
right_child=2 4 -4 -5 5 -7 -8
leaf_value=-0.021434639025310925 0.020001709417266169 0.009021710561532538 -0.029450864357366147 -0.015699803463291664 0.026340864086710443 -0.0079143473670549632 -0.013877931329600869
leaf_weight=7.5704924911260596 9.1995556950569171 60.534567549824715 10.304009005427359 13.39689366519451 27.837634235620499 9.4298633038997632 19.873880431056023
leaf_count=31 37 244 42 54 112 38 80
internal_value=0.00203483 0.00566581 -0.0108904 -0.000110502 0.00786368 0.0173296 0.00298033
internal_weight=158.147 125.246 32.9005 22.5964 117.676 37.2675 80.4084
internal_count=638 505 133 91 474 150 324
is_linear=0
shrinkage=0.03


Tree=23
num_leaves=8
num_cat=0
split_feature=34 36 5 23 0 17 11
split_gain=7.94594 8.15837 6.93534 6.59032 6.5366 4.41696 3.63041
threshold=0.0268667792984747 0.0033891865123832697 0.064590600011915314 0.82665685417698553 -0.010480768368590741 -2.927984372542038 0.018961780791501574
decision_type=2 2 2 2 2 2 2
left_child=1 -1 6 5 -5 -3 -2
right_child=2 3 -4 4 -6 -7 -8
leaf_value=-0.020977855184599391 -0.012654433701450179 0.0090883821478309132 -0.028798234992302548 -0.0032711254718400555 0.015733517853629215 -0.013353885240842609 0.0095555545791741296
leaf_weight=7.5471792072057715 10.201601982116701 10.670770063996317 10.267271310091017 18.631291434168816 70.660310015082359 17.667020782828331 12.386619389057158
leaf_count=31 41 43 42 75 285 71 50
internal_value=0.00195431 0.00548813 -0.0106212 0.00763391 0.011619 -0.00436664 -7.85838e-05
internal_weight=158.032 125.177 32.8555 117.629 89.2916 28.3378 22.5882
internal_count=638 505 133 474 360 114 91
is_linear=0
shrinkage=0.03


Tree=24
num_leaves=8
num_cat=0
split_feature=34 28 40 37 20 10 11
split_gain=7.52519 6.58988 7.20968 13.8305 5.82124 4.22823 5.8931
threshold=0.0268667792984747 1.5000000000000002 -0.022572985183564483 0.0088491565792749877 0.026942924161295331 0.031292518907085738 0.022992575847118338
decision_type=2 2 2 2 2 2 2
left_child=1 -1 4 -4 -3 6 -2
right_child=5 2 3 -5 -6 -7 -8
leaf_value=0.025517183586259345 -0.014673771462836225 -0.021430423354758761 0.027580328300621976 3.9352808753341856e-05 0.0054047576453627984 -0.026778269107139582 0.012711029265888327
leaf_weight=11.242129847407339 14.402922183275225 15.261046409606935 20.071736976504326 68.326544880867004 10.185241982340811 8.2614228725433332 10.150201469659804
leaf_count=46 58 62 81 275 41 34 41
internal_value=0.00187195 0.00531418 0.00278356 0.00693059 -0.0105316 -0.0103702 -0.00268334
internal_weight=157.901 125.087 113.845 88.3983 25.4463 32.8145 24.5531
internal_count=638 505 459 356 103 133 99
is_linear=0
shrinkage=0.03


Tree=25
num_leaves=6
num_cat=0
split_feature=36 17 34 24 21
split_gain=7.0332 6.33232 6.82826 4.502 3.35559
threshold=0.0033891865123832697 10.981560918326705 0.034551093974205867 -0.48507130124777181 0.014373049001007077
decision_type=2 2 2 2 2
left_child=-1 2 3 -2 -4
right_child=1 -3 4 -5 -6
leaf_value=-0.025928072744527009 -0.0052428217590104248 -0.021185113242991785 -0.00090003313668685493 0.007749887669612307 -0.026410524165241971
leaf_weight=8.2645281702280027 29.501544252038002 9.9543808847665769 11.107497692108156 89.735744625329971 8.2760837972164136
leaf_count=34 119 40 45 362 34
internal_value=-0.00190005 -0.000137235 0.00154736 0.00437807 -0.013945
internal_weight=156.84 148.575 138.621 119.237 19.3836
internal_count=634 600 560 481 79
is_linear=0
shrinkage=0.03


Tree=26
num_leaves=9
num_cat=0
split_feature=28 5 26 40 23 40 35 3
split_gain=11.3927 7.45483 5.966 5.03309 4.37446 3.97431 2.8104 0.657096
threshold=2.5000000000000004 0.062553092583093065 0.39114089571755478 -0.014811097522472725 0.98173999289093494 0.023289944971519042 0.041078361526139202 0.017422566690118328
decision_type=2 2 2 2 2 2 2 2
left_child=4 2 5 -4 -1 -2 7 -3
right_child=1 6 3 -5 -6 -7 -8 -9
leaf_value=0 -0.011081095751836755 -0.011512691356164464 -0.0071308001546052727 0.016934517113476866 0.026310687805924601 0.0028113054263844985 -0.0020344716916750483 -0.032266397433351399
leaf_weight=10.565909132361414 49.477306470274925 8.8767886161804253 9.4088495969772357 21.084273889660835 13.518029406666754 25.601062774658203 8.6007450968027097 9.6129367351531965
leaf_count=43 200 36 38 85 55 103 35 39
internal_value=-0.00187997 -0.00545632 -0.0015642 0.00906551 0.0161525 -0.00619927 -0.0189579 -0.0251311
internal_weight=156.746 132.662 105.571 30.4931 24.0839 75.0784 27.0905 18.4897
internal_count=634 536 426 123 98 303 110 75
is_linear=0
shrinkage=0.03


Tree=27
num_leaves=11
num_cat=0
split_feature=13 7 40 13 16 34 35 34 37 34
split_gain=6.33845 8.35556 11.0507 5.71045 4.43269 7.73933 4.85871 3.8056 4.76097 3.35377
threshold=-4.3837086231217866 0.0067307725347643182 -0.026514366350540605 2.5471035306193994 14.915773544020634 0.010103050245114488 0.036955013395850507 -0.012153770222673275 0.010223354036896783 -0.00039914322828238363
decision_type=2 2 2 2 2 2 2 2 2 2
left_child=7 2 9 -4 5 -3 -6 -1 -9 -2
right_child=1 4 3 -5 6 -7 -8 8 -10 -11
leaf_value=0.00088522888044980676 0.003097564416878266 -0.025560615677308891 0.025457625903205383 0.00063337920342896995 -0.0050760454301618362 0.00043488687780836495 0.019527661395003015 0 -0.029290939737734396 -0.020052390055899726
leaf_weight=9.9152450114488584 8.428446441888811 18.115177229046822 26.964957535266876 13.639895260334013 20.473509475588802 18.752482801675797 8.4183438420295698 8.5737013816833514 14.032702445983885 9.3331245034933072
leaf_count=40 34 73 109 55 83 76 34 35 57 38
internal_value=-0.00183186 0.00120173 0.00939813 0.017892 -0.00591448 -0.0126103 0.00240741 -0.0132436 -0.0196184 -0.00910623
internal_weight=156.648 124.126 58.3664 40.6049 65.7595 36.8677 28.8919 32.5216 22.6064 17.7616
internal_count=634 502 236 164 266 149 117 132 92 72
is_linear=0
shrinkage=0.03


Tree=28
num_leaves=11
num_cat=0
split_feature=28 33 37 9 37 12 11 22 12 18
split_gain=10.7888 7.14454 9.52666 5.59708 5.32029 6.54612 4.44066 3.41921 3.16791 1.32314
threshold=2.5000000000000004 0.34669999852513905 -0.017821967987405481 -0.065215901057400591 -1.0000000180025095e-35 47.543021324720584 0.050585056857346829 -0.089835186750163873 48.547002598366753 0.85935537980340859
decision_type=2 2 2 2 2 2 2 2 2 2
left_child=6 2 3 -2 5 -3 9 -4 -6 -1
right_child=1 4 7 -5 8 -7 -8 -9 -10 -11
leaf_value=0.031819425448285699 0.0071135490560313621 -0.011415394895604459 0.027510011189916968 -0.022630827049248715 -0.028913311595489315 0.022363458220115602 -0.001621214841325679 0.0033279899432451863 -0.010033502262692092 0.008332461906524119
leaf_weight=8.8297239392995888 7.6370408385992077 8.6869502663612383 11.388013646006586 11.274626061320303 9.9245607852935773 7.6850386559963217 7.4270478487014762 12.381801038980482 63.553382232785225 7.7867726832628241
leaf_count=36 31 35 46 46 40 31 30 50 257 32
internal_value=-0.00178306 -0.00526724 0.00446057 -0.0103704 -0.0100481 0.00433242 0.0157759 0.0167315 -0.0134809 0.0236964
internal_weight=156.575 132.531 42.6815 18.9117 89.8499 16.372 24.0435 23.7698 73.4779 16.6165
internal_count=634 536 173 77 363 66 98 96 297 68
is_linear=0
shrinkage=0.03


Tree=29
num_leaves=11
num_cat=0
split_feature=13 7 38 34 16 34 16 34 37 14
split_gain=6.02785 7.71578 10.6241 11.4049 4.1587 7.27597 4.75739 3.60165 4.47439 2.78629
threshold=-4.3837086231217866 0.0067307725347643182 0.0091592896522639054 0.0085770781984280137 14.915773544020634 0.010103050245114488 35.891797421841666 -0.012153770222673275 0.010223354036896783 16.321512999888458
decision_type=2 2 2 2 2 2 2 2 2 2
left_child=7 2 9 -4 5 -3 -6 -1 -9 -2
right_child=1 4 3 -5 6 -7 -8 8 -10 -11
leaf_value=0.00085173220275236992 0.0051239862261711899 -0.024640700230816718 0.015351300280299497 -0.018688347194652163 0.012131043445008588 0.00053894251612567133 -0.010930581291255535 0 -0.028472675738478424 0.028977442837757886
leaf_weight=9.9081956148147565 9.1504219770431536 18.120985358953476 14.610092893242838 16.732693463563919 17.520264521241192 18.744525924324989 11.352683067321776 8.5663151592016238 13.982912197709082 17.774237066507339
leaf_count=40 37 73 59 68 71 76 46 35 57 72
internal_value=-0.00171523 0.00124025 0.00912673 -0.00240222 -0.0055916 -0.0120831 0.0024568 -0.0128587 -0.0190728 0.0223042
internal_weight=156.463 124.006 58.2674 31.3428 65.7385 36.8655 28.8729 32.4574 22.5492 26.9247
internal_count=634 502 236 127 266 149 117 132 92 109
is_linear=0
shrinkage=0.03


Tree=30
num_leaves=7
num_cat=0
split_feature=34 36 23 34 20 10
split_gain=10.06 10.6656 6.71147 9.3166 7.69429 1.29279
threshold=0.034551093974205867 0.0033891865123832697 0.98673397695231524 0.010103050245114488 0.016898757664487857 0.014430532241105245
decision_type=2 2 2 2 2 2
left_child=1 -1 3 -3 -4 -2
right_child=5 2 4 -5 -6 -7
leaf_value=-0.02859615237949285 -0.0068241083777102222 -0.010760902725940921 -0.011107415961177664 0.011145381420844397 0.016812737694461847 -0.027217586174410349
leaf_weight=7.2170030176639548 9.1333709359169024 39.896585896611214 8.6377203911542875 27.712556049227715 48.67073929309845 10.123230651021002
leaf_count=30 37 161 35 112 197 42
internal_value=-0.000557022 0.00238938 0.00472014 -0.00150393 0.012119 -0.0198028
internal_weight=151.391 132.135 124.918 67.6091 57.3085 19.2566
internal_count=614 535 505 273 232 79
is_linear=0
shrinkage=0.03


Tree=31
num_leaves=6
num_cat=0
split_feature=34 36 14 36 38
split_gain=9.57815 10.1871 6.59982 6.79598 0.23509
threshold=0.034551093974205867 0.0033891865123832697 116.63433839683195 0.0048775667393845187 0.0090968537888961847
decision_type=2 2 2 2 2
left_child=1 -1 3 -3 -2
right_child=4 2 -4 -5 -6
leaf_value=-0.028042768554326868 -0.0079072197699275159 0.019172578990474809 -0.015859503503248669 0.0022892165529524509 -0.023740766968966803
leaf_weight=7.1786841452121726 7.7939696460962322 28.180140271782875 10.569094359874724 86.122365534305573 11.410731688141821
leaf_count=30 32 114 43 348 47
internal_value=-0.000568968 0.00230232 0.00457961 0.00683874 -0.0193742
internal_weight=151.255 132.05 124.872 114.303 19.2047
internal_count=614 535 505 462 79
is_linear=0
shrinkage=0.03


Tree=32
num_leaves=8
num_cat=0
split_feature=36 7 31 36 9 16 25
split_gain=7.61575 8.63036 9.14565 7.89387 6.83519 4.7952 3.87353
threshold=0.0033891865123832697 0.0067307725347643182 -2.4999999999999996 0.0048865997776431375 0.006548526088382447 9.2974970605055507 0.15034246575342466
decision_type=2 2 2 2 2 2 2
left_child=-1 2 -2 5 -4 -3 -5
right_child=1 3 4 6 -6 -7 -8
leaf_value=-0.026145924610699246 -0.012976386186734763 -0.0059826119247414237 0.0013010370991129679 -0.002080464330086297 0.022369721523157731 0.021048408868908908 -0.019145428529492643
leaf_weight=7.8605228662490836 12.326108843088148 8.3049053549766558 26.390735000371933 23.959667101502419 32.271599099040031 11.061937272548674 28.944510966539383
leaf_count=33 50 34 107 97 131 45 117
internal_value=-0.000576681 0.00106369 0.00846274 -0.00603427 0.0134941 0.00927993 -0.0120474
internal_weight=151.12 143.259 70.9884 72.271 58.6623 19.3668 52.9042
internal_count=614 581 288 293 238 79 214
is_linear=0
shrinkage=0.03


Tree=33
num_leaves=7
num_cat=0
split_feature=34 36 7 36 1 10
split_gain=9.07485 9.37368 10.9102 9.56264 6.2902 1.27568
threshold=0.034551093974205867 0.0033891865123832697 0.0067307725347643182 0.0048865997776431375 -0.0034148404609266043 0.014430532241105245
decision_type=2 2 2 2 2 2
left_child=1 -1 4 -4 -3 -2
right_child=5 2 3 -5 -6 -7
leaf_value=-0.027012487617904316 -0.0062268398968601552 0.0042057407103084756 0.013609572936842727 -0.010958199585342105 0.024516677546051309 -0.026221660714041334
leaf_weight=7.0990911424159995 9.1104406416416186 34.356881469488144 17.737315788865089 47.555456385016441 25.109274655580521 10.033876836299894
leaf_count=30 37 139 72 192 102 42
internal_value=-0.000571269 0.0022212 0.00440296 -0.00385513 0.0135446 -0.0189049
internal_weight=151.002 131.858 124.759 65.2928 59.4662 19.1443
internal_count=614 535 505 264 241 79
is_linear=0
shrinkage=0.03


Tree=34
num_leaves=10
num_cat=0
split_feature=0 7 36 36 3 33 1 3 0
split_gain=7.28604 6.55678 6.88201 5.73624 5.11137 5.04076 4.62488 4.57252 2.54632
threshold=-0.010480768368590741 0.0067307725347643182 0.006660659854349567 0.0043951021736457737 0.025766923646055821 0.18641924398625431 -0.01458856883552123 0.028552032389856933 -0.01800065878161999
decision_type=2 2 2 2 2 2 2 2 2
left_child=5 3 4 -2 -3 -1 -5 -4 -7
right_child=1 2 7 6 -6 8 -8 -9 -10
leaf_value=0.003482409125000193 -0.010529736214865925 0.016086623517643943 -0.026861825853460957 -0.0021817035266673101 -0.0041192933728342257 -0.0043932807181613076 0.019656086090151691 -0.00052737503266033609 -0.028033385022167311
leaf_weight=9.7698836773633939 7.4815958291292182 16.566922023892403 12.35143004357815 9.3754381835460645 25.308908388018608 9.0744856446981412 35.152751013636589 12.315187454223631 13.430492326617243
leaf_count=40 31 67 50 38 103 37 143 50 55
internal_value=-0.000565888 0.00281 -0.00323696 0.0106577 0.00390159 -0.0128442 0.0148396 -0.0153021 -0.0202499
internal_weight=150.827 118.552 66.5424 52.0098 41.8758 32.2749 44.5282 24.6666 22.505
internal_count=614 482 270 212 170 132 181 100 92
is_linear=0
shrinkage=0.03


Tree=35
num_leaves=10
num_cat=0
split_feature=34 35 17 19 16 15 38 34 22
split_gain=9.87783 7.54194 7.55351 8.61271 6.53787 6.14603 7.24752 6.50275 2.38353
threshold=0.034551093974205867 0.0046911314008757374 2.1600644206399413 0.099783040940487885 0.57197637687018255 -7.5260686557851786 0.014888244550289203 -0.0074501124407075339 -0.16408102579843772
decision_type=2 2 2 2 2 2 2 2 2
left_child=1 5 4 -4 -3 6 -1 -7 -2
right_child=8 2 3 -5 -6 7 -8 -9 -10
leaf_value=0.025167812414748317 -0.0014825233018283712 0.02674412519045264 0.011712484699811187 -0.017552545247750503 0.0050431232595199091 -0.022860053419845653 -0.007907187266905296 0.0031624566785079765 -0.024936600385967799
leaf_weight=9.0799536705017108 7.7607305496931103 25.950497984886169 17.463147684931755 14.738589420914648 28.428307324647903 19.229881256818775 10.437534242868422 12.31772720813751 12.078579410910605
leaf_count=37 32 106 71 60 115 78 42 50 50
internal_value=0.00122303 0.00422926 0.00959717 -0.00148656 0.0162466 -0.00460801 0.00769199 -0.0126697 -0.0174247
internal_weight=157.485 137.646 86.5805 32.2017 54.3788 51.0651 19.5175 31.5476 19.8393
internal_count=641 559 352 131 221 207 79 128 82
is_linear=0
shrinkage=0.03


Tree=36
num_leaves=9
num_cat=0
split_feature=34 23 19 34 12 9 21 22
split_gain=9.40685 8.94647 7.58791 5.18345 5.07837 6.57024 2.54573 2.26238
threshold=0.034551093974205867 0.98173999289093494 0.064404863717602748 0.01770438479135528 39.037098604892272 0.043777621415155572 0.018519574573878407 -0.16408102579843772
decision_type=2 2 2 2 2 2 2 2
left_child=1 2 -1 -4 6 -6 -3 -2
right_child=7 4 3 -5 5 -7 -8 -9
leaf_value=0.016502513446716289 -0.0014473737232944934 0.0073349066399603056 -0.012595210055708491 0.0075861683423714531 0.026924248361304973 0.0044383310348597126 -0.013592347277738897 -0.024376625590989551
leaf_weight=11.993643060326574 7.7593139410018948 9.2154293805360812 45.725727215409279 12.597676292061804 25.010328039526939 25.617362603545189 7.4074917882680884 12.032014116644858
leaf_count=49 32 38 185 51 102 104 30 50
internal_value=0.00118336 0.00411813 -0.00317276 -0.00788044 0.0118295 0.0164326 -0.00164345 -0.0170333
internal_weight=157.359 137.568 70.317 58.3234 67.2506 50.6277 16.6229 19.7913
internal_count=641 559 285 236 274 206 68 82
is_linear=0
shrinkage=0.03


Tree=37
num_leaves=9
num_cat=0
split_feature=34 34 13 17 26 26 16 33
split_gain=8.96822 6.31601 7.31212 9.02756 3.94371 5.90768 2.53519 1.3139
threshold=0.034551093974205867 -0.016429914196908865 -6.272910077557234 0.47262705135086241 0.096973258889215416 0.22972736039274133 -4.0827559109196097 0.78169371954682698
decision_type=2 2 2 2 2 2 2 2
left_child=1 4 6 -4 -1 -6 -3 -2
right_child=7 2 3 -5 5 -7 -8 -9
leaf_value=0.010732663548285126 -0.0071557692970078655 0.0013899459059197297 0.022182052101739555 0.0020726426338895159 -0.02865822910080754 -0.00092987428698272851 -0.019599022941417545 -0.026688390322548501
leaf_weight=7.6252303868532172 12.670536056160929 7.8525938242673874 37.667498365044594 45.377431660890579 9.1043722629547137 21.946847751736641 7.8967669904232007 7.0706596672534934
leaf_count=31 52 32 153 185 37 89 32 30
internal_value=0.00115303 0.00401974 0.00806425 0.0116774 -0.00583126 -0.010756 -0.00931146 -0.0166532
internal_weight=157.212 137.471 98.7943 83.0449 38.6765 31.0512 15.7494 19.7412
internal_count=641 559 402 338 157 126 64 82
is_linear=0
shrinkage=0.03


Tree=38
num_leaves=11
num_cat=0
split_feature=11 38 2 13 24 11 38 11 13 10
split_gain=6.39561 11.9887 9.99489 7.72488 6.77971 6.39868 6.36692 3.30004 2.97984 2.8771
threshold=0.05428679533339887 0.0091284604493771741 0.013205794605234857 -1.7872800368354083 0.3887362637362638 0.032483805271977036 0.010213632498584797 0.0019230263855952725 -4.6802195094464905 0.020339350927497505
decision_type=2 2 2 2 2 2 2 2 2 2
left_child=1 2 8 -2 6 -4 -3 -6 -1 -5
right_child=3 4 5 9 7 -7 -8 -9 -10 -11
leaf_value=0.0026709469708445658 -0.027531451618509225 -0.015222682063956765 -0.012181035983658318 0.013526070768069897 -0.0039143470704912182 0.016316109866799711 0.0077886054421592099 -0.032340612834026498 0.027149628042061027 -0.0084922166836530217
leaf_weight=7.4129051864147177 12.085628256201746 13.083746641874312 16.042705506086353 8.1546175479888934 9.0850026458501834 9.6080082356929761 35.597263544797897 7.8623379021883002 29.347385868430138 8.8215519189834577
leaf_count=30 50 53 66 33 37 39 145 32 120 36
internal_value=0.00109588 0.00408877 0.0133646 -0.0110214 -0.00464494 -0.000556272 0.000951346 -0.0199154 0.0229929 0.00160481
internal_weight=157.101 128.039 62.411 29.0618 65.6284 25.6507 48.681 16.9473 36.7603 16.9762
internal_count=641 522 255 119 267 105 198 69 150 69
is_linear=0
shrinkage=0.03


Tree=39
num_leaves=9
num_cat=0
split_feature=23 3 13 11 36 2 19 38
split_gain=6.50532 7.65375 5.40208 5.30672 4.77649 7.56136 4.42592 3.06624
threshold=0.98173999289093494 0.037239711604486254 -7.2636360713730559 0.05428679533339887 0.0060038208782324251 0.0024825242648143235 0.064404863717602748 0.012803693901232987
decision_type=2 2 2 2 2 2 2 2
left_child=1 2 -1 4 5 -2 -4 -6
right_child=3 -3 6 -5 7 -7 -8 -9
leaf_value=-0.020425464050213529 0.036375768266476843 -0.025256570070226182 0.017076433366455708 -0.009030286152649494 0.007986300944009617 0.005168461379149213 -0.0014275905382378235 -0.010513670742557893
leaf_weight=8.5587811917066556 11.690879210829737 11.710862070322035 12.930339619517325 12.434925049543379 24.962948694825172 18.72158095240593 46.793314591050148 9.1417985558509809
leaf_count=35 48 48 53 51 102 77 190 37
internal_value=0.00104627 -0.0047767 -0.000432084 0.00725701 0.0107988 0.019132 0.00275907 0.00230421
internal_weight=156.945 79.9933 68.2824 76.9521 64.5172 30.4125 59.7237 34.1047
internal_count=641 326 278 315 264 125 243 139
is_linear=0
shrinkage=0.03


Tree=40
num_leaves=10
num_cat=0
split_feature=5 13 35 40 19 34 5 12 0
split_gain=6.31947 6.65415 7.29211 7.02068 5.26332 4.82497 3.02865 2.93451 1.21871
threshold=0.085570144271590612 -3.6052207455790248 0.047809268133043765 0.068330264256089804 0.17747061272100981 0.014806321117159961 -0.027664729835077447 55.668353150546444 0.0071397957837661128
decision_type=2 2 2 2 2 2 2 2 2
left_child=1 6 3 -3 8 -4 -1 -8 -2
right_child=4 2 5 -5 -6 -7 7 -9 -10
leaf_value=0.0064503212748143164 -0.025472103410662507 0.018109324260415397 -0.017803756157685723 -0.0066507040614740215 0.0057705647134614737 0.0066326611693552943 -0.020427119698684684 0.0003488013994696642 -0.0058510103511543879
leaf_weight=8.3308763206005114 10.502045154571539 58.053066968917847 10.997897505760195 10.373680904507635 10.28675392270088 13.734046444296835 13.228677913546564 7.8276241272687903 8.8058352917432767
leaf_count=34 44 237 45 42 42 56 54 32 36
internal_value=0.00202013 0.00511588 0.00907089 0.0140604 -0.00983638 -0.00419172 -0.00672289 -0.0126928 -0.0186165
internal_weight=152.141 122.546 93.1587 68.4267 29.5946 24.7319 29.3872 21.0563 19.3079
internal_count=622 500 380 279 122 101 120 86 80
is_linear=0
shrinkage=0.03


Tree=41
num_leaves=9
num_cat=0
split_feature=5 13 13 19 15 22 19 0
split_gain=5.98803 6.26583 6.70295 5.02773 4.34361 2.89148 2.04799 1.15253
threshold=0.085570144271590612 -3.6052207455790248 11.505081087404756 0.17747061272100981 62.724109218633963 0.12098199280065948 0.083491258154141115 0.0071397957837661128
decision_type=2 2 2 2 2 2 2 2
left_child=1 5 4 7 -3 6 -1 -2
right_child=3 2 -4 -5 -6 -7 -8 -9
leaf_value=0.011549606543825837 -0.024901116849131141 0.0077812120956375899 -0.015056674179771799 0.0056245911193343878 0.026894447056147561 -0.017575878333863013 -0.0066979340760064754 -0.0057085541343568557
leaf_weight=7.3647528141737046 10.466964110732084 72.952199846506119 7.4173835813999167 10.288982719182966 12.703478366136549 10.741726994514464 11.260660469532011 8.804742753505705
leaf_count=30 44 298 30 42 52 44 46 36
internal_value=0.00194323 0.00496029 0.00880235 -0.00960056 0.011336 -0.00652297 0.000210429 -0.0181989
internal_weight=152.001 122.44 93.0731 29.5607 85.6557 29.3671 18.6254 19.2717
internal_count=622 500 380 122 350 120 76 80
is_linear=0
shrinkage=0.03


Tree=42
num_leaves=7
num_cat=0
split_feature=39 38 0 7 0 20
split_gain=8.59369 7.28422 5.17188 5.13942 4.38959 3.53135
threshold=1.0000000180025095e-35 0.012440194407162848 -0.011269518800833654 0.0032624495500812108 -0.01842186875736784 0.028405254563878553
decision_type=2 2 2 2 2 2
left_child=-1 2 4 -4 -2 -3
right_child=1 5 3 -5 -6 -7
leaf_value=0.02348045522056609 0.002540503870641466 -0.028309681039269466 0.01448313977843488 0.00010753610050858202 -0.02283310080149753 -0.0018240102778981067
leaf_weight=12.977797687053679 9.7794388383626956 9.2377216964960116 33.778965145349503 65.633252829313278 10.184351697564123 10.305471330881117
leaf_count=53 40 38 139 268 42 42
internal_value=0.00187325 -0.000343443 0.00240726 0.00532939 -0.0106212 -0.0165055
internal_weight=151.897 138.919 119.376 99.4122 19.9638 19.5432
internal_count=622 569 489 407 82 80
is_linear=0
shrinkage=0.03


Tree=43
num_leaves=6
num_cat=0
split_feature=39 38 36 33 36
split_gain=8.17043 6.94248 8.93631 9.36788 3.45043
threshold=1.0000000180025095e-35 0.012440194407162848 0.0039008722883771044 0.29464844098990445 0.005551938831567846
decision_type=2 2 2 2 2
left_child=-1 2 -2 -4 -3
right_child=1 4 3 -5 -6
leaf_value=0.022893982411144018 -0.018877656241870992 0 0.026549347047647692 0.0015346807483715612 -0.024805471974042894
leaf_weight=12.96240311861038 13.399923190474508 7.3630976527929333 14.212497398257254 91.705873265862465 12.151885092258452
leaf_count=53 56 30 58 375 50
internal_value=0.00181339 -0.0003455 0.00233704 0.00546005 -0.0161368
internal_weight=151.796 138.833 119.318 105.918 19.515
internal_count=622 569 489 433 80
is_linear=0
shrinkage=0.03


Tree=44
num_leaves=9
num_cat=0
split_feature=28 13 2 35 21 2 10 26
split_gain=5.39725 5.12097 7.97235 5.77395 5.70213 5.19897 2.93034 1.54595
threshold=1.5000000000000002 -1.5906196931683565 -0.00056750106814196222 0.010732548604201699 0.013931632155239937 0.0057291411386599664 0.012742321966772276 0.26453684922244763
decision_type=2 2 2 2 2 2 2 2
left_child=-1 3 6 7 -5 -4 -3 -2
right_child=1 2 5 4 -6 -7 -8 -9
leaf_value=0.018615277533106 -0.026200125842991071 0.023167317736896256 -0.021823564649508322 -0.017666536098623266 0.0093423655436758526 0.0016013244974574404 0.0018439333059007247 -0.0064676087961696334
leaf_weight=13.397460415959356 11.100963830947878 18.78631949424744 8.0834794938564283 7.9608856439590481 21.470942437648773 49.261559963226318 10.815808013081549 10.80668170750141
leaf_count=56 46 77 33 33 88 201 44 44
internal_value=0.00176385 -3.9351e-06 0.0042972 -0.00745744 0.000900354 -0.00207214 0.0164608 -0.0184491
internal_weight=151.684 138.287 86.9472 51.3395 29.4318 57.345 29.6021 21.9076
internal_count=622 566 355 211 121 234 121 90
is_linear=0
shrinkage=0.03


Tree=45
num_leaves=8
num_cat=0
split_feature=9 15 36 10 4 35 25
split_gain=5.13142 5.86775 7.04484 5.66913 7.79431 4.43253 1.92911
threshold=0.10796317918839309 28.192228461618249 0.0043653729591138397 0.013473178930535125 -0.0062616493271998022 -0.0098409722541758487 0.15655637254901963
decision_type=2 2 2 2 2 2 2
left_child=1 3 -3 4 -1 -4 -5
right_child=-2 2 5 6 -6 -7 -8
leaf_value=-0.0076862171671339451 -0.015120584055514159 -0.011115335529466598 0 -0.0033759100916487842 0.013548117729824321 0.018741044791256902 -0.026884076709858654
leaf_weight=33.292392402887344 13.821961492300032 10.58049865067005 17.563016936182976 8.0077152103185636 25.532253265380859 39.580078348517418 7.9649724513292304
leaf_count=136 57 44 72 33 104 162 33
internal_value=0.000968271 0.00282005 0.00914318 -0.00279878 0.00142615 0.0133969 -0.0176203
internal_weight=156.343 142.521 67.7236 74.7973 58.8246 57.1431 15.9727
internal_count=641 584 278 306 240 234 66
is_linear=0
shrinkage=0.03


Tree=46
num_leaves=7
num_cat=0
split_feature=28 18 8 12 33 8
split_gain=5.79992 7.51376 7.48395 6.66827 9.00595 3.20205
threshold=2.5000000000000004 0.88747256838945798 0.037052512196889799 26.339294430018935 0.38757026288624075 0.048746922090128014
decision_type=2 2 2 2 2 2
left_child=2 3 -1 -2 -5 -3
right_child=1 5 -4 4 -6 -7
leaf_value=0.029158171444452187 -0.021112570305625106 -0.0022690330045400772 -0.0016868662411020753 0.015774012816763834 -0.0023717134869312997 -0.027813445345840789
leaf_weight=11.809422194957735 8.5120367258787137 9.6136207580566424 12.365015879273413 35.294072210788727 68.187834933400154 10.459793314337729
leaf_count=49 35 39 51 145 279 43
internal_value=0.000918846 -0.00151436 0.0138848 0.00149022 0.0038567 -0.0175732
internal_weight=156.242 132.067 24.1744 111.994 103.482 20.0734
internal_count=641 541 100 459 424 82
is_linear=0
shrinkage=0.03


Tree=47
num_leaves=10
num_cat=0
split_feature=23 11 37 37 11 9 21 15 36
split_gain=7.59858 7.60297 5.5156 5.93494 5.32276 5.38438 3.54318 3.40928 2.0005
threshold=0.98173999289093494 0.042549206029918858 0.0030519384751245275 -0.016029189049153954 0.025319074596136474 0.033434884597606337 0.012908899725148203 34.780242255046211 0.005573244092477979
decision_type=2 2 2 2 2 2 2 2 2
left_child=2 4 3 -1 5 -2 -4 -8 -3
right_child=1 8 6 -5 -6 -7 7 -9 -10
leaf_value=-0.0086845707115460729 0.012888178151795623 -0.013939218224116593 0.0032582134062696488 0.019920049683907929 0.028507167589833394 -0.010854515646312247 -0.021679556396465498 -0.0044573425839289117 0.002841504791076181
leaf_weight=9.7891182303428668 30.917419493198395 12.300078004598619 11.749973222613333 11.961361795663832 14.275378569960592 9.2753091752529127 23.146190389990807 24.38051575422287 8.3285658508539182
leaf_count=40 127 51 48 49 59 38 95 100 34
internal_value=0.000876667 0.00772846 -0.00532618 0.00676734 0.013562 0.00679874 -0.0100845 -0.0136844 -0.00684898
internal_weight=156.124 75.0968 81.0272 21.7505 54.4681 40.1927 59.2767 47.5267 20.6286
internal_count=641 309 332 89 224 165 243 195 85
is_linear=0
shrinkage=0.03


Tree=48
num_leaves=10
num_cat=0
split_feature=34 7 14 36 20 35 11 5 11
split_gain=5.01869 4.76518 7.79265 5.33311 7.48202 5.74681 4.40626 4.20601 2.63355
threshold=0.034551093974205867 0.0041148486743603193 18.17404984048267 0.0075882043761646032 0.019249579670539346 -0.045041447882702028 0.056769525148468787 -0.016772195371723305 0.015807843286199112
decision_type=2 2 2 2 2 2 2 2 2
left_child=1 2 7 4 -3 -5 -4 -1 -2
right_child=8 3 6 5 -6 -7 -8 -9 -10
leaf_value=0.005596085868307228 -0.022491460485655541 0.015632523459459841 0.030328390322119966 0.0025025762995189945 -0.0054769416313888864 -0.028418663564401439 0.0029878675625371609 -0.017541629571938645 -0.00059591503371369907
leaf_weight=24.876118376851082 9.2244450598955172 22.499940514564514 15.68111363053322 7.8143914043903377 36.446281880140305 10.033152773976324 10.142331972718237 7.5672389417886725 11.707628205418585
leaf_count=102 39 92 65 32 148 41 42 31 49
internal_value=0.000851279 0.00310168 0.00945953 -0.00164958 0.00258306 -0.0152364 0.021116 -7.03734e-05 -0.0120191
internal_weight=155.993 135.061 58.2668 76.7938 58.9462 17.8475 25.8234 32.4434 20.9321
internal_count=641 553 240 313 240 73 107 133 88
is_linear=0
shrinkage=0.03


Tree=49
num_leaves=8
num_cat=0
split_feature=28 18 12 33 15 35 15
split_gain=5.36222 7.03047 6.44272 8.36596 5.30273 2.85219 0.885496
threshold=2.5000000000000004 0.88747256838945798 26.339294430018935 0.38757026288624075 88.062928359753457 0.029429480690882918 39.232137335097228
decision_type=2 2 2 2 2 2 2
left_child=4 2 -2 -4 6 -3 -1
right_child=1 5 3 -5 -6 -7 -8
leaf_value=0.029852460299771053 -0.020843138500194147 -0.027488056635384273 0.015219010199653091 -0.0022837512434865769 -0.0051715889600858593 -0.0031144744802032269 0.0087889614212332406
leaf_weight=8.2596521228551918 8.4998094290494901 9.7340379506349581 35.212234973907471 68.05036897957325 7.54549516737461 10.26290403306484 8.2738926708698255
leaf_count=35 35 40 145 279 31 42 34
internal_value=0.000817138 -0.00151938 0.00138452 0.0037179 0.0133137 -0.0170814 0.0222069
internal_weight=155.838 131.759 111.762 103.263 24.079 19.9969 16.5335
internal_count=641 541 459 424 100 82 69
is_linear=0
shrinkage=0.03


end of trees

feature_importances:
macro_usdjpy_ret_20=33
macro_usdjpy_vol_20=27
macro_usdjpy_ret_60=22
rsi_change=17
macro_topix_ret_20=17
vol_ratio=16
ma_20_60_cross=15
month=15
return_1d=14
macro_nikkei_ret_20=14
ma_5_20_cross=13
macro_topix_vol_20=13
macd_signal=12
return_20d=11
return_3d=10
return_5d=10
macd_hist=10
div_ma_10=9
bb_bandwidth=9
atr_pct=9
rsi=8
price_position_20d=8
div_ma_60=7
macd=7
lower_shadow_pct=7
vol_change=6
upper_shadow_pct=6
return_2d=5
macd_hist_change=5
volatility=5
return_10d=4
bb_pct_b=4
gap=4
macro_topix_above_200dma=4
div_ma_20=3
streak=3
candle_body_pct=2

parameters:
[boosting: gbdt]
[objective: binary]
[metric: binary_logloss]
[tree_learner: serial]
[device_type: cpu]
[data_sample_strategy: bagging]
[data: ]
[valid: ]
[num_iterations: 50]
[learning_rate: 0.03]
[num_leaves: 15]
[num_threads: 0]
[seed: 42]
[deterministic: 0]
[force_col_wise: 0]
[force_row_wise: 0]
[histogram_pool_size: -1]
[max_depth: 4]
[min_data_in_leaf: 30]
[min_sum_hessian_in_leaf: 0.001]
[bagging_fraction: 0.7]
[pos_bagging_fraction: 1]
[neg_bagging_fraction: 1]
[bagging_freq: 5]
[bagging_seed: 400]
[bagging_by_query: 0]
[feature_fraction: 0.6]
[feature_fraction_bynode: 1]
[feature_fraction_seed: 30056]
[extra_trees: 0]
[extra_seed: 12879]
[early_stopping_round: 0]
[early_stopping_min_delta: 0]
[first_metric_only: 0]
[max_delta_step: 0]
[lambda_l1: 0.5]
[lambda_l2: 2]
[linear_lambda: 0]
[min_gain_to_split: 0]
[drop_rate: 0.1]
[max_drop: 50]
[skip_drop: 0.5]
[xgboost_dart_mode: 0]
[uniform_drop: 0]
[drop_seed: 17869]
[top_rate: 0.2]
[other_rate: 0.1]
[min_data_per_group: 100]
[max_cat_threshold: 32]
[cat_l2: 10]
[cat_smooth: 10]
[max_cat_to_onehot: 4]
[top_k: 20]
[monotone_constraints: ]
[monotone_constraints_method: basic]
[monotone_penalty: 0]
[feature_contri: ]
[forcedsplits_filename: ]
[refit_decay_rate: 0.9]
[cegb_tradeoff: 1]
[cegb_penalty_split: 0]
[cegb_penalty_feature_lazy: ]
[cegb_penalty_feature_coupled: ]
[path_smooth: 0]
[interaction_constraints: ]
[verbosity: -1]
[saved_feature_importance_type: 0]
[use_quantized_grad: 0]
[num_grad_quant_bins: 4]
[quant_train_renew_leaf: 0]
[stochastic_rounding: 1]
[linear_tree: 0]
[max_bin: 255]
[max_bin_by_feature: ]
[min_data_in_bin: 5]
[bin_construct_sample_cnt: 200000]
[data_random_seed: 175]
[is_enable_sparse: 1]
[enable_bundle: 1]
[use_missing: 1]
[zero_as_missing: 0]
[feature_pre_filter: 1]
[pre_partition: 0]
[two_round: 0]
[header: 0]
[label_column: ]
[weight_column: ]
[group_column: ]
[ignore_column: ]
[categorical_feature: ]
[forcedbins_filename: ]
[precise_float_parser: 0]
[parser_config_file: ]
[objective_seed: 16083]
[num_class: 1]
[is_unbalance: 0]
[scale_pos_weight: 1]
[sigmoid: 1]
[boost_from_average: 1]
[reg_sqrt: 0]
[alpha: 0.9]
[fair_c: 1]
[poisson_max_delta_step: 0.7]
[tweedie_variance_power: 1.5]
[lambdarank_truncation_level: 30]
[lambdarank_norm: 1]
[label_gain: ]
[lambdarank_position_bias_regularization: 0]
[eval_at: ]
[multi_error_top_k: 1]
[auc_mu_weights: ]
[num_machines: 1]
[local_listen_port: 12400]
[time_out: 120]
[machine_list_filename: ]
[machines: ]
[gpu_platform_id: -1]
[gpu_device_id: -1]
[gpu_use_dp: 0]
[num_gpu: 1]

end of parameters

pandas_categorical:[]
