tree
version=v4
num_class=1
num_tree_per_iteration=1
label_index=0
max_feature_idx=44
objective=binary sigmoid:1
feature_names=return_1d return_2d return_3d return_5d return_10d return_20d div_ma_5 div_ma_10 div_ma_20 div_ma_60 ma_5_20_cross ma_20_60_cross rsi rsi_change macd macd_signal macd_hist macd_hist_change bb_pct_b bb_bandwidth atr_pct volatility vol_change vol_ratio candle_body_pct upper_shadow_pct lower_shadow_pct day_of_week month is_month_end is_month_start streak gap price_position_20d macro_usdjpy_ret_20 macro_usdjpy_ret_60 macro_usdjpy_vol_20 macro_topix_ret_20 macro_topix_vol_20 macro_topix_above_200dma macro_nikkei_ret_20 macro_nikkei_above_200dma macro_nikkei_vi macro_jgb10y macro_bias_score
feature_infos=[-0.15807562854189028:0.19280199076906812] [-0.19745591058900258:0.20318396439925945] [-0.23837838624295249:0.27648600256514033] [-0.22312077480031678:0.26466038425487959] [-0.22794526474391108:0.51396648044692728] [-0.29180771834800268:0.60998936311615415] [-0.16915640225460579:0.14127428137218562] [-0.1870841462002984:0.20210384634114292] [-0.22029774307858255:0.33166417833005718] [-0.25564226649808902:0.42714161878857998] [-0.10587927235867489:0.22633411109306634] [-0.15542273658889794:0.22575615227315504] [8.1967060021082148:97.208545822261641] [-45.895008662445541:31.316699080493841] [-188.97676083275519:266.59734177812197] [-172.23170936689394:228.33225001260345] [-80.038367193888718:70.86452205301434] [-26.599713861336028:27.477926891613379] [-0.2838966303180615:1.4364283109293134] [0.040274051968061941:0.6407999405582322] [0.014894075275995651:0.075648032788874303] [0.0077021828282352106:0.058762458247950636] [-0.7282439959821021:10.583262480262359] [0.399928592221377:2.6429734386181001] [-1:1] [0:0.94467978343156966] [0:0.95093104929016437] [0:4] [1:12] none [0:1] [-9:8] [-0.11365943186759964:0.13760566149007269] [0:1] [-0.10288784967882303:0.071219898375910473] [-0.13986255140503889:0.13160084488587853] [0.0013477040299661059:0.011841457708833433] [-0.21871130063915301:0.21255316252998058] [0.0039190401412919932:0.040640975235326532] [0:1] [-0.22859537662338159:0.23022297972565586] [0:1] none none none
tree_sizes=1189 986 1389 994 992 1308 1316 1307 1293 1198 889 1202 1308 1180 1203 1171 1083 996 987 993 883 1104 870 973 1188 1284 999 1212 1292 1419 1094 1093 1078 997 1288 895 1182 1289 867 878 995 977 1098 1203 985 1399 1426 1316 1418 1396

Tree=0
num_leaves=10
num_cat=0
split_feature=34 34 34 4 36 4 34 37 37
split_gain=26.0114 8.32056 14.0636 11.8164 10.5038 10.2687 7.21295 3.16346 2.77561
threshold=-0.027292232755695086 0.011892047158507559 0.035655850682168484 0.036252285612435105 0.0047560207707511197 -0.076889643650146708 0.0060028205300507462 0.0030519384751245275 0.023667838195565397
decision_type=2 2 2 2 2 2 2 2 2
left_child=7 4 3 -3 6 -6 -2 -1 -4
right_child=1 2 8 -5 5 -7 -8 -9 -10
leaf_value=0.10683911879583124 0.090366963890384899 0.067131403606040266 0.066960108992499906 0.09609494602397925 0.079603977120255909 0.044957918918565723 0.057794036134377544 0.077769017121755352 0.039210774758357887
leaf_weight=13.982764124870302 10.986457526683809 24.719529435038567 7.4907664954662314 21.723222836852074 7.4907664954662314 43.196753457188606 9.2386120110750181 7.7404587119817725 8.2398431450128538
leaf_count=56 44 99 30 87 30 173 37 31 33
internal_value=0.0697495 0.0645743 0.0723694 0.0808788 0.0576622 0.0505252 0.0750352 0.0986241 0.0497223
internal_weight=154.809 133.086 62.1734 46.4428 70.9126 50.6875 20.2251 21.7232 15.7306
internal_count=620 533 249 186 284 203 81 87 63
is_linear=0
shrinkage=1


Tree=1
num_leaves=8
num_cat=0
split_feature=34 23 12 35 13 34 40
split_gain=24.7074 16.7567 9.377 9.90281 6.1204 8.17623 1.50853
threshold=-0.027292232755695086 1.0207750706947707 74.760859293784605 0.017060213902704072 6.5110577046316935 0.012036836997396884 0.0040921133509183036
decision_type=2 2 2 2 2 2 2
left_child=6 2 3 -2 5 -3 -1
right_child=1 4 -4 -5 -6 -7 -8
leaf_value=0.034721310013890061 -0.032893826582265376 -0.0093132555897471082 0.013776090482223398 -0.008692119616001073 0.029053894914738965 0.01513356661625944 0.010860453955089904
leaf_weight=13.213264524936678 23.733464360237122 23.476680889725685 7.7397999316453925 48.942507728934288 7.7386830598115912 21.465431898832321 8.4851541817188245
leaf_count=53 95 94 31 196 31 86 34
internal_value=-0.000428614 -0.0054724 -0.0140154 -0.0174657 0.00732966 0.00219089 0.0277275
internal_weight=154.795 133.097 80.4158 72.676 52.6808 44.9421 21.6984
internal_count=620 533 322 291 211 180 87
is_linear=0
shrinkage=0.03


Tree=2
num_leaves=12
num_cat=0
split_feature=37 8 24 20 11 36 31 3 28 27 2
split_gain=16.3436 14.7958 10.402 12.3989 7.84876 4.88552 4.6531 5.32243 3.63899 3.58886 2.84588
threshold=0.015296862692526505 0.067479689815724747 -0.10788166441378681 0.03043690250360212 0.12464367781461151 0.0066665461986932864 -2.4999999999999996 0.035206076909714897 5.5000000000000009 2.5000000000000004 0.0086255481061038326
decision_type=2 2 2 2 2 2 2 2 2 2 2
left_child=2 6 3 -1 8 -5 -2 -8 -3 10 -4
right_child=1 4 9 5 -6 -7 7 -9 -10 -11 -12
leaf_value=-0.025944258167865986 0.0032742248926600284 0.029634235696717817 -0.0018888666349137656 -0.00036641332142783574 -0.013644220860450437 0.02687911607754009 -0.023904925769986821 0 0.0028397755582411743 0.033159279273828897 0.018996440004519569
leaf_weight=10.238665133714678 7.4916354715824118 10.226584017276769 7.7345047146081951 11.488644227385523 7.7415043562650672 8.224806070327757 44.714590042829514 10.736769899725912 10.230180263519285 14.465882793068884 11.474308401346205
leaf_count=41 30 41 31 46 31 33 179 43 41 58 46
internal_value=-0.000386858 -0.00855248 0.0109855 -0.00149072 0.0087469 0.0117389 -0.0165642 -0.0195262 0.0183489 0.0219644 0.0104945
internal_weight=154.768 91.1413 63.6268 29.9521 28.1983 19.7135 62.943 55.4514 20.4568 33.6747 19.2088
internal_count=620 365 255 120 113 79 252 222 82 135 77
is_linear=0
shrinkage=0.03


Tree=3
num_leaves=8
num_cat=0
split_feature=23 36 11 14 8 20 20
split_gain=12.247 13.2397 9.28496 7.53014 6.85569 7.68696 6.59167
threshold=1.018483623683305 0.0084297479004498983 -0.028883324856325106 63.340569966726328 -0.070848240988780078 0.036047779101143734 0.029475349845922257
decision_type=2 2 2 2 2 2 2
left_child=1 4 -2 6 -1 -6 -4
right_child=2 -3 3 -5 5 -7 -8
leaf_value=0.012777077446277776 -0.014523260360949511 0.024360129416085351 0.0011166151832216801 -0.0040086414174925694 -0.0061210464748085334 -0.026534224015818498 0.028619773772520351
leaf_weight=7.4908209890127173 9.7336620241403562 8.4638193249702436 12.473781481385229 12.725346863269804 49.19546015560627 26.97557407617569 27.672717839479446
leaf_count=30 39 34 50 51 197 108 111
internal_value=-0.000351562 -0.00734177 0.00961139 0.0146953 -0.0112179 -0.0140361 0.0208888
internal_weight=154.731 92.1257 62.6055 52.8718 83.6619 76.171 40.1465
internal_count=620 369 251 212 335 305 161
is_linear=0
shrinkage=0.03


Tree=4
num_leaves=8
num_cat=0
split_feature=13 3 36 27 3 1 9
split_gain=10.1919 10.2522 6.63559 6.47759 11.3677 5.27171 4.04044
threshold=4.5447296916329316 -0.083964777863503468 0.0078307047340858502 1.5000000000000002 0.016278647625262547 0.028074840737043586 -0.044191529260077765
decision_type=2 2 2 2 2 2 2
left_child=1 -1 5 4 -3 -2 -5
right_child=2 3 -4 6 -6 -7 -8
leaf_value=0.024975185905036869 -0.0068834840615708817 -0.029531593914046802 0.034365339718827832 -0.015224372363417917 3.4026851425328281e-05 0.016783182266799368 0.0023437731328908628
leaf_weight=7.4842279255390158 14.727580279111864 23.23095965385437 7.9555726498365393 12.737123072147368 19.953267604112625 14.460374042391775 54.144426092505455
leaf_count=30 59 93 32 51 80 58 217
internal_value=-0.000332028 -0.00477011 0.0128563 -0.0073362 -0.016142 0.00468493 -0.00112909
internal_weight=154.694 117.55 37.1435 110.066 43.1842 29.188 66.8815
internal_count=620 471 149 441 173 117 268
is_linear=0
shrinkage=0.03


Tree=5
num_leaves=11
num_cat=0
split_feature=34 23 35 19 21 36 21 19 15 5
split_gain=22.0435 20.4085 14.1299 13.7984 11.3782 6.71682 5.75236 4.03161 2.99334 0.468039
threshold=-0.027292232755695086 1.0207750706947707 0.019668957766631471 0.20103191812930002 0.028486962410902521 0.0048775667393845187 0.02112717525334264 0.16527235294118567 62.857358308330234 0.078540177196737573
decision_type=2 2 2 2 2 2 2 2 2 2
left_child=7 2 8 6 -4 -5 -3 -1 -2 -9
right_child=1 3 4 5 -6 -7 -8 9 -10 -11
leaf_value=0.0038450022785272739 -0.037305350586380008 0.0022723148162518037 0.0041562480165413069 0.012438067545945767 -0.025272390256210347 -0.016328687239311364 0.033764300015271642 0.039900388392472785 -0.010096388323328832 0.015026810169333301
leaf_weight=8.9626370370388049 22.241821378469471 9.4863702207803744 34.469539105892181 8.9710402488708514 15.239866882562636 18.715181916952133 15.196548178791998 8.181979686021803 8.4942422211170179 7.7027372866868964
leaf_count=36 89 38 138 36 61 75 61 33 34 31
internal_value=-0.00147352 -0.00648656 -0.0158823 0.00772381 -0.0052044 -0.00629225 0.0233007 0.0232506 -0.0313203 0.0317067
internal_weight=157.662 132.815 80.4455 52.3691 49.7094 27.6862 24.6829 24.8474 30.7361 15.8847
internal_count=632 532 322 210 199 111 99 100 123 64
is_linear=0
shrinkage=0.03


Tree=6
num_leaves=11
num_cat=0
split_feature=34 35 11 38 32 17 34 21 5 9
split_gain=21.0245 13.0758 11.3984 9.23579 6.12455 4.95816 4.24319 3.77658 2.6464 1.43447
threshold=-0.027292232755695086 0.012921829100281725 0.024173918729898051 0.0097630694905690169 0.0092781402909742922 -0.1744612246823721 0.011630323368040931 0.038351365262035107 0.014747128184450233 0.089736410991801144
decision_type=2 2 2 2 2 2 2 2 2 2
left_child=7 5 3 -3 -4 6 -2 8 -1 -7
right_child=1 2 4 -5 -6 9 -8 -9 -10 -11
leaf_value=0.021085587240212537 -0.017055934327503467 0.021384356924351831 -0.016100283752718672 -0.0051472897371201811 0.0090506670858299804 -0.038077384498285474 0.0063189585565295277 0.037527393619715126 -0.00034508032139067015 -0.013126456651902376
leaf_weight=7.699966415762904 15.738372266292574 27.172413259744644 33.944081723690033 17.479000315070152 9.2331598848104459 11.240880459547045 8.9877074062824232 8.8968620151281339 8.2074897289276105 8.9851612746715528
leaf_count=31 63 109 136 70 37 45 36 36 33 36
internal_value=-0.00141005 -0.00630625 0.000350967 0.0109015 -0.0102273 -0.0190937 -0.00816108 0.0227552 0.0103871 -0.0298467
internal_weight=157.585 132.781 87.8287 44.6514 43.1772 44.9521 24.7261 24.8043 15.9075 20.226
internal_count=632 532 352 179 173 180 99 100 64 81
is_linear=0
shrinkage=0.03


Tree=7
num_leaves=11
num_cat=0
split_feature=34 23 19 36 14 36 19 24 14 5
split_gain=20.034 19.1641 12.8836 6.20276 5.18185 7.17863 3.78007 3.12242 1.69804 0.468505
threshold=-0.027292232755695086 1.0207750706947707 0.20103191812930002 0.0048775667393845187 27.170914743062443 0.0072988205354130925 0.16527235294118567 0.09503342200969829 -0.23102539634271577 0.078540177196737573
decision_type=2 2 2 2 2 2 2 2 2 2
left_child=6 4 8 -4 5 -2 -1 -6 -3 -8
right_child=1 2 3 -5 7 -7 9 -9 -10 -11
leaf_value=0.0034740135265031685 -0.0049443289541171373 0.0065954208925328352 0.012068242539968438 -0.015564202565006542 -0.010429308788433735 -0.032755386250651004 0.038454775949837323 -0.040249104592802211 0.028349067921394685 0.014247637855881229
leaf_weight=8.9531688690185565 52.696673095226288 8.2256403863430041 8.9619264453649539 18.72839766740799 9.2407057136297244 8.7431120723485929 8.1209308356046659 9.7448464035987836 16.416972637176514 7.6795683503150931
leaf_count=36 211 33 36 75 37 35 33 39 66 31
internal_value=-0.00136609 -0.00614485 0.00762367 -0.00590528 -0.0152536 -0.0100463 0.0222459 -0.0288271 0.022691 0.0304547
internal_weight=157.512 132.758 52.3329 27.6903 80.4253 61.4398 24.7537 18.9856 24.6426 15.8005
internal_count=632 532 210 111 322 246 100 76 99 64
is_linear=0
shrinkage=0.03


Tree=8
num_leaves=11
num_cat=0
split_feature=37 23 38 24 39 40 11 32 23 27
split_gain=15.2501 10.5175 12.5967 8.82198 9.47504 9.64194 8.07762 7.13347 5.14374 4.25318
threshold=0.015296862692526505 1.018483623683305 0.0097280313798114859 0.35529409129547612 1.0000000180025095e-35 -0.013048150102230314 0.062360211295007358 0.010343155259657568 0.75754198619389779 2.5000000000000004
decision_type=2 2 2 2 2 2 2 2 2 2
left_child=3 7 9 4 -1 -6 -5 8 -2 -3
right_child=1 2 -4 6 5 -7 -8 -9 -10 -11
leaf_value=0.024700122634886097 -0.0012188691535236903 0.025521479235887313 -0.02013570844337878 0.036327124597085765 -0.022043621492994079 0.0065255594898185228 0.00057695980247586304 0.0021051445738868514 -0.029684913183365604 0
leaf_weight=9.6594419330358487 8.4951127171516401 12.690763682127001 12.225922182202337 13.642860665917398 16.713024124503136 21.922533795237541 10.415756821632383 10.232583925127981 30.704646497964859 10.704140111804007
leaf_count=39 34 51 49 55 67 88 42 41 123 43
internal_value=-0.00132041 -0.00990774 0.00213645 0.00856741 0.000628189 -0.00594048 0.0226575 -0.018624 -0.0242387 0.0150355
internal_weight=157.407 85.0532 35.6208 72.3536 48.295 38.6356 24.0586 49.4323 39.1998 23.3949
internal_count=632 341 143 291 194 155 97 198 157 94
is_linear=0
shrinkage=0.03


Tree=9
num_leaves=10
num_cat=0
split_feature=34 23 19 21 19 21 7 20 19
split_gain=18.6838 17.5698 12.0909 9.15759 10.1338 5.47599 4.0755 3.6563 3.61586
threshold=-0.027292232755695086 1.0207750706947707 0.20103191812930002 0.032346022040794224 0.20103191812930002 0.02112717525334264 -0.034449085665018815 0.042734841703208036 0.16527235294118567
decision_type=2 2 2 2 2 2 2 2 2
left_child=8 3 5 4 -2 -3 -5 -4 -1
right_child=1 2 7 6 -6 -7 -8 -9 -10
leaf_value=0.003227567628274483 -0.014228031905126715 0.0015581528344064438 0.0043864581956457498 -0.0087658522633901684 0.014257621556416264 0.032148169764979806 -0.042079318246582391 -0.0156709713980774 0.029624715808435211
leaf_weight=8.9436987191438693 48.433693066239357 9.472507983446123 13.445430994033815 7.740030542016032 12.235307365655897 15.114209800958632 11.976721227169035 14.228929728269575 15.724702298641203
leaf_count=36 194 38 54 31 49 61 48 57 64
internal_value=-0.00126301 -0.00587928 0.00730715 -0.0146035 -0.00797221 0.0219307 -0.0317041 -0.00578184 0.0215765
internal_weight=157.315 132.647 52.2611 80.3858 60.669 24.5867 19.7168 27.6744 24.6684
internal_count=632 532 210 322 243 99 79 111 100
is_linear=0
shrinkage=0.03


Tree=10
num_leaves=7
num_cat=0
split_feature=11 15 19 21 3 22
split_gain=9.3604 9.34468 6.58356 7.63473 5.93942 4.17133
threshold=0.14352371029833824 -96.323781548196777 0.18428314380338714 0.02837669540826792 -0.014428741457678971 0.29126033522421374
decision_type=2 2 2 2 2 2
left_child=1 -1 3 -3 -2 -4
right_child=4 2 5 -5 -6 -7
leaf_value=-0.022741396031512526 0.00064573283720608689 0.0033532108493768316 0.0074217365172809186 -0.022000152587776784 -0.030505336377037867 0.029281438511764138
leaf_weight=9.976162448525427 7.4520774930715588 64.217543378472328 38.528801709413528 10.70684541761875 11.972516581416128 10.163524180650709
leaf_count=40 30 258 155 43 48 41
internal_value=-0.000406658 0.00241232 0.00489145 -0.000552636 -0.0189097 0.0132556
internal_weight=153.017 133.593 123.617 74.9244 19.4246 48.6923
internal_count=615 537 497 301 78 196
is_linear=0
shrinkage=0.03


Tree=11
num_leaves=10
num_cat=0
split_feature=23 34 22 35 15 11 23 5 3
split_gain=19.7968 15.3347 11.7715 8.53114 14.6496 7.39128 7.42004 4.22669 0.532487
threshold=1.0237760007841508 -0.027292232755695086 -0.22592260238872938 0.012921829100281725 0.20791506398827861 -0.0043888044400552375 1.1613559361724546 0.053470276041545979 0.043541193761953652
decision_type=2 2 2 2 2 2 2 2 2
left_child=1 -1 8 7 -5 -4 -7 -3 -2
right_child=2 3 5 4 -6 6 -8 -9 -10
leaf_value=0.017714620994492322 0.036631147939384906 -0.040318609745761735 -0.013442658480795792 0.010827905367051575 -0.020107653976194573 0.026840749586815697 -0.0014736345452159483 -0.011005055056580032 0.013477125751872954
leaf_weight=13.568420082330702 11.921353504061701 12.95252673327923 14.181569263339041 21.726885959506035 30.195537328720093 12.859577640891077 16.42257022857666 11.715175926685331 7.4260320067405692
leaf_count=55 48 52 57 87 121 52 66 47 30
internal_value=-0.000402112 -0.00942373 0.0122072 -0.0147508 -0.00696304 0.00273121 0.0114025 -0.0288289 0.030542
internal_weight=152.97 90.1585 62.8111 76.5901 51.9224 43.4637 29.2821 24.6677 19.3474
internal_count=615 362 253 307 208 175 118 99 78
is_linear=0
shrinkage=0.03


Tree=12
num_leaves=11
num_cat=0
split_feature=23 22 9 37 9 38 23 17 14 4
split_gain=18.7966 11.2348 10.6328 8.76323 11.6392 7.5177 8.62733 6.99316 3.65735 1.43142
threshold=1.0237760007841508 -0.22592260238872938 0.036047459039792833 -0.0026153177754199004 0.048969277353970012 0.011337080836137091 0.91780235382270692 3.2964452301787124 65.28477284168612 0.076683657511464234
decision_type=2 2 2 2 2 2 2 2 2 2
left_child=2 9 5 -3 -5 6 -1 8 -4 -2
right_child=1 3 7 4 -6 -7 -8 -9 -10 -11
leaf_value=0.016761666802812141 0.037291904379481759 0.022834252785689225 -0.030421706159880688 -0.024197157981139118 0.010087400858596359 -0.018029740960181631 -0.013968566223447275 0.0042802719798451603 -0.0048549122519777168 0.011633838409807555
leaf_weight=25.681801468133926 11.631171151995661 11.860993996262549 26.598127573728561 14.192167520523073 17.387950763106346 11.930241003632544 9.456987649202345 7.4489150792360297 8.9677930623292905 7.6763873994350424
leaf_count=103 47 48 107 57 70 48 38 30 36 31
internal_value=-0.000379958 0.0119104 -0.00917653 0.00264683 -0.00539696 0.000464586 0.00778042 -0.0196115 -0.0249761 0.0298441
internal_weight=152.833 62.7487 90.0839 43.4411 31.5801 47.069 35.1388 43.0148 35.5659 19.3076
internal_count=615 253 362 175 127 189 141 173 143 78
is_linear=0
shrinkage=0.03


Tree=13
num_leaves=10
num_cat=0
split_feature=23 34 9 38 5 16 9 40 16
split_gain=17.8766 14.6248 6.88743 7.19494 6.53737 5.29127 6.96525 6.19182 2.36776
threshold=1.0237760007841508 -0.027292232755695086 0.034697708251913123 0.011337080836137091 0.18725298845348418 11.313630061887707 0.050798158364761037 0.024527089099423697 5.1611707561870883
decision_type=2 2 2 2 2 2 2 2 2
left_child=1 -1 3 -3 -4 6 7 -2 -8
right_child=5 2 4 -5 -6 -7 8 -9 -10
leaf_value=0.017552252601849359 0.016241350730457155 0.0025872886813522165 -0.030116061670131613 -0.024489841137461492 0 -0.0049839409123573512 0.015326765394391723 -0.0098390505747426946 0.041950358175125865
leaf_weight=13.560840010643004 16.567590072751049 29.930305272340775 27.654264256358147 9.9575911909341794 8.9623899161815626 11.681263312697409 14.57280144095421 12.205016151070593 7.6500268727540961
leaf_count=55 67 120 111 40 36 47 59 49 31
internal_value=-0.0003583 -0.00893806 -0.0141522 -0.00466069 -0.0233264 0.0116339 0.0157679 0.00477044 0.027818
internal_weight=152.742 90.0654 76.5046 39.8879 36.6167 62.6767 50.9954 28.7726 22.2228
internal_count=615 362 307 160 147 253 206 116 90
is_linear=0
shrinkage=0.03


Tree=14
num_leaves=10
num_cat=0
split_feature=23 34 22 35 11 11 23 5 4
split_gain=16.9637 13.8803 10.6896 8.02771 11.9812 6.51752 7.01183 4.06679 1.41981
threshold=1.0237760007841508 -0.027292232755695086 -0.22592260238872938 0.012921829100281725 0.0049201619563392649 -0.0043888044400552375 1.1613559361724546 0.053470276041545979 0.076683657511464234
decision_type=2 2 2 2 2 2 2 2 2
left_child=1 -1 8 7 -5 -4 -7 -3 -2
right_child=2 3 5 4 -6 6 -8 -9 -10
leaf_value=0.017122309549663515 0.036220642727988715 -0.038682871863167066 -0.012826779499270559 0.011200860785043298 -0.017212562336910233 0.025597469832579173 -0.0019338818693317502 -0.010120274362271801 0.011016913756821577
leaf_weight=13.53492660820484 11.573813989758493 12.886415153741838 14.182101830840109 19.473223358392715 32.402107745409012 12.788719519972803 16.404130488634109 11.693052232265471 7.6553159952163687
leaf_count=55 47 52 57 78 130 52 66 47 31
internal_value=-0.00033404 -0.00869731 0.0113526 -0.0137794 -0.00624831 0.00232283 0.010514 -0.0274432 0.0288766
internal_weight=152.594 89.9897 62.6041 76.4548 51.8753 43.375 29.1929 24.5795 19.2291
internal_count=615 362 253 307 208 175 118 99 78
is_linear=0
shrinkage=0.03


Tree=15
num_leaves=10
num_cat=0
split_feature=36 38 28 37 13 35 38 32 38
split_gain=12.6093 16.9405 9.98461 7.51371 6.06799 3.91871 3.78447 3.73134 0.693753
threshold=0.0077487257593944897 0.011534206259413949 3.5000000000000004 0.016286650709835485 -4.4598656375310446 -0.012286424978227016 0.0077313708317314931 0.013659335915924832 0.015812392251553276
decision_type=2 2 2 2 2 2 2 2 2
left_child=1 2 5 -4 -3 -1 -2 -6 -8
right_child=6 4 3 -5 7 -7 8 -9 -10
leaf_value=0 0 2.8932426882613744e-05 0.0082070797883436429 -0.011850467394591004 -0.034520041084152554 0.02454388293258581 0.012868168693039602 -0.0056897308123579921 0.033194306656313066
leaf_weight=9.6472277790308016 7.4621613472700146 7.7069342434406272 24.59944874048233 42.029270827770233 20.117224976420406 17.331520244479179 11.827802643179895 7.695720672607421 7.2785502374172202
leaf_count=39 30 31 99 169 81 70 48 31 30
internal_value=-0.000726131 -0.00474192 0.00189919 -0.00420325 -0.0218117 0.0167378 0.0172318 -0.0279628 0.0237338
internal_weight=155.696 129.127 93.6075 66.6287 35.5199 26.9787 26.5685 27.8129 19.1064
internal_count=628 520 377 268 143 109 108 112 78
is_linear=0
shrinkage=0.03


Tree=16
num_leaves=9
num_cat=0
split_feature=36 38 28 37 37 21 38 23
split_gain=11.9996 16.0627 9.45762 7.09895 5.48379 3.71624 3.6295 1.53168
threshold=0.0077487257593944897 0.011534206259413949 3.5000000000000004 0.016286650709835485 0.0010123380081212832 0.018288975238064737 0.0077313708317314931 0.85959152474951395
decision_type=2 2 2 2 2 2 2 2
left_child=1 2 5 -4 -3 -1 -2 -8
right_child=6 4 3 -5 -6 -7 7 -9
leaf_value=-9.6405904012645384e-06 0 -0.0044800683140031588 0.0079816177182802147 -0.011510888383765482 -0.030351554817795598 0.022667910160558667 0.0067485191208352668 0.029951127406662281
leaf_weight=7.455227896571162 7.4621613472700146 14.147820115089415 24.592103227972984 42.030069679021835 21.356168583035469 19.500805556774139 7.3304930031299618 11.728116542100905
leaf_count=30 30 57 99 169 86 79 30 48
internal_value=-0.000685492 -0.00460421 0.00185931 -0.00407415 -0.0212308 0.0163105 0.0168472 0.0232275
internal_weight=155.603 129.082 93.5782 66.6222 35.504 26.956 26.5208 19.0586
internal_count=628 520 377 268 143 109 108 78
is_linear=0
shrinkage=0.03


Tree=17
num_leaves=8
num_cat=0
split_feature=34 38 11 12 13 36 12
split_gain=14.1548 9.4711 11.5926 7.57277 5.17795 4.00571 2.66637
threshold=-0.027292232755695086 0.011173477594160141 0.15187005696480163 34.642625678471845 -4.5599664733875676 0.0051419596736966243 59.407627444174203
decision_type=2 2 2 2 2 2 2
left_child=6 2 3 -2 -3 -6 -1
right_child=1 4 -4 -5 5 -7 -8
leaf_value=0.027121710936224962 -0.014339347321446962 0.0033827797478561297 -0.026294474293216262 0.0091736178843774153 -0.032624195845546142 -0.0094729266084906671 0.0024439850132462848
leaf_weight=14.816548377275469 12.706171870231627 8.2055111825466138 10.179514423012732 67.766712248325348 14.369332447648047 19.869877710938454 7.5671024024486533
leaf_count=61 51 33 41 273 58 80 31
internal_value=-0.000656127 -0.00453602 0.000851379 0.00502148 -0.0159003 -0.0208671 0.020279
internal_weight=155.481 133.097 90.6524 80.4729 42.4447 34.2392 22.3837
internal_count=628 536 365 324 171 138 92
is_linear=0
shrinkage=0.03


Tree=18
num_leaves=8
num_cat=0
split_feature=36 28 23 10 23 5 28
split_gain=11.0905 13.2641 6.09799 5.40697 4.44557 3.30982 2.53558
threshold=0.0077487257593944897 3.5000000000000004 1.4415101977998923 -0.060956471213867595 1.018483623683305 0.032969503810367236 7.5000000000000009
decision_type=2 2 2 2 2 2 2
left_child=1 4 3 -3 5 -1 -2
right_child=6 2 -4 -5 -6 -7 -8
leaf_value=-0.0088462498657872896 0.0039476125597486065 0.0075048226536352089 0.0095120018496501566 -0.015301647032662069 0.025000820493680891 0.012765794713491896 0.024546619793219513
leaf_weight=10.13324871659279 12.583694845438005 8.4605136513710004 10.386963307857512 77.468420222401619 11.526018038392065 10.941361159086226 13.841512948274611
leaf_count=41 51 34 42 312 47 44 57
internal_value=-0.00064959 -0.00441987 -0.0100662 -0.0127659 0.0114459 0.00185802 0.016233
internal_weight=155.342 128.917 96.3159 85.9289 32.6006 21.0746 26.4252
internal_count=628 520 388 346 132 85 108
is_linear=0
shrinkage=0.03


Tree=19
num_leaves=8
num_cat=0
split_feature=34 11 5 11 3 6 12
split_gain=12.9903 7.98987 9.77127 7.46208 4.71476 2.6079 2.57982
threshold=-0.027292232755695086 0.14581563645833442 0.11433980810448575 0.018010422676988717 0.099083322306107405 -0.0067928237896630571 59.407627444174203
decision_type=2 2 2 2 2 2 2
left_child=6 2 3 -2 -4 -3 -1
right_child=1 5 4 -5 -6 -7 -8
leaf_value=0.026252731375825487 -3.661668062506609e-05 -0.0034693747195530321 0.020789687966537646 -0.019326319177497671 -0.0039299582221986092 -0.028915311599183244 0.00205524022976409
leaf_weight=14.715570792555811 59.99709515273571 7.6738048642873791 20.397688150405887 24.835233703255653 7.9168523102998725 12.143888354301451 7.5462807714939109
leaf_count=61 242 31 82 100 32 49 31
internal_value=-0.000593513 -0.0043105 -0.0009486 -0.00617162 0.0135799 -0.0209709 0.0195141
internal_weight=155.226 132.965 113.147 84.8323 28.3145 19.8177 22.2619
internal_count=628 536 456 342 114 80 92
is_linear=0
shrinkage=0.03


Tree=20
num_leaves=7
num_cat=0
split_feature=20 9 11 12 21 9
split_gain=9.59367 12.0545 12.8823 11.01 5.86898 3.88798
threshold=0.025825884412968687 0.27586839990600392 -0.066795098359600111 48.428066591004516 0.028280767913376959 -0.0019521891087709586
decision_type=2 2 2 2 2 2
left_child=3 2 -2 -1 -4 -5
right_child=1 -3 4 5 -6 -7
leaf_value=-0.032519381136185556 -0.017903450565265121 -0.024389732903107912 0.017646089297895667 0.015499743282632114 0.0027576018013435316 -0.009551574749842355
leaf_weight=13.432290568947794 13.885130256414412 9.9307169914245588 53.800807863473892 7.9461278915405318 47.890810415148735 10.395768389105793
leaf_count=54 56 40 218 32 195 42
internal_value=0.00031877 0.0041712 0.00712595 -0.0138 0.0109676 0.00102072
internal_weight=157.282 125.507 115.577 31.7742 101.692 18.3419
internal_count=637 509 469 128 413 74
is_linear=0
shrinkage=0.03


Tree=21
num_leaves=9
num_cat=0
split_feature=36 38 37 36 2 36 11 21
split_gain=10.0398 9.49032 9.16539 14.9301 4.98884 4.35301 4.03326 3.45507
threshold=0.0084297479004498983 0.011534206259413949 0.016014406228071158 0.0058446579029881639 -0.038819460950946898 0.0060038208782324251 0.12595854381163199 0.0233975389895766
decision_type=2 2 2 2 2 2 2 2
left_child=1 2 5 -4 -3 -1 -6 -2
right_child=7 4 3 -5 6 -7 -8 -9
leaf_value=0.0021180313184563054 0.0027990049453370481 0.0031202773766660623 0.0052796156592107533 -0.023823343407603802 -0.028721841183781235 0.022586595564922166 -0.0018041460457309444 0.033198465075741701
leaf_weight=20.254382520914078 7.3484839349985114 8.1782310754060727 44.350017502903938 21.86154106259346 18.308038175106052 19.895046010613441 8.6756067723035795 8.3061166703701002
leaf_count=82 30 33 179 88 74 81 35 35
internal_value=0.000285509 -0.00224959 0.00214947 -0.00452638 -0.0153594 0.0132071 -0.0213067 0.0217118
internal_weight=157.177 141.523 106.361 66.2116 35.1619 40.1494 26.9836 15.6546
internal_count=637 572 430 267 142 163 109 65
is_linear=0
shrinkage=0.03


Tree=22
num_leaves=7
num_cat=0
split_feature=34 3 34 12 28 36
split_gain=13.7898 9.11791 10.3537 10.9185 7.70915 4.31057
threshold=-0.027292232755695086 -0.078033186099546667 0.011892047158507559 40.653729698731688 2.5000000000000004 0.0074965196328877605
decision_type=2 2 2 2 2 2
left_child=5 -2 4 -4 -3 -1
right_child=1 2 3 -5 -6 -7
leaf_value=0 0.024680424022838467 0.0080599421207894571 -0.016933528103322781 0.010845254114026971 -0.018268934976177389 0.027409380726095091
leaf_weight=7.5445807427167919 7.4415545910596839 10.066377282142637 15.413705348968504 44.075132414698601 55.047765821218491 17.440856978297234
leaf_count=31 30 41 62 178 222 73
internal_value=0.000288588 -0.0035593 -0.00572756 0.00308708 -0.0138562 0.0199366
internal_weight=157.03 132.045 124.603 59.4888 65.1141 24.9854
internal_count=637 533 503 240 263 104
is_linear=0
shrinkage=0.03


Tree=23
num_leaves=8
num_cat=0
split_feature=34 34 36 34 28 13 36
split_gain=13.0829 8.40945 9.00879 9.19937 6.28208 6.63043 4.11253
threshold=-0.027292232755695086 0.011892047158507559 0.0043653729591138397 0.043141628135469186 2.5000000000000004 4.8874683772173571 0.0074965196328877605
decision_type=2 2 2 2 2 2 2
left_child=6 4 -3 -4 -2 -6 -1
right_child=1 2 3 -5 5 -7 -8
leaf_value=0 0.0089550757660280655 -0.014763767570156206 0.016646434623535485 -0.015591070207608401 -0.018935889338001912 0.0052956779424779502 0.026806979505913143
leaf_weight=7.5445807427167919 10.31313945353031 14.361504450440405 40.14008517563343 7.6892953366041175 48.828075811266899 10.643634557723997 17.344212263822556
leaf_count=31 42 58 162 31 197 43 73
internal_value=0.000297753 -0.00344387 0.0043442 0.010745 -0.0105211 -0.014324 0.0194764
internal_weight=156.865 131.976 62.1909 47.8294 69.7848 59.4717 24.8888
internal_count=637 533 251 193 282 240 104
is_linear=0
shrinkage=0.03


Tree=24
num_leaves=10
num_cat=0
split_feature=34 23 34 11 23 35 25 23 28
split_gain=12.4309 7.93105 7.91446 7.79826 6.69966 5.15278 4.66059 4.14131 3.30764
threshold=-0.027292232755695086 1.0481737426213074 0.012036836997396884 0.029497458071683472 0.77429261316834264 -0.023040564360045864 0.055918467828436472 0.60833437202750262 7.5000000000000009
decision_type=2 2 2 2 2 2 2 2 2
left_child=5 4 3 -3 7 -1 -6 -2 -4
right_child=1 2 8 -5 6 -7 -8 -9 -10
leaf_value=0.028023654810364746 -0.010854930836834279 0.0089096003306523043 0.028259595354801652 -0.021452005087173008 0.0018492361037802879 0 -0.018345582082621097 0.011937346762075628 0.0020911162949813129
leaf_weight=16.258307680487636 9.1822160333395022 14.998156309127809 12.255501911044123 11.461790755391119 10.898999750614164 8.5305830836296064 47.553595706820488 16.898343220353127 8.6592856943607313
leaf_count=69 37 61 50 46 44 35 192 68 35
internal_value=0.000293485 -0.00334718 0.00613287 -0.00429852 -0.00885236 0.0190299 -0.0143953 0.00317707 0.0192079
internal_weight=156.697 131.908 47.3747 26.4599 84.5332 24.7889 58.4526 26.0806 20.9148
internal_count=637 533 192 107 341 104 236 105 85
is_linear=0
shrinkage=0.03


Tree=25
num_leaves=11
num_cat=0
split_feature=37 21 34 34 23 15 11 36 21 14
split_gain=13.2596 9.85029 8.9774 12.7319 9.54938 8.03774 7.72845 13.8455 7.2748 4.77567
threshold=0.0080132083324527831 0.020649721762886462 0.011892047158507559 0.034830690815106487 0.88190413442029914 -6.8865407762351021 0.055446771905501853 0.0060038208782324251 0.021491511393977977 87.070422529615271
decision_type=2 2 2 2 2 2 2 2 2 2
left_child=1 5 8 4 -4 -1 -3 -8 -2 -10
right_child=2 6 3 -5 -6 -7 7 -9 9 -11
leaf_value=0.01179959578233925 0.0049591673424557049 0.034897330566383382 -0.008696688784833536 -0.020090100323626778 0.023957809477800646 -0.0254645370466547 -0.01966308969446473 0.024444277920601751 -0.024307845410614811 0
leaf_weight=8.9897123724222201 13.113450586795805 17.51064558327198 9.6822053045034391 11.392282038927076 23.705280497670174 7.6358313560485831 8.4163369983434695 14.249236509203909 32.005712866783142 9.1647219061851484
leaf_count=37 53 72 39 46 96 31 34 59 130 37
internal_value=0.00150092 0.0128832 -0.00500291 0.00460014 0.014108 -0.00540644 0.0207049 0.00719154 -0.0130731 -0.0191278
internal_weight=155.865 56.8018 99.0637 44.7798 33.3875 16.6255 40.1762 22.6656 54.2839 41.1704
internal_count=634 233 401 181 135 68 165 93 220 167
is_linear=0
shrinkage=0.03


Tree=26
num_leaves=8
num_cat=0
split_feature=9 20 38 35 16 18 24
split_gain=7.75461 7.63182 11.8797 11.3883 5.22029 4.43941 4.05932
threshold=0.28530454284233259 0.024927129814787317 0.0092944620908021382 -0.0037483113032670819 -2.9232183009676191 0.32841221825643568 -1.0000000180025095e-35
decision_type=2 2 2 2 2 2 2
left_child=1 5 4 -4 -3 -1 -7
right_child=-2 2 3 -5 -6 6 -8
leaf_value=-0.025086704781477284 -0.023776157472940776 0.0023799011423380118 0.018270640717788167 -0.0085883342249507954 0.023814353864524695 -0.014587764840779015 0.011426142267985984
leaf_weight=9.3880518823862094 8.144904896616934 17.263433545827866 17.167935743927956 52.084005534648895 34.00238798558712 8.1542746871709859 9.4344107508659327
leaf_count=38 33 70 72 211 139 33 38
internal_value=0.00145627 0.00324943 0.0065618 -0.00139338 0.0172384 -0.0104624 -0.000126449
internal_weight=155.639 147.495 120.518 69.2519 51.2658 26.9767 17.5887
internal_count=634 601 492 283 209 109 71
is_linear=0
shrinkage=0.03


Tree=27
num_leaves=10
num_cat=0
split_feature=37 21 9 11 11 35 11 11 35
split_gain=12.4432 9.33494 8.61003 12.362 7.35007 8.86209 6.8744 5.49724 4.57872
threshold=0.0080132083324527831 0.020649721762886462 -0.042419367495594988 0.14943677176793693 0.055446771905501853 -0.0028213129801106236 0.073245603191039246 -0.034410937070644292 0.020171655102346645
decision_type=2 2 2 2 2 2 2 2 2
left_child=1 7 8 6 -3 -6 -4 -1 -2
right_child=2 4 3 -5 5 -7 -8 -9 -10
leaf_value=0.0088368155588587679 -0.034973659907512854 0.033978238131869266 -0.00064206426058560043 -0.025003253759329356 0.022736068492147533 -0.0117898071980558 0.020083833657106167 -0.021899644258517922 -0.0039615034780661708
leaf_weight=8.9576849639415759 9.5267827510833758 17.413990259170532 49.039660036563873 13.009153008460997 12.419165506958963 10.161297768354414 17.612794697284698 7.6347204446792594 9.7061325162649137
leaf_count=37 39 72 199 53 52 41 71 31 39
internal_value=0.00140516 0.0124592 -0.00489279 -0.000173255 0.0201005 0.00689392 0.00504176 -0.00533368 -0.0218768
internal_weight=155.481 56.5869 98.8945 79.6616 39.9945 22.5805 66.6525 16.5924 19.2329
internal_count=634 233 401 323 165 93 270 68 78
is_linear=0
shrinkage=0.03


Tree=28
num_leaves=11
num_cat=0
split_feature=37 21 20 11 12 11 34 14 28 34
split_gain=11.827 8.88288 8.50863 6.99751 6.47932 5.24163 4.09195 3.74791 4.39688 3.58174
threshold=0.0080132083324527831 0.020649721762886462 0.036937642277879427 0.055446771905501853 44.509197002458464 -0.034410937070644292 -0.024327224501891617 87.070422529615271 8.5000000000000018 0.011892047158507559
decision_type=2 2 2 2 2 2 2 2 2 2
left_child=1 5 4 -3 -2 -1 -5 8 -4 -6
right_child=2 3 7 6 9 -7 -8 -9 -10 -11
leaf_value=0.0086260711186769961 -0.014971401211333163 0.033196099680132318 -0.028015167520347283 0.021213268318834754 -0.00032204403153281093 -0.021380614108244093 -0.0025479525217872749 0 -0.0031816031858730447 0.01582699791939441
leaf_weight=8.9502113759517687 11.873094528913496 17.337824121117592 19.307526677846912 8.404161214828493 20.474476918578148 7.6340151578187934 14.136395722627638 11.601317182183264 12.114343643188475 23.445057407021523
leaf_count=37 48 72 79 36 83 31 57 47 49 95
internal_value=0.00135146 0.0121447 -0.00478548 0.0196171 0.00273013 -0.00519386 0.00670692 -0.0145532 -0.019653 0.00828582
internal_weight=155.278 56.4626 98.8158 39.8784 55.7926 16.5842 22.5406 43.0232 31.4219 43.9195
internal_count=634 233 401 165 226 68 93 175 128 178
is_linear=0
shrinkage=0.03


Tree=29
num_leaves=12
num_cat=0
split_feature=37 34 34 15 40 20 20 20 19 19 13
split_gain=11.2437 8.08014 11.7099 7.35757 7.09419 8.09882 5.81081 7.45605 5.65956 4.40468 3.40614
threshold=0.0080132083324527831 0.011892047158507559 0.034830690815106487 -2.0713646128326766 -0.032516852242907616 0.026862144160956645 0.032518889993691548 0.028452135557735816 0.22873887782626809 0.21531191631125288 3.8716166893153106
decision_type=2 2 2 2 2 2 2 2 2 2 2
left_child=4 6 3 -3 8 -6 7 -2 -1 -7 -8
right_child=1 2 -4 -5 5 9 10 -9 -10 -11 -12
leaf_value=-0.013219836763237356 -0.014680702165227349 -0.0095819292843298664 -0.019263803112050466 0.020978982036363704 -0.0051613598308872105 0.034602843635823159 -0.024409173118860806 0.019389688776088675 0.014977247230736302 0.0042069218659192822 -0.00072979773806847365
leaf_weight=13.111274778842928 10.643801748752596 7.428440809249877 11.34641847014427 25.858760192990303 7.360365465283393 19.205158442258838 26.265784651041031 8.6037354767322523 9.0072908699512464 7.6438881009817115 8.5892161279916746
leaf_count=54 43 30 46 105 30 80 107 35 38 31 35
internal_value=0.00130788 -0.00467247 0.00443892 0.0135773 0.0118487 0.0200505 -0.0123468 0.000234533 -0.000825491 0.0273607 -0.0193372
internal_weight=155.064 98.7362 44.6336 33.2872 56.328 34.2094 54.1025 19.2475 22.1186 26.849 34.855
internal_count=634 401 181 135 233 141 220 78 92 111 142
is_linear=0
shrinkage=0.03


Tree=30
num_leaves=9
num_cat=0
split_feature=37 23 11 5 38 26 26 38
split_gain=11.4987 7.56533 7.1917 7.58294 6.71917 5.89213 7.42142 2.52518
threshold=0.010506139289359508 1.0237760007841508 0.14943677176793693 0.21960125124997912 0.011893914108706398 0.14895238095238097 0.36425240113139407 0.010753067047243599
decision_type=2 2 2 2 2 2 2 2
left_child=1 5 3 4 -2 -1 -7 -3
right_child=2 7 -4 -5 -6 6 -8 -9
leaf_value=0.018354063258660448 -0.0031282069984718934 0.0082061575210027153 -0.026256628748392692 0.017154653356180254 -0.030070806456629528 -0.020497483123182038 0.011937400144793397 0.033075416915109172
leaf_weight=9.3658519238233584 64.332885205745697 10.468419581651689 12.970376685261725 11.612639144062994 8.072380065917967 13.925585836172106 8.2661744654178602 10.73584398627281
leaf_count=39 261 44 53 47 33 57 34 45
internal_value=-0.000735758 0.0101948 -0.0069194 -0.00321872 -0.00706116 0.000140849 -0.00780774 0.0232096
internal_weight=149.75 52.7619 96.9883 84.0179 72.4053 31.5576 22.1918 21.2043
internal_count=613 219 394 341 294 130 91 89
is_linear=0
shrinkage=0.03


Tree=31
num_leaves=9
num_cat=0
split_feature=23 5 36 14 9 14 8 40
split_gain=9.64638 8.43378 8.03864 7.47218 5.93834 7.53327 5.75592 5.17172
threshold=1.0207750706947707 -0.089907087218941514 0.0081961827265376753 23.460969026821548 0.25585529211950325 -4.0010178230352542 0.035861178442753772 0.0061994256945701052
decision_type=2 2 2 2 2 2 2 2
left_child=1 -1 3 -3 5 7 -7 -2
right_child=4 2 -4 -5 -6 6 -8 -9
leaf_value=0.015342221306385356 0.010683487290308913 -0.0063939275899864891 0.012456872286340471 -0.027955544668530782 -0.013658083929780306 0.0315951781013388 0.0069381674225477983 -0.020211810978612302
leaf_weight=10.787922024726866 7.2623660266399366 45.098793342709541 9.5002361536025983 22.77720932662487 7.4251041114330283 16.191850930452347 22.692343786358833 7.8370692729949951
leaf_count=44 30 183 40 93 30 67 94 32
internal_value=-0.000705005 -0.00709101 -0.0107154 -0.0144371 0.00816126 0.011811 0.0186159 -0.00496336
internal_weight=149.573 88.1642 77.3762 67.876 61.4087 53.9836 38.8842 15.0994
internal_count=613 360 316 276 253 223 161 62
is_linear=0
shrinkage=0.03


Tree=32
num_leaves=9
num_cat=0
split_feature=23 11 9 36 9 35 21 36
split_gain=9.1074 7.15821 9.00924 6.85851 8.06596 7.72042 5.53399 3.79166
threshold=1.0207750706947707 -0.025823527779428198 0.25585529211950325 0.0081961827265376753 0.036047459039792833 0.038871246003781897 0.023892439750354797 0.00581070434520511
decision_type=2 2 2 2 2 2 2 2
left_child=3 -2 7 4 5 -1 -6 -3
right_child=1 2 -4 -5 6 -7 -8 -9
leaf_value=-0.011533854011540499 -0.0099379387563677691 0.030718410827493159 -0.013337802544599334 0.013918876817742456 0 0.013107445557240771 -0.026496054746806889 0.0097561930616372854
leaf_weight=24.743240535259247 13.205096140503882 15.126535028219221 7.4233525097370139 10.142619520425795 8.3963382542133314 17.8771942704916 26.922814145684242 25.5334103256464
leaf_count=101 54 63 30 43 34 72 110 106
internal_value=-0.000675239 0.00794659 0.0133584 -0.00688414 -0.0100595 -0.00073763 -0.020264 0.0189808
internal_weight=149.371 61.2884 48.0833 88.0822 77.9396 42.6204 35.3192 40.6599
internal_count=613 253 199 360 317 173 144 169
is_linear=0
shrinkage=0.03


Tree=33
num_leaves=8
num_cat=0
split_feature=37 11 5 35 21 1 11
split_gain=10.5444 6.36537 7.26592 6.88872 6.01621 5.80868 3.54362
threshold=0.010506139289359508 0.14943677176793693 0.21960125124997912 0.013664237333582132 0.020823730040931448 0.044916732951635681 0.12087760532073168
decision_type=2 2 2 2 2 2 2
left_child=4 2 3 -2 -1 6 -6
right_child=1 -3 -4 -5 5 -7 -8
leaf_value=-0.0062493028126176225 -0.019929498257971089 -0.024871285537306678 0.016867134514001778 -0.00015132303031403389 0.026453974998416299 -0.0051369929513004784 0.00066183082662500507
leaf_weight=13.1701193600893 22.403757885098457 12.848871439695357 11.582895338535307 49.799706250429153 24.086038097739223 7.7649744749069205 7.4924337714910498
leaf_count=54 92 53 47 202 101 33 31
internal_value=-0.000648385 -0.00658385 -0.0030901 -0.00686212 0.00983969 0.01563 0.0211851
internal_weight=149.149 96.6352 83.7864 72.2035 52.5136 39.3434 31.5785
internal_count=613 394 341 294 219 165 132
is_linear=0
shrinkage=0.03


Tree=34
num_leaves=11
num_cat=0
split_feature=37 23 40 31 2 17 21 35 33 35
split_gain=9.97435 6.74562 5.51043 4.7362 6.35723 5.89017 3.69829 2.59384 1.94874 1.196
threshold=0.010506139289359508 1.0237760007841508 -0.031625976312049657 -2.4999999999999996 -0.0015247542649839405 -0.41183693782518505 0.022262902701694186 -0.0028213129801106236 0.38934966511176766 -0.0047477430073212803
decision_type=2 2 2 2 2 2 2 2 2 2
left_child=1 2 7 -2 6 -6 -5 -1 -4 -3
right_child=3 9 8 4 5 -7 -8 -9 -10 -11
leaf_value=0.00015332444829896103 0.01275242170989388 0.0086531793762581102 0.020859837884548437 -0.00104246837334802 0.016193916525825646 -0.0069987870501168241 -0.026111601583497953 -0.021431881024965838 0 0.02895855821863564
leaf_weight=7.2244064211845389 8.1412318795919401 9.5294527560472506 8.0767049044370669 8.8314805328845996 10.036580339074133 49.03020741045475 20.51400388777256 8.1516297310590762 8.0043117403984052 11.437307879328726
leaf_count=31 33 41 33 36 41 200 84 33 33 48
internal_value=-0.00063741 0.00957005 5.81978e-05 -0.0064135 -0.00858731 -0.00241097 -0.0195935 -0.0115765 0.0120624 0.02194
internal_weight=148.977 52.4238 31.4571 96.5535 88.4123 59.0668 29.3455 15.376 16.081 20.9668
internal_count=613 219 130 394 361 241 120 64 66 89
is_linear=0
shrinkage=0.03


Tree=35
num_leaves=7
num_cat=0
split_feature=11 15 13 20 35 0
split_gain=8.74761 7.20961 6.13974 6.07854 5.00073 4.36432
threshold=0.14581563645833442 -23.652947549794579 0.73469235452704151 0.029475349845922257 0.060796940402693463 0.0026803993367626737
decision_type=2 2 2 2 2 2
left_child=1 -1 3 -3 -4 -2
right_child=5 2 4 -5 -6 -7
leaf_value=-0.017678845436209008 -0.00036316649392507505 -0.011123706672218417 0.016412651608146579 0.0067902615100030473 -0.0072572500812896215 -0.028150731187686136
leaf_weight=10.883706927299498 10.379765599966051 26.543224781751633 48.656635642051697 40.135095790028572 7.4051529467105857 10.847531065344809
leaf_count=45 43 108 202 165 30 45
internal_value=0.000496163 0.00349487 0.00574599 -0.000238767 0.0128855 -0.0164101
internal_weight=154.851 133.624 122.74 66.6783 56.0618 21.2273
internal_count=638 550 505 273 232 88
is_linear=0
shrinkage=0.03


Tree=36
num_leaves=10
num_cat=0
split_feature=34 23 21 36 19 19 19 21 5
split_gain=8.0855 10.1532 8.41926 11.1418 8.6443 5.89869 4.19044 3.72538 3.66371
threshold=-0.027292232755695086 1.018483623683305 0.030616503456881178 0.0061338556193196369 0.20103191812930002 0.20103191812930002 0.27579331836428828 0.021491511393977977 0.087338810786638424
decision_type=2 2 2 2 2 2 2 2 2
left_child=8 2 4 -4 -2 7 -7 -3 -1
right_child=1 5 3 -5 -6 6 -8 -9 -10
leaf_value=0.024655395781301829 -0.0088137274162750686 0.00081056717154001363 -0.037490582168123142 0.0030964001946565396 0.017348881017424069 -0.011817832176310435 0.0098427521083549983 0.026747658146626982 0
leaf_weight=14.220637515187265 44.58632880449295 9.1033048778772372 15.000988930463793 8.036821633577345 12.880046546459196 14.92123018205166 13.012473493814467 14.476204231381415 8.4585556834936124
leaf_count=62 181 37 62 33 52 61 53 61 36
internal_value=0.000454382 -0.0023598 -0.00901465 -0.0236162 -0.00231134 0.00770822 -0.00124302 0.0181669 0.0163074
internal_weight=154.697 132.017 80.5042 23.0378 57.4664 51.5132 27.9337 23.5795 22.6792
internal_count=638 540 328 95 233 212 114 98 98
is_linear=0
shrinkage=0.03


Tree=37
num_leaves=11
num_cat=0
split_feature=34 21 36 12 36 9 38 38 5 34
split_gain=7.68128 5.93161 11.2107 8.66499 7.31054 7.75304 7.21969 4.87989 3.50501 0.0453356
threshold=-0.027292232755695086 0.028984953934504863 0.0061225238944103482 57.876264678181705 0.00581070434520511 0.12379445156473515 0.0067703780903215572 0.0095620016689586685 0.087338810786638424 -0.042957629938340285
decision_type=2 2 2 2 2 2 2 2 2 2
left_child=8 4 7 -4 5 -2 -6 -3 9 -1
right_child=1 2 3 -5 6 -7 -8 -9 -10 -11
leaf_value=0.030559621774939625 0.01542489629473514 -0.0046590005284341549 0.027860943079063869 -0.0080440426875987084 0.012602018650246842 -0.010680821833773391 -0.016862575366319323 -0.033308975402948277 0 0.01113063854230416
leaf_weight=6.886391207575798 40.786986261606216 10.777737557888033 7.3098138570785549 14.672986686229704 8.3563297539949435 11.191972628235815 23.397456660866737 15.338019818067549 8.4585556834936124 7.24265865981579
leaf_count=31 167 44 30 60 34 46 95 64 36 31
internal_value=0.00045721 -0.00228238 -0.0105149 0.00459754 0.00240664 0.00933852 -0.00837701 -0.0231914 0.0159418 0.0241453
internal_weight=154.419 131.831 48.0986 21.9828 83.7327 51.979 31.7538 26.1158 22.5876 14.129
internal_count=638 540 198 90 342 213 129 108 98 62
is_linear=0
shrinkage=0.03


Tree=38
num_leaves=7
num_cat=0
split_feature=11 8 36 37 13 13
split_gain=8.0355 5.81523 6.66279 6.37757 4.18269 2.81327
threshold=0.14581563645833442 0.084690361763853597 0.0033666375726423016 0.016014406228071158 -1.0016860868588926 1.7178729176101089
decision_type=2 2 2 2 2 2
left_child=1 2 -1 -4 -2 -3
right_child=4 5 3 -5 -6 -7
leaf_value=-0.020236234978289577 0 0.004876665914082646 0.011248096688300884 -0.0035600726745685508 -0.027026681038965713 0.028379626183522678
leaf_weight=10.501009061932562 10.037512972950937 12.902269601821901 44.560107707977295 56.107857212424278 11.044541567564009 9.0515677630901319
leaf_count=43 42 53 187 229 46 38
internal_value=0.000450916 0.00333166 0.000299296 0.00294001 -0.0158023 0.0167536
internal_weight=154.205 133.123 111.169 100.668 21.0821 21.9538
internal_count=638 550 459 416 88 91
is_linear=0
shrinkage=0.03


Tree=39
num_leaves=7
num_cat=0
split_feature=11 14 23 36 36 0
split_gain=7.65051 5.29444 5.81275 6.57741 5.47028 4.01187
threshold=0.14581563645833442 -89.500126168729579 1.018483623683305 0.0037357669776730451 0.0061547045162923539 0.0026803993367626737
decision_type=2 2 2 2 2 2
left_child=1 -1 3 -3 -4 -2
right_child=5 2 4 -5 -6 -7
leaf_value=-0.015764936538649653 -3.828271153905858e-05 -0.023326282743393996 0.022286486540719901 0.003066145772369628 0.0014575907966271613 -0.026750715476438439
leaf_weight=9.7813643813133222 10.322457522153856 7.6763214170932761 24.89675584435463 67.632093071937561 23.008360043168068 10.722527429461477
leaf_count=41 43 31 104 278 96 45
internal_value=0.000430241 0.00324415 0.00510069 0 0.0130425 -0.0154397
internal_weight=154.04 132.995 123.214 75.3084 47.9051 21.045
internal_count=638 550 509 309 200 88
is_linear=0
shrinkage=0.03


Tree=40
num_leaves=8
num_cat=0
split_feature=1 36 21 19 25 3 9
split_gain=7.26352 6.26655 10.7904 6.56913 5.53805 1.8963 1.62829
threshold=-0.051379705942596325 0.0077487257593944897 0.036624781454040529 0.16527235294118567 0.3391336387870712 0.042210471458360106 0.19555743530067435
decision_type=2 2 2 2 2 2 2
left_child=-1 2 4 -3 -2 -5 -4
right_child=1 3 6 5 -6 -7 -8
leaf_value=0.021440662756534154 0.0039801626014372218 -0.0059178790487664007 -0.0099748594868479673 0.033165935922285707 -0.011119161405422797 0.0061324970634718907 -0.032955176704290906
leaf_weight=10.555978879332541 65.069418236613274 10.105810269713404 9.9818301200866717 7.0133907049894315 30.201908275485039 6.870381236076355 10.239043503999708
leaf_count=44 268 42 41 31 124 30 42
internal_value=-0.000316139 -0.00234853 -0.00535327 0.0108387 -0.000782461 0.0231894 -0.024205
internal_weight=150.038 139.482 115.492 23.9896 95.2713 13.8838 20.2209
internal_count=622 578 475 103 392 61 83
is_linear=0
shrinkage=0.03


Tree=41
num_leaves=8
num_cat=0
split_feature=6 24 21 22 5 5 19
split_gain=6.28093 6.90874 5.41143 5.38888 3.29185 3.11036 2.67539
threshold=-0.031701584217664738 0.5357606453159458 0.027698999979180218 -0.066186906838972312 0.20077359207621662 -1.0000000180025095e-35 0.1136067122346414
decision_type=2 2 2 2 2 2 2
left_child=-1 3 5 4 -2 -3 -5
right_child=1 2 -4 6 -6 -7 -8
leaf_value=0.017257070504765257 -0.0028398420006982643 0.032539050615126956 -0.0053862070675446795 0 0.01616241864510394 0.0058285083272113982 -0.016584784096000161
leaf_weight=14.201880127191542 47.622938349843025 7.2178705185651824 11.317541196942328 10.561820536851881 7.809942126274108 11.849057301878929 39.338041752576828
leaf_count=59 198 30 48 43 32 49 163
internal_value=-0.000301868 -0.00247214 0.00953942 -0.00618996 4.58115e-05 0.0187811 -0.013141
internal_weight=149.919 135.717 30.3845 105.333 55.4329 19.0669 49.8999
internal_count=622 563 127 436 230 79 206
is_linear=0
shrinkage=0.03


Tree=42
num_leaves=9
num_cat=0
split_feature=20 15 2 23 10 9 15 5
split_gain=7.5799 7.31346 9.62354 9.80801 6.93254 7.02304 6.77309 3.80786
threshold=0.025825884412968687 28.416067252788523 0.042687996075715724 0.95001161237387877 -0.01519893761874863 0.0042565685509605841 -96.323781548196777 0.034020091159594375
decision_type=2 2 2 2 2 2 2 2
left_child=4 6 3 -3 -1 -6 -2 -8
right_child=1 2 -4 -5 5 -7 7 -9
leaf_value=-0.034393953685404495 -0.013617822718053995 -0.013485059271893149 -0.02824817320244058 0.017168777175023377 0.0086971155023898867 -0.022435040093544981 0.017031129409142722 0.00090428378061401568
leaf_weight=7.8561532646417644 8.3421189337968809 16.351743787527084 10.923299729824064 17.018327444791794 14.538599416613581 8.5531942993402463 44.789011552929878 21.502079486846924
leaf_count=32 35 68 45 70 59 35 188 90
internal_value=-0.000267607 0.00311158 -0.00617826 0.00181077 -0.013109 -0.00310553 0.00883801 0.0121996
internal_weight=149.875 118.927 44.2934 33.3701 30.9479 23.0918 74.6332 66.2911
internal_count=622 496 183 138 126 94 313 278
is_linear=0
shrinkage=0.03


Tree=43
num_leaves=10
num_cat=0
split_feature=20 12 15 36 35 3 9 9 36
split_gain=7.20707 7.49269 6.92757 10.2893 5.63133 6.19143 5.17753 3.4838 3.28857
threshold=0.025825884412968687 45.295025401698872 28.416067252788523 0.0037357669776730451 -0.01710574525377306 0.043541193761953652 0.0042565685509605841 0.21232625771867628 0.0048865997776431375
decision_type=2 2 2 2 2 2 2 2 2
left_child=1 -1 3 -2 5 -4 -3 -6 -5
right_child=2 6 4 8 7 -7 -8 -9 -10
leaf_value=-0.03110043310290447 -0.014465008187085399 0.0097786824149610659 0.02324149644606192 0.025670198577010632 -0.0042262338742597621 -0.0091502330564592581 -0.018451431002422889 -0.027289062720199091 0.0085759819573125763
leaf_weight=10.547756716609003 12.147583097219465 12.811424344778063 8.171223923563959 15.123005151748655 17.688589572906498 8.660742059350012 7.5631054639816275 9.709780201315878 47.246690988540649
leaf_count=43 50 52 34 63 73 36 31 40 200
internal_value=-0.000286965 -0.0128137 0.00300903 0.00858949 -0.00603308 0.00657638 -0.000742664 -0.0142102 0.0136227
internal_weight=149.67 30.9223 118.748 74.5173 44.2303 16.832 20.3745 27.3984 62.3697
internal_count=622 126 496 313 183 70 83 113 263
is_linear=0
shrinkage=0.03


Tree=44
num_leaves=8
num_cat=0
split_feature=1 24 27 9 21 26 17
split_gain=6.4537 6.30723 6.06257 6.24435 5.09407 4.60979 2.89021
threshold=-0.051379705942596325 0.5357606453159458 1.5000000000000002 -0.044191529260077765 0.027698999979180218 0.53179337333759047 0.82192891046153627
decision_type=2 2 2 2 2 2 2
left_child=-1 2 5 -4 6 -2 -3
right_child=1 4 3 -5 -6 -7 -8
leaf_value=0.020272395264727336 -0.019900974218212849 0.0040105825879824418 -0.016143695574920756 0.0047714749118786537 -0.0049011160653124886 0.0021779854848636973 0.029428617847177974
leaf_weight=10.476781919598578 31.191760390996933 10.099402919411665 14.767786145210264 52.900419771671295 11.779742032289503 9.3834419399499875 8.8959585577249509
leaf_count=44 129 42 61 220 50 39 37
internal_value=-0.000296489 -0.00221851 -0.00571003 0 0.0092034 -0.0145802 0.0182983
internal_weight=149.495 139.019 108.243 67.6682 30.7751 40.5752 18.9954
internal_count=622 578 449 281 129 168 79
is_linear=0
shrinkage=0.03


Tree=45
num_leaves=12
num_cat=0
split_feature=37 8 21 19 13 32 22 32 9 22 36
split_gain=9.09378 5.82568 5.35352 6.85459 5.5311 5.08284 6.70461 6.34032 3.37936 2.56104 2.45535
threshold=0.015296862692526505 0.076308802475876056 0.018969857780560952 0.2232572008244946 -1.7484167030132729 -0.0031311201319022537 -0.038027369292067341 0.0092781402909742922 0.24658351565025599 -0.15030173108827152 0.0066144113358282998
decision_type=2 2 2 2 2 2 2 2 2 2 2
left_child=5 2 4 -4 -2 6 -1 9 -3 -7 -9
right_child=1 8 3 -5 -6 7 -8 10 -10 -11 -12
leaf_value=0.033364222638057946 -0.016554437790984339 0.015038850036555513 -0.023869231187266967 0.00032858474190643997 0.011900189003609554 -0.019840087899850058 0.00034193284619418013 0.001346718618757996 -0.0061766421884709112 0 0.025512546154974912
leaf_weight=12.047909542918207 7.6063825786113766 14.222959473729135 29.892139658331871 13.857630610466002 14.746661603450773 7.4152986556291607 10.751532152295111 8.6375226974487322 8.8785682916641218 17.035902082920074 8.2215144634246808
leaf_count=51 31 59 123 57 60 31 45 36 37 71 36
internal_value=0.000300381 -0.00574521 -0.0102899 -0.0161975 0.00103725 0.00885864 0.0196802 0.0019068 0.00644509 -0.00727825 0.0153827
internal_weight=153.314 89.2043 66.1028 43.7498 22.353 64.1097 22.7994 41.3102 23.1015 24.4512 16.859
internal_count=637 367 271 180 91 270 96 174 96 102 72
is_linear=0
shrinkage=0.03


Tree=46
num_leaves=12
num_cat=0
split_feature=37 40 12 21 37 40 40 34 34 21 7
split_gain=8.63768 7.81475 6.3023 6.23439 6.07858 4.88782 3.75918 3.51885 2.86829 2.83983 0.951567
threshold=0.015296862692526505 0.0076099193446168565 62.044029681041899 0.028280767913376959 0.0010123380081212832 0.048743222472573018 -0.034851846460604956 0.01078565379586305 0.030933854344025517 0.023517058188544163 -0.016603039742671636
decision_type=2 2 2 2 2 2 2 2 2 2 2
left_child=1 4 3 8 6 9 -1 -7 -2 -4 -5
right_child=2 -3 5 10 -6 7 -8 -9 -10 -11 -12
leaf_value=-0.00085614439694695359 0.00061120096933195748 0.029214847152633516 0.0024711762239835247 -0.01004941285697698 -0.013425083469997526 -0.0014692326481369822 0.016522979236119294 0.021202177040636785 -0.017985125644619366 -0.01987455453283447 -0.032938017444671883
leaf_weight=17.425514087080952 27.138349965214729 11.463224425911902 8.4078652560710889 7.4756979346275356 12.583621576428412 7.9864176511764553 22.534854784607891 13.267897889018057 7.5883525609970084 7.2396643310785285 9.9999715089797956
leaf_count=75 111 48 34 31 52 33 95 55 31 30 42
internal_value=0.000304971 0.00865508 -0.00558693 -0.0121788 0.00298789 0.00349921 0.0089074 0.0126445 -0.00380209 -0.00809827 -0.0259545
internal_weight=153.111 64.0072 89.1042 52.2024 52.544 36.9018 39.9604 21.2543 34.7267 15.6475 17.4757
internal_count=637 270 367 215 222 152 170 88 142 64 73
is_linear=0
shrinkage=0.03


Tree=47
num_leaves=11
num_cat=0
split_feature=37 40 12 21 13 37 23 9 23 7
split_gain=8.21525 7.45537 5.9957 5.9667 7.47545 5.76149 6.51171 4.76807 4.11864 0.896826
threshold=0.015296862692526505 0.0076099193446168565 62.044029681041899 0.028280767913376959 -0.91990910811660942 0.0010123380081212832 0.83391389238164548 0.09209993927975052 0.91105064248671763 -0.016603039742671636
decision_type=2 2 2 2 2 2 2 2 2 2
left_child=1 5 3 4 -2 6 -1 -4 -9 -5
right_child=2 -3 7 9 -6 -7 -8 8 -10 -11
leaf_value=-0.0065681995063386032 -0.01770991522580035 0.02853925368733826 -0.012514258478566827 -0.0098208006972802485 0.0085241160596025139 -0.013078590510483898 0.017239583068745751 -0.0064970147579357365 0.016901423080123695 -0.032256803363587619
leaf_weight=13.913293987512587 16.337233603000641 11.430387392640112 9.6169479936361295 7.4669183343648937 18.378204524517059 12.582492008805273 25.992027118802071 7.4377649426460293 19.798939988017082 9.9478442966938001
leaf_count=58 67 48 39 31 75 52 112 31 82 42
internal_value=0.000277244 0.00842899 -0.00546996 -0.0119049 -0.00370538 0.00288745 0.00866356 0.00339063 0.00999141 -0.0254122
internal_weight=152.902 63.9182 88.9839 52.1302 34.7154 52.4878 39.9053 36.8537 27.2367 17.4148
internal_count=637 270 367 215 142 222 170 152 113 73
is_linear=0
shrinkage=0.03


Tree=48
num_leaves=12
num_cat=0
split_feature=37 12 21 20 5 11 36 5 4 12 7
split_gain=7.81432 5.68605 5.72004 4.82647 6.62149 3.82816 3.42189 2.65103 3.79057 2.35874 0.846183
threshold=0.015296862692526505 62.044029681041899 0.028280767913376959 0.026565353350787042 0.034020091159594375 0.097220719039072159 0.0058446579029881639 0.10407971733804312 0.15723044101135167 33.840588788708487 -0.016603039742671636
decision_type=2 2 2 2 2 2 2 2 2 2 2
left_child=3 2 6 -1 9 -6 -2 -3 -9 -5 -4
right_child=1 7 10 4 5 -7 -8 8 -10 -11 -12
leaf_value=-0.0080343785840693415 0.0040182022540381536 -0.0076868024839581786 -0.0095975860832089588 0.0054477679238533932 0.010189226729901579 -0.013595759499949336 -0.0137033508754228 0.016193943851075625 -0.0057379701758609979 0.02570322202338168 -0.031600101471336385
leaf_weight=10.999065324664114 19.622240945696831 10.744529858231543 7.4580127745866802 11.004446968436239 10.379257321357729 9.7737761139869672 15.072612702846525 17.483847171068195 8.5943045020103437 21.640761628746986 9.8923416137695295
leaf_count=45 80 44 31 46 45 40 62 72 36 94 42
internal_value=0.000247207 -0.00535807 -0.0116318 0.00820871 0.012036 -0.000854888 -0.00359913 0.00326525 0.00853797 0.0200169 -0.0248871
internal_weight=152.665 88.8679 52.0452 63.7973 52.7982 20.153 34.6949 36.8227 26.0782 32.6452 17.3504
internal_count=637 367 215 270 225 85 142 152 108 140 73
is_linear=0
shrinkage=0.03


Tree=49
num_leaves=12
num_cat=0
split_feature=37 12 13 31 32 32 9 4 38 36 12
split_gain=7.43238 5.39712 5.67865 5.14358 4.90217 5.92948 4.38483 4.11421 3.26006 2.42101 1.12512
threshold=0.015296862692526505 62.044029681041899 3.8716166893153106 -1.4999999999999998 -0.0031311201319022537 0.0092781402909742922 0.09209993927975052 0.15723044101135167 0.010194127518068851 0.0066144113358282998 34.871564685912681
decision_type=2 2 2 2 2 2 2 2 2 2 2
left_child=4 2 3 -2 10 8 -3 -8 -6 -7 -1
right_child=1 6 -4 -5 5 9 7 -9 -10 -11 -12
leaf_value=0.0044913661626312645 0 -0.012077495816366813 0.0056267339903150766 -0.022716745798193074 0.00077271915737239295 0.00062350898234196238 0.017078785162287877 -0.0055975433557491436 -0.019464105579047361 0.024417821293195686 0.023356028284652657
leaf_weight=7.4141515940427807 10.97221380472183 9.6127230226993543 11.448937043547629 29.553747296333313 14.557818815112116 8.597169831395151 18.598408326506618 8.5957660973072034 9.7999055534601194 8.1081329286098462 15.182090133428572
leaf_count=31 45 39 47 123 61 36 77 36 41 36 65
internal_value=0.000220474 -0.00524426 -0.011363 -0.0165544 0.00799786 0.00119699 0.00314977 0.00950483 -0.00765924 0.0143503 0.0186446
internal_weight=152.441 88.7818 51.9749 40.526 63.6593 41.063 36.8069 27.1942 24.3577 16.7053 22.5962
internal_count=637 367 215 168 270 174 152 113 102 72 96
is_linear=0
shrinkage=0.03


end of trees

feature_importances:
macro_usdjpy_ret_20=34
macro_usdjpy_vol_20=33
vol_ratio=30
ma_20_60_cross=29
volatility=27
macro_topix_ret_20=24
div_ma_60=22
return_20d=18
macro_topix_vol_20=17
bb_bandwidth=16
macro_usdjpy_ret_60=16
rsi=15
atr_pct=14
rsi_change=12
macro_nikkei_ret_20=10
return_5d=9
macd=9
macd_signal=9
month=9
vol_change=7
gap=7
return_10d=6
candle_body_pct=6
div_ma_20=5
return_2d=4
return_3d=4
div_ma_10=4
macd_hist_change=4
day_of_week=4
macd_hist=3
lower_shadow_pct=3
streak=3
return_1d=2
div_ma_5=2
ma_5_20_cross=2
upper_shadow_pct=2
bb_pct_b=1
price_position_20d=1
macro_topix_above_200dma=1

parameters:
[boosting: gbdt]
[objective: binary]
[metric: binary_logloss]
[tree_learner: serial]
[device_type: cpu]
[data_sample_strategy: bagging]
[data: ]
[valid: ]
[num_iterations: 50]
[learning_rate: 0.03]
[num_leaves: 15]
[num_threads: 0]
[seed: 42]
[deterministic: 0]
[force_col_wise: 0]
[force_row_wise: 0]
[histogram_pool_size: -1]
[max_depth: 4]
[min_data_in_leaf: 30]
[min_sum_hessian_in_leaf: 0.001]
[bagging_fraction: 0.7]
[pos_bagging_fraction: 1]
[neg_bagging_fraction: 1]
[bagging_freq: 5]
[bagging_seed: 400]
[bagging_by_query: 0]
[feature_fraction: 0.6]
[feature_fraction_bynode: 1]
[feature_fraction_seed: 30056]
[extra_trees: 0]
[extra_seed: 12879]
[early_stopping_round: 0]
[early_stopping_min_delta: 0]
[first_metric_only: 0]
[max_delta_step: 0]
[lambda_l1: 0.5]
[lambda_l2: 2]
[linear_lambda: 0]
[min_gain_to_split: 0]
[drop_rate: 0.1]
[max_drop: 50]
[skip_drop: 0.5]
[xgboost_dart_mode: 0]
[uniform_drop: 0]
[drop_seed: 17869]
[top_rate: 0.2]
[other_rate: 0.1]
[min_data_per_group: 100]
[max_cat_threshold: 32]
[cat_l2: 10]
[cat_smooth: 10]
[max_cat_to_onehot: 4]
[top_k: 20]
[monotone_constraints: ]
[monotone_constraints_method: basic]
[monotone_penalty: 0]
[feature_contri: ]
[forcedsplits_filename: ]
[refit_decay_rate: 0.9]
[cegb_tradeoff: 1]
[cegb_penalty_split: 0]
[cegb_penalty_feature_lazy: ]
[cegb_penalty_feature_coupled: ]
[path_smooth: 0]
[interaction_constraints: ]
[verbosity: -1]
[saved_feature_importance_type: 0]
[use_quantized_grad: 0]
[num_grad_quant_bins: 4]
[quant_train_renew_leaf: 0]
[stochastic_rounding: 1]
[linear_tree: 0]
[max_bin: 255]
[max_bin_by_feature: ]
[min_data_in_bin: 5]
[bin_construct_sample_cnt: 200000]
[data_random_seed: 175]
[is_enable_sparse: 1]
[enable_bundle: 1]
[use_missing: 1]
[zero_as_missing: 0]
[feature_pre_filter: 1]
[pre_partition: 0]
[two_round: 0]
[header: 0]
[label_column: ]
[weight_column: ]
[group_column: ]
[ignore_column: ]
[categorical_feature: ]
[forcedbins_filename: ]
[precise_float_parser: 0]
[parser_config_file: ]
[objective_seed: 16083]
[num_class: 1]
[is_unbalance: 0]
[scale_pos_weight: 1]
[sigmoid: 1]
[boost_from_average: 1]
[reg_sqrt: 0]
[alpha: 0.9]
[fair_c: 1]
[poisson_max_delta_step: 0.7]
[tweedie_variance_power: 1.5]
[lambdarank_truncation_level: 30]
[lambdarank_norm: 1]
[label_gain: ]
[lambdarank_position_bias_regularization: 0]
[eval_at: ]
[multi_error_top_k: 1]
[auc_mu_weights: ]
[num_machines: 1]
[local_listen_port: 12400]
[time_out: 120]
[machine_list_filename: ]
[machines: ]
[gpu_platform_id: -1]
[gpu_device_id: -1]
[gpu_use_dp: 0]
[num_gpu: 1]

end of parameters

pandas_categorical:[]
