tree
version=v4
num_class=1
num_tree_per_iteration=1
label_index=0
max_feature_idx=44
objective=binary sigmoid:1
feature_names=return_1d return_2d return_3d return_5d return_10d return_20d div_ma_5 div_ma_10 div_ma_20 div_ma_60 ma_5_20_cross ma_20_60_cross rsi rsi_change macd macd_signal macd_hist macd_hist_change bb_pct_b bb_bandwidth atr_pct volatility vol_change vol_ratio candle_body_pct upper_shadow_pct lower_shadow_pct day_of_week month is_month_end is_month_start streak gap price_position_20d macro_usdjpy_ret_20 macro_usdjpy_ret_60 macro_usdjpy_vol_20 macro_topix_ret_20 macro_topix_vol_20 macro_topix_above_200dma macro_nikkei_ret_20 macro_nikkei_above_200dma macro_nikkei_vi macro_jgb10y macro_bias_score
feature_infos=[-0.047573324675198925:0.047032439022514749] [-0.052871223227637376:0.050100198868800794] [-0.078625938667899131:0.060579091775125216] [-0.079144063347538429:0.070190430904915058] [-0.10699996948242185:0.11742775503970204] [-0.1182423924334487:0.15884581472014592] [-0.046754045093518014:0.03136102171888943] [-0.065679653588011352:0.057611183675024734] [-0.095283898731975444:0.091383476178522549] [-0.086355409043981882:0.12109266072274501] [-0.058392300957105903:0.065549920908115844] [-0.042748625708304955:0.064274238635985359] [4.3321721234716364:99.078285278722376] [-31.4914123830169:24.909606094271432] [-4.0148556247349632:6.6759841301698373] [-3.5218467914220124:5.4278448928573138] [-2.4130647582626752:2.3328558279840159] [-0.79483865050966607:0.60413765747863146] [-0.29899250290519275:1.2942002598775366] [0.015966985924506762:0.20663538136815932] [0.0062028219888735359:0.03098835320355546] [0.0037467866522835347:0.018685482479757546] [-0.82513331758797714:3.6311208267090622] [0.55432004082819386:1.8220195466454623] [-1:1] [0:0.9499969482421875] [0:0.97058638734056779] [0:4] [1:12] none [0:1] [-11:9] [-0.063431099566931937:0.055611174876266878] [0:1] [-0.10288784967882303:0.08505611680078462] [-0.13986255140503889:0.13160084488587853] [0.0024251968629527628:0.011841457708833433] [-0.22586491944566001:0.19897857359448179] [0.0040695656242548776:0.036437272436454948] [0:1] [-0.22859537662338159:0.23022297972565586] [0:1] none none none
tree_sizes=1192 1104 897 1284 1198 1191 779 1072 1389 1523 1255 1396 781 1198 1281 969 781 867 994 992 995 999 786 1179 781 1323 1217 1208 1406 1322 860 1188 1206 895 1093 994 1309 1408 1203 1102 879 1282 1300 995 1310 1405 1309 1507 1417 1203

Tree=0
num_leaves=10
num_cat=0
split_feature=37 21 33 5 12 4 28 15 38
split_gain=10.5541 12.9944 9.8593 13.3226 6.83183 5.71683 5.70718 4.1242 4.0045
threshold=-0.0035435879272827648 0.0098010045665514207 0.52985741629219152 0.029586450282283797 66.471356011569213 -0.012068474323469356 8.5000000000000018 0.63418230899036121 0.0070848891582593184
decision_type=2 2 2 2 2 2 2 2 2
left_child=6 2 8 -4 5 -3 7 -1 -2
right_child=1 4 3 -5 -6 -7 -8 -9 -10
leaf_value=-0.062661006685016396 -0.093745409170973987 -0.10203294273413525 -0.11279805647426011 -0.081927748979099518 -0.089990575930835148 -0.13048567311808137 -0.094854896640448119 -0.090146910352322182 -0.066477840608197017
leaf_weight=13.71983513236046 7.7329979836940792 14.717641323804857 25.693509429693222 20.704478472471237 7.9824495315551749 15.96489906311035 14.717641323804854 9.978061914443968 13.719835132360457
leaf_count=55 31 59 103 83 32 64 59 40 55
internal_value=-0.0940299 -0.0989981 -0.0912243 -0.0987936 -0.112462 -0.118639 -0.0810474 -0.0724696 -0.0751796
internal_weight=144.931 106.516 67.8508 46.398 38.665 30.6825 38.4155 23.6979 21.4528
internal_count=581 427 272 186 155 123 154 95 86
is_linear=0
shrinkage=1


Tree=1
num_leaves=9
num_cat=0
split_feature=37 19 20 19 11 35 25 20
split_gain=9.99197 12.5273 8.91821 8.61164 6.15721 5.8043 4.46386 3.42587
threshold=-0.0035435879272827648 0.065721736594131358 0.015668522909115353 0.029341874786792635 -0.0093654866374336936 0.01406328676723956 0.2279234596880621 0.017316922387666574
decision_type=2 2 2 2 2 2 2 2
left_child=1 5 3 -2 -5 -1 -3 -4
right_child=2 6 7 4 -6 -7 -8 -9
leaf_value=-0.02166152275044908 -0.023419978423280675 0.0066669990152429985 -0.035530438464088022 -0.014817130676779694 0.0071528603886566967 0.0080177291737244943 0.041277998629811248 -0.0082158398023594974
leaf_weight=7.4855952560901668 10.722788944840429 7.4872851371765163 8.2252972126007098 11.716601014137266 62.852839156985283 13.227632254362105 10.232581317424772 12.961367189884184
leaf_count=30 43 30 33 47 252 53 41 52
internal_value=-0.000263746 0.0123613 -0.00510288 -0.000427585 0.0032081 -0.00301064 0.0295736 -0.0216171
internal_weight=144.912 38.4331 106.479 85.2922 74.5694 20.7132 17.7199 21.1867
internal_count=581 154 427 342 299 83 71 85
is_linear=0
shrinkage=0.03


Tree=2
num_leaves=7
num_cat=0
split_feature=17 34 21 36 19 24
split_gain=9.18379 7.95193 10.6192 14.0948 7.91057 6.24686
threshold=-0.2127851936081244 -0.027292232755695086 0.0069062611171591681 0.0066634034470565385 0.071305005477683786 0.11764125093160252
decision_type=2 2 2 2 2 2
left_child=-1 4 3 -3 -2 -4
right_child=1 2 5 -5 -6 -7
leaf_value=-0.023075982647013962 -0.00061797062508271705 0.030275184670693279 0.00094303927943305927 -0.010649982068965929 0.036260208592759219 -0.014676968066390954
leaf_weight=12.458220288157461 8.2296863645315188 17.21860104799271 48.132853448390961 10.471627444028853 9.2384529858827573 39.146004945039749
leaf_count=50 33 69 193 42 37 157
internal_value=-0.000272629 0.00207227 -0.000791639 0.0146184 0.0198369 -0.00606662
internal_weight=144.895 132.437 114.969 27.6902 17.4681 87.2789
internal_count=581 531 461 111 70 350
is_linear=0
shrinkage=0.03


Tree=3
num_leaves=11
num_cat=0
split_feature=37 21 4 25 37 6 4 4 20 17
split_gain=9.32008 11.7973 8.19478 6.9868 6.59019 4.56079 5.08219 3.81852 3.66661 2.14088
threshold=-0.0035435879272827648 0.0098010045665514207 -0.0022820293974591395 0.24999880790028325 0.049519923996663058 0.0075444301000631613 -0.012068474323469356 -0.007373360131832484 0.01136152032093631 -0.011796117824787731
decision_type=2 2 2 2 2 2 2 2 2 2
left_child=3 2 8 7 -4 6 -3 -1 -2 -5
right_child=1 5 4 9 -6 -7 -8 -9 -10 -11
leaf_value=-0.015369646028171993 0.0020593680313924115 -0.0072194230329135503 -0.0091450408534767668 0.006513319619103103 0.016278482032902098 0 -0.034707054193468895 0.009089256782425132 0.030733091887058021 0.032319167972914876
leaf_weight=7.483996435999873 8.7324432283639926 13.949516743421555 40.642582058906555 7.487384200096133 9.4839821159839612 9.463257819414137 15.172342449426651 12.480516195297239 8.9823838472366315 10.989733174443243
leaf_count=30 35 56 163 30 38 38 61 50 36 44
internal_value=-0.000257138 -0.00493633 0.00245697 0.0119299 -0.00360711 -0.0177855 -0.0233324 0 0.0190022 0.024252
internal_weight=144.868 106.427 67.8414 38.4416 50.1266 38.5851 29.1219 19.9645 17.7148 18.4771
internal_count=581 427 272 154 201 155 117 80 71 74
is_linear=0
shrinkage=0.03


Tree=4
num_leaves=10
num_cat=0
split_feature=37 21 35 25 32 5 23 37 17
split_gain=8.82877 11.2442 7.81902 6.65417 5.91647 5.06804 3.651 2.47878 2.00803
threshold=-0.0035435879272827648 0.0098010045665514207 0.053624426308413138 0.24999880790028325 0.0044111150124183105 -0.011817220333627863 1.057663450161203 0.022188881324796909 -0.011796117824787731
decision_type=2 2 2 2 2 2 2 2 2
left_child=3 2 5 6 7 -2 -1 -3 -5
right_child=1 4 -4 8 -6 -7 -8 -9 -10
leaf_value=0.0088727163279071763 0.028221106957871236 -0.0066039356003976665 -0.015332673659452378 0.0063579276015342402 0.0031595157482503041 0.0033088438287939962 -0.015045176785716693 -0.029079391786347341 0.031486282867816504
leaf_weight=12.483877137303354 7.4911689460277548 9.6949394494295138 14.708770170807837 7.4891242831945446 8.2127995640039426 45.637830272316933 7.479049712419509 20.629921287298203 10.994835585355757
leaf_count=50 30 39 59 30 33 183 30 83 44
internal_value=-0.000227176 -0.00478653 0.00242401 0.0116298 -0.0173426 0.00798994 0 -0.0232111 0.0236522
internal_weight=144.822 106.375 67.8378 38.4469 38.5377 53.129 19.9629 30.3249 18.484
internal_count=581 427 272 154 155 213 80 122 74
is_linear=0
shrinkage=0.03


Tree=5
num_leaves=10
num_cat=0
split_feature=21 33 5 38 28 14 38 28 23
split_gain=7.80862 11.7691 16.5261 10.2336 8.4298 7.61391 7.45035 6.08319 1.60711
threshold=0.0077473387797269335 0.51091574673152107 0.030943595581396036 0.014509642356889844 9.5000000000000018 -0.95351328756713361 0.0096128820982284303 2.5000000000000004 1.0715763445314397
decision_type=2 2 2 2 2 2 2 2 2
left_child=1 8 6 4 7 -6 -3 -2 -1
right_child=3 2 -4 -5 5 -7 -8 -9 -10
leaf_value=0.03686131932440747 0.0048764752673665012 -0.023361679607284847 0.024267514570576354 0.024993491139354358 -0.013207790803449275 0.015150078782132989 0.0073258585274603716 -0.019375484387642136 0.012638621380251376
leaf_weight=9.7418013364076632 9.7236365377902967 18.697971612215046 14.482369214296339 7.7390525341033927 11.436543315649034 20.442266166210175 8.7298549562692624 42.553885936737061 10.479830160737036
leaf_count=39 39 75 58 31 46 82 35 171 42
internal_value=0.00147707 0.00959895 0 -0.00394199 -0.00729544 0.00435479 -0.0132505 -0.0145748 0.0272503
internal_weight=154.027 62.1318 41.9102 91.8954 84.1563 31.8788 27.4278 52.2775 20.2216
internal_count=618 249 168 369 338 128 110 210 81
is_linear=0
shrinkage=0.03


Tree=6
num_leaves=6
num_cat=0
split_feature=15 12 34 6 15
split_gain=8.89411 7.49965 9.9729 10.5089 4.51971
threshold=3.5743924086543184 79.874183557075568 -0.031542948271220277 0.0036943146107584631 0.23491065493954752
decision_type=2 2 2 2 2
left_child=1 2 4 -4 -1
right_child=-2 -3 3 -5 -6
leaf_value=0.032303573589608059 -0.025819373639735875 0.026470789800371576 0.0041664211539473956 -0.014494305265882725 0.0016363104683744256
leaf_weight=10.233998581767084 7.964681774377822 9.7380021512508375 78.708367839455605 38.594404861330986 8.7322381138801557
leaf_count=41 32 39 316 155 35
internal_value=0.00146868 0.00338737 0.00127028 -0.00198757 0.0204025
internal_weight=153.972 146.007 136.269 117.303 18.9662
internal_count=618 586 547 471 76
is_linear=0
shrinkage=0.03


Tree=7
num_leaves=9
num_cat=0
split_feature=34 17 28 3 28 26 36 33
split_gain=7.95423 7.24893 11.1371 9.43694 8.95076 7.81703 6.14458 2.88725
threshold=-0.031542948271220277 0.084119601218541631 5.5000000000000009 -0.001319524622248047 6.5000000000000009 0.29289401491103262 0.0061307361935033838 0.63726166854521515
decision_type=2 2 2 2 2 2 2 2
left_child=7 2 3 -2 -3 -4 -6 -1
right_child=1 4 5 -5 6 -7 -8 -9
leaf_value=0.027960035171719078 0.0022000621403301538 0.003816864315384048 0 -0.027972340677667549 -0.037882403551746206 0.020507043387218205 -0.0013042104492151537 0.003261134226107494
leaf_weight=10.482554838061334 19.910489618778229 14.439594447612761 35.869968384504318 13.938834130764006 11.436578601598741 30.678239792585373 7.4563460052013388 9.7315423935651761
leaf_count=42 80 58 144 56 46 123 30 39
internal_value=0.001437 -0.00120223 0.0027385 -0.0106736 -0.0129794 0.00989169 -0.025671 0.0181088
internal_weight=153.944 133.73 100.398 33.8493 33.3325 66.5482 18.8929 20.2141
internal_count=618 537 403 136 134 267 76 81
is_linear=0
shrinkage=0.03


Tree=8
num_leaves=12
num_cat=0
split_feature=37 23 7 5 14 14 14 5 10 12 35
split_gain=12.5377 7.47093 6.61469 17.9564 8.21127 10.4939 8.07304 3.9841 3.66976 2.33285 4.64524
threshold=-0.0035435879272827648 1.0748123776692531 0.0028849961815395997 0.029586450282283797 0.46843704811503534 -0.90408515664809375 2.8389203467137354 0.019286067277128786 0.0087419326967407302 39.720840362713325 0.026155196546490126
decision_type=2 2 2 2 2 2 2 2 2 2 2
left_child=1 9 4 7 5 -2 -5 -4 -6 -1 -11
right_child=2 -3 3 6 8 -7 -8 -9 -10 10 -12
leaf_value=0.005812015017202102 -0.011232003814850251 -0.0022137497237417524 -0.015188690004035088 0.017869391821574272 0 0.024265610853303223 -0.012768601351123114 -0.042310115697522375 -0.024145213257122138 0.008895311766134624 0.040512756620898024
leaf_weight=9.2394938617944735 8.9334365129470843 14.717322662472723 20.875418126583103 17.687045276165012 11.951383978128435 21.446451261639595 10.446651682257651 9.4471690505743009 7.6934643834829322 10.48140908777714 10.992039456963537
leaf_count=37 36 59 84 71 48 86 42 38 31 42 44
internal_value=0.00139474 0.0143513 -0.00405707 -0.0108162 0.00366518 0.013315 0.00590267 -0.0261977 -0.0104162 0.0223977 0.0277918
internal_weight=153.911 45.4303 108.481 58.4563 50.0247 30.3799 28.1337 30.3226 19.6448 30.7129 21.4734
internal_count=618 182 436 235 201 122 113 122 79 123 86
is_linear=0
shrinkage=0.03


Tree=9
num_leaves=13
num_cat=0
split_feature=8 19 19 11 40 19 35 38 33 23 35 35
split_gain=7.22393 13.2278 8.95778 5.46943 9.7049 8.06095 5.37244 6.08591 5.08987 4.48526 4.14782 1.82596
threshold=0.0030340934264442422 0.044272001581445043 0.053501129854321518 0.019413002173341524 0.023709628993975777 0.053887752920065771 -0.014541151268129214 0.010903145749426033 0.4950866802060464 1.0715763445314397 0.025234962739058123 0.055882311149284887
decision_type=2 2 2 2 2 2 2 2 2 2 2 2
left_child=2 10 8 5 -5 -3 -4 -8 9 -1 -2 -12
right_child=1 3 6 4 -6 -7 7 -9 -10 -11 11 -13
leaf_value=0.032693138091076684 -0.03570234149242868 0.032719586319893447 0.013013027717986209 0.010812944972836316 -0.027382603579209602 0.0011974710430335204 -0.023057183035426893 0.0067166387211836645 -0.00093526839040660532 0.0076322199256948818 0.00057703071847014587 -0.017422475008669537
leaf_weight=16.983776494860653 10.189683750271799 8.4669319838285428 9.4570288956165331 9.7274546474218386 9.9188594669103605 28.365038856863976 13.652450621128084 7.9696527868509284 9.2215520292520505 14.972817853093146 7.4673916399478895 7.4564254730939865
leaf_count=68 41 34 38 39 40 114 55 32 37 60 30 30
internal_value=0.00134501 -0.00460832 0.00821248 0.00332215 -0.00852621 0.010142 -0.00347192 -0.0118084 0.017131 0.022534 -0.021926 -0.00852593
internal_weight=153.849 81.5918 72.2573 56.4783 19.6463 36.832 31.0791 21.6221 41.1781 31.9566 25.1135 14.9238
internal_count=618 328 290 227 79 148 125 87 165 128 101 60
is_linear=0
shrinkage=0.03


Tree=10
num_leaves=11
num_cat=0
split_feature=37 23 7 5 5 23 33 19 28 9
split_gain=9.3322 8.18474 8.0542 8.52288 9.4342 4.80446 4.75623 4.41344 3.52549 3.4775
threshold=0.0081869571242202416 1.0715763445314397 0.018045360453993759 0.011558043337944636 -0.032551963317965997 1.1595079731281348 0.86185434454960974 0.041738490607219618 6.5000000000000009 0.021017435966614307
decision_type=2 2 2 2 2 2 2 2 2 2
left_child=1 7 3 4 -2 -3 -5 -1 -4 -9
right_child=2 5 8 6 -6 -7 -8 9 -10 -11
leaf_value=0 -0.022937970813326207 -0.021678881097401025 0.024677431515848964 -0.025723906178233173 0.0091289430902136669 0.0055707694489963667 0 0.031807703519024545 -0.00061318846438292607 0.0071523914875004022
leaf_weight=9.2229922860860807 9.4058980643749219 7.4737881571054485 7.7098913937807065 27.275506272912025 27.873169109225273 12.219316586852072 8.9696762263774854 16.473536804318432 7.7153024524450302 11.720888346433638
leaf_count=37 38 30 31 110 112 49 36 66 31 47
internal_value=0.00026931 0.00964054 -0.0056623 -0.00991259 0 -0.0051246 -0.0198645 0.0176578 0.0125484 0.0232075
internal_weight=146.06 57.1105 88.9494 73.5242 37.2791 19.6931 36.2452 37.4174 15.4252 28.1944
internal_count=587 229 358 296 150 79 146 150 62 113
is_linear=0
shrinkage=0.03


Tree=11
num_leaves=12
num_cat=0
split_feature=37 32 23 23 21 33 23 22 32 34 3
split_gain=8.83257 10.6531 7.77281 4.5836 4.58322 9.92057 4.29624 4.2709 3.08353 1.73877 1.10041
threshold=0.0081869571242202416 0.0029526493964273652 1.0715763445314397 1.1595079731281348 0.0094529051671314469 0.51091574673152107 0.75952885066610865 0.068293040085828385 0.00044457829966781942 0.019511259199737844 0.008041722955477117
decision_type=2 2 2 2 2 2 2 2 2 2 2
left_child=2 4 6 -4 5 -2 -1 10 -6 -8 -3
right_child=1 7 3 -5 8 -7 9 -9 -10 -11 -12
leaf_value=0 0.016471331094858405 0.026222311949657365 -0.021183772775534276 0.0054264999563700183 -0.030185054451248389 -0.015687908850605559 0.01390053042400689 -0.0027755875719362813 -0.0041299106147034779 0.035270410879630974 0.0060071932278230634
leaf_weight=9.9817973375320417 10.738624051213263 7.4696867316961351 7.4658730775117901 12.221000805497168 15.546566113829615 23.876289591193199 18.952733561396602 14.402678668498991 8.1611362099647504 8.4809294342994672 8.6946263462305051
leaf_count=40 43 30 30 49 63 96 76 58 33 34 35
internal_value=0.000261787 -0.00550884 0.009381 -0.00499623 -0.0129758 -0.00494669 0.0171961 0.00819955 -0.0228184 0.0229642 0.0180333
internal_weight=145.992 88.8896 57.1023 19.6869 58.3226 34.6149 37.4155 30.567 23.7077 27.4337 16.1643
internal_count=587 358 229 79 235 139 150 123 96 110 65
is_linear=0
shrinkage=0.03


Tree=12
num_leaves=6
num_cat=0
split_feature=17 24 31 17 23
split_gain=7.1284 7.1422 5.65358 6.08657 1.0578
threshold=0.21377641766791369 0.61861399074802115 -2.4999999999999996 -0.047620389056390787 1.0228383977460969
decision_type=2 2 2 2 2
left_child=1 2 -1 -4 -3
right_child=-2 4 3 -5 -6
leaf_value=0.017985519762620611 0.019328312368730633 -0.0073098110668770337 -0.011444821425411887 0.003597301450004814 -0.027170318330927142
leaf_weight=13.181943267583845 13.919009968638418 9.6931579560041445 35.013239249587059 66.405774131417274 7.6933627277612677
leaf_count=53 56 39 141 267 31
internal_value=0.000266131 -0.00189066 0.000819216 -0.0015716 -0.018768
internal_weight=145.906 131.987 114.601 101.419 17.3865
internal_count=587 531 461 408 70
is_linear=0
shrinkage=0.03


Tree=13
num_leaves=10
num_cat=0
split_feature=37 23 38 3 21 33 23 23 37
split_gain=8.30896 7.35528 7.33457 6.7259 7.33648 12.9522 4.7649 4.34675 1.05708
threshold=0.0081869571242202416 1.0715763445314397 0.0078995966504895147 0.026139574127890811 0.010857952413046485 0.51091574673152107 0.73791361658011712 1.1595079731281348 0.036589775731792125
decision_type=2 2 2 2 2 2 2 2 2
left_child=1 2 -1 4 5 -2 -4 -3 -6
right_child=3 7 6 -5 8 -7 -8 -9 -10
leaf_value=-0.0062297015755611376 0.015998686036044547 -0.020656645943986571 0.0010784111818588512 0.01270849923088411 -0.010899027732995139 -0.013103887143892639 0.030279161198952742 0.0052526522383953937 -0.03232450516090235
leaf_weight=7.9772430956363669 18.938361525535583 7.455265790224078 7.9875276833772686 13.190306901931761 9.8681990951299685 37.45961682498455 21.439193159341812 12.218875512480734 9.3504835218191129
leaf_count=32 76 30 32 53 40 151 86 49 38
internal_value=0.000252998 0.00910163 0.0167073 -0.00534422 -0.00893286 -0.0028612 0.0234033 -0.00487342 -0.0240944
internal_weight=145.885 57.0781 37.404 88.807 75.6167 56.398 29.4267 19.6741 19.2187
internal_count=587 229 150 358 305 227 118 79 78
is_linear=0
shrinkage=0.03


Tree=14
num_leaves=11
num_cat=0
split_feature=37 32 19 14 17 12 8 4 19 17
split_gain=7.85453 9.95283 7.58314 7.04094 6.27319 6.08706 10.888 5.09636 3.79948 2.41193
threshold=0.0081869571242202416 0.0029526493964273652 0.080949465100485382 -0.36585932030813234 0.032160564467583981 71.057485492283519 0.0084676745625848152 -0.0067554883871020479 0.068054253799721201 0.025687151037003923
decision_type=2 2 2 2 2 2 2 2 2 2
left_child=3 2 7 9 8 6 -3 -2 -5 -1
right_child=1 5 -4 4 -6 -7 -8 -9 -10 -11
leaf_value=0.0058558732057755799 0.011080688449031286 0.016589972133898546 -0.030628027854324565 0 -0.016605087855956022 0.028261095069706234 -0.0217382006792252 -0.011082638863987911 0.022231589586574126 0.032327151321246944
leaf_weight=7.73205038905144 10.200831249356268 13.181643038988119 13.761848866939543 19.183200940489773 10.460840240120886 7.4862469285726538 9.894643157720564 34.205043762922287 9.4719790369272214 10.201287329196928
leaf_count=31 41 53 56 77 42 30 40 138 38 41
internal_value=0.000235091 -0.00520688 -0.0124453 0.00884283 0.000990871 0.00802722 0 -0.00540996 0.00856801 0.0233991
internal_weight=145.78 88.7303 58.1677 57.0494 39.116 30.5625 23.0763 44.4059 28.6552 17.9333
internal_count=587 358 235 229 157 123 93 179 115 72
is_linear=0
shrinkage=0.03


Tree=15
num_leaves=8
num_cat=0
split_feature=15 5 15 34 4 36 17
split_gain=10.279 11.2449 12.3046 11.9422 7.66459 7.15883 0.399009
threshold=3.5743924086543184 0.040468682185499157 1.2337139321592352 0.026885413755844526 1.0000000180025095e-35 0.0065877082966626747 0.017402993540182047
decision_type=2 2 2 2 2 2 2
left_child=1 2 3 -1 -4 6 -3
right_child=-2 5 4 -5 -6 -7 -8
leaf_value=0.01007354369378005 -0.028591421268319286 0.040849246527213778 -0.00052169796853122983 -0.015008649236645853 -0.035489496935706785 0 0.015459511090801299
leaf_weight=76.277748227119446 7.3921936005353919 7.9791202694177645 11.93115755915642 19.605033025145531 10.629354119300841 8.1741089969873411 7.4744183123111725
leaf_count=307 30 32 48 79 43 33 30
internal_value=0.0016667 0.00372025 -5.15207e-05 0.0045899 -0.0191558 0.0217416 0.0326071
internal_weight=149.463 142.071 118.443 95.8828 22.5605 23.6276 15.4535
internal_count=602 572 477 386 91 95 62
is_linear=0
shrinkage=0.03


Tree=16
num_leaves=6
num_cat=0
split_feature=15 6 19 38 32
split_gain=9.80673 10.7364 11.0699 12.327 4.41883
threshold=3.5743924086543184 -0.012906053200128892 0.090843193075354198 0.012515968860961867 0.0017038678470518989
decision_type=2 2 2 2 2
left_child=1 -1 3 -3 -4
right_child=-2 2 4 -5 -6
leaf_value=-0.02519950845058018 -0.027986216121485809 0.0050659359929478513 0.0063619307874532875 -0.028349190557490331 0.03643314506821442
leaf_weight=8.6603496819734556 7.3690860569477072 102.85368984937668 10.155001550912859 8.9226761609315854 11.442701831459997
leaf_count=35 30 414 41 36 46
internal_value=0.00160354 0.00361016 0.00593631 0.00181525 0.0246672
internal_weight=149.404 142.034 133.374 111.776 21.5977
internal_count=602 572 537 450 87
is_linear=0
shrinkage=0.03


Tree=17
num_leaves=7
num_cat=0
split_feature=6 34 33 20 7 23
split_gain=8.67694 7.75165 7.91994 11.5237 8.93623 3.17101
threshold=-0.012906053200128892 0.034649501004426438 0.43672511702233546 0.013248871344624777 0.011757039670208566 1.0228383977460969
decision_type=2 2 2 2 2 2
left_child=-1 2 3 -2 -4 -3
right_child=1 5 4 -5 -6 -7
leaf_value=-0.023541518539709358 0.029710135872062796 0 -0.0071364639732059204 -0.0014365236400070171 0.01224540884005192 -0.026644669114474263
leaf_weight=9.3616813868284208 23.39691250026226 8.6655885279178637 49.318695485591888 16.642333596944809 34.546686485409737 7.4284809082746497
leaf_count=38 94 35 199 67 139 30
internal_value=0.00153941 0.00363015 0.00630684 0.0169548 0.000772082 -0.0145674
internal_weight=149.36 139.999 123.905 40.0392 83.8654 16.0941
internal_count=602 564 499 161 338 65
is_linear=0
shrinkage=0.03


Tree=18
num_leaves=8
num_cat=0
split_feature=6 37 19 9 23 35 5
split_gain=8.25029 7.44241 8.06063 6.36809 5.65493 4.35527 2.38261
threshold=-0.012906053200128892 0.0094320463773972536 0.030010668457225841 0.022964910554645574 1.2350715161960555 0.050903729918426406 0.030943595581396036
decision_type=2 2 2 2 2 2 2
left_child=-1 3 -3 5 -4 -2 -5
right_child=1 2 4 6 -6 -7 -8
leaf_value=-0.022999305177210161 0.024253594327428275 -0.026034484378452301 -0.0020657979732205496 -0.012788431194790664 0.020719652296937421 0.0014865894301621032 0.0064148861857360158
leaf_weight=9.3423541188240034 27.846003577113152 9.1564137637615186 62.376920148730278 8.7156426608562487 9.4685766249895078 12.450572073459623 9.9467479139566404
leaf_count=38 112 37 252 35 38 50 40
internal_value=0.00147567 0.00351604 -0.0022387 0.0114824 0.00121382 0.0179767 -0.00219719
internal_weight=149.303 139.961 81.0019 58.959 71.8455 40.2966 18.6624
internal_count=602 564 327 237 290 162 75
is_linear=0
shrinkage=0.03


Tree=19
num_leaves=8
num_cat=0
split_feature=15 5 15 37 10 11 35
split_gain=9.17653 10.4172 11.1523 11.9295 11.4004 3.59549 0.274601
threshold=3.5743924086543184 0.040468682185499157 1.2337139321592352 0.0094320463773972536 0.0011048925287935332 0.010815193963786053 0.023238875742619961
decision_type=2 2 2 2 2 2 2
left_child=1 2 3 -1 -4 -3 -7
right_child=-2 5 4 -5 -6 6 -8
leaf_value=0.014529384502365975 -0.027256702148993884 0.0018081991895084559 0.0068799666924995416 -0.0061282047360354877 -0.033602711522084008 0.013567707004097228 0.036108519214878294
leaf_weight=48.001833885908127 7.3314235210418692 8.1968726366758364 8.4466097354888934 47.78837276995182 14.04945360124111 7.7071439474821073 7.7125949561595917
leaf_count=193 30 33 34 193 57 31 31
internal_value=0.00142464 0.00336893 -0.000258137 0.00415566 -0.0184696 0.0207228 0.0285545
internal_weight=149.234 141.903 118.286 95.7902 22.4961 23.6166 15.4197
internal_count=602 572 477 386 91 95 62
is_linear=0
shrinkage=0.03


Tree=20
num_leaves=8
num_cat=0
split_feature=7 4 28 34 20 6 19
split_gain=10.6687 9.98039 9.43824 6.43167 7.47072 5.20477 4.76826
threshold=-0.017519215051790309 -0.0022820293974591395 8.5000000000000018 -0.031542948271220277 0.011442453252968112 1.0000000180025095e-35 0.041204347043906568
decision_type=2 2 2 2 2 2 2
left_child=-1 2 6 -3 -5 -4 -2
right_child=1 3 5 4 -6 -7 -8
leaf_value=-0.023182742153982069 0.0078801866358235006 0.017297676335987146 0.0124815422587759 0.003618633937636995 -0.014629597194370746 -0.014918055896403501 0.037510973593764742
leaf_weight=13.777981370687483 11.466291651129724 9.9237921983003599 10.698505520820619 34.754542246460915 41.220926150679588 10.172038793563841 13.1123960763216
leaf_count=56 46 40 43 140 167 41 53
internal_value=4.13581e-05 0.00290113 0.0140131 -0.00299263 -0.00621097 -0.000353565 0.0258853
internal_weight=145.126 131.348 45.4492 85.8993 75.9755 20.8705 24.5787
internal_count=586 530 183 347 307 84 99
is_linear=0
shrinkage=0.03


Tree=21
num_leaves=8
num_cat=0
split_feature=17 26 37 19 7 21 7
split_gain=11.3081 8.49185 6.40103 5.70439 8.69355 7.20284 4.18423
threshold=-0.20125667234033653 0.21429369403907209 -0.022199825009121651 0.042902206167560943 0.005491121816103446 0.0096164057938531843 -0.0067079786442332916
decision_type=2 2 2 2 2 2 2
left_child=-1 2 -2 4 -3 -5 -4
right_child=1 3 6 5 -6 -7 -8
leaf_value=-0.026101299738517957 0.016468585417074234 0.0091100633905287619 0.0049468577327771227 0.025947681599783303 -0.024668253972957657 0.0021155818652317361 -0.014372386270033514
leaf_weight=11.429461270570753 7.6885901838541022 19.927072077989582 10.896615087985991 25.089287534356117 7.9162564873695365 22.961490973830223 39.104754880070686
leaf_count=47 31 80 44 101 32 93 158
internal_value=5.379e-05 0.00275426 -0.00565285 0.00931845 -0.00100055 0.0153986 -0.00984543
internal_weight=145.014 133.584 57.69 75.8941 27.8433 48.0508 50.0014
internal_count=586 539 233 306 112 194 202
is_linear=0
shrinkage=0.03


Tree=22
num_leaves=6
num_cat=0
split_feature=7 31 10 28 12
split_gain=10.0571 9.25558 6.76888 14.0894 7.09617
threshold=-0.017519215051790309 -2.4999999999999996 -0.0028402249691101274 8.5000000000000018 66.190672954543686
decision_type=2 2 2 2 2
left_child=-1 -2 3 -3 -4
right_child=1 2 4 -5 -6
leaf_value=-0.022528708767844029 0.030350316949196914 0.028515101975185902 -0.010958371318876592 -0.0057296938937728076 0.0064651359618505778
leaf_weight=13.730649173259733 8.1777633577585203 18.289991974830627 52.424338236451149 20.782891094684601 31.497311681509018
leaf_count=56 33 74 212 84 127
internal_value=5.24285e-05 0.00283162 0.000425577 0.010543 -0.00424616
internal_weight=144.903 131.172 122.995 39.0729 83.9216
internal_count=586 530 497 158 339
is_linear=0
shrinkage=0.03


Tree=23
num_leaves=10
num_cat=0
split_feature=26 11 35 20 14 18 19 40 9
split_gain=9.40194 13.3694 6.44086 5.66797 6.24296 9.19872 3.72293 5.20837 3.78529
threshold=0.21429369403907209 0.021889748396682011 0.028409734978965377 0.015668522909115353 1.7349696497804674 0.56643544570519877 0.040958566215085666 0.05249650944735907 0.0093535550538318881
decision_type=2 2 2 2 2 2 2 2 2
left_child=3 6 -3 4 5 -1 8 -8 -2
right_child=1 2 -4 -5 -6 -7 7 -9 -10
leaf_value=0.0040844904619553452 0.011997422665186015 -0.02485792985296132 0.0064938289457941029 -0.02389699759881132 0.016074712623357381 -0.023416838825183497 0.02469808770543306 0 -0.011952763714301593
leaf_weight=21.807404100894928 13.18409723043442 12.777042627334597 7.6500953286886206 14.191455185413359 9.8760370314121229 17.7659772336483 30.967323571443558 9.1265056133270246 7.4546065628528586
leaf_count=88 53 52 31 58 40 72 125 37 30
internal_value=5.84703e-05 0.00685696 -0.0129156 -0.00832772 -0.0028127 -0.00843366 0.0139462 0.0191411 0.00239242
internal_weight=144.801 81.1597 20.4271 63.6409 49.4494 39.5734 60.7325 40.0938 20.6387
internal_count=586 328 83 258 200 160 245 162 83
is_linear=0
shrinkage=0.03


Tree=24
num_leaves=6
num_cat=0
split_feature=17 24 34 20 15
split_gain=10.427 8.16366 6.92055 8.28432 5.69058
threshold=-0.20125667234033653 0.70601579911445322 -0.031542948271220277 0.015668522909115353 0.1633007196763103
decision_type=2 2 2 2 2
left_child=-1 2 4 -4 -2
right_child=1 -3 3 -5 -6
leaf_value=-0.025148592820272271 0.038400531724802969 -0.018417016454814403 0.005866338441975141 -0.016423351692271687 0.0009707337407422091
leaf_weight=11.345984399318693 7.6202588081359846 12.579148128628729 89.917878970503807 15.773016095161436 7.4539041519165039
leaf_count=47 31 51 363 64 30
internal_value=4.63019e-05 0.00264086 0.00522078 0.00215737 0.0230524
internal_weight=144.69 133.344 120.765 105.691 15.0742
internal_count=586 539 488 427 61
is_linear=0
shrinkage=0.03


Tree=25
num_leaves=11
num_cat=0
split_feature=10 19 21 35 35 21 21 5 38 38
split_gain=7.59627 10.2019 16.9582 9.20027 8.90693 6.28953 4.69583 4.66286 12.5158 3.03984
threshold=0.0038278142027143862 0.044902959588079279 0.0080658984836410891 0.033019795453038799 0.017198453265034556 0.0069502512810328196 0.005511620987641676 -0.049527168771573975 0.010036768366761853 0.0078650493049408302
decision_type=2 2 2 2 2 2 2 2 2 2
left_child=5 6 3 -3 -4 9 -2 -7 -9 -1
right_child=1 2 4 -5 -6 7 -8 8 -10 -11
leaf_value=0.0040609643469857277 -0.0039083099231254107 -0.0024633890945901082 0.0015071178855711898 0.036393935794069451 -0.027578027367500334 0.016731950540770261 -0.036697314457276219 0.0086526207688613389 -0.019398743385015536 0.031282714514523191
leaf_weight=8.9380715191364306 7.906298607587817 7.9469832479953793 16.779153242707253 10.908409073948858 16.904968351125717 11.043315455317495 11.347722381353377 31.382891580462456 22.767967492341995 8.6602884680032712
leaf_count=36 32 32 68 44 69 45 46 127 92 35
internal_value=-0.000905529 -0.00801313 -0.000600937 0.0206318 -0.013397 0.00512456 -0.0255736 0.000396198 -0.00314542 0.0200477
internal_weight=154.586 71.7935 52.5395 18.8554 33.6841 82.7925 19.254 65.1942 54.1509 17.5984
internal_count=626 291 213 76 137 335 78 264 219 71
is_linear=0
shrinkage=0.03


Tree=26
num_leaves=10
num_cat=0
split_feature=10 34 10 20 7 11 6 35 7
split_gain=7.2381 11.4937 9.19581 8.2732 8.16155 6.89986 6.72949 5.86135 4.13438
threshold=0.0038278142027143862 0.040402321044931029 0.01492170834774509 0.011442453252968112 -0.017519215051790309 0.00016102860073441419 0.0051281946413409335 0.032013706757763279 0.0015198488409949513
decision_type=2 2 2 2 2 2 2 2 2
left_child=1 4 5 -4 -1 -2 -6 -5 -7
right_child=2 -3 3 7 6 8 -8 -9 -10
leaf_value=-0.0099871886812731292 -0.00054922908788768989 -0.023590459331186531 0.020385710728746866 0.0033294147168734488 0.020376839961329326 -0.0074065109417600665 -0.00049528870798606548 -0.023648535662747643 -0.03956073627095965
leaf_weight=13.770074978470801 13.323091655969618 8.9044007509946805 12.622650176286696 15.783881530165674 41.903257295489311 8.0921151041984576 18.195075452327728 9.8003336489200574 12.057015880942343
leaf_count=56 54 36 51 64 169 33 74 40 49
internal_value=-0.000870287 0.00501185 -0.00781805 0.001946 0.00918839 -0.0188674 0.0140037 -0.00742637 -0.0291593
internal_weight=154.452 82.7728 71.6791 38.2069 73.8684 33.4722 60.0983 25.5842 20.1491
internal_count=626 335 291 155 299 136 243 104 82
is_linear=0
shrinkage=0.03


Tree=27
num_leaves=10
num_cat=0
split_feature=10 34 23 34 7 38 34 12 13
split_gain=6.84057 10.9126 9.29996 8.69955 7.72283 7.10515 4.38234 2.97855 2.53774
threshold=0.0038278142027143862 0.040402321044931029 1.177374517827084 0.018141509721199548 -0.017519215051790309 0.0067783681435839571 0.026408176255276809 74.226208318483785 -3.921829981871205
decision_type=2 2 2 2 2 2 2 2 2
left_child=1 4 3 8 -1 -6 -5 -4 -2
right_child=2 -3 7 6 5 -7 -8 -9 -10
leaf_value=-0.0097325587800374831 -0.0056632270031054871 -0.023037860203413234 -0.00061937833896121854 0.016566873586338335 -0.010193097713660278 0.017610071252862711 -0.0089174415915669724 0.022741839983319211 -0.026775527450973672
leaf_weight=13.758922368288038 10.284450978040693 8.8925954550504667 7.3544336408376676 8.6259231418371218 7.6832187026739112 52.398892059922218 11.752420619130133 7.7093804776668549 25.858528971672058
leaf_count=56 42 36 30 35 31 212 48 31 105
internal_value=-0.000877244 0.0048381 -0.00763849 -0.0132788 0.00891195 0.0135992 0.00171603 0.0117216 -0.0217732
internal_weight=154.319 82.7336 71.5851 56.5213 73.841 60.0821 20.3783 15.0638 36.143
internal_count=626 335 291 230 299 243 83 61 147
is_linear=0
shrinkage=0.03


Tree=28
num_leaves=12
num_cat=0
split_feature=10 19 19 5 35 18 7 11 35 38 9
split_gain=6.41648 9.28323 5.61557 8.68192 6.2464 5.23207 6.74205 5.09458 4.34313 4.32246 4.06027
threshold=0.0038278142027143862 0.044902959588079279 0.057463348356479128 -0.049527168771573975 0.053624426308413138 0.8402683081630945 0.021857331080209774 0.027224373167538233 0.030870281672012782 0.0068828079559486314 -0.0089885951407001514
decision_type=2 2 2 2 2 2 2 2 2 2 2
left_child=2 8 4 -4 9 7 -7 -3 -2 -1 -5
right_child=1 5 3 10 -6 6 -8 -9 -10 -11 -12
leaf_value=-0.0020847983978474083 -0.03744997204666143 0 0.01456946347541223 -0.030754424470076251 -0.0070342201197323229 0.022564465584993188 -0.0061298738727005829 -0.027435418709820643 -0.0062311192350561762 0.020628585831616083 -0.0026431456163330605
leaf_weight=7.7060304731130591 9.3017272651195544 19.869337216019634 10.535050287842752 8.0877889394760167 11.674796551465986 13.109983593225481 11.891166269779204 7.5031958669424048 9.8370427191257459 32.91348934173584 11.770263612270352
leaf_count=31 38 81 43 33 47 53 48 31 40 133 48
internal_value=-0.000871145 -0.00742527 0.00466158 -0.00506318 0.0105681 -0.000346538 0.00891805 -0.00935024 -0.0242212 0.016072 -0.016545
internal_weight=154.2 71.5125 82.6874 30.3931 52.2943 52.3737 25.0011 27.3725 19.1388 40.6195 19.8581
internal_count=626 291 335 124 211 213 101 112 78 164 81
is_linear=0
shrinkage=0.03


Tree=29
num_leaves=11
num_cat=0
split_feature=36 21 37 5 34 4 3 35 2 7
split_gain=6.09017 11.2156 7.16032 6.31445 10.2243 6.31972 5.09941 7.32781 4.79588 4.60713
threshold=0.0065766509884510908 0.0069062611171591681 0.027661422089215962 0.021666450592379264 0.022760928130275197 0.0055573874055685488 0.0035807564667195151 0.013520052306413068 0.0068316810775702628 -0.015158809871259353
decision_type=2 2 2 2 2 2 2 2 2 2
left_child=1 2 -1 4 5 -2 9 -8 -5 -3
right_child=3 6 -4 8 -6 -7 7 -9 -10 -11
leaf_value=0.037805023433029314 0.016421977728471815 -0.0094392092289497763 0.0017513259847237945 -0.029445970202626785 -0.024952139347874408 -0.0088217461189965315 0.0092659332699287777 -0.019938353129332079 -0.0013672039411257646 0.012647250910238109
leaf_weight=10.52771605551243 22.471565008163452 10.008472144603727 10.072540700435637 14.106943830847742 9.6152408421039564 11.617497116327284 9.3466623127460497 21.208809688687325 10.386124461889265 24.688623026013374
leaf_count=43 91 41 41 58 39 47 38 86 42 100
internal_value=-0.000884138 0.00428367 0.0225552 -0.00754021 -0.00017687 0.0073912 -0.00176084 -0.0105238 -0.0191076 0.00570038
internal_weight=154.05 85.8528 20.6003 68.1974 43.7043 34.0891 65.2526 30.5555 24.4931 34.6971
internal_count=626 349 84 277 177 138 265 124 100 141
is_linear=0
shrinkage=0.03


Tree=30
num_leaves=7
num_cat=0
split_feature=20 40 20 16 33 4
split_gain=8.29529 6.12619 8.59891 11.1906 7.67447 4.12581
threshold=0.0089057465327704571 -0.048627394130812289 0.014145628445757981 -0.53002339131626675 0.83451683043843339 0.0096432671674163712
decision_type=2 2 2 2 2 2
left_child=5 -2 3 -3 -4 -1
right_child=1 2 4 -5 -6 -7
leaf_value=0.02837967091084851 0.016544279444085746 0.029786785982762104 -0.024002821368971073 -0.0044279746154968951 0.0037953306706176508 0
leaf_weight=9.3660513162612933 9.3442293554544431 7.845978468656539 31.337497547268867 66.122849181294441 10.349772229790686 7.3864244520664206
leaf_count=38 38 32 129 268 42 30
internal_value=-0.00145792 -0.00428351 -0.00634637 0 -0.0169002 0.0170338
internal_weight=141.753 125 115.656 73.9688 41.6873 16.7525
internal_count=577 509 471 300 171 68
is_linear=0
shrinkage=0.03


Tree=31
num_leaves=10
num_cat=0
split_feature=21 35 34 14 22 8 22 36 35
split_gain=7.85902 20.9261 6.05802 7.54573 5.44971 5.24066 4.99195 3.11034 1.54721
threshold=0.0070891218307377914 0.030407269327640932 -0.028362441417357828 0.3209926555740879 -0.029863073595101871 0.00048318068337523345 0.096816567312544191 0.0074039752465433857 0.052026658042966474
decision_type=2 2 2 2 2 2 2 2 2
left_child=1 5 3 -2 7 -1 -6 -4 -3
right_child=2 8 4 -5 6 -7 -8 -9 -10
leaf_value=0.0056090438742751108 0.028835729823238603 0.038523734472791601 -0.020412917543596028 -0.0082680593554423139 0.012041857815118018 -0.023485719149216502 -0.0080599676902843552 0 0.011756318693236173
leaf_weight=7.428791061043742 7.579802989959715 11.50079555809498 33.28653059899807 7.8701784610748291 14.549832865595816 11.063135996460913 31.109942883253098 9.8233398050069791 7.3986574262380591
leaf_count=30 31 47 136 32 59 45 127 40 30
internal_value=-0.00138608 0.00994339 -0.00570271 0.0102942 -0.00881763 -0.0116588 -0.00110312 -0.0162448 0.0308905
internal_weight=141.611 37.3914 104.22 15.45 88.7696 18.4919 45.6598 43.1099 18.8995
internal_count=577 152 425 63 362 75 186 176 77
is_linear=0
shrinkage=0.03


Tree=32
num_leaves=10
num_cat=0
split_feature=21 35 34 14 27 26 8 34 35
split_gain=7.46766 19.9773 5.74828 7.21972 4.72152 5.03667 4.575 1.61814 1.01642
threshold=0.0070891218307377914 0.028409734978965377 -0.028362441417357828 0.3209926555740879 1.0000000180025095e-35 0.29520928824211495 0.0033497491437849678 0.01144786039043766 0.052026658042966474
decision_type=2 2 2 2 2 2 2 2 2
left_child=1 6 3 -2 7 -6 -1 -4 -3
right_child=2 8 4 -5 5 -7 -8 -9 -10
leaf_value=0.00094197862277494327 0.028229947638483476 0.03528953687870072 -0.0025547860704083279 -0.0080729307618281308 -0.018178269401944329 -0.0016643156302997746 -0.026728765218572568 0.014205324718594035 0.011477667262507162
leaf_weight=9.1592915207147616 7.5534963607788068 12.683589816093447 7.8464526385068876 7.8669836968183517 42.954971939325333 30.48070140182972 8.0723832398653013 7.4098851829767227 7.3994727879762641
leaf_count=37 31 52 32 32 176 124 33 30 30
internal_value=-0.0013272 0.00972537 -0.00553853 0.0100479 -0.00857569 -0.0117486 -0.0126724 0.00541916 0.0290295
internal_weight=141.427 37.3147 104.112 15.4205 88.692 73.4357 17.2317 15.2563 20.0831
internal_count=577 152 425 63 362 300 70 62 82
is_linear=0
shrinkage=0.03


Tree=33
num_leaves=7
num_cat=0
split_feature=21 38 18 38 17 17
split_gain=7.07842 8.0894 6.61903 5.24009 5.31511 5.88704
threshold=0.0070891218307377914 0.0069842386339614556 0.74777352711137957 0.014509642356889844 -0.20125667234033653 0.065995392705122072
decision_type=2 2 2 2 2 2
left_child=1 -1 -3 4 -2 -6
right_child=3 2 -4 -5 5 -7
leaf_value=-0.012980622047450284 -0.025927398020182339 0.030205331854801683 0.00092234719489061917 0.014442345240634147 0.0010087148377172159 -0.015087905086662494
leaf_weight=8.6304589062929136 10.79586026072502 14.409920811653139 14.188236489892004 8.5541418641805631 55.902485206723213 28.74589978158474
leaf_count=35 46 59 58 35 227 117
internal_value=-0.00127219 0.00949838 0.0171774 -0.00537575 -0.00756584 -0.00450654
internal_weight=141.227 37.2286 28.5982 103.998 95.4442 84.6484
internal_count=577 152 117 425 390 344
is_linear=0
shrinkage=0.03


Tree=34
num_leaves=9
num_cat=0
split_feature=21 35 4 38 28 28 19 35
split_gain=6.70915 14.9014 5.26218 5.10839 6.09937 10.2904 8.40118 2.6516
threshold=0.0073189317420791619 0.028409734978965377 0.0036555854115130075 0.014509642356889844 9.5000000000000018 2.5000000000000004 0.048856254418714974 0.05330359614125902
decision_type=2 2 2 2 2 2 2 2
left_child=1 2 -1 4 5 -2 -6 -3
right_child=3 7 -4 -5 6 -7 -8 -9
leaf_value=0.0037681085023884725 0.010038241837457603 0.031684732081186467 -0.025179661420709959 0.01410016493368261 0.022642237763841735 -0.019327262389338483 -0.0076160982046733598 0.0052973220035458356
leaf_weight=9.6443443894386309 11.574890077114103 14.568468272686006 8.5448324829339963 8.5475152581930143 10.364346191287039 48.165622428059578 22.26751597225666 7.4020330905914298
leaf_count=39 47 60 35 35 42 198 91 30
internal_value=-0.00123223 0.00873192 -0.0102351 -0.0054357 -0.00766287 -0.0132538 0.00231384 0.0246041
internal_weight=141.08 40.1597 18.1892 100.92 92.3724 59.7405 32.6319 21.9705
internal_count=577 164 74 413 378 245 133 90
is_linear=0
shrinkage=0.03


Tree=35
num_leaves=8
num_cat=0
split_feature=14 20 19 19 14 5 4
split_gain=7.07126 8.93643 14.9115 8.6232 7.66141 6.4246 2.28684
threshold=-2.1879937199194042 0.014782687894752624 0.092985538752797817 0.032804483384471499 -1.0880678463313698 0.0089149670909012286 -0.012068474323469356
decision_type=2 2 2 2 2 2 2
left_child=-1 3 6 5 -5 -2 -3
right_child=1 2 -4 4 -6 -7 -8
leaf_value=0.026415359615950838 0.0021745466629652056 -0.012200210966168825 0.0084748787783016973 -0.01572184808255106 0.012603345581886622 -0.025034802102304025 -0.039891114925830466
leaf_weight=7.5094487071037284 15.763439923524858 9.3545844852924329 14.353964313864706 7.611059606075286 68.743461385369301 11.499959781765936 9.9055386483669299
leaf_count=31 64 38 59 31 280 47 42
internal_value=0.00137997 -0.000242016 -0.0133334 0.00403491 0.00925921 -0.00971662 -0.0295602
internal_weight=144.741 137.232 33.6141 103.618 76.3545 27.2634 19.2601
internal_count=592 561 139 422 311 111 80
is_linear=0
shrinkage=0.03


Tree=36
num_leaves=11
num_cat=0
split_feature=10 37 12 28 20 19 38 37 35 38
split_gain=5.48587 9.40169 7.4404 8.32116 5.49995 6.69719 6.0056 5.25046 2.07226 0.98883
threshold=-0.0028402249691101274 -0.0098317351816420966 66.190672954543686 10.500000000000002 0.014036691825046573 0.092985538752797817 0.010271828255369988 0.032814669393940406 0.026155196546490126 0.0081573184294964889
decision_type=2 2 2 2 2 2 2 2 2 2
left_child=4 8 3 -3 6 -6 9 -4 -2 -1
right_child=1 2 7 -5 5 -7 -8 -9 -10 -11
leaf_value=0.013074795492993252 0.0029418829245865755 -0.021201353603228751 -0.0074005883501592718 0.0058813461586606306 -0.015673314660915628 0.015174094246421211 -0.0016910225059663735 0.017219709448397128 0.026560661476663007 0.033608097070761234
leaf_weight=12.338249459862714 8.6652633845806104 37.194813013076782 13.493804559111597 11.757006660103796 12.731129303574564 8.9228214025497419 9.6255622208118421 13.060564383864401 7.3307636827230445 9.5101812928915006
leaf_count=50 35 154 55 48 52 37 39 53 30 39
internal_value=0.00131837 -0.00300732 -0.00761743 -0.0144268 0.00887942 -0.0021198 0.0165695 0.00454135 0.0163485 0.0247104
internal_weight=144.63 91.5022 75.5062 48.9518 53.1279 21.654 31.474 26.5544 15.996 21.8484
internal_count=592 375 310 202 217 89 128 108 65 89
is_linear=0
shrinkage=0.03


Tree=37
num_leaves=12
num_cat=0
split_feature=11 34 35 3 36 21 2 21 18 21 23
split_gain=7.19469 7.40216 6.91631 5.97606 6.69635 5.44885 5.25715 4.99482 3.11415 2.42897 0.801624
threshold=0.01888802775935872 0.0048645084860691199 -0.082039518755381388 0.0094786820981104265 0.0067213542211298286 0.0095127758710439412 -0.0026065459369506434 0.0091174293376544546 0.81815964592944246 0.0082287241953155985 0.92146013598927745
decision_type=2 2 2 2 2 2 2 2 2 2 2
left_child=1 2 -1 4 -3 6 -2 -4 -8 -5 -7
right_child=5 3 7 9 -6 10 8 -9 -10 -11 -12
leaf_value=-0.0066306976003163475 -0.016522236551235303 0.013876878114673983 0.0074362761460770701 0 -0.0095038562404674808 -0.0061885576668321753 0.022733231278027469 0.032477517430445128 -0.00066040288751740856 -0.023367747099689175 -0.025113819317886598
leaf_weight=8.5703690797090513 7.8376738280057934 26.697464600205421 17.642050266265869 7.360199227929118 15.4251412153244 7.2539551407098797 7.3879005312919608 16.170946329832077 8.4709898084402067 9.986913934350012 11.638592079281805
leaf_count=35 32 109 72 30 63 30 30 66 35 41 49
internal_value=0.00131456 0.00571317 0.0150084 -0.000940162 0.00493228 -0.00865287 0.000543336 0.0209759 0.0107231 -0.0150109 -0.0198533
internal_weight=144.442 101.853 42.3834 59.4697 42.1226 42.5891 23.6966 33.813 15.8589 17.3471 18.8925
internal_count=592 416 173 243 172 176 97 138 65 71 79
is_linear=0
shrinkage=0.03


Tree=38
num_leaves=10
num_cat=0
split_feature=11 17 3 3 4 20 14 9 38
split_gain=6.83225 7.15304 6.22505 10.4155 6.13889 6.41035 4.88752 4.8521 1.76461
threshold=0.01888802775935872 -0.068402859413971048 0.030950614700544724 0.0094786820981104265 0.0036555854115130075 0.01109299624580126 0.43118887037016412 0.021017435966614307 0.0081829894855656189
decision_type=2 2 2 2 2 2 2 2 2
left_child=2 8 3 6 -3 -6 -1 -5 -2
right_child=1 4 -4 7 5 -7 -8 -9 -10
leaf_value=0.013669309041633812 -0.0075168149247861948 0.016896661081772509 0.027478211812250703 -0.023065768903346117 0.0084162366972882277 -0.025102119925308298 -0.0029404120415255615 0.002882987532220408 -0.03326466638827949
leaf_weight=49.702723905444145 7.7058502882719022 10.833091214299204 8.6478387564420682 14.832796841859819 7.2631463706493404 9.08332312107086 20.231891810894012 8.3816640526056272 7.630069300532341
leaf_count=203 32 44 35 61 30 38 83 34 32
internal_value=0.00125694 -0.00846258 0.00554566 0.00281704 0.000568285 -0.0100975 0.00870749 -0.0136164 -0.0235521
internal_weight=144.312 42.5155 101.797 93.1491 27.1796 16.3465 69.9346 23.2145 15.3359
internal_count=592 176 416 381 112 68 286 95 64
is_linear=0
shrinkage=0.03


Tree=39
num_leaves=9
num_cat=0
split_feature=5 20 19 19 23 20 21 33
split_gain=5.35375 8.50897 12.3979 8.38768 6.48406 5.9088 4.44456 0.773458
threshold=-0.054732633791895184 0.014782687894752624 0.092985538752797817 0.032804483384471499 0.97990373379916962 0.017633262216566279 0.010919560164745113 0.24490752367906782
decision_type=2 2 2 2 2 2 2 2
left_child=-1 3 7 4 -2 -4 -5 -3
right_child=1 2 5 6 -6 -7 -8 -9
leaf_value=0.023272747231521174 0.0055696564018842968 -0.011637533950298014 -0.0098344136104246711 0.011756838109961028 -0.021695706410896704 0.023459106839450388 -0.0093278012816999187 -0.034502219316765108
leaf_weight=7.2819563895463935 11.998931020498278 7.4935748428106335 7.5342900902032834 68.113812059164047 15.159709706902502 7.2610289454460144 8.006756439805029 11.307489812374113
leaf_count=30 49 31 31 278 62 30 33 48
internal_value=0.00120788 -0.00017624 -0.0129544 0.00400509 -0.00957942 0.00645962 0.00916501 -0.0281053
internal_weight=144.158 136.876 33.5964 103.279 27.1586 14.7953 76.1206 18.8011
internal_count=592 562 140 422 111 61 311 79
is_linear=0
shrinkage=0.03


Tree=40
num_leaves=7
num_cat=0
split_feature=19 2 7 40 19 23
split_gain=6.02275 7.76569 6.93388 5.4178 7.54452 4.48295
threshold=0.032804483384471499 -0.018731066622716893 0.0040564024909474534 -0.050933683469844108 0.049676011178424351 1.0293735904834631
decision_type=2 2 2 2 2 2
left_child=2 -2 5 -3 -5 -1
right_child=1 3 -4 4 -6 -7
leaf_value=0.01506456993665394 -0.021691595108413609 0.026608760745193482 -0.029946383560983308 0.013476486936236799 -0.0036215738782792795 -0.01297913614949439
leaf_weight=7.3568145334720674 8.9028623402118665 7.4933352768421164 10.471399396657942 33.945839062333107 61.970345556735992 9.3452843427658063
leaf_count=30 38 31 43 139 255 38
internal_value=-0.000783917 0.00222072 -0.0130176 0.00479422 0.0024281 0
internal_weight=139.486 112.312 27.1735 103.41 95.9162 16.7021
internal_count=574 463 111 425 394 68
is_linear=0
shrinkage=0.03


Tree=41
num_leaves=11
num_cat=0
split_feature=19 20 19 22 20 7 20 20 13 15
split_gain=5.72403 9.42379 11.0791 6.94948 6.80142 6.62219 6.17769 4.7878 4.13309 3.48361
threshold=0.032804483384471499 0.014145628445757981 0.092985538752797817 0.096816567312544191 0.015064394860144865 0.0040564024909474534 0.01723510578921188 0.0089057465327704571 3.7571872775513495 1.3779969087091375
decision_type=2 2 2 2 2 2 2 2 2 2
left_child=5 3 4 9 -3 7 -4 -1 -5 -2
right_child=1 2 6 8 -6 -7 -8 -9 -10 -11
leaf_value=0.015608725517132148 0.020523187421676151 0.00099828961540185108 -0.0088185840628079298 -0.010023175383754801 -0.031062842875674471 -0.029284846364269753 0.022022627649334159 -0.01338285605339914 0.013675741108128458 0
leaf_weight=7.3453587591648164 33.637390464544296 7.2634498625993755 8.7132116854190844 19.289082750678066 16.720425620675087 10.432472839951513 10.305205836892126 9.3466170132160169 7.3727843910455695 8.9452242851257306
leaf_count=30 137 30 36 79 71 43 43 38 30 37
internal_value=-0.000766728 0.0021591 -0.00846056 0.00901705 -0.0214465 -0.0127063 0.00768458 0 -0.0024494 0.0163207
internal_weight=139.371 112.247 43.0023 69.2445 23.9839 27.1244 19.0184 16.692 26.6619 42.5826
internal_count=574 463 180 283 101 111 79 68 109 174
is_linear=0
shrinkage=0.03


Tree=42
num_leaves=11
num_cat=0
split_feature=19 20 19 32 20 7 5 5 20 35
split_gain=5.43985 8.91471 10.5293 7.7953 6.52346 6.32785 4.73512 5.76611 4.56165 3.176
threshold=0.032804483384471499 0.014145628445757981 0.092985538752797817 0.0018497229414278229 0.015064394860144865 0.0040564024909474534 -0.015690546130804391 0.029586450282283797 0.0089057465327704571 0.043096420070637305
decision_type=2 2 2 2 2 2 2 2 2 2
left_child=5 6 4 -4 -3 8 9 -8 -1 -2
right_child=1 2 3 -5 -6 -7 7 -9 -10 -11
leaf_value=0.015249146502093009 0.032060711830208456 0.00097471699994002535 -0.0073758035247076525 0.027678455023967458 -0.030415215147263391 -0.028646327935805349 -0.0046216201049390426 0.01474804128729509 -0.013055799240521212 0.0038372086616490545
leaf_weight=7.34024445712567 9.46927657723427 7.264293476939204 11.259353935718538 7.7480746060609809 16.608442485332489 10.390275448560713 29.883459270000458 21.758964583277702 9.3434809595346433 8.0930978655815107
leaf_count=30 39 30 47 32 71 43 122 89 38 33
internal_value=-0.000751297 0.00209976 -0.00824276 0.00747418 -0.0209467 -0.0124029 0.0087703 0.00350553 0 0.0215435
internal_weight=139.159 112.085 42.8802 19.0074 23.8727 27.074 69.2048 51.6424 16.6837 17.5624
internal_count=574 463 180 79 101 111 283 211 68 72
is_linear=0
shrinkage=0.03


Tree=43
num_leaves=8
num_cat=0
split_feature=2 5 5 3 20 16 13
split_gain=5.14048 5.98429 10.035 6.2486 5.81906 4.72704 4.13197
threshold=-0.020341925136648339 -0.0037984191018901599 0.029586450282283797 0.0048052373444807958 0.011724887410728664 -0.68993752329587543 1.341470775290919
decision_type=2 2 2 2 2 2 2
left_child=-1 5 3 -3 -4 -2 -7
right_child=1 2 4 -5 -6 6 -8
leaf_value=-0.020809943267059022 -0.0064794203870246281 -0.0013307028043129895 0.020649758281071125 -0.023097920624868203 -0.001986341508275479 0.023836046917564038 0.0019025461925363516
leaf_weight=8.6578490883111936 10.128422200679777 25.777134791016579 15.415686026215552 23.339350715279579 21.493236139416695 18.549730062484741 15.573939219117163
leaf_count=37 42 106 63 97 89 76 64
internal_value=-0.00071948 0.000796727 -0.003684 -0.0124666 0.00765799 0.00961415 0.0149005
internal_weight=138.935 130.277 86.0254 49.1165 36.9089 44.2521 34.1237
internal_count=574 537 355 203 152 182 140
is_linear=0
shrinkage=0.03


Tree=44
num_leaves=11
num_cat=0
split_feature=4 10 22 22 23 5 4 4 34 23
split_gain=5.1771 9.94884 4.8097 5.59708 4.62464 4.29483 3.66467 5.09232 3.10359 1.50267
threshold=0.022795558748890058 0.0011048925287935332 0.16313452842474288 0.40598973928275656 0.82839717602223739 0.026588483045941972 0.039292622713230758 0.052917224782841894 0.027805095720300769 1.0763780173114037
decision_type=2 2 2 2 2 2 2 2 2 2
left_child=1 2 8 -4 -3 -6 9 -8 -1 -2
right_child=6 4 3 -5 5 -7 7 -9 -10 -11
leaf_value=0.013669372761069592 0.027256918611377259 0.0016403535065350331 -0.021717919295163299 0.0081460529753684448 -0.025732604341480329 -0.0018849937273621427 -0.016416128385550507 0.014462534709937974 -0.0047251801280659292 0.0056078463609988147
leaf_weight=33.194771587848663 7.8206273466348675 10.915632501244543 9.9239818751811999 8.286408603191374 24.693403139710426 11.476221352815626 7.7763176262378675 7.3453007638454437 8.2661896646022779 9.0705360621213895
leaf_count=137 32 45 41 34 103 48 32 30 34 38
internal_value=-0.000705177 -0.00398777 0.00393068 -0.00792515 -0.0140797 -0.0190542 0.00939145 -0.00060348 0.00960818 0.0182499
internal_weight=138.769 106.757 59.6714 18.2104 47.0853 36.1696 32.0128 15.1216 41.461 16.8912
internal_count=574 442 246 75 196 151 132 62 171 70
is_linear=0
shrinkage=0.03


Tree=45
num_leaves=12
num_cat=0
split_feature=20 19 21 10 19 11 13 21 20 11 40
split_gain=6.86112 9.21945 8.38298 6.44309 5.48148 8.64452 3.73259 3.30337 3.25812 3.22354 2.5294
threshold=0.014145628445757981 0.042902206167560943 0.015070088306994552 0.0043559062104354682 0.053501129854321518 0.003797687162881425 -4.2808764523727794 0.0056792372690173919 0.0089057465327704571 0.014997535034095179 0.030275039776710536
decision_type=2 2 2 2 2 2 2 2 2 2 2
left_child=1 3 6 8 10 -6 -2 -5 -1 -8 -3
right_child=2 4 -4 7 5 -7 9 -9 -10 -11 -12
leaf_value=0.018329688305339712 0 0.03478840643427214 0.016834647958022111 -0.0011832600044904577 -0.016954765277326443 0.014546426235103611 -0.028607776923579811 -0.030464468983325409 -0.0015998552482719293 -0.0066968020705035084 0.0068709720864762423
leaf_weight=7.4990391582250586 11.017278671264647 11.156742677092554 7.5942606776952735 7.3330163508653623 8.8801590204238874 24.768451347947121 14.971737876534464 7.9091748595237732 27.682388141751289 15.353227436542509 7.2742274552583686
leaf_count=31 47 46 32 30 36 102 63 33 113 64 30
internal_value=0.000540321 0.00502421 -0.00838571 -0.00383976 0.0137083 0.00532741 -0.0139276 -0.0190185 0.00300222 -0.0190792 0.0262555
internal_weight=151.44 102.503 48.9365 50.4236 52.0796 33.6486 41.3422 15.2422 35.1814 30.325 18.431
internal_count=627 421 206 207 214 138 174 63 144 127 76
is_linear=0
shrinkage=0.03


Tree=46
num_leaves=11
num_cat=0
split_feature=36 34 14 17 1 28 34 4 35 1
split_gain=7.10775 9.86587 11.643 8.53553 8.10212 7.16497 3.9257 2.9177 2.24066 1.07766
threshold=0.0066286994797924636 0.011909320987104512 0.016747846843784945 0.070642133911747312 -0.0069201424119004198 6.5000000000000009 -0.0085224874321309079 -0.0022820293974591395 0.01219199190310505 -0.0013689513524394734
decision_type=2 2 2 2 2 2 2 2 2 2
left_child=3 2 -2 4 7 -5 -4 -1 -6 -3
right_child=1 9 6 5 8 -7 -8 -9 -10 -11
leaf_value=0.0047983279580027377 0.021609202653719659 -0.010112520767692699 -0.016492884348622519 0.0078923326480061645 0.0026617678470803193 -0.021613829841123294 0.0032699452837070637 -0.016421882062251647 0.022471542162399789 -0.034405669668583598
leaf_weight=12.540351852774622 13.796978101134298 7.4504540413618079 21.847329467535015 11.626219868659975 8.7574346214532834 13.621600076556204 11.881437420845034 7.2694416344165793 34.281553849577904 8.144235432147978
leaf_count=52 58 31 90 48 36 56 49 31 142 34
internal_value=0.000523684 -0.00692788 0 0.00606442 0.0119738 -0.00789421 -0.00931797 -0.00309275 0.0190709 -0.0261208
internal_weight=151.217 63.1204 47.5257 88.0966 62.8488 25.2478 33.7288 19.8098 43.039 15.5947
internal_count=627 262 197 365 261 104 139 83 178 65
is_linear=0
shrinkage=0.03


Tree=47
num_leaves=13
num_cat=0
split_feature=20 34 19 4 21 21 19 11 37 4 26 35
split_gain=6.32095 9.08753 8.64013 8.41818 6.80824 5.42287 5.25489 8.16223 3.62699 2.13316 2.10514 1.49857
threshold=0.014145628445757981 -0.0048998827391287794 0.042902206167560943 0.0047045523655692154 0.0073888140832970607 0.011438761409951851 0.053501129854321518 0.003797687162881425 0.0084621384226193381 0.012904395160811878 0.31762774773812802 0.004257431469596896
decision_type=2 2 2 2 2 2 2 2 2 2 2 2
left_child=2 5 3 4 -1 -2 9 -8 -3 -4 -5 -10
right_child=1 8 6 10 -6 -7 7 -9 11 -11 -12 -13
leaf_value=0.018144821010553924 -0.010261710950703915 0 0.033904481534553332 -0.024956739294954317 -0.0087612245677442697 0.018374420470238833 -0.016607381240035458 0.01401461415680162 -0.0082348137308648622 0.00759767428315341 -0.0027499390135620632 -0.031105812055135379
leaf_weight=16.603194937109951 7.8687980622053173 7.7906858474016216 10.730644986033441 12.429884329438211 13.032757461071013 12.165937572717665 8.8719063252210599 24.705308631062508 7.9433337599039104 7.6293108761310569 8.256905332207678 12.980609536170958
leaf_count=68 33 32 45 52 53 51 36 102 34 31 34 56
internal_value=0.000494257 -0.00808658 0.00480544 -0.00377431 0.00603258 0.00653605 0.0132283 0.00502318 -0.0185387 0.0255298 -0.0177781 -0.0245536
internal_weight=151.009 48.7494 102.26 50.3227 29.636 20.0347 51.9372 33.5772 28.7146 18.36 20.6868 20.9239
internal_count=627 206 421 207 121 84 214 138 122 76 86 90
is_linear=0
shrinkage=0.03


Tree=48
num_leaves=12
num_cat=0
split_feature=20 19 21 10 38 19 11 35 21 40 26
split_gain=6.01625 8.22592 7.61021 6.04571 5.82953 5.04732 7.75148 3.1734 3.10453 2.43212 2.37585
threshold=0.014145628445757981 0.042902206167560943 0.015070088306994552 0.0043559062104354682 0.0083689034945304431 0.053501129854321518 0.003797687162881425 0.048568721274863676 0.0056792372690173919 0.030275039776710536 0.29289401491103262
decision_type=2 2 2 2 2 2 2 2 2 2 2
left_child=1 3 4 7 -2 9 -7 -1 -5 -3 -6
right_child=2 5 -4 8 10 6 -8 -9 -10 -11 -12
leaf_value=0.0081171732112732681 0.0018252661600353058 0.03333690323698045 0.016148988977352362 -0.00109862634596049 -0.026659856907091255 -0.016207755262579233 0.01363304555438561 -0.011201075574431877 -0.029596799741359665 0.0061640566242797722 -0.0044416473077942588
leaf_weight=27.048610270023346 13.548635467886923 11.0530181825161 7.536750614643096 7.3185696601867658 18.614161223173145 8.8673169463872892 24.691060841083527 8.0343446582555753 7.8416673839092255 7.2495743185281745 8.9110024869441968
leaf_count=111 57 46 32 30 80 36 102 33 33 30 37
internal_value=0.000465844 0.00467595 -0.00791622 -0.0036966 -0.013225 0.0129019 0.00485809 0.0029231 -0.0184449 0.0249802 -0.0207631
internal_weight=150.715 102.104 48.6105 50.2432 41.0738 51.861 33.5584 35.083 15.1602 18.3026 27.5252
internal_count=627 421 206 207 174 214 138 144 63 76 117
is_linear=0
shrinkage=0.03


Tree=49
num_leaves=10
num_cat=0
split_feature=36 34 14 20 37 14 11 37 1
split_gain=6.85559 9.2757 10.6304 6.69741 4.67531 3.99594 5.75742 3.95489 1.09243
threshold=0.0066286994797924636 0.011909320987104512 0.016747846843784945 0.014782687894752624 0.025521365835314506 -0.90408515664809375 -0.00078012650088565827 0.019469642008934644 -0.0013689513524394734
decision_type=2 2 2 2 2 2 2 2 2
left_child=3 2 -2 5 -4 -1 -7 -5 -3
right_child=1 8 4 7 -6 6 -8 -9 -10
leaf_value=-0.0049198480198846114 0.02060851448081159 -0.0096861242439951842 -0.017682300603046631 0.0027534205605253175 0.003535634497837442 0.032429739922544935 0.0079048515999177796 -0.021758141302225083 -0.033807324378190347
leaf_weight=10.572793737053869 13.664977744221686 7.4085204303264609 20.160612791776657 10.331355258822443 13.459462344646452 10.261047273874281 47.765129938721657 8.7453677505254728 8.083412900567053
leaf_count=44 58 31 83 43 56 42 198 38 34
internal_value=0.000445525 -0.0068911 0 0.00590245 -0.00904523 0.0103281 0.0134276 -0.00877014 -0.0255561
internal_weight=150.453 62.777 47.2851 87.6757 33.6201 68.599 58.0262 19.0767 15.4919
internal_count=627 262 197 365 139 284 240 81 65
is_linear=0
shrinkage=0.03


end of trees

feature_importances:
bb_bandwidth=35
atr_pct=28
macro_usdjpy_ret_60=27
volatility=26
macro_usdjpy_ret_20=22
vol_ratio=21
macro_topix_ret_20=21
return_20d=20
return_10d=18
macro_topix_vol_20=17
div_ma_10=15
macd_hist_change=15
macd=14
ma_20_60_cross=13
ma_5_20_cross=12
month=12
macd_signal=10
price_position_20d=10
return_5d=8
macro_usdjpy_vol_20=8
div_ma_5=7
rsi=7
vol_change=6
lower_shadow_pct=6
gap=6
macro_nikkei_ret_20=6
div_ma_60=5
return_3d=4
div_ma_20=4
rsi_change=4
bb_pct_b=4
return_2d=3
candle_body_pct=3
upper_shadow_pct=3
macd_hist=2
streak=2
day_of_week=1

parameters:
[boosting: gbdt]
[objective: binary]
[metric: binary_logloss]
[tree_learner: serial]
[device_type: cpu]
[data_sample_strategy: bagging]
[data: ]
[valid: ]
[num_iterations: 50]
[learning_rate: 0.03]
[num_leaves: 15]
[num_threads: 0]
[seed: 43]
[deterministic: 0]
[force_col_wise: 0]
[force_row_wise: 0]
[histogram_pool_size: -1]
[max_depth: 4]
[min_data_in_leaf: 30]
[min_sum_hessian_in_leaf: 0.001]
[bagging_fraction: 0.7]
[pos_bagging_fraction: 1]
[neg_bagging_fraction: 1]
[bagging_freq: 5]
[bagging_seed: 11149]
[bagging_by_query: 0]
[feature_fraction: 0.6]
[feature_fraction_bynode: 1]
[feature_fraction_seed: 21351]
[extra_trees: 0]
[extra_seed: 16806]
[early_stopping_round: 0]
[early_stopping_min_delta: 0]
[first_metric_only: 0]
[max_delta_step: 0]
[lambda_l1: 0.5]
[lambda_l2: 2]
[linear_lambda: 0]
[min_gain_to_split: 0]
[drop_rate: 0.1]
[max_drop: 50]
[skip_drop: 0.5]
[xgboost_dart_mode: 0]
[uniform_drop: 0]
[drop_seed: 2965]
[top_rate: 0.2]
[other_rate: 0.1]
[min_data_per_group: 100]
[max_cat_threshold: 32]
[cat_l2: 10]
[cat_smooth: 10]
[max_cat_to_onehot: 4]
[top_k: 20]
[monotone_constraints: ]
[monotone_constraints_method: basic]
[monotone_penalty: 0]
[feature_contri: ]
[forcedsplits_filename: ]
[refit_decay_rate: 0.9]
[cegb_tradeoff: 1]
[cegb_penalty_split: 0]
[cegb_penalty_feature_lazy: ]
[cegb_penalty_feature_coupled: ]
[path_smooth: 0]
[interaction_constraints: ]
[verbosity: -1]
[saved_feature_importance_type: 0]
[use_quantized_grad: 0]
[num_grad_quant_bins: 4]
[quant_train_renew_leaf: 0]
[stochastic_rounding: 1]
[linear_tree: 0]
[max_bin: 255]
[max_bin_by_feature: ]
[min_data_in_bin: 5]
[bin_construct_sample_cnt: 200000]
[data_random_seed: 179]
[is_enable_sparse: 1]
[enable_bundle: 1]
[use_missing: 1]
[zero_as_missing: 0]
[feature_pre_filter: 1]
[pre_partition: 0]
[two_round: 0]
[header: 0]
[label_column: ]
[weight_column: ]
[group_column: ]
[ignore_column: ]
[categorical_feature: ]
[forcedbins_filename: ]
[precise_float_parser: 0]
[parser_config_file: ]
[objective_seed: 26397]
[num_class: 1]
[is_unbalance: 0]
[scale_pos_weight: 1]
[sigmoid: 1]
[boost_from_average: 1]
[reg_sqrt: 0]
[alpha: 0.9]
[fair_c: 1]
[poisson_max_delta_step: 0.7]
[tweedie_variance_power: 1.5]
[lambdarank_truncation_level: 30]
[lambdarank_norm: 1]
[label_gain: ]
[lambdarank_position_bias_regularization: 0]
[eval_at: ]
[multi_error_top_k: 1]
[auc_mu_weights: ]
[num_machines: 1]
[local_listen_port: 12400]
[time_out: 120]
[machine_list_filename: ]
[machines: ]
[gpu_platform_id: -1]
[gpu_device_id: -1]
[gpu_use_dp: 0]
[num_gpu: 1]

end of parameters

pandas_categorical:[]
