tree
version=v4
num_class=1
num_tree_per_iteration=1
label_index=0
max_feature_idx=44
objective=binary sigmoid:1
feature_names=return_1d return_2d return_3d return_5d return_10d return_20d div_ma_5 div_ma_10 div_ma_20 div_ma_60 ma_5_20_cross ma_20_60_cross rsi rsi_change macd macd_signal macd_hist macd_hist_change bb_pct_b bb_bandwidth atr_pct volatility vol_change vol_ratio candle_body_pct upper_shadow_pct lower_shadow_pct day_of_week month is_month_end is_month_start streak gap price_position_20d macro_usdjpy_ret_20 macro_usdjpy_ret_60 macro_usdjpy_vol_20 macro_topix_ret_20 macro_topix_vol_20 macro_topix_above_200dma macro_nikkei_ret_20 macro_nikkei_above_200dma macro_nikkei_vi macro_jgb10y macro_bias_score
feature_infos=[-0.16525584333543908:0.1362191614953836] [-0.18482418260333122:0.15756016346299373] [-0.21232713400095371:0.17940971415291651] [-0.20798369695516661:0.18339745831875942] [-0.22562119081106424:0.23338883002875743] [-0.25739013150500167:0.30737437459212535] [-0.16076010466681914:0.10564399421128799] [-0.18644026055583607:0.12662611552635075] [-0.21901226979361207:0.16947444613179291] [-0.25685718939239421:0.23125460237246845] [-0.11296579525772565:0.1250526315789473] [-0.1392687205514056:0.11961466817816357] [6.4756671899529152:89.55441928414902] [-28.445641726673244:28.952384927923411] [-683.09678753764456:555.5459146568428] [-594.05693281196818:500.39781344575488] [-212.93807373737738:251.60390240625563] [-87.399851545568055:74.745952273201794] [-0.36959400064286346:1.3871048139156559] [0.028236758894667806:0.35014520763152224] [0.011717953943346239:0.05918564527260179] [0.0067352900940509299:0.052218712647538371] [-0.83720217909729366:5.4311060509025353] [0.48328276891446031:2.219189922490532] [-0.99203187250996017:0.98130841121495327] [0:0.86956521739130432] [0:0.92753623188405798] [0:4] [1:12] none [0:1] [-7:9] [-0.099929838628846301:0.084529505582137121] [0:1] [-0.10288784967882303:0.08505611680078462] [-0.13986255140503889:0.13160084488587853] [0.0024251968629527628:0.011841457708833433] [-0.21871130063915301:0.21255327098343968] [0.0039190675958463003:0.04064098432711951] [0:1] [-0.22859537662338159:0.23022297972565586] [0:1] none none none
tree_sizes=1293 1207 1180 1416 1423 1211 995 1377 1403 1202 1084 1078 679 869 990 1312 1300 1286 1414 1310 1291 1100 1308 1391 1193 1101 1415 1099 1078 1105 1317 1062 1212 1193 1209 1309 1208 1399 1305 1504 976 996 1093 979 1078 1099 1195 1084 1094 1087

Tree=0
num_leaves=11
num_cat=0
split_feature=34 5 7 36 36 17 34 16 36 34
split_gain=15.7675 9.81154 12.4297 11.7677 9.60951 11.9814 11.124 6.59321 6.36357 1.09307
threshold=-0.012153770222673275 -0.064427593849468653 -0.01146374950228214 0.0084297479004498983 0.0051283570860321129 5.7836525626616373 0.0075261724981002818 21.986617907093862 0.0048985038653485777 0.015728291915636742
decision_type=2 2 2 2 2 2 2 2 2 2
left_child=1 -1 -3 -4 7 6 -6 8 -2 -7
right_child=4 2 3 -5 5 9 -8 -9 -10 -11
leaf_value=-0.12557214504036154 -0.16917821107843883 -0.18913766060117027 -0.13771920480542657 -0.17816889893181476 -0.1783293511189207 -0.17323179733744712 -0.14799350999459174 -0.2026902637431236 -0.19736528601893344 -0.19434859993374765
leaf_weight=7.6964158862829199 33.268378347158432 8.1929588466882688 17.627275094389919 7.6964158862829199 13.903202891349791 7.9446873664855939 31.282206505537033 10.675673648715017 7.9446873664855948 7.9446873664855957
leaf_count=31 134 33 71 31 56 32 126 43 32 32
internal_value=-0.167874 -0.152523 -0.161101 -0.150502 -0.173754 -0.165865 -0.157743 -0.183004 -0.176127 -0.186541
internal_weight=154.177 41.2131 33.5166 25.3237 112.964 61.0748 45.1854 51.8887 41.2131 15.8894
internal_count=621 166 135 102 455 246 182 209 166 64
is_linear=0
shrinkage=1


Tree=1
num_leaves=10
num_cat=0
split_feature=34 20 5 7 36 36 17 34 13
split_gain=14.9845 15.4256 9.34992 11.7963 11.1521 8.88637 8.07909 7.77197 3.33237
threshold=-0.012153770222673275 0.030110443252924727 -0.064427593849468653 -0.01146374950228214 0.0084297479004498983 0.0051283570860321129 5.7836525626616373 0.01770438479135528 1.8665944650893425
decision_type=2 2 2 2 2 2 2 2 2
left_child=2 5 -1 -4 -5 7 -7 -2 -3
right_child=1 8 3 4 -6 6 -8 -9 -10
leaf_value=0.040038693200482124 -0.021968459651387738 -0.036506216940339675 -0.021945075607076998 0.028130629091510737 -0.011217564566041302 0.013672942750121739 -0.012787877278230862 0.0031701644819159933 -0.0068399667647937971
leaf_weight=7.7195288538932791 23.555254340171814 14.385707303881647 8.1766557544469816 17.666100934147838 7.6888198107480994 38.761476784944534 11.648375645279883 17.117185279726982 7.4390144050121298
leaf_count=31 95 58 33 71 31 156 47 69 30
internal_value=-0.00118718 -0.00692518 0.0137653 0.00538134 0.0157023 -0.00110665 0.00701768 -0.0113845 -0.028447
internal_weight=154.158 112.907 41.2511 33.5316 25.3549 91.0823 50.4099 40.6724 21.8247
internal_count=621 455 166 135 102 367 203 164 88
is_linear=0
shrinkage=0.03


Tree=2
num_leaves=10
num_cat=0
split_feature=36 11 14 15 20 35 28 37 33
split_gain=13.1906 16.0992 13.6506 10.0293 8.72498 7.14412 5.42055 5.06005 0.217271
threshold=0.005223649895065627 0.035716598746552204 130.80414687315991 62.687720843387133 0.020371678119012703 0.050491513572546338 5.5000000000000009 0.038060215719606501 0.15638795337334246
decision_type=2 2 2 2 2 2 2 2 2
left_child=1 4 3 5 -1 -2 -3 -4 -6
right_child=2 6 7 -5 8 -7 -8 -9 -10
leaf_value=-0.0040648331154848078 0.0094773753416594955 0.022892151735452164 0 0.029796906312966449 -0.017122896087462341 -0.017648921228797066 -0.0048432746724541816 -0.028466180702547379 -0.041141300626465066
leaf_weight=14.620225414633749 46.933204010128975 9.1831960827112216 13.169180631637575 18.660360425710678 7.6791553944349316 8.4440838694572431 11.8918070346117 9.4261893481016141 14.096760794520376
leaf_count=59 189 37 53 75 31 34 48 38 57
internal_value=-0.00116548 -0.0123894 0.00547355 0.0117711 -0.0241049 0.00460864 0.00752874 -0.0138308 -0.0354551
internal_weight=154.104 57.4711 96.633 74.0376 36.3961 55.3773 21.075 22.5954 21.7759
internal_count=621 232 389 298 147 223 85 91 88
is_linear=0
shrinkage=0.03


Tree=3
num_leaves=12
num_cat=0
split_feature=19 11 36 8 40 22 14 14 2 14 2
split_gain=18.247 14.0253 11.8267 12.9807 10.4361 6.54341 7.88126 9.82789 7.34514 2.57521 0.146624
threshold=0.089992253967429617 0.050705376654779484 0.005660661170519706 -0.032439988306753778 0.035421044920583185 0.017078873416061961 -25.208815406008849 48.817702401715913 0.013137476958189344 -170.66757330928974 -0.0040404234190337665
decision_type=2 2 2 2 2 2 2 2 2 2 2
left_child=5 2 9 -4 -3 8 -7 -8 10 -2 -1
right_child=1 4 3 -5 -6 6 7 -9 -10 -11 -12
leaf_value=0.016110616403386506 -0.010400280114159414 0.023407237197545276 0.021041680531253291 -0.016554707977058939 -0.010235775589125681 0.023261051256358665 -0.025981847997546569 0.010097873292649632 -0.0013344029314117374 -0.038209192253579667 0.034791031958005106
leaf_weight=11.431000098586082 7.6602307856082943 14.671563655138018 9.7064211070537549 25.297469556331635 14.135901466011999 7.9504537433385876 11.645670846104624 11.198927491903303 9.1846771389245969 19.240243792533875 11.937968477606773
leaf_count=46 31 59 39 102 57 32 47 45 37 78 48
internal_value=-0.00115965 -0.00978892 -0.0177237 -0.00515024 0.00681886 0.0108889 0.000311003 -0.00830195 0.019864 -0.032077 0.0282352
internal_weight=154.061 90.7118 61.9044 35.0039 28.8075 63.3487 30.7951 22.8446 32.5536 26.9005 23.369
internal_count=621 366 250 141 116 255 124 92 131 109 94
is_linear=0
shrinkage=0.03


Tree=4
num_leaves=12
num_cat=0
split_feature=19 11 36 8 40 1 22 35 33 0 10
split_gain=17.3221 13.3012 11.3028 12.3192 9.88818 7.45999 5.89079 3.00932 2.92375 2.90766 0.0336254
threshold=0.089992253967429617 0.050705376654779484 0.005660661170519706 -0.032439988306753778 0.035421044920583185 0.010324493758024912 -0.004015882782360757 0.041078361526139202 0.12475134981528845 -0.0093577832914558661 0.0010684345688076748
decision_type=2 2 2 2 2 2 2 2 2 2 2
left_child=5 2 8 -4 -3 6 10 -7 -2 -8 -1
right_child=1 4 3 -5 -6 7 9 -9 -10 -11 -12
leaf_value=0.015412176609281562 -0.0089557772146314669 0.022759637173438169 0.020497639317700517 -0.01611728760821933 -0.0099749327917275539 0.0049727352352576101 -0.0079060399544753045 -0.017769776033864395 -0.037547123274272516 0.012016885453199207 0.032530784024327464
leaf_weight=11.934882849454882 7.4032505005598095 14.692923322319986 9.7180234491825086 25.259374931454659 14.122884407639502 8.4489002525806445 8.1918545514345187 7.6949703991413108 19.398057401180267 14.900306627154349 12.204913735389708
leaf_count=48 30 59 39 102 57 34 33 31 79 60 49
internal_value=-0.00111333 -0.00953301 -0.0172754 -0.00498021 0.00662323 0.0106164 0.0165416 -0.0058046 -0.0313406 0.00428468 0.0264678
internal_weight=153.97 90.5945 61.7787 34.9774 28.8158 63.3758 47.232 16.1439 26.8013 23.0922 24.1398
internal_count=621 366 250 141 116 255 190 65 109 93 97
is_linear=0
shrinkage=0.03


Tree=5
num_leaves=10
num_cat=0
split_feature=21 21 21 36 34 15 37 15 33
split_gain=6.80573 25.5034 8.75631 6.79293 9.69885 9.62204 5.32108 4.03161 4.45006
threshold=0.012385717166636266 0.01055785207264264 0.015895163974583303 0.0051283570860321129 0.0013658598621949516 208.77696455521632 0.0030519384751245275 81.935987398126244 0.26146444962949672
decision_type=2 2 2 2 2 2 2 2 2
left_child=1 6 7 4 -4 -5 -1 8 -2
right_child=2 -3 3 5 -6 -7 -8 -9 -10
leaf_value=0.0057763079632313172 -0.0040699408288430222 0.03823095500243763 0.012805279467781101 0.013014682140990344 -0.020050860008507431 -0.013306059720906606 -0.023222174835069165 -0.00086353609362325849 -0.037452303698224144
leaf_weight=7.7196666896343258 7.4443863630294862 14.915551543235777 9.6301130056381208 47.889100834727287 23.546580463647842 14.396536737680433 11.164618715643881 10.174598500132559 10.161379888653753
leaf_count=31 30 60 39 193 96 58 45 41 41
internal_value=-0.000342545 0.0110931 -0.00372564 0.000541886 -0.00990156 0.00647295 -0.0112318 -0.0179455 -0.0259571
internal_weight=157.043 33.7998 123.243 95.4623 33.1767 62.2856 18.8843 27.7804 17.6058
internal_count=634 136 498 386 135 251 76 112 71
is_linear=0
shrinkage=0.03


Tree=6
num_leaves=8
num_cat=0
split_feature=21 21 21 38 24 40 21
split_gain=6.46196 24.1221 8.35317 7.8937 6.00966 5.8842 4.1385
threshold=0.012385717166636266 0.01055785207264264 0.015895163974583303 0.0088718097362773338 -0.069805194805194787 0.083048745286133277 0.02652883609524586
decision_type=2 2 2 2 2 2 2
left_child=1 3 4 -1 -2 6 -4
right_child=2 -3 5 -5 -6 -7 -8
leaf_value=-0.029349368379552047 -0.000792687359112463 0.037144568920501407 0.0068187598522980114 0.0057555561140149626 -0.029404540748352161 -0.017446493462750377 -0.0095637062219290497
leaf_weight=8.6746400892734545 12.904555052518846 14.949188545346258 68.790200218558311 10.189807564020155 14.835467487573622 11.862303346395491 14.788480520248411
leaf_count=35 52 60 278 41 60 48 60
internal_value=-0.000346714 0.0107902 -0.00364721 -0.0109341 -0.0175472 0.000516135 0.00358899
internal_weight=156.995 33.8136 123.181 18.8644 27.74 95.441 83.5787
internal_count=634 136 498 76 112 386 338
is_linear=0
shrinkage=0.03


Tree=7
num_leaves=12
num_cat=0
split_feature=37 19 15 14 17 34 37 34 14 9 33
split_gain=6.0845 12.2515 9.85517 8.22025 7.08209 14.9763 8.71297 6.10506 4.66771 4.58665 1.48121
threshold=0.0082268386318266069 0.054482304590002202 60.125973587110636 -80.060498484730473 4.8037948226909579 0.016229913177655656 0.050085093688953315 0.0055187001706930036 151.45271906133124 0.081020213630567633 0.80341341168337377
decision_type=2 2 2 2 2 2 2 2 2 2 2
left_child=1 -1 3 -3 5 6 -2 -6 -7 -4 -9
right_child=4 2 9 -5 7 8 -8 10 -10 -11 -12
leaf_value=0.037001878920771045 -0.0010821904796159112 0.010164220698097175 0.032373727702139872 -0.018281047798778562 0 0.025989063913029228 -0.030765865317606538 -0.034182452437825799 -6.2449022401412578e-05 0 -0.0099267278413178988
leaf_weight=8.2293290644884092 31.930765494704247 12.159247845411295 8.1986676603555662 22.736413776874546 11.352501705288889 17.393287390470508 11.087577447295187 10.571674570441248 7.4173424690961829 7.714287891983985 8.1623372733592969
leaf_count=33 129 49 33 92 46 70 45 43 30 31 33
internal_value=-0.000353491 0.00701255 0.000653819 -0.00794917 -0.00499642 0.000272882 -0.010093 -0.0166199 0.0182176 0.0191379 -0.0263147
internal_weight=156.953 59.0379 50.8086 34.8957 97.9155 67.829 43.0183 30.0865 24.8106 15.913 18.734
internal_count=634 238 205 141 396 274 174 122 100 64 76
is_linear=0
shrinkage=0.03


Tree=8
num_leaves=12
num_cat=0
split_feature=37 15 9 17 17 37 38 38 25 32 5
split_gain=5.83982 8.73467 7.97414 6.73216 5.96858 7.00316 5.74912 7.16659 4.10236 0.773763 0.456229
threshold=0.0082268386318266069 60.125973587110636 0.064516501093634965 4.8037948226909579 -1.6672333122190961 -0.0030456568105847732 0.0063408876655614713 0.012803693901232987 0.10930934873949581 -0.0089847224166377231 0.022953312510274552
decision_type=2 2 2 2 2 2 2 2 2 2 2
left_child=1 4 -3 6 9 -6 -2 -8 -5 -1 -10
right_child=3 2 -4 8 5 -7 7 -9 10 -11 -12
leaf_value=-0.0038601523131114078 0.021906522878418763 0.039496399304352628 0.0002415269819365289 0 0.017339440950448221 -0.013709528994122394 -0.007322017198305786 0.02024332949685962 -0.029791180104848346 -0.0217541955996958 -0.010642936839574147
leaf_weight=7.4200964570045471 7.6955583095550528 9.4698399305343646 9.2068386226892454 10.833774358034136 18.114156052470207 7.4325213879346874 52.182457342743874 7.9330232590436927 10.810046330094339 7.384085610508917 8.3866760879755002
leaf_count=30 31 38 37 44 73 30 211 32 44 30 34
internal_value=-0.000337445 0.00687674 0.0227659 -0.00489055 -0.000851304 0.00742205 0.000239913 -0.00290825 -0.0162354 -0.0152049 -0.0239269
internal_weight=156.869 59.0275 18.6767 97.8415 40.3509 25.5467 67.811 60.1155 30.0305 14.8042 19.1967
internal_count=634 238 75 396 163 103 274 243 122 60 78
is_linear=0
shrinkage=0.03


Tree=9
num_leaves=10
num_cat=0
split_feature=21 21 21 7 12 7 15 15 33
split_gain=5.72725 22.4795 8.04236 6.86625 7.71409 5.21353 4.25556 3.74646 4.0321
threshold=0.012385717166636266 0.01055785207264264 0.015895163974583303 -0.028372164929024325 62.512026307540062 -0.0402355804710769 10.678445727757037 81.935987398126244 0.26146444962949672
decision_type=2 2 2 2 2 2 2 2 2
left_child=1 6 7 5 -5 -4 -1 8 -2
right_child=2 -3 3 4 -6 -7 -8 -9 -10
leaf_value=-0.02126921087088544 -0.0038935722674324508 0.035575778582750232 0.00055767933709911593 -0.010333325602335337 0.0088717135518620264 0.032277744630858272 0.0047175877670715865 -0.00062848093355233076 -0.035860498986942213
leaf_weight=11.393755510449411 7.438771039247519 14.974317774176596 11.100443258881571 49.373136639595032 27.188009768724442 7.6630536019802085 7.4323944896459571 10.160581350326536 10.077724516391752
leaf_count=46 30 60 45 200 110 31 30 41 41
internal_value=-0.000325616 0.0101534 -0.00344161 0.000640123 -0.00327016 0.0160959 -0.0108218 -0.017101 -0.0248438
internal_weight=156.802 33.8005 123.002 95.3246 76.5611 18.7635 18.8262 27.6771 17.5165
internal_count=634 136 498 386 310 76 76 112 71
is_linear=0
shrinkage=0.03


Tree=10
num_leaves=9
num_cat=0
split_feature=15 11 14 35 41 33 19 0
split_gain=9.69122 11.9424 9.7103 10.4291 9.01052 6.16523 2.13338 2.07782
threshold=308.96044652775066 0.041927045611980136 128.46544822123863 0.02134330473173918 1.0000000180025095e-35 0.14377442393208464 0.088810921987100902 0.0079200502394508616
decision_type=2 2 2 2 2 2 2 2
left_child=1 4 7 -4 6 -6 -1 -3
right_child=-2 2 3 -5 5 -7 -8 -9
leaf_value=0.024148352518633804 -0.029390030574731035 0.037333555769494021 0.019594063327023986 -0.019688899507494934 0.0059889205640716731 -0.012408790257878307 0.0031563175515773824 0.0098830143870282192
leaf_weight=7.711684554815295 7.6574507653713217 11.946219876408579 10.42115166783333 9.9111426770687086 19.079144880175591 65.492681384086609 12.875204190611838 7.4587760120630255
leaf_count=31 31 48 42 40 77 266 52 30
internal_value=-0.000198088 0.00162168 0.0152863 0 -0.00359083 -0.00804258 0.0131258 0.0293924
internal_weight=152.553 144.896 39.7373 20.3323 105.159 84.5718 20.5869 19.405
internal_count=617 586 160 82 426 343 83 78
is_linear=0
shrinkage=0.03


Tree=11
num_leaves=9
num_cat=0
split_feature=15 11 14 35 36 23 21 3
split_gain=9.27392 11.3031 9.2265 9.91399 8.70926 9.69319 8.87305 1.77737
threshold=308.96044652775066 0.041927045611980136 128.46544822123863 0.02134330473173918 0.005223649895065627 1.1064877608629662 0.02025174055114656 0.0071714198086545453
decision_type=2 2 2 2 2 2 2 2
left_child=1 4 7 -4 6 -6 -1 -3
right_child=-2 2 3 -5 5 -7 -8 -9
leaf_value=-0.0026097552797835857 -0.028763009305560975 0.037886467825608512 0.019078029464506371 -0.019225744702797993 -0.0049291791832932865 0.018202798544964666 -0.033259154427384245 0.012130740782370957
leaf_weight=23.642147228121758 7.6336052417755118 10.208885654807093 10.435804635286333 9.89384977519512 46.269331127405167 22.33238473534584 12.845027044415472 9.210579112172125
leaf_count=96 31 41 42 40 187 90 53 37
internal_value=-0.000165909 0.00161037 0.0149016 0 -0.00346127 0.002691 -0.014957 0.0286442
internal_weight=152.472 144.838 39.7491 20.3297 105.089 68.6017 36.4872 19.4195
internal_count=617 586 160 82 426 277 149 78
is_linear=0
shrinkage=0.03


Tree=12
num_leaves=5
num_cat=0
split_feature=14 18 16 23
split_gain=6.76909 6.35112 11.726 5.58958
threshold=303.77223238372522 0.99041373094690777 41.853171711885132 0.84467369197626929
decision_type=2 2 2 2
left_child=1 2 3 -1
right_child=-2 -3 -4 -5
leaf_value=-0.0065533994724643911 -0.021799187447428075 0.020516008654060263 -0.025319337936098224 0.0071582799422121061
leaf_weight=37.01247650384903 10.098618939518927 12.348674848675726 13.201471596956251 79.709395006299019
leaf_count=150 41 50 54 322
internal_value=-0.000162073 0.00155069 -0.000421888 0.00264681
internal_weight=152.371 142.272 129.923 116.722
internal_count=617 576 526 472
is_linear=0
shrinkage=0.03


Tree=13
num_leaves=7
num_cat=0
split_feature=10 23 34 36 36 1
split_gain=6.21642 8.3454 7.42614 5.34777 5.164 6.82276
threshold=0.06061662046424366 1.1657928423783377 0.01681893329815454 0.0048865997776431375 0.0090503095185719678 -0.023724649832024877
decision_type=2 2 2 2 2 2
left_child=1 4 3 -3 5 -1
right_child=-2 2 -4 -5 -6 -7
leaf_value=-0.019790041705972629 -0.020318579564001724 0 -0.006705046829365467 0.030744822978718143 -0.022443059804122232 0.0027021805430067236
leaf_weight=12.047931909561155 10.757932543754576 8.0972197651863116 9.36083836853504 17.169842675328255 8.6218770146369916 86.283595934510231
leaf_count=49 44 33 38 69 35 349
internal_value=-0.000167604 0.00152078 0.0139564 0.0220914 -0.00255007 -0.000243701
internal_weight=152.339 141.581 34.6279 25.2671 106.953 98.3315
internal_count=617 573 140 102 433 398
is_linear=0
shrinkage=0.03


Tree=14
num_leaves=8
num_cat=0
split_feature=21 21 21 34 21 10 38
split_gain=6.16932 13.9129 10.1172 6.51755 10.1007 5.18137 4.67539
threshold=0.012385717166636266 0.01055785207264264 0.013658999698818716 0.0026802360048644451 0.020349884552497224 -0.0212155108901485 0.0086444921430246253
decision_type=2 2 2 2 2 2 2
left_child=1 6 -2 5 -5 -4 -1
right_child=2 -3 3 4 -6 -7 -8
leaf_value=-0.020999710203526555 -0.025309724117344105 0.030587352518667725 0.022441882561878235 0.004161473644771525 -0.020007719421415507 0.0007697343225402328 0.0058752418171482881
leaf_weight=8.1262798160314578 14.554983720183371 14.968767568469046 13.645218655467032 32.403034001588821 25.789273962378502 31.880430862307549 10.923722401261328
leaf_count=33 59 60 55 131 106 129 44
internal_value=-0.000177177 0.0106142 -0.0035307 0 -0.00660936 0.00825211 -0.00578237
internal_weight=152.292 34.0188 118.273 103.718 58.1923 45.5256 19.05
internal_count=617 137 480 421 237 184 77
is_linear=0
shrinkage=0.03


Tree=15
num_leaves=11
num_cat=0
split_feature=11 36 37 28 20 16 36 20 16 5
split_gain=9.60014 11.6258 7.48789 7.22908 6.81718 6.74834 6.74739 5.61918 2.64754 1.99493
threshold=0.040529779733034628 0.005223649895065627 0.0088491565792749877 6.5000000000000009 0.038630957277125684 7.3228663886157621 0.0079925233203345814 0.019741334616448173 -55.107571741465357 0.030349265533806905
decision_type=2 2 2 2 2 2 2 2 2 2
left_child=1 7 9 5 6 -4 -3 -1 -9 -2
right_child=2 4 3 -5 -6 -7 -8 8 -10 -11
leaf_value=-0.0024198985594395634 0.035253030396673928 0.0027862440539248969 0.021684655288050209 -0.016360264450231407 0.023686701499004103 -0.0098491802142396251 -0.018236506752112157 -0.007548093488256657 -0.034922565155026862 0.0077791792493441068
leaf_weight=13.03376369178295 7.4706648141145688 43.861738368868828 14.666345730423929 12.313340261578558 7.7098742425441733 7.4041320383548728 17.258694931864738 7.3267043977975872 16.63228203356266 7.4411967992782593
leaf_count=53 30 177 59 50 31 30 70 30 69 30
internal_value=-0.00196651 -0.00710331 0.00861525 0.00012673 9.26943e-05 0.0105432 -0.00330209 -0.0201952 -0.0283557 0.0249715
internal_weight=155.119 105.823 49.2957 34.3838 68.8303 22.0705 61.1204 36.9928 23.959 14.9119
internal_count=629 430 199 139 278 89 247 152 99 60
is_linear=0
shrinkage=0.03


Tree=16
num_leaves=11
num_cat=0
split_feature=38 36 7 15 32 23 37 23 7 38
split_gain=7.23147 12.013 10.0319 11.0632 9.11561 5.68514 7.11907 5.40158 3.21831 2.89121
threshold=0.0093202069991487873 0.0051003994093244227 -0.024809976804982214 23.945539463004369 0.00038910983026185791 0.90769474104449965 -0.0042097665820774446 0.95819275474810917 -0.00042553853525191445 0.012139543933801846
decision_type=2 2 2 2 2 2 2 2 2 2
left_child=2 9 -1 7 -5 8 -7 -4 -3 -2
right_child=1 5 3 4 -6 6 -8 -9 -10 -11
leaf_value=0.02968950628166217 -0.031926145774127918 -0.00049565024986848239 -0.024485862829701791 0.022569113443991474 -0.0036102423925541446 0.009824616153715068 -0.017256189674854608 0.0014439517555316348 0.022650587720651302 -0.0065545293198302811
leaf_weight=9.9001209139823896 16.210962221026424 7.3934539854526546 16.446743384003643 20.809640541672707 22.504056185483932 11.69197043776512 21.00629997253418 9.8428772389888746 10.17357751727104 8.9722456485033018
leaf_count=40 67 30 67 84 91 47 85 40 41 37
internal_value=-0.00190932 -0.00851822 0.0042336 0 0.00907734 0 -0.00713242 -0.0148317 0.0130875 -0.0245859
internal_weight=154.952 75.4485 79.5034 69.6033 43.3137 50.2653 32.6983 26.2896 17.567 25.1832
internal_count=629 307 322 282 175 203 132 107 71 104
is_linear=0
shrinkage=0.03


Tree=17
num_leaves=11
num_cat=0
split_feature=11 15 36 28 17 25 16 3 18 28
split_gain=8.62022 11.5369 10.7333 9.38768 8.30513 4.01236 7.34233 4.76951 3.96198 4.73475
threshold=0.040529779733034628 117.2378388800974 0.005223649895065627 2.5000000000000004 -3.3030654252165195 0.36645299145299154 15.423690220604078 -0.0067569583757080545 0.1788996582896645 4.5000000000000009
decision_type=2 2 2 2 2 2 2 2 2 2
left_child=2 -2 8 -3 -5 6 -4 -7 -1 -10
right_child=1 3 5 4 -6 7 -8 -9 9 -11
leaf_value=0 0.030678323824675426 0.02031616808716746 -0.0038360611796269817 0.0041178061715021405 -0.027523719266652983 0.0034175652956525944 0.019426522966207754 -0.021609559821610107 -0.040278678634712295 -0.011895904309749416
leaf_weight=8.5853785276412946 12.657415390014647 10.93432481586933 27.956563264131546 14.065165325999258 11.621643573045732 11.159873083233835 18.071773067116737 11.585814252495764 10.026125863194467 18.159931093454361
leaf_count=35 51 44 113 57 47 45 73 47 42 75
internal_value=-0.00185342 0.00816474 -0.00673517 -0.000414 -0.0106103 0.000161088 0.00541367 -0.00944038 -0.0193632 -0.0244887
internal_weight=154.824 49.2785 105.545 36.6211 25.6868 68.774 46.0283 22.7457 36.7714 28.1861
internal_count=629 199 430 148 104 278 186 92 152 117
is_linear=0
shrinkage=0.03


Tree=18
num_leaves=12
num_cat=0
split_feature=15 40 28 20 14 36 20 23 20 40 4
split_gain=6.55232 11.9889 10.5995 9.45272 9.33091 7.05127 8.38855 9.67003 4.64229 4.34745 0.97764
threshold=60.125973587110636 0.031369558146411076 6.5000000000000009 0.022863614424671514 164.35603326245112 0.0054824966107122827 0.034522924364145328 1.1657928423783377 0.019741334616448173 0.028467093558160021 0.013987232929502437
decision_type=2 2 2 2 2 2 2 2 2 2 2
left_child=5 4 3 -3 10 8 7 -7 -1 -10 -2
right_child=1 2 -4 -5 -6 6 -8 -9 9 -11 -12
leaf_value=-0.0018082226151869753 0.036320824069645055 0.023748143406337168 -0.026296078006980445 -0.015687516310376518 -0.0025463725930265535 -0.013099834455283921 0.023611107270716945 0.015179806475427819 -0.035994616637990265 -0.0039645830610192034 0.012577249800117738
leaf_weight=12.985929831862448 12.121962055563932 10.685754328966146 12.882574528455732 7.3977471590042105 11.129376426339148 38.22755141556263 8.718810632824896 12.673396244645117 12.441069275140764 7.4786139577627173 7.94677411019802
leaf_count=53 49 43 53 30 45 155 35 51 52 31 32
internal_value=-0.00180966 0.00548709 -0.00720491 0.00691293 0.0182116 -0.00688312 -0.000343266 -0.00546748 -0.017604 -0.0261126 0.0295905
internal_weight=154.69 62.1642 30.9661 18.0835 31.1981 92.5254 59.6198 50.9009 32.9056 19.9197 20.0687
internal_count=629 252 126 73 126 377 241 206 136 83 81
is_linear=0
shrinkage=0.03


Tree=19
num_leaves=11
num_cat=0
split_feature=11 15 36 17 20 23 19 11 33 23
split_gain=7.9089 10.7169 9.93192 6.82651 6.03963 7.59583 5.35919 4.30991 1.76214 1.05692
threshold=0.040529779733034628 117.2378388800974 0.005223649895065627 -3.3030654252165195 0.038630957277125684 1.1469067587828892 0.067855994338910972 0.062323178688575516 0.11773591611871335 1.0222383835625362
decision_type=2 2 2 2 2 2 2 2 2 2
left_child=2 -2 6 7 5 -4 -1 -3 -8 -5
right_child=1 3 4 9 -6 -7 8 -9 -10 -11
leaf_value=-0.00061063038536637523 0.029559097521586839 -0.0044630117138956329 -0.009866682928478962 -0.02099173009794358 0.022359595863942983 0.012350036752306441 -0.0080244652886934734 0.02096072196278163 -0.031789343405357051 -0.0028850004156742272
leaf_weight=12.029733955860136 12.632483229041098 8.103558152914049 43.37316370010376 8.3999264538288134 7.7271882891654959 17.628199547529221 7.5409550517797497 11.911780789494513 16.980022355914116 8.1604473888874036
leaf_count=49 51 33 176 34 31 71 31 48 72 33
internal_value=-0.00175645 0.00783871 -0.00644363 -0.000417793 0.000172807 -0.00302015 -0.0186375 0.0105158 -0.0262028 -0.0141498
internal_weight=154.487 49.2082 105.279 36.5757 68.7286 61.0014 36.5507 20.0153 24.521 16.5604
internal_count=629 199 430 148 278 247 152 81 103 67
is_linear=0
shrinkage=0.03


Tree=20
num_leaves=11
num_cat=0
split_feature=24 0 21 21 21 37 15 20 20 12
split_gain=8.42314 6.22776 4.60833 13.5913 11.6777 7.14875 3.89753 3.16261 3.13776 0.992481
threshold=-0.34237381630964414 -0.011861875842756718 0.012385717166636266 0.01055785207264264 0.017090342617910158 0.0082268386318266069 -34.527595774086606 0.020786514695301885 0.025575317752521691 43.983640081799599
decision_type=2 2 2 2 2 2 2 2 2 2
left_child=1 8 3 -2 9 -6 -3 -8 -1 -4
right_child=2 6 4 -5 5 -7 7 -9 -10 -11
leaf_value=0.0084862459480255 -0.013189229163533212 0 -0.0095306641011741761 0.027053755220720153 0.01248689671044024 -0.0084966030380602704 0.0062950829191740238 0.034963921718715554 -0.011746505164755817 -0.031185734643472258
leaf_weight=12.55671861767769 13.53991721570492 7.5695162713527706 7.5774137377738979 12.443623349070547 21.430486351251602 36.612681642174721 7.8999587446451214 12.118709176778792 10.918645203113554 13.991798520088194
leaf_count=51 55 31 31 50 87 150 32 49 45 57
internal_value=0.000505832 0.0103641 -0.00422602 0.0061034 -0.00784805 -0.000341464 0.0195407 0.025931 -0.000518816 -0.0256689
internal_weight=156.659 51.0635 105.596 25.9835 79.6124 58.0432 27.5882 20.0187 23.4754 21.5692
internal_count=638 208 430 105 325 237 112 81 96 88
is_linear=0
shrinkage=0.03


Tree=21
num_leaves=9
num_cat=0
split_feature=21 21 21 11 36 36 25 11
split_gain=7.44759 13.73 9.05045 7.10005 11.61 6.13427 3.69616 2.02218
threshold=0.012385717166636266 0.01055785207264264 0.013658999698818716 0.050705376654779484 0.0054956702433649708 0.0055098258172676584 0.18469785575048733 -0.00093282589763893353
decision_type=2 2 2 2 2 2 2 2
left_child=1 6 -2 4 -4 -5 -1 -3
right_child=2 7 3 5 -6 -7 -8 -9
leaf_value=0.0087920772918183929 -0.023889013600655488 0.040141112637651181 -0.019457432299268666 0.023979034450510816 0.0040353124286476617 -0.00097753768782419376 -0.015322556986508293 0.01132918885416604
leaf_weight=7.6648018807172802 14.194173991680143 9.2338800877332705 28.128895819187164 15.613968923687937 47.681070163846016 15.35039710998535 11.033417135477064 7.6629066020250312
leaf_count=31 58 37 118 63 193 62 45 31
internal_value=0.000494893 0.0122538 -0.00298621 4.27765e-05 -0.00476484 0.0118433 -0.00481837 0.0304503
internal_weight=156.564 35.595 120.969 106.774 75.81 30.9644 18.6982 16.8968
internal_count=638 144 494 436 311 125 76 68
is_linear=0
shrinkage=0.03


Tree=22
num_leaves=11
num_cat=0
split_feature=18 1 11 38 19 0 19 36 10 12
split_gain=6.7409 9.7016 5.75829 8.76763 7.12044 6.82763 5.95768 4.82756 2.47653 0.997932
threshold=0.21191753087228246 -0.020166917680955351 0.051999536299381151 0.011980601587655371 0.11731499245630754 0.0039949279767335097 0.052068101250910458 0.0055098258172676584 0.018943727626540289 34.487969657461193
decision_type=2 2 2 2 2 2 2 2 2 2
left_child=1 -1 3 6 -5 8 -2 -7 -4 -3
right_child=2 9 5 4 -6 7 -8 -9 -10 -11
leaf_value=-0.0058349378371646147 0.0086424512843875888 0.010792388884953569 0.004118289292603221 0.020308209383722783 -0.0088231459527754359 0.0076092784419709812 -0.016557124255760818 -0.019131533998086352 0.028155304760999294 0.034103892461024875
leaf_weight=12.560715302824976 7.8336983472108832 7.8754616826772716 9.3862991929054278 14.379459142684938 11.562455564737318 10.387643635272982 53.645556554198265 9.3933196663856489 9.9487790912389737 9.4335291236639005
leaf_count=51 32 32 38 58 48 42 221 38 40 38
internal_value=0.000491017 0.0129134 -0.00247995 -0.00680341 0.0070852 0.00667873 -0.0129388 -0.00499109 0.0186694 0.0264906
internal_weight=156.407 29.8697 126.537 87.4212 25.9419 39.116 61.4793 19.781 19.3351 17.309
internal_count=638 121 517 359 106 158 253 80 78 70
is_linear=0
shrinkage=0.03


Tree=23
num_leaves=12
num_cat=0
split_feature=24 0 36 40 21 21 15 21 17 15 14
split_gain=7.91315 5.79276 6.39118 4.72099 10.9753 14.3052 6.77031 5.59291 5.45961 3.61493 1.90092
threshold=-0.34237381630964414 -0.011861875842756718 0.0051283570860321129 0.03599414539817581 0.019155814096499382 0.012385717166636266 66.255708149335632 0.02025174055114656 4.0617766228980559 -34.527595774086606 113.64878551182393
decision_type=2 2 2 2 2 2 2 2 2 2 2
left_child=1 2 -1 4 5 -2 -6 8 -5 -3 -11
right_child=3 9 -4 7 6 -7 -8 -9 -10 10 -12
leaf_value=-0.017875587385414875 0.0099580141530848081 0 0.011405608440473338 0.009652490574067623 0.0010500508101616293 -0.024284187961725646 0.031103941458681218 -0.026546915148573092 -0.016698027235380601 0.03210228551503528 0.0072323853617045439
leaf_weight=9.562582343816759 17.589018821716309 7.5503405928611782 13.851279854774473 12.847795218229296 16.816930592060093 22.516411885619164 10.860189273953436 13.480105578899382 11.189393445849417 12.60516867041588 7.4212959110736838
leaf_count=40 71 31 56 52 69 92 44 56 46 51 30
internal_value=0.000506034 0.0100678 -0.000428682 -0.00408575 0.000493933 -0.00915068 0.0146497 -0.0123457 -0.00237808 0.0189133 0.0250607
internal_weight=156.291 50.9907 23.4139 105.3 67.7826 40.1054 27.6771 37.5173 24.0372 27.5768 20.0265
internal_count=638 208 96 430 276 163 113 154 98 112 81
is_linear=0
shrinkage=0.03


Tree=24
num_leaves=10
num_cat=0
split_feature=11 9 10 10 7 41 34 15 11
split_gain=4.771 9.73242 8.97416 7.81459 6.64072 4.81964 3.57994 3.11856 2.26417
threshold=0.040529779733034628 0.050347490326940796 0.012769981214049044 0.046793445444732192 0.015391535310265377 1.0000000180025095e-35 -0.0039735435297838509 -74.797678652218096 0.062323178688575516
decision_type=2 2 2 2 2 2 2 2 2
left_child=3 -2 8 5 -4 7 -7 -1 -3
right_child=1 2 4 -5 -6 6 -8 -9 -10
leaf_value=0.024735452535401842 0.031541305335667541 -0.0015002946394484002 0.025803390134054228 -0.028724303612800737 -0.0014506720536848307 -0.014563854557250521 0 0.00021491683929114217 -0.026609321009077053
leaf_weight=7.7068984061479595 10.094183251261709 7.4129502624273282 12.122039496898653 7.7719397097825995 16.038788303732872 18.930019184947014 57.130113407969475 11.541531622409819 7.3896030783653259
leaf_count=31 41 30 49 33 65 77 235 47 30
internal_value=0.000504428 0.00773229 0.00065064 -0.00314951 0.0107168 -0.000362351 -0.00394919 0.0121428 -0.016603
internal_weight=156.138 53.0576 42.9634 103.081 28.1608 95.3086 76.0601 19.2484 14.8026
internal_count=638 215 174 423 114 390 312 78 60
is_linear=0
shrinkage=0.03


Tree=25
num_leaves=9
num_cat=0
split_feature=11 14 6 11 25 38 36 14
split_gain=8.63542 9.85339 8.50236 7.28957 6.13567 5.74257 5.43373 0.637176
threshold=0.050705376654779484 188.59114180773807 0.018001182086959108 0.079554274435234232 0.2991228070175439 0.012440194407162848 0.005660661170519706 130.80414687315991
decision_type=2 2 2 2 2 2 2 2
left_child=1 4 3 7 6 -6 -1 -2
right_child=2 -3 -4 -5 5 -7 -8 -9
leaf_value=-0.0048309862596553508 0.035969632157089662 -0.032035818908297951 -0.01120036555573228 -0.00024342469412890071 -0.015974817756082969 0.0055650426374099999 0.012317237719371075 0.013473066892635438
leaf_weight=25.948447212576866 11.856638312339788 8.0425006151199323 8.3575285375118238 9.6298804432153684 31.598052084445953 14.149343803524969 37.029391646385193 8.196018457412718
leaf_count=108 48 34 34 39 130 58 150 33
internal_value=0.000408754 -0.00356035 0.0125362 0.0199782 -0.000777919 -0.00904449 0.00508967 0.0295107
internal_weight=154.808 116.768 38.0401 29.6825 108.725 45.7474 62.9778 20.0527
internal_count=634 480 154 120 446 188 258 81
is_linear=0
shrinkage=0.03


Tree=26
num_leaves=12
num_cat=0
split_feature=21 21 28 18 20 38 18 32 40 27 35
split_gain=7.14511 14.0962 8.33972 11.1822 8.32976 7.17121 6.15495 6.51065 4.54641 3.23904 0.292197
threshold=0.012385717166636266 0.01055785207264264 4.5000000000000009 0.50061766046865996 0.022185491231099384 0.0086444921430246253 0.58560184913015967 0.0012380112718368699 0.0065034815276772137 3.5000000000000004 0.039505712788034282
decision_type=2 2 2 2 2 2 2 2 2 2 2
left_child=1 5 6 4 -4 -1 7 -2 -8 -5 -3
right_child=2 10 3 9 -6 -7 8 -9 -10 -11 -12
leaf_value=-0.024445610109790857 0.01008829600481315 0.014949985899764739 -0.013967504916228179 -0.022907150176609371 0.015768839157202806 0.0091104372772396382 0.0010509353712598601 -0.016392353591884328 0.035273808366056203 -0.0011252475640785053 0.038734787692277256
leaf_weight=7.77929759025574 17.578385800123218 7.6749723106622723 11.698497846722605 33.971608117222786 19.562276288866997 11.343193531036375 7.2426192909479123 12.461019828915594 7.4685866236686707 9.4576295465230924 8.4126565456390363
leaf_count=32 72 31 48 140 80 46 30 52 30 39 34
internal_value=0.000392093 0.0119719 -0.00303895 -0.00916966 0.0040191 -0.00485258 0.00682705 -0.000765857 0.021465 -0.0187522 0.0311247
internal_weight=154.651 35.2101 119.441 74.69 31.2608 19.1225 44.7506 30.0394 14.7112 43.4292 16.0876
internal_count=634 143 491 307 128 78 184 124 60 179 65
is_linear=0
shrinkage=0.03


Tree=27
num_leaves=9
num_cat=0
split_feature=11 10 6 11 38 18 11 14
split_gain=8.05709 10.5213 8.08625 6.98347 6.82026 7.86368 6.08605 0.521721
threshold=0.050705376654779484 0.054096152199379806 0.018001182086959108 0.079554274435234232 0.012139543933801846 0.83368419352677325 -0.0020668056917101381 130.80414687315991
decision_type=2 2 2 2 2 2 2 2
left_child=1 4 3 7 5 -1 -6 -2
right_child=2 -3 -4 -5 6 -7 -8 -9
leaf_value=-0.009711326981865883 0.03496455975573913 -0.03347325174108573 -0.011002101970473108 -0.00034059097048851528 0.018307760787495804 0.014466051626153243 -0.0097961974963683071 0.013239824735868431
leaf_weight=65.955230116844177 11.800167113542562 7.6605736315250388 8.3442875444889051 9.6249254047870618 23.060214906930927 12.469492569565771 7.3687823563814154 8.1934905201196653
leaf_count=272 48 33 34 39 94 51 30 33
internal_value=0.000400932 -0.00343395 0.012129 0.0194037 -0.000618843 -0.00541648 0.010855 0.0287572
internal_weight=154.477 116.514 37.9629 29.6186 108.854 78.4247 30.429 19.9937
internal_count=634 480 154 120 447 323 124 81
is_linear=0
shrinkage=0.03


Tree=28
num_leaves=9
num_cat=0
split_feature=11 14 6 11 37 17 21 28
split_gain=7.64641 9.05588 7.70863 6.67838 5.15554 7.453 4.40385 1.76424
threshold=0.050705376654779484 188.59114180773807 0.018001182086959108 0.079554274435234232 -0.003508037666279384 -4.0852370463943499 0.015387678261342552 6.5000000000000009
decision_type=2 2 2 2 2 2 2 2
left_child=1 4 3 7 5 -1 -6 -2
right_child=2 -3 -4 -5 6 -7 -8 -9
leaf_value=-0.01226691618153802 0.035233998114559184 -0.030832628348664775 -0.010745689982173632 -0.00033213559570390195 -0.014843989841908664 0.016566256554414391 0 0.0094356584852842307
leaf_weight=9.1095480471849424 12.569296315312391 7.9128167480230323 8.3349609822034818 9.6247799694538099 25.549895748496056 25.767037987709045 48.04977323114872 7.3827417790889731
leaf_count=38 51 34 34 39 105 105 198 30
internal_value=0.000389753 -0.00334516 0.0118248 0.0189381 -0.000682434 0.0083716 -0.00527924 0.0281007
internal_weight=154.301 116.389 37.9118 29.5768 108.476 34.8766 73.5997 19.952
internal_count=634 480 154 120 446 143 303 81
is_linear=0
shrinkage=0.03


Tree=29
num_leaves=9
num_cat=0
split_feature=11 14 6 11 37 40 2 14
split_gain=7.26404 8.68929 7.34603 6.38296 4.85503 6.10612 5.18891 0.593621
threshold=0.050705376654779484 188.59114180773807 0.018001182086959108 0.079554274435234232 -0.003508037666279384 0.0028739411213958292 -0.00064699121027722562 130.80414687315991
decision_type=2 2 2 2 2 2 2 2
left_child=1 4 3 7 6 -6 -1 -2
right_child=2 -3 -4 -5 5 -7 -8 -9
leaf_value=-0.0024662391863212499 0.033620474132637169 -0.030288846108060836 -0.010495569211167521 -0.00032388989093045756 -0.020684606768570049 -0.00018238818216365852 0.019197669021408046 0.012293023249349866
leaf_weight=17.944122180342674 11.716730311512952 7.8500876128673545 8.3253926634788495 9.6246376633644086 15.490612879395483 58.0624138712883 16.931575611233711 8.1965882927179319
leaf_count=74 48 34 34 39 64 239 69 33
internal_value=0.000368511 -0.00327052 0.0115237 0.0184776 -0.000665461 -0.00513204 0.00811524 0.0274495
internal_weight=154.142 116.279 37.8633 29.538 108.429 73.553 34.8757 19.9133
internal_count=634 480 154 120 446 303 143 81
is_linear=0
shrinkage=0.03


Tree=30
num_leaves=11
num_cat=0
split_feature=0 37 36 38 5 40 40 3 11 13
split_gain=7.6013 11.8661 7.29816 8.13796 6.67421 6.33126 6.25389 2.28207 1.92457 0.599786
threshold=0.012047479488479064 -0.003508037666279384 0.0051003994093244227 0.0093202069991487873 -0.065735048334131171 -0.011786574193163367 0.03599414539817581 0.009222367688596524 -0.0058530482378963402 3.2059661749217985
decision_type=2 2 2 2 2 2 2 2 2 2
left_child=2 -2 3 6 -4 -6 -1 -3 -5 -9
right_child=1 7 4 8 5 -7 -8 9 -10 -11
leaf_value=0.017608090325388116 0.015438981390610129 -0.0045162266945682752 0.029979070795198119 -0.0065151959496530373 -0.010563308472518931 0.009948318125493575 -0.011240432829263677 -0.011654007818975212 -0.030651870076171518 -0.034026702413834271
leaf_weight=12.879427760839464 8.1328167468309385 7.7269236296415356 9.6058967262506467 8.7341330200433749 15.981695890426634 49.328440397977829 10.017158508300779 7.25842057168484 8.6591122746467573 11.054990604519842
leaf_count=53 33 32 39 37 65 201 41 30 37 46
internal_value=-0.000467182 -0.0125675 0.00314731 -0.00673298 0.00869285 0.00454145 0.00449541 -0.0223266 -0.0212268 -0.0279183
internal_weight=149.379 34.1732 115.206 40.2898 74.916 65.3101 22.8966 26.0403 17.3932 18.3134
internal_count=614 141 473 168 305 266 94 108 74 76
is_linear=0
shrinkage=0.03


Tree=31
num_leaves=9
num_cat=0
split_feature=0 40 17 36 36 21 32 8
split_gain=7.225 8.29179 7.18098 5.43605 7.56364 5.66725 5.27877 4.2729
threshold=0.012047479488479064 -0.026514366350540605 -10.607201417012929 0.005223649895065627 0.0088352077389240637 0.017518308108706217 0.0034945029504585006 -0.00078559049773999469
decision_type=2 2 2 2 2 2 2 2
left_child=2 -2 7 5 -5 -4 -3 -1
right_child=1 6 3 4 -6 -7 -8 -9
leaf_value=0 0.011497899939679576 0 0.0067783913668742878 0.017358158473439519 -0.010204391549024899 -0.016770899313053884 -0.028089318235446758 -0.023397052557063282
leaf_weight=13.630651429295542 7.8855863213539115 7.4813180863857296 21.695636481046677 47.753816664218903 8.8075621128082258 12.770187407732008 18.730335101485252 10.48744213581085
leaf_count=56 32 31 89 194 36 54 78 44
internal_value=-0.000474346 -0.0122872 0.00304574 0.00700074 0.0126081 -0.00197695 -0.0202824 -0.0107
internal_weight=149.243 34.0972 115.145 91.0272 56.5614 34.4658 26.2117 24.1181
internal_count=614 141 473 373 230 143 109 100
is_linear=0
shrinkage=0.03


Tree=32
num_leaves=10
num_cat=0
split_feature=8 9 36 36 0 36 8 21 25
split_gain=7.08469 6.37916 9.60093 6.08457 7.52053 6.67668 3.98293 2.46477 1.62997
threshold=-0.015275399735727205 -0.025059760760009462 0.005551938831567846 0.0082830220519992514 0.014354013756531116 0.0051283570860321129 -0.031198961696230498 0.018913948995404072 0.24106002554278419
decision_type=2 2 2 2 2 2 2 2 2
left_child=1 2 -1 4 5 -2 -4 -6 -3
right_child=3 8 6 -5 7 -7 -8 -9 -10
leaf_value=-0.017221260789600439 -0.0097653569295136113 0.033339805415335447 0.02417445700685493 -0.024432541673023497 -0.025522144112257065 0.0090197531391026098 -0.0013097690357603384 -0.0022256496264538152 0.0079743240853801731
leaf_weight=13.282419666647913 23.559342056512833 7.3556556403636915 11.144214034080507 10.862956285476683 11.618108168244364 47.436678305268288 7.3710628300905219 8.6291301846504194 7.8352448046207428
leaf_count=56 99 30 45 45 48 193 30 36 32
internal_value=-0.000473486 0.0088315 0.000363864 -0.00498706 -0.00203671 0.00248384 0.0141592 -0.0173604 0.0235791
internal_weight=149.095 46.9886 31.7977 102.106 91.2433 70.996 18.5153 20.2472 15.1909
internal_count=614 193 131 421 376 292 75 84 62
is_linear=0
shrinkage=0.03


Tree=33
num_leaves=10
num_cat=0
split_feature=0 37 36 38 5 18 21 32 11
split_gain=6.49429 10.8863 6.27927 7.67681 6.29832 5.80722 3.85262 3.03214 1.92114
threshold=0.012047479488479064 -0.003508037666279384 0.0051003994093244227 0.0093202069991487873 -0.065735048334131171 0.8514616639440582 0.017518308108706217 0.0039216670107822269 -0.0058530482378963402
decision_type=2 2 2 2 2 2 2 2 2
left_child=2 -2 3 6 -4 -6 -1 -3 -5
right_child=1 7 4 8 5 -7 -8 -9 -10
leaf_value=0.014768735136664615 0.015045581577788535 -0.0015820223509671611 0.028689797194840487 -0.0059575234037408326 0 0.023820159978823863 -0.0077894941594757834 -0.027094578204586047 -0.029855979931840412
leaf_weight=12.962957680225374 8.1310102641582471 7.2187408208847073 9.5779730826616269 8.6846182644367236 56.19973486661911 9.1030096709728223 9.8859950602054578 18.605956181883812 8.5663688778877241
leaf_count=53 33 30 39 37 229 37 41 78 37
internal_value=-0.000465415 -0.011694 0.00286559 -0.00631177 0.00801168 0.00399351 0.00456349 -0.0211285 -0.0204729
internal_weight=148.936 33.9557 114.981 40.0999 74.8807 65.3027 22.849 25.8247 17.251
internal_count=614 141 473 168 305 266 94 108 74
is_linear=0
shrinkage=0.03


Tree=34
num_leaves=10
num_cat=0
split_feature=14 28 1 1 36 4 36 2 2
split_gain=6.73654 9.16235 7.64156 6.02686 5.90716 5.82232 4.3157 2.66891 1.96471
threshold=154.31344038114688 2.5000000000000004 0.0080412507620214475 -0.021456494294007696 0.0076890429868764635 0.030262950847813167 0.0080284506675140487 -0.018215406607884951 -0.035692500344201343
decision_type=2 2 2 2 2 2 2 2 2
left_child=2 -2 3 8 5 -4 -5 -3 -1
right_child=1 7 4 6 -6 -7 -8 -9 -10
leaf_value=0.0022681001959803794 0.0095996912660923882 -0.0035453744272861873 -0.022095284103333744 0.016027491814348808 0.011566875481118958 0.0024225915884923429 -0.0054534162183942402 -0.029433485226308315 -0.016193638452096253
leaf_weight=7.7337058335542679 9.6819223314523715 7.1275672316551253 20.822217717766762 51.816992193460464 9.313468322157858 11.877005562186239 7.8073018044233313 14.866592466831204 7.7057274580001813
leaf_count=32 39 30 87 212 38 49 32 63 32
internal_value=-0.000447554 -0.0123726 0.00280652 0.00855103 -0.00703851 -0.0131313 0.0128856 -0.022664 -0.00688635
internal_weight=148.753 31.6761 117.076 75.0637 42.0127 32.6992 59.6243 21.9942 15.4394
internal_count=614 132 482 308 174 136 244 93 64
is_linear=0
shrinkage=0.03


Tree=35
num_leaves=11
num_cat=0
split_feature=38 19 18 21 8 16 21 21 17 13
split_gain=10.4607 14.6506 13.0243 11.2323 7.74747 5.13356 4.72544 4.3514 4.30436 1.78956
threshold=0.0091940043280509982 0.096289260851869687 0.26272491353847122 0.0327999918084287 0.030696148500223269 -13.00082887133768 0.01253350436061894 0.017120496820069098 -0.98343423422929266 0.53553143553403981
decision_type=2 2 2 2 2 2 2 2 2 2
left_child=2 5 -1 9 6 -2 -4 -6 -7 -3
right_child=1 3 4 -5 7 8 -8 -9 -10 -11
leaf_value=0.030200864270818376 -0.012100400583166412 -0.034517867242836273 0.0070484899710914813 0.0059007838752542091 -0.0019711726751914147 0.028926557428010102 -0.013619070606014687 0.022772778522554729 0.0028788766650931497 -0.012781407476794291
leaf_weight=15.712518557906149 8.2348868250846845 19.802767559885982 12.379584565758703 9.970247417688368 8.060540512204172 7.6648505032062557 27.759087085723877 15.182649597525595 19.111378118395805 11.364186212420462
leaf_count=64 34 84 51 41 33 31 115 62 78 48
internal_value=-2.4169e-05 -0.00794979 0.00742915 -0.0197687 0.000803416 0.00584964 -0.00685681 0.0141213 0.0123487 -0.0282932
internal_weight=155.243 76.1483 79.0944 41.1372 63.3819 35.0111 40.1387 23.2432 26.7762 31.167
internal_count=641 316 325 173 261 143 166 95 109 132
is_linear=0
shrinkage=0.03


Tree=36
num_leaves=10
num_cat=0
split_feature=15 15 37 36 20 25 33 9 28
split_gain=6.92704 7.85128 6.9432 6.70175 7.94332 6.45797 4.52592 4.41933 4.33833
threshold=60.125973587110636 308.96044652775066 0.0044061435624860321 0.0051419596736966243 0.019135846388850922 0.28399715504978668 0.65874960576433206 0.0054510276771000182 6.5000000000000009
decision_type=2 2 2 2 2 2 2 2 2
left_child=3 2 -2 4 -1 7 -7 -5 -4
right_child=1 -3 8 5 -6 6 -8 -9 -10
leaf_value=0.0020624404898145908 0.028554018035524108 -0.017811345012278289 0.01252656174653269 0.015173114577580946 -0.027688619447207977 -0.00083277614503317397 -0.02727265302513579 -0.0067253804503166334 -0.0056549167348118904
leaf_weight=11.395509988069536 13.896463647484778 7.4831901192665091 24.331275448203087 25.162622332572937 18.632441744208336 18.673187807202343 7.5173478722572318 9.4720143377780897 18.497602865099907
leaf_count=47 57 31 100 102 81 76 31 39 77
internal_value=-9.67951e-06 0.00730914 0.0113722 -0.00538967 -0.0165061 0.000210241 -0.0103503 0.00873457 0.0044375
internal_weight=155.062 64.2085 56.7253 90.8531 30.028 60.8252 26.1905 34.6346 42.8289
internal_count=641 265 234 376 128 248 107 141 177
is_linear=0
shrinkage=0.03


Tree=37
num_leaves=12
num_cat=0
split_feature=38 19 18 39 5 8 16 21 21 17 9
split_gain=9.63365 13.6776 12.3686 10.5623 9.3626 7.22764 4.92307 4.4467 4.1498 4.06446 0.0452079
threshold=0.0091940043280509982 0.096289260851869687 0.26272491353847122 1.0000000180025095e-35 -0.093675135105019777 0.030696148500223269 -13.00082887133768 0.01253350436061894 0.017120496820069098 -0.98343423422929266 -0.026795744060991777
decision_type=2 2 2 2 2 2 2 2 2 2 2
left_child=2 6 10 -3 -5 7 -2 -4 -7 -8 -1
right_child=1 3 5 4 -6 8 9 -9 -10 -11 -12
leaf_value=0.01408340562626632 -0.011923068873188896 0.0095243203354277058 0.0067337182338635133 0 -0.035855936797499544 -0.0021263721125903759 0.028144948795712364 -0.013314794200985353 0.02198061192565668 0.0027970970833576616 0.036026794559671303
leaf_weight=7.3702700436115256 8.2145214229822141 7.5876014530658713 12.363891765475271 9.8050096035003644 23.47187465429306 8.0624337047338503 7.6643239408731487 27.681072890758514 15.203067928552626 19.098974674940109 8.3214140087366086
leaf_count=30 34 31 51 41 101 33 31 115 62 78 34
internal_value=-2.33121e-05 -0.00765306 0.0071242 -0.0191291 -0.0262573 0.000662413 0.00565824 -0.00674219 0.0135259 0.0120298 0.0293252
internal_weight=154.844 75.8423 79.0022 40.8645 33.2769 63.3105 34.9778 40.045 23.2655 26.7633 15.6917
internal_count=641 316 325 173 142 261 143 166 95 109 64
is_linear=0
shrinkage=0.03


Tree=38
num_leaves=11
num_cat=0
split_feature=38 8 36 10 37 25 17 13 5 22
split_gain=9.14504 10.7059 9.77459 6.92958 7.09899 4.51258 3.87825 3.81425 3.29841 2.3472
threshold=0.0091940043280509982 -0.027204459707134306 0.0051419596736966243 0.019212340483770633 0.0088491565792749877 0.17951127819548876 -13.463928147655741 -0.26594510780046215 0.017518112779329579 -0.1529420084777052
decision_type=2 2 2 2 2 2 2 2 2 2
left_child=1 -1 7 4 -3 8 -5 -2 -4 -7
right_child=2 3 5 6 -6 9 -8 -9 -10 -11
leaf_value=0.031178438882359369 -0.032424527334035058 0.011537081019367634 0.019174027020171451 -0.0034672246752167567 -0.014372396346850433 0.0030353313382543135 0.019183087945535256 -0.0065662692779031836 -0.0032707477077949594 -0.012785806796200491
leaf_weight=11.737613856792448 13.134531065821649 11.718584880232809 12.846109166741373 7.5005998015403774 27.418279215693474 10.828194111585619 20.58088755607605 12.344773069024084 7.2773176133632651 19.212844431400299
leaf_count=48 58 48 52 31 114 44 84 53 30 79
internal_value=0 0.00696686 -0.00744285 0.00174364 -0.00606606 0.000134774 0.0128062 -0.0218318 0.0108173 -0.00678148
internal_weight=154.6 78.956 75.6438 67.2184 39.1369 50.1645 28.0815 25.4793 20.1234 30.041
internal_count=641 325 316 277 162 205 115 111 82 123
is_linear=0
shrinkage=0.03


Tree=39
num_leaves=13
num_cat=0
split_feature=38 19 21 26 25 40 25 17 33 13 21 35
split_gain=8.6984 12.4084 9.71446 7.73119 5.38905 4.98273 4.6568 4.54615 2.74159 2.23665 2.21053 0.543507
threshold=0.0091592896522639054 0.096289260851869687 0.0327999918084287 0.384389200748463 0.17535942492012782 0.028156509723856419 0.11346915676287493 3.0614988130964496 0.40628257501056492 0.53553143553403981 0.020870736072452406 0.032465131591025827
decision_type=2 2 2 2 2 2 2 2 2 2 2 2
left_child=3 4 9 5 11 10 -5 -7 -6 -3 -1 -2
right_child=1 2 -4 6 8 7 -8 -9 -10 -11 -12 -13
leaf_value=0.012342699042137325 0.0064519783630271384 -0.032232126297435396 0.0058555555989325625 0.0084037781042837212 -0.016804493399237411 0.01178111860583776 -0.016882494821603703 -0.011868184393383748 0.0033494175521133398 -0.010378269782404848 0.034692531164471033 0.024744778034084456
leaf_weight=18.557579085230831 7.4061850607395154 20.10299222171307 9.935645326972006 8.5197290629148501 7.2787073254585293 17.854953542351726 14.21236217021942 9.2578979581594449 13.908292576670645 11.471175879240034 8.5601585805416089 7.3304535150527954
leaf_count=76 30 87 41 35 30 73 59 39 57 49 35 30
internal_value=0 -0.00709293 -0.0179809 0.00696655 0.00537733 0.0130782 -0.00688578 0.00293007 -0.00377972 -0.0258304 0.0218113 0.0183172
internal_weight=154.396 77.4335 41.5098 76.9627 35.9236 54.2306 22.7321 27.1129 21.187 31.5742 27.1177 14.7366
internal_count=641 324 177 317 147 223 94 112 87 136 111 60
is_linear=0
shrinkage=0.03


Tree=40
num_leaves=8
num_cat=0
split_feature=15 15 15 19 21 37 19
split_gain=7.34813 5.56932 5.97763 8.61122 7.07351 5.30194 4.86646
threshold=323.66155869287246 60.125973587110636 -19.186644073082039 0.088810921987100902 0.015387678261342552 0.0044061435624860321 0.11463618949592273
decision_type=2 2 2 2 2 2 2
left_child=1 2 3 -1 -4 -3 -7
right_child=-2 5 4 -5 -6 6 -8
leaf_value=0.016966184343717761 -0.026409657723319609 0.023344405339427377 -0.027579454203076285 -0.0066525433953264317 0 -0.0057079063807427685 0.01385486794403607
leaf_weight=20.240475296974182 7.3952954560518256 13.551005840301512 14.699009701609613 34.299254357814789 17.217668786644936 25.061300247907639 17.370800003409386
leaf_count=82 31 56 61 144 72 103 73
internal_value=-0.000651231 0.000929434 -0.00370463 0.0021375 -0.0136674 0.00822559 0.00222624
internal_weight=149.835 142.44 86.4564 54.5397 31.9167 55.9831 42.4321
internal_count=622 591 359 226 133 232 176
is_linear=0
shrinkage=0.03


Tree=41
num_leaves=8
num_cat=0
split_feature=15 11 17 17 36 21 13
split_gain=7.03018 5.33597 9.77713 6.27867 5.58607 5.58414 4.41233
threshold=323.66155869287246 0.050705376654779484 -0.6068536767984084 -8.5044995422500431 0.0054956702433649708 0.017027948222635359 -1.9108227236624733
decision_type=2 2 2 2 2 2 2
left_child=1 3 -3 6 -4 -5 -1
right_child=-2 2 4 5 -6 -7 -8
leaf_value=-0.026385048779695157 -0.025882783889058129 0.025951230654279636 0.0085624677229980094 -0.0060199951700137333 -0.021267229814197697 0.008813305404289349 0.00044658391960244987
leaf_weight=12.564046993851663 7.3606962859630576 17.050503179430962 11.210168048739435 44.783238708972931 7.5834612846374503 42.102309748530388 7.056206837296485
leaf_count=54 31 70 46 185 31 175 30
internal_value=-0.000637895 0.000904091 0.010667 -0.00237938 -0.00364064 0.00103563 -0.0168929
internal_weight=149.711 142.35 35.8441 106.506 18.7936 86.8855 19.6203
internal_count=622 591 147 444 77 360 84
is_linear=0
shrinkage=0.03


Tree=42
num_leaves=9
num_cat=0
split_feature=15 15 28 7 15 19 24 10
split_gain=6.7245 5.10554 7.81533 8.6979 5.63464 8.22502 4.77965 3.52783
threshold=323.66155869287246 60.125973587110636 4.5000000000000009 0.0097106397430000886 -19.186644073082039 0.088810921987100902 -0.35796626622982641 0.025814341536867017
decision_type=2 2 2 2 2 2 2 2
left_child=1 4 7 -4 5 -1 -6 -3
right_child=-2 2 3 -5 6 -7 -8 -9
leaf_value=0.016590893809434834 -0.025371362156771885 0.0046527291959151595 0.012423882931258913 -0.014245533517579203 0.002475899734181183 -0.006491917374938449 -0.02063526545561328 0.036536181778932718
leaf_weight=20.246755361557007 7.3246580362319937 7.2311398535966864 22.739337027072906 17.770945325493813 9.9387018531560916 34.261027991771698 21.886577218770981 8.1809272319078428
leaf_count=82 31 30 94 75 41 144 92 33
internal_value=-0.000630709 0.000873286 0.00786628 0.000251962 -0.00356216 0.00210042 -0.0132548 0.024691
internal_weight=149.58 142.255 55.9223 40.5103 86.3331 54.5078 31.8253 15.4121
internal_count=622 591 232 169 359 226 133 63
is_linear=0
shrinkage=0.03


Tree=43
num_leaves=8
num_cat=0
split_feature=15 15 15 21 21 35 9
split_gain=6.44301 4.85216 5.33367 6.64692 5.61239 4.26616 4.4314
threshold=323.66155869287246 60.125973587110636 -19.186644073082039 0.015387678261342552 0.012385717166636266 -0.0014081143326124532 0.046808135715730358
decision_type=2 2 2 2 2 2 2
left_child=1 2 4 -4 -1 -3 -7
right_child=-2 5 3 -5 -6 6 -8
leaf_value=0.017086940869098309 -0.024874568071495289 0.021240825281660474 -0.026457731190418287 0 -0.0035217691326848294 0.017565496033347627 -0.0031673667255469745
leaf_weight=14.315291404724119 7.2873275727033606 13.601915553212164 14.576185047626497 17.172764346003532 40.165633574128151 10.537631139159201 31.734604746103287
leaf_count=58 31 56 61 72 168 44 132
internal_value=-0.000604528 0.000863945 -0.00346005 -0.0129059 0.00204106 0.00768525 0.00222216
internal_weight=149.391 142.104 86.2299 31.7489 54.4809 55.8742 42.2722
internal_count=622 591 359 133 226 232 176
is_linear=0
shrinkage=0.03


Tree=44
num_leaves=9
num_cat=0
split_feature=15 15 28 37 15 19 21 35
split_gain=6.17039 4.60639 7.46631 6.16518 5.06831 7.54994 6.34281 3.96953
threshold=323.66155869287246 60.125973587110636 4.5000000000000009 0.047138564137335089 -19.186644073082039 0.088810921987100902 0.015387678261342552 0.016764218318279237
decision_type=2 2 2 2 2 2 2 2
left_child=1 4 7 -4 5 -1 -6 -3
right_child=-2 2 3 -5 6 -7 -8 -9
leaf_value=0.01587392558428859 -0.024391639280705278 0.036566734930419849 0.0076562855308774814 -0.016756925488690098 -0.025869030962568183 -0.0062424497153545496 0 0.0036776580717827185
leaf_weight=20.251216009259224 7.2488426566123954 8.0325112491846067 29.241195186972618 11.23911379277706 14.507218554615976 34.208256766200066 17.172764346003532 7.3469239175319663
leaf_count=82 31 33 121 48 61 144 72 30
internal_value=-0.000587449 0.000845448 0.00749356 5.51942e-05 -0.00336775 0.00198702 -0.0125896 0.0239496
internal_weight=149.248 141.999 55.8597 40.4803 86.1395 54.4595 31.68 15.3794
internal_count=622 591 232 169 359 226 133 63
is_linear=0
shrinkage=0.03


Tree=45
num_leaves=9
num_cat=0
split_feature=18 36 35 15 10 19 2 13
split_gain=8.32467 7.64523 6.4593 5.50292 3.99528 3.95358 3.28269 2.89544
threshold=0.26272491353847122 0.0084297479004498983 0.004257431469596896 -37.725003635955737 -0.0043280695382073011 0.089992253967429617 -0.019951326152530476 -1.615720635245381
decision_type=2 2 2 2 2 2 2 2
left_child=3 2 4 7 -2 -4 -5 -1
right_child=1 -3 5 6 -6 -7 -8 -9
leaf_value=-0.0087229962706572295 -0.0048748120759011483 -0.021510037697294877 0.0030417008528276532 0.0075499390391342569 0.01791697853951468 -0.010336892375082427 0.037499790680779681 0.012737416769673033
leaf_weight=9.3374388366937655 7.2723153084516552 13.800672918558119 34.898572742938995 8.9014281332492846 23.234618708491325 38.875118106603622 8.4743479788303357 8.9418033212423307
leaf_count=39 30 58 144 37 95 166 35 37
internal_value=0.00174867 -0.00202557 0.000768156 0.0140901 0.0120567 -0.00389696 0.025294 0.00125616
internal_weight=153.736 118.081 104.281 35.655 30.5069 73.7737 17.3758 18.2792
internal_count=641 493 435 148 125 310 72 76
is_linear=0
shrinkage=0.03


Tree=46
num_leaves=10
num_cat=0
split_feature=18 38 38 7 28 20 16 20 18
split_gain=7.93687 9.36205 5.04966 7.8268 5.30698 6.28204 5.11418 4.84886 4.10069
threshold=0.26272491353847122 0.0091284604493771741 0.011275305711480789 0.014869873345773927 6.5000000000000009 0.015809324032458678 -5.8967123510240311 0.016792655208033944 0.10624997247453366
decision_type=2 2 2 2 2 2 2 2 2
left_child=1 -1 4 6 7 -6 -4 -2 -3
right_child=2 8 3 -5 5 -7 -8 -9 -10
leaf_value=0.029511022332079657 -0.018639239088303585 -0.014835125690554436 -0.001156732049730312 -0.010268441689885216 0.0079307733432842711 -0.019590618737181348 0.027218520665138406 0.0054751710509066956 0.010348132888193239
leaf_weight=15.862386986613272 7.1462873220443717 8.1303696781396884 7.0455670952796945 11.868208706378935 7.5233854353427878 31.506768256425858 14.371786415576935 38.494248434901237 11.644609972834585
leaf_count=65 30 34 30 50 31 134 59 159 49
internal_value=0.00171047 0.0137642 -0.00197497 0.00744632 -0.00593808 -0.0137921 0.0179419 0.000760552 0
internal_weight=153.594 35.6374 117.956 33.2856 84.6707 39.0302 21.4174 45.6405 19.775
internal_count=641 148 493 139 354 165 89 189 83
is_linear=0
shrinkage=0.03


Tree=47
num_leaves=9
num_cat=0
split_feature=18 38 36 36 38 2 28 23
split_gain=7.5188 8.89235 7.23901 5.17126 4.85993 4.48889 4.11508 1.82077
threshold=0.26272491353847122 0.0091284604493771741 0.0084297479004498983 0.0071701010779905714 0.0074107392280813623 -0.02235255080645043 6.5000000000000009 0.95819275474810917
decision_type=2 2 2 2 2 2 2 2
left_child=1 7 3 6 -5 -3 -2 -1
right_child=2 5 -4 4 -6 -7 -8 -9
leaf_value=0.010264455268492338 0.003676769111811033 -0.012526468627246618 -0.020931057803383262 -0.0059198981029451037 0.02008268251285452 0.01360110832137189 -0.0095783718612158682 0.038319372788250372
leaf_weight=7.3446399569511405 38.990511819720268 10.721754893660544 13.730849176645277 7.3175223022699383 18.059763193130493 9.0481637120246905 39.71224944293499 8.4956187307834607
leaf_count=30 163 45 58 30 74 38 168 35
internal_value=0.001664 0.0134009 -0.00192296 0.000790651 0.0121522 0 -0.00289733 0.028761
internal_weight=153.421 35.6102 117.811 104.08 25.3773 19.7699 78.7028 15.8403
internal_count=641 148 493 435 104 83 331 65
is_linear=0
shrinkage=0.03


Tree=48
num_leaves=9
num_cat=0
split_feature=18 38 36 34 26 10 2 35
split_gain=7.17809 8.49718 6.89038 7.99507 7.56956 5.59457 4.26989 1.11934
threshold=0.26272491353847122 0.0091284604493771741 0.0084297479004498983 0.0026802360048644451 0.30028901734104052 -0.012240770315514403 -0.02235255080645043 0.014920402801057777
decision_type=2 2 2 2 2 2 2 2
left_child=1 7 3 4 -2 -5 -3 -1
right_child=2 6 -4 5 -6 -7 -8 -9
leaf_value=0.010969836237968688 0.023597515258816461 -0.012230910471498862 -0.020454793476875243 -0.023147883121455794 -0.0039120735735904385 -0.00070874116759127932 0.013256371028300164 0.036365437301067116
leaf_weight=7.2233940809965125 19.903088107705116 10.700079843401907 13.676434487104414 10.405888319015501 13.049541234970091 60.673558816313744 9.0568364411592501 8.5845923423767072
leaf_count=30 82 45 58 45 54 254 38 35
internal_value=0.00162982 0.0131062 -0.00187342 0.000767637 0.0126738 -0.00474264 0 0.0281386
internal_weight=153.273 35.5649 117.709 104.032 32.9526 71.0794 19.7569 15.808
internal_count=641 148 493 435 136 299 83 65
is_linear=0
shrinkage=0.03


Tree=49
num_leaves=9
num_cat=0
split_feature=18 38 36 34 26 26 2 35
split_gain=6.8649 8.11691 6.54985 7.56771 7.1786 5.51814 4.06181 1.04916
threshold=0.26272491353847122 0.0091284604493771741 0.0084297479004498983 0.0026802360048644451 0.30028901734104052 0.16152751423149908 -0.02235255080645043 0.014920402801057777
decision_type=2 2 2 2 2 2 2 2
left_child=1 7 3 4 -2 -5 -3 -1
right_child=2 6 -4 5 -6 -7 -8 -9
leaf_value=0.010718642168108958 0.02296101297168775 -0.011942636448178881 -0.019991420767502845 -0.015505386868373923 -0.0038110285346827067 0.0013047122919422421 0.012921413242306884 0.035558530422421311
leaf_weight=7.2178503274917594 19.896704807877541 10.678220212459562 13.620836168527601 24.827330514788628 13.046739503741263 46.190801039338112 9.0645899027586001 8.561736732721327
leaf_count=30 82 45 58 105 54 194 38 35
internal_value=0.00158585 0.0128169 -0.00183931 0.00072983 0.0123178 -0.00463026 0 0.0275238
internal_weight=153.105 35.5224 117.582 103.962 32.9434 71.0181 19.7428 15.7796
internal_count=641 148 493 435 136 299 83 65
is_linear=0
shrinkage=0.03


end of trees

feature_importances:
volatility=42
macro_usdjpy_vol_20=40
macd_signal=33
ma_20_60_cross=26
macro_topix_vol_20=22
macd=18
macro_topix_ret_20=17
macd_hist_change=16
bb_pct_b=15
bb_bandwidth=15
atr_pct=14
month=13
macro_usdjpy_ret_20=13
macro_nikkei_ret_20=12
ma_5_20_cross=11
macro_usdjpy_ret_60=11
return_1d=9
return_3d=9
div_ma_10=9
vol_ratio=9
upper_shadow_pct=9
price_position_20d=9
return_20d=8
div_ma_20=8
macd_hist=8
div_ma_60=7
rsi_change=7
return_2d=5
gap=5
div_ma_5=4
candle_body_pct=4
lower_shadow_pct=4
return_5d=3
rsi=3
vol_change=3
return_10d=2
macro_nikkei_above_200dma=2
day_of_week=1
macro_topix_above_200dma=1

parameters:
[boosting: gbdt]
[objective: binary]
[metric: binary_logloss]
[tree_learner: serial]
[device_type: cpu]
[data_sample_strategy: bagging]
[data: ]
[valid: ]
[num_iterations: 50]
[learning_rate: 0.03]
[num_leaves: 15]
[num_threads: 0]
[seed: 42]
[deterministic: 0]
[force_col_wise: 0]
[force_row_wise: 0]
[histogram_pool_size: -1]
[max_depth: 4]
[min_data_in_leaf: 30]
[min_sum_hessian_in_leaf: 0.001]
[bagging_fraction: 0.7]
[pos_bagging_fraction: 1]
[neg_bagging_fraction: 1]
[bagging_freq: 5]
[bagging_seed: 400]
[bagging_by_query: 0]
[feature_fraction: 0.6]
[feature_fraction_bynode: 1]
[feature_fraction_seed: 30056]
[extra_trees: 0]
[extra_seed: 12879]
[early_stopping_round: 0]
[early_stopping_min_delta: 0]
[first_metric_only: 0]
[max_delta_step: 0]
[lambda_l1: 0.5]
[lambda_l2: 2]
[linear_lambda: 0]
[min_gain_to_split: 0]
[drop_rate: 0.1]
[max_drop: 50]
[skip_drop: 0.5]
[xgboost_dart_mode: 0]
[uniform_drop: 0]
[drop_seed: 17869]
[top_rate: 0.2]
[other_rate: 0.1]
[min_data_per_group: 100]
[max_cat_threshold: 32]
[cat_l2: 10]
[cat_smooth: 10]
[max_cat_to_onehot: 4]
[top_k: 20]
[monotone_constraints: ]
[monotone_constraints_method: basic]
[monotone_penalty: 0]
[feature_contri: ]
[forcedsplits_filename: ]
[refit_decay_rate: 0.9]
[cegb_tradeoff: 1]
[cegb_penalty_split: 0]
[cegb_penalty_feature_lazy: ]
[cegb_penalty_feature_coupled: ]
[path_smooth: 0]
[interaction_constraints: ]
[verbosity: -1]
[saved_feature_importance_type: 0]
[use_quantized_grad: 0]
[num_grad_quant_bins: 4]
[quant_train_renew_leaf: 0]
[stochastic_rounding: 1]
[linear_tree: 0]
[max_bin: 255]
[max_bin_by_feature: ]
[min_data_in_bin: 5]
[bin_construct_sample_cnt: 200000]
[data_random_seed: 175]
[is_enable_sparse: 1]
[enable_bundle: 1]
[use_missing: 1]
[zero_as_missing: 0]
[feature_pre_filter: 1]
[pre_partition: 0]
[two_round: 0]
[header: 0]
[label_column: ]
[weight_column: ]
[group_column: ]
[ignore_column: ]
[categorical_feature: ]
[forcedbins_filename: ]
[precise_float_parser: 0]
[parser_config_file: ]
[objective_seed: 16083]
[num_class: 1]
[is_unbalance: 0]
[scale_pos_weight: 1]
[sigmoid: 1]
[boost_from_average: 1]
[reg_sqrt: 0]
[alpha: 0.9]
[fair_c: 1]
[poisson_max_delta_step: 0.7]
[tweedie_variance_power: 1.5]
[lambdarank_truncation_level: 30]
[lambdarank_norm: 1]
[label_gain: ]
[lambdarank_position_bias_regularization: 0]
[eval_at: ]
[multi_error_top_k: 1]
[auc_mu_weights: ]
[num_machines: 1]
[local_listen_port: 12400]
[time_out: 120]
[machine_list_filename: ]
[machines: ]
[gpu_platform_id: -1]
[gpu_device_id: -1]
[gpu_use_dp: 0]
[num_gpu: 1]

end of parameters

pandas_categorical:[]
