tree
version=v4
num_class=1
num_tree_per_iteration=1
label_index=0
max_feature_idx=44
objective=binary sigmoid:1
feature_names=return_1d return_2d return_3d return_5d return_10d return_20d div_ma_5 div_ma_10 div_ma_20 div_ma_60 ma_5_20_cross ma_20_60_cross rsi rsi_change macd macd_signal macd_hist macd_hist_change bb_pct_b bb_bandwidth atr_pct volatility vol_change vol_ratio candle_body_pct upper_shadow_pct lower_shadow_pct day_of_week month is_month_end is_month_start streak gap price_position_20d macro_usdjpy_ret_20 macro_usdjpy_ret_60 macro_usdjpy_vol_20 macro_topix_ret_20 macro_topix_vol_20 macro_topix_above_200dma macro_nikkei_ret_20 macro_nikkei_above_200dma macro_nikkei_vi macro_jgb10y macro_bias_score
feature_infos=[-0.095934556271690674:0.11994069681245367] [-0.11265206812652073:0.12557319223985886] [-0.12436974789915967:0.16054693501305883] [-0.11394557823129248:0.17480559875583213] [-0.13005534269902086:0.22272580123017161] [-0.15473960117344221:0.28818206745270092] [-0.090523690773067336:0.10772208698712497] [-0.099372746579740212:0.15293040293040294] [-0.12472700218398253:0.17205318769297606] [-0.12297941335429671:0.22491645061219603] [-0.077841613157598299:0.12821362910274581] [-0.056683650531994645:0.13086784107028349] [9.9778270509977744:89.647194910352809] [-28.892187454855396:29.167415412388486] [-1075.1020619735427:2920.8898514814355] [-895.42256665739319:2269.7573601771574] [-738.15137312239153:1417.0535990936025] [-398.02576902284363:544.77915230210976] [-0.39035759613864712:1.4683797669319512] [0.038432634617946014:0.3367216579261722] [0.01597932907466388:0.046495640509725017] [0.010805449950055506:0.035824162294354693] [-0.90832899079381624:3.6334532374100723] [0.45540506275620168:1.8861209964412811] [-1:1] [0:0.91176470588235292] [0:0.9285714285714286] [0:4] [1:12] [0:1] [0:1] [-9:8] [-0.053452115812917644:0.07513024403619406] [0:1] [-0.10288784967882303:0.08505611680078462] [-0.13986255140503889:0.13160084488587853] [0.0024251968629527628:0.011841457708833433] [-0.21871130063915301:0.21255327098343968] [0.0039190589040050275:0.040640984327119517] [0:1] [-0.22859537662338159:0.23022297972565586] [0:1] none none none
tree_sizes=1302 1420 1422 1180 1313 1418 1423 1394 1183 1070 1084 1365 1298 1285 1198 1097 1095 1109 1209 1189 992 1201 1142 1187 1187 972 1103 1386 1182 1308 1299 1100 1306 1317 1307 1311 1305 1288 1392 991 1183 994 843 973 1212 1188 1085 1102 975 1064 1307 889 1103 1069 1181 1181 785 1189 792 789 1079 1102 981 1090 1093 1284 1390 1287 1413 1295 1078 1066 988

Tree=0
num_leaves=11
num_cat=0
split_feature=4 34 0 32 37 16 37 1 25 4
split_gain=33.9017 13.4322 10.8907 7.11746 4.49876 13.2092 11.1549 6.08268 4.11262 3.07315
threshold=1.0000000180025095e-35 0.0268667792984747 -0.008857538490689874 0.0066689094532910173 0.031559181381782715 306.16354889522353 0.050380761824754379 0.02756551948399422 0.093178294573643419 -0.043925705578696898
decision_type=2 2 2 2 2 2 2 2 2 2
left_child=1 2 9 -4 7 6 -6 8 -2 -1
right_child=4 -3 3 -5 5 -7 -8 -9 -10 -11
leaf_value=-0.066836819143374318 -0.087828820576677666 -0.091507052560868746 -0.042900253729495116 -0.073070147121878593 -0.060390995607896993 -0.1159714936740172 -0.093547474589379259 -0.080650071219407912 -0.1145511038931972 -0.088665224499941631
leaf_weight=7.737271815538409 9.9835765361785871 14.725775390863417 24.709351927042007 13.228238910436628 14.975364804267882 8.9852188825607282 17.471258938312531 7.9868612289428702 23.211815446615219 11.980291843414305
leaf_count=31 40 59 99 53 60 36 70 32 93 48
internal_value=-0.0823221 -0.0676343 -0.0611408 -0.0521157 -0.0953818 -0.0874067 -0.0783663 -0.102394 -0.10778 -0.080266
internal_weight=154.995 72.3809 57.6552 37.9376 82.6141 41.4318 32.4466 41.1823 33.1954 19.7176
internal_count=621 290 231 152 331 166 130 165 133 79
is_linear=0
shrinkage=1


Tree=1
num_leaves=12
num_cat=0
split_feature=10 10 37 23 1 40 10 35 37 40 37
split_gain=31.5158 7.96586 9.49139 5.90718 5.39786 4.77578 4.57402 2.67125 2.53648 5.59333 0.974379
threshold=-0.0094881100539943013 0.018829828715298706 0.031559181381782715 0.80954413153768257 0.013328166171079682 -0.018785568013769124 -0.027286981842539523 0.023615480759650257 0.067692476824181794 0.043304665039097696 0.015780802731200087
decision_type=2 2 2 2 2 2 2 2 2 2 2
left_child=4 2 3 -2 5 6 -1 -4 9 -3 -7
right_child=1 8 7 -5 -6 10 -8 -9 -10 -11 -12
leaf_value=0.02400588885929698 0.0094144786916614109 -0.023400996897369648 0.025846444023711376 -0.017073876027507824 0.0010607385791483335 0.04299431032240076 -0.0035375307262957446 0.00016641646110842533 -0.032318325106792709 -0.0013389002137806914 0.016204818492571497
leaf_weight=7.9917140156030682 7.9859942197799674 22.197181940078735 8.4907137155532819 27.194768890738487 14.478224933147429 9.9872125536203402 9.2365778684616071 7.489422768354415 10.472704529762266 21.202429786324501 8.2405118644237501
leaf_count=32 32 89 34 109 58 40 37 30 42 85 33
internal_value=-0.00119905 -0.0105774 -0.00163143 -0.0104746 0.0178864 0.0239331 0.00962697 0.0160025 -0.0184421 -0.013487 0.0344244
internal_weight=154.967 105.033 51.1609 35.1808 49.9342 35.456 17.2283 15.9801 53.8723 43.3996 18.2277
internal_count=621 421 205 141 200 142 69 64 216 174 73
is_linear=0
shrinkage=0.03


Tree=2
num_leaves=12
num_cat=0
split_feature=10 19 11 35 35 35 3 40 26 40 40
split_gain=29.9397 8.11785 9.90453 8.51167 8.17066 5.93754 4.67048 5.78363 2.7846 2.56214 2.13611
threshold=-0.0094881100539943013 0.12688925577151602 0.026646729336225587 0.045309562296746993 -0.047831859373291867 -0.010404232273945989 -0.017484684244752132 0.0089805629991683861 0.2814700704225353 0.043304665039097696 -0.022572985183564483
decision_type=2 2 2 2 2 2 2 2 2 2 2
left_child=6 2 5 -4 -3 -2 10 8 -8 -6 -1
right_child=1 4 3 -5 9 -7 7 -9 -10 -11 -12
leaf_value=0.011522085481080862 -0.026791233669479195 0.0071322006058443981 0.031920438411869388 -0.0037815383806730813 -0.033890586072165926 -0.0011805952629427817 -0.010419533089739931 0.025245983719072124 0.010187635172059896 -0.014825037398825076 0.037287742981589524
leaf_weight=9.7416116297245043 12.212363019585608 7.4795430600643149 9.4830595999956149 10.47771207988262 16.694733187556267 22.698364078998566 11.483192235231405 9.2426331639289838 8.2412366271018964 25.924557656049728 11.243444561958311
leaf_count=39 49 30 38 42 67 91 46 37 33 104 45
internal_value=-0.00113898 -0.010288 -0.00185622 0.0138592 -0.0188094 -0.0115122 0.0174542 0.00799807 -0.000973769 -0.0238139 0.0280228
internal_weight=154.922 104.97 54.8715 19.9608 50.0988 34.9107 49.9521 28.9671 19.7244 42.6193 20.9851
internal_count=621 421 220 80 201 140 200 116 79 171 84
is_linear=0
shrinkage=0.03


Tree=3
num_leaves=10
num_cat=0
split_feature=4 34 0 20 38 20 25 37 38
split_gain=29.9229 12.7342 9.93956 8.37842 12.8365 9.0582 6.3249 2.9036 1.60627
threshold=1.0000000180025095e-35 0.0268667792984747 -0.008857538490689874 0.018588628814797174 0.010715200658061778 0.024604980185640397 0.24165739710789771 -0.0024423568469256192 0.009154445476847491
decision_type=2 2 2 2 2 2 2 2 2
left_child=1 2 7 -2 5 -5 -6 -1 -4
right_child=3 -3 8 4 6 -7 -8 -9 -10
leaf_value=0.01276788793860997 0.009163446531201519 -0.01052054785893004 0.03664811669722904 -0.034990958892836911 -0.013977328794349703 0 0.011251611929327389 -0.0082077494274959001 0.017747134322810509
leaf_weight=8.737651541829111 10.726109072566031 14.722708359360693 16.24355785548687 31.625437185168266 17.184097915887836 8.4717036187648755 14.447970211505888 10.974016249179838 21.729630306363106
leaf_count=35 43 59 65 127 69 34 58 44 87
internal_value=-0.00109023 0.0126923 0.0190222 -0.0133848 -0.0171172 -0.0280057 -0.00202415 0.000718952 0.0276366
internal_weight=154.863 72.4076 57.6849 82.4553 71.7292 40.0971 31.6321 19.7117 37.9732
internal_count=621 290 231 331 288 161 127 79 152
is_linear=0
shrinkage=0.03


Tree=4
num_leaves=11
num_cat=0
split_feature=4 34 0 38 37 37 32 9 14 37
split_gain=28.2929 12.0784 9.4063 6.78634 7.33652 9.64291 6.46117 4.11308 12.2197 2.76186
threshold=1.0000000180025095e-35 0.0268667792984747 -0.008857538490689874 0.010715200658061778 0.022356071700770145 0.050380761824754379 0.0066689094532910173 0.061201088545031743 1448.8768721550334 -0.0024423568469256192
decision_type=2 2 2 2 2 2 2 2 2 2
left_child=1 2 9 4 -2 -6 -4 -5 -9 -1
right_child=3 -3 6 7 5 -7 -8 8 -10 -11
leaf_value=0.012452336111843685 -0.036271803038205833 -0.010246636312402828 0.035648970386753874 -0.013764197151212907 0.0040614534738556297 -0.025583788146921332 0.0070204525318337384 0.028090076836576602 -0.015495975906558093 -0.0080020237769980584
leaf_weight=8.7409271895885485 15.398064494132994 14.716345250606535 24.741589412093163 12.941935107111933 18.193301051855087 16.910921439528465 13.238876000046728 9.7241834998130816 9.2090845257043821 10.969944939017294
leaf_count=35 62 59 99 52 73 68 53 39 37 44
internal_value=-0.00104546 0.0123505 0.0185162 -0.0130116 -0.0196726 -0.0104247 0.0268955 -0.00147678 0.00671837 0.000689232
internal_weight=154.785 72.4077 57.6913 82.3775 50.5023 35.1042 37.9805 31.8752 18.9333 19.7109
internal_count=621 290 231 331 203 141 152 128 76 79
is_linear=0
shrinkage=0.03


Tree=5
num_leaves=12
num_cat=0
split_feature=4 34 34 10 4 13 34 13 2 24 24
split_gain=29.4663 8.25035 6.01078 6.44364 5.7502 6.94422 5.53264 7.81146 3.38362 1.38733 0.795134
threshold=-0.0038313341111058104 0.034057339461087917 -0.0057935078812141319 0.0093340115926567897 -0.032326807753524915 -3.0641673751500842 0.0093740313565865447 4.3625157689190646 -0.035640349723640212 0.055512198569842255 -0.13840996168582373
decision_type=2 2 2 2 2 2 2 2 2 2 2
left_child=1 4 3 -2 8 -6 10 -8 -1 -5 -4
right_child=2 -3 6 9 5 -7 7 -9 -10 -11 -12
leaf_value=0.0057988460860999179 -0.016000679674605712 -0.0094764662154797914 -0.010659098585743123 0.020957814135101286 -0.0086758749642445177 0.018873526968343542 -0.013842202729997017 0.016031266777616949 0.033318436049400324 0.0011226022740018402 -0.032458627721804266
leaf_weight=7.489390403032302 8.463255390524866 8.2290772497653943 7.4521496742963818 8.203459218144415 10.974629789590837 19.482837289571762 32.825429439544678 7.9715351015329352 25.477216199040413 7.4689017981290808 13.428821012377737
leaf_count=30 34 33 30 33 44 78 132 32 102 30 54
internal_value=0.00178582 0.0158375 -0.00986979 0.00218295 0.0195405 0.00856169 -0.0147422 -0.00717818 0.0281848 0.0135507 -0.026946
internal_weight=157.467 71.6532 85.8136 24.1356 63.4241 30.4575 61.6779 40.797 32.9666 15.6724 20.881
internal_count=632 287 345 97 254 122 248 164 132 63 84
is_linear=0
shrinkage=0.03


Tree=6
num_leaves=12
num_cat=0
split_feature=4 34 20 20 14 38 22 4 13 2 34
split_gain=27.8624 7.83741 7.42589 15.4766 8.71504 6.60712 6.30247 5.44071 6.58723 3.16456 2.63762
threshold=-0.0038313341111058104 0.034057339461087917 0.020620879483464229 0.024876045271509873 1448.8768721550334 0.008237335474326991 -0.0076540613063376664 -0.032326807753524915 -3.0641673751500842 -0.035640349723640212 -0.0043324841583393106
decision_type=2 2 2 2 2 2 2 2 2 2 2
left_child=1 7 5 10 -5 6 -2 9 -9 -1 -4
right_child=2 -3 3 4 -6 -7 -8 8 -10 -11 -12
leaf_value=0.0056609985325464162 -0.026449207136839972 -0.0092512597449284951 -0.012164168415062843 0.012560203762676339 -0.018601362802969996 0.01565712746010357 0.0072390602544363135 -0.008457994052850951 0.018361406060909566 0.032399712494291237 -0.039174509952155046
leaf_weight=7.4902938008308402 8.2107701748609525 8.2252629250287992 9.1821524351835269 17.179280132055286 11.924875169992445 14.681006819009779 7.4712985605001476 10.971192106604578 19.481246411800385 25.470437124371529 17.102892220020294
leaf_count=30 33 33 37 69 48 59 30 44 78 102 69
internal_value=0.00173195 0.0153979 -0.00960455 -0.0159872 -0.000100501 0.00184387 -0.0105476 0.0190095 0.0083111 0.0274239 -0.0317966
internal_weight=157.391 71.6384 85.7523 55.3892 29.1042 30.3631 15.6821 63.4132 30.4524 32.9607 26.285
internal_count=632 287 345 223 117 122 63 254 122 132 106
is_linear=0
shrinkage=0.03


Tree=7
num_leaves=12
num_cat=0
split_feature=8 20 23 20 21 21 21 34 15 16 7
split_gain=18.8972 8.19995 12.6979 9.09619 9.06389 8.14132 6.28925 5.29172 3.80735 3.61844 3.27986
threshold=-0.018966196400656835 0.020566809812340364 0.88306518622208519 0.024876045271509873 0.013977468444667388 0.019376961744818247 0.021354847491634198 0.022649453447683546 430.14111155077694 91.613629077931563 -0.019432937103339303
decision_type=2 2 2 2 2 2 2 2 2 2 2
left_child=5 4 6 -4 8 7 -3 10 -2 -6 -1
right_child=1 2 3 -5 9 -7 -8 -9 -10 -11 -12
leaf_value=0.026032228421445196 -0.016197256943998546 -0.0077098529018204843 -0.030325168767773105 -0.0033525034538107114 0.031128091116663741 0.038663191534228966 0.018301245297418205 -0.0088674579406422 0.0065045515988814114 0.0025168343021980256 0
leaf_weight=11.226499602198603 12.692540496587755 14.426034882664682 26.758298382163048 21.653826624155045 10.467363193631174 11.729768291115759 14.434320494532583 8.4798852205276471 9.4563279300928098 8.2194536179304105 7.7339092791080501
leaf_count=45 51 58 108 87 42 47 58 34 38 33 31
internal_value=0.00166969 -0.00426223 -0.00999431 -0.01917 0.00619449 0.0192585 0.00515633 0.00839113 -0.00614772 0.0207285 0.0169351
internal_weight=157.278 118.108 77.2725 48.4121 40.8357 39.1701 28.8604 27.4403 22.1489 18.6868 18.9604
internal_count=632 475 311 195 164 157 116 110 89 75 76
is_linear=0
shrinkage=0.03


Tree=8
num_leaves=10
num_cat=0
split_feature=4 21 0 9 6 40 14 21 4
split_gain=25.6141 10.6115 6.73714 6.30165 5.48689 4.09753 5.54277 5.42492 1.08079
threshold=-0.0038313341111058104 0.020203782454568376 0.011511036151785061 0.033569782004000674 -0.010366361650855447 -0.0095946939407464665 1378.8132308877578 0.014046683132757134 0.090832355206266549
decision_type=2 2 2 2 2 2 2 2 2
left_child=1 2 4 -3 -1 -2 7 -7 -8
right_child=5 3 -4 -5 -6 6 8 -9 -10
leaf_value=0 -0.024209078541759604 0.044739693738524579 -0.015764831538709567 0.0064030100794422555 0.020553819714371733 -0.014111439991265002 -0.0069500828858930124 0.0047658750834841182 -0.029117311647765709
leaf_weight=19.945920407772064 12.638645648956297 12.218542054295542 7.7392251938581458 7.733316257596015 23.939911842346191 18.13020621240139 7.4370067715644819 39.966417297720909 7.438436821103096
leaf_count=80 51 49 31 31 96 73 30 161 30
internal_value=0.00164369 0.0147534 0.0066584 0.0325009 0.0114544 -0.0092324 -0.00586177 -0.00114914 -0.0210608
internal_weight=157.188 71.5769 51.6251 19.9519 43.8858 85.6107 72.9721 58.0966 14.8754
internal_count=632 287 207 80 176 345 294 234 60
is_linear=0
shrinkage=0.03


Tree=9
num_leaves=9
num_cat=0
split_feature=33 35 20 23 15 40 20 16
split_gain=18.1613 10.0026 12.2231 11.6128 6.20744 5.10898 4.90262 2.16104
threshold=0.2398284365681661 -0.05141627340112364 0.020566809812340364 0.88306518622208519 366.56183312146152 -0.029993405424087568 0.027137075992400277 -205.71578305344764
decision_type=2 2 2 2 2 2 2 2
left_child=5 6 4 -4 -3 -1 -2 -7
right_child=1 2 3 -5 -6 7 -8 -9
leaf_value=0.00200817607539676 0 -0.0052067981663691549 0.0025044176274238192 -0.022947255297700191 0.017616714120019666 0.036091016952503031 0.02931852016286313 0.010164754478889372
leaf_weight=11.218560412526129 7.9633701890707043 19.405772343277931 22.120818227529526 46.563112378120422 18.678110703825951 13.698774188756941 8.9770496785640699 8.4700834304094332
leaf_count=45 32 78 89 188 75 55 36 34
internal_value=0.00158301 -0.00368079 -0.00722784 -0.014699 0.00593318 0.0206162 0.0162854 0.0284668
internal_weight=157.096 123.708 106.768 68.6839 38.0839 33.3874 16.9404 22.1689
internal_count=632 498 430 277 153 134 68 89
is_linear=0
shrinkage=0.03


Tree=10
num_leaves=9
num_cat=0
split_feature=10 35 4 27 33 20 1 37
split_gain=26.8812 8.92099 5.76119 4.05623 3.67355 5.80542 3.41874 2.12984
threshold=-0.009796200632854522 -0.056255757477277006 -0.012531895669345204 1.0000000180025095e-35 0.18924001248439451 0.025665461171653581 0.025262095976579583 0.023210152587055059
decision_type=2 2 2 2 2 2 2 2
left_child=3 -2 7 -1 -5 -6 -4 -3
right_child=1 2 6 4 5 -7 -8 -9
leaf_value=-0.0031372288543459427 0.010837233897219812 -0.0081034144522704969 -0.02133515964956148 0.030818217295500341 0 0.027942746661643529 -0.0039953576365021112 0.011687125558412434
leaf_weight=7.4674869030714026 11.717324733734129 7.7298148423433286 62.094315752387047 13.939735323190687 18.175577059388164 8.2153759896755201 16.117802619934082 7.4780075699090958
leaf_count=30 47 31 251 56 73 33 65 30
internal_value=-0.00324813 -0.0117538 -0.0149122 0.0148804 0.0185614 0.00984409 -0.0181375 0.000983619
internal_weight=152.935 105.137 93.4199 47.7982 40.3307 26.391 78.2121 15.2078
internal_count=616 424 377 192 162 106 316 61
is_linear=0
shrinkage=0.03


Tree=11
num_leaves=12
num_cat=0
split_feature=10 38 40 10 14 22 16 23 12 23 26
split_gain=25.4559 13.5586 8.74415 13.3517 8.71293 4.20398 4.79623 3.42949 3.2493 2.96909 2.25275
threshold=-0.009796200632854522 0.011335692677746489 0.046373902452514167 0.028756773110159898 1448.8768721550334 0.027189426507622353 -101.55358326214359 1.0221847187486262 36.32235733479073 1.034014635874122 0.12712842712842715
decision_type=2 2 2 2 2 2 2 2 2 2 2
left_child=5 2 9 -4 7 6 8 -3 -1 -2 -7
right_child=1 4 3 -5 -6 10 -8 -9 -10 -11 -12
leaf_value=0.024563558950775572 -0.031146267079492449 0.025210843267090211 0.017677477485793066 -0.021460984248980897 -0.014977462560814525 0.0063025758692283641 -0.011208506065826648 0 0 -0.010990736230918523 0.031526886793287044
leaf_weight=9.1973474472761207 32.442417398095131 12.198393553495412 12.167740821838381 15.304036885499952 10.147925511002539 7.7068112641572979 8.2154002636671049 7.4511645585298529 9.4590736180543882 15.297568470239638 13.191502586007116
leaf_count=37 131 49 49 62 41 31 33 30 38 62 53
internal_value=-0.00313496 -0.0114213 -0.0181161 -0.00359367 0.00508197 0.0145058 0.00525901 0.016561 0.0136198 -0.0256909 0.0242428
internal_weight=152.779 105.009 75.2118 27.4718 29.7975 47.7701 26.8718 19.6496 18.6564 47.74 20.8983
internal_count=616 424 304 111 120 192 108 79 75 193 84
is_linear=0
shrinkage=0.03


Tree=12
num_leaves=11
num_cat=0
split_feature=10 38 15 15 15 15 15 14 15 6
split_gain=24.1674 12.868 10.9679 6.29409 6.12518 5.84491 5.08897 4.88453 6.50066 2.68011
threshold=-0.009796200632854522 0.011144196564817879 906.85973985317139 -8.34088410888757 -578.14714669181501 -353.32829503852992 366.56183312146152 -303.2959607771117 161.57647271255226 0.020318748590962794
decision_type=2 2 2 2 2 2 2 2 2 2
left_child=4 3 9 5 -1 -2 -5 -6 -9 -3
right_child=1 2 -4 6 7 -7 -8 8 -10 -11
leaf_value=-0.0078706904941926847 -0.017922023600964707 0.026238572097610793 -0.015926896996980289 -0.035355977730072007 0.032245547053023925 0.01419590631709183 -0.014181637105483664 -0.0072640593241638518 0.020778160701295359 0.0011926425735197135
leaf_weight=7.4595988839864722 7.6757379025220898 11.686338946223264 11.883516266942022 18.96812804043293 14.399936273694037 8.6933082193136197 38.508027404546738 10.701288312673571 15.177223786711691 7.4596226364374152
leaf_count=30 31 47 48 77 58 35 156 43 61 30
internal_value=-0.00303427 -0.0111173 0.00451931 -0.0178314 0.0141545 -0.000359714 -0.0223757 0.0187678 0.00895486 0.0182253
internal_weight=152.613 104.875 31.0295 73.8452 47.738 16.369 57.4762 40.2784 25.8785 19.146
internal_count=616 424 125 299 192 66 233 162 104 77
is_linear=0
shrinkage=0.03


Tree=13
num_leaves=11
num_cat=0
split_feature=10 38 15 40 10 15 14 23 23 15
split_gain=22.8819 12.2225 10.4291 9.04073 12.1615 5.83439 4.64731 9.25441 3.97595 2.35491
threshold=-0.009796200632854522 0.011144196564817879 906.85973985317139 0.046373902452514167 0.028756773110159898 -578.14714669181501 -303.2959607771117 0.8796370137848325 1.0221847187486262 -36.880103794170147
decision_type=2 2 2 2 2 2 2 2 2 2
left_child=5 3 8 9 -5 -1 -7 -8 -3 -2
right_child=1 2 -4 4 -6 6 7 -9 -10 -11
leaf_value=-0.0076846401991187202 -0.0091482672984269046 0.02735449371004808 -0.015537772832127334 0.017472663481817585 -0.020045249853185284 0.031461373397661953 0.032108713955314151 -0.0030950934477366721 0 -0.029337613656058081
leaf_weight=7.4594184607267371 11.636894032359121 11.708704054355627 11.866042822599409 12.170679256320001 14.992700502276419 14.36643475294113 7.9409868568182018 17.924702420830727 7.4483359456062308 34.907541885972023
leaf_count=30 47 47 48 49 61 58 32 72 30 142
internal_value=-0.00294867 -0.0108224 0.00440523 -0.0173768 -0.00267539 0.0137798 0.0182902 0.0087033 0.0177682 -0.0251838
internal_weight=152.422 104.731 31.0231 73.7078 27.1634 47.6915 40.2321 25.8657 19.157 46.5444
internal_count=616 424 125 299 110 192 162 104 77 189
is_linear=0
shrinkage=0.03


Tree=14
num_leaves=10
num_cat=0
split_feature=10 22 15 10 37 14 23 10 20
split_gain=21.7006 6.7272 5.56831 4.7647 5.65886 4.40555 8.83444 3.84362 2.93987
threshold=-0.009796200632854522 -0.223448423330769 -578.14714669181501 0.01679975547939028 0.038031539075465866 -303.2959607771117 0.8796370137848325 0.010774204488245844 0.028890037511523681
decision_type=2 2 2 2 2 2 2 2 2
left_child=2 7 -1 4 -3 -4 -7 -2 -5
right_child=1 3 5 8 -6 6 -8 -9 -10
leaf_value=-0.007503161680324508 -0.011185662267030527 -0.012514777263291725 0.03070844779105629 -0.024833826152857157 0.011801715131698887 0.031389335556215994 -0.0030114358268580606 0.012365065745313097 -0.0028197074982824369
leaf_weight=7.459023028612136 7.6488380879163769 28.155988916754723 14.326747477054594 35.612244918942451 9.7093855589628202 7.925354108214381 17.925515234470367 14.519323244690893 8.9076409637927991
leaf_count=30 31 114 58 145 39 32 72 59 36
internal_value=-0.00285843 -0.0105363 0.0134365 -0.0144459 -0.00562404 0.0178511 0.0084933 0.00336533 -0.0210622
internal_weight=152.19 104.553 47.6366 82.3853 37.8654 40.1776 25.8509 22.1682 44.5199
internal_count=616 424 192 334 153 162 104 90 181
is_linear=0
shrinkage=0.03


Tree=15
num_leaves=9
num_cat=0
split_feature=10 35 21 32 13 38 19 2
split_gain=20.7593 13.6478 11.9074 9.69539 6.4238 5.49671 13.4471 3.0049
threshold=0.0032082118580990531 -0.056255757477277006 0.020203782454568376 0.0087728679090198786 1.6187650902181157 0.007715913761595518 0.12688925577151602 -0.0046846744024712774
decision_type=2 2 2 2 2 2 2 2
left_child=2 -2 3 4 -1 7 -7 -3
right_child=1 5 -4 -5 -6 6 -8 -9
leaf_value=0.017326476605636354 0.019691628113105607 -0.010348256108537575 0.030678692394012781 -0.017623619215848894 -0.0063714266141694604 0.010193921780051995 -0.020623997151636646 -0.037816462385852206
leaf_weight=30.768745422363281 9.2238249629735929 10.013752818107607 17.804096356034279 12.9358714222908 12.63729168474674 18.28038489818573 31.475457161664963 12.209021419286726
leaf_count=124 37 41 72 52 51 74 128 50
internal_value=-0.000670206 -0.0111091 0.0105566 0.00310724 0.0101199 -0.0156845 -0.00905523 -0.0279347
internal_weight=155.348 81.2024 74.146 56.3419 43.406 71.9786 49.7558 22.2228
internal_count=629 330 299 227 175 293 202 91
is_linear=0
shrinkage=0.03


Tree=16
num_leaves=9
num_cat=0
split_feature=10 35 21 32 13 35 19 13
split_gain=19.6378 12.9887 11.3254 9.18011 6.08691 4.67374 5.35064 2.8626
threshold=0.0032082118580990531 -0.056255757477277006 0.020203782454568376 0.0087728679090198786 1.6187650902181157 0.017198453265034556 0.12079959270438485 2.9877231317274036
decision_type=2 2 2 2 2 2 2 2
left_child=2 -2 3 4 -1 7 -7 -3
right_child=1 5 -4 -5 -6 6 -8 -9
leaf_value=0.016846600988917926 0.019201484382033032 -0.031228360508432099 0.02990931202055128 -0.017174221777036765 -0.0062076509878984977 0.0044189718503938455 -0.015787667911972298 -0.0049313973571198195
leaf_weight=30.753038540482521 9.2265044897794706 19.051010042428974 17.766231805086136 12.928574189543722 12.6343887001276 16.283188149333 29.155850186944008 7.3416722267866126
leaf_count=124 37 78 72 52 51 66 119 30
internal_value=-0.000656965 -0.0108234 0.0102618 0.0029931 0.00982502 -0.0152989 -0.00834935 -0.0253043
internal_weight=155.14 81.0582 74.0822 56.316 43.3874 71.8317 45.439 26.3927
internal_count=629 330 299 227 175 293 185 108
is_linear=0
shrinkage=0.03


Tree=17
num_leaves=9
num_cat=0
split_feature=10 21 32 38 7 20 38 36
split_gain=18.5656 10.7773 8.69305 7.23568 5.96886 4.66934 6.39211 3.02546
threshold=0.0032082118580990531 0.020203782454568376 0.0087728679090198786 0.015812405882617231 -0.016138231909305956 0.020672240965584808 0.008237335474326991 0.005223649895065627
decision_type=2 2 2 2 2 2 2 2
left_child=1 2 4 5 -1 6 -2 -7
right_child=3 -3 -4 -5 -6 7 -8 -9
leaf_value=0.021115176652299696 -0.013949814679518155 0.029169702920617501 -0.016738274682875524 0.011594539685670743 -8.2932302094798217e-05 -0.029587211296352785 0.014966349473731199 -0.011335357889671716
leaf_weight=19.307330802083015 15.461173400282862 17.721578359603882 12.919562995433806 9.4134773910045606 24.057434782385826 17.319482401013374 9.1519166231155378 29.565853327512741
leaf_count=78 63 72 52 38 97 71 37 121
internal_value=-0.000640275 0.00997675 0.00288275 -0.0105384 0.00953928 -0.0138928 -0.00231753 -0.0193191
internal_weight=154.918 74.0059 56.2843 80.9119 43.3648 71.4984 24.6131 46.8853
internal_count=629 299 227 330 175 292 100 192
is_linear=0
shrinkage=0.03


Tree=18
num_leaves=10
num_cat=0
split_feature=10 21 32 38 15 11 1 14 9
split_gain=17.5672 10.2505 8.24201 7.01928 6.19562 8.50884 6.0003 5.01681 6.5007
threshold=0.0032082118580990531 0.020203782454568376 0.0087728679090198786 0.010947575256015028 1.0000000180025095e-35 0.056970152196121567 -0.0013925643849166389 1466.6781469359923 0.052121834950135393
decision_type=2 2 2 2 2 2 2 2 2
left_child=1 2 6 4 -2 -6 -1 8 -5
right_child=3 -3 -4 7 5 -7 -8 -9 -10
leaf_value=0.018774339223161959 0.0047515994349039475 0.02845781084198774 -0.016315185193429376 -0.0060082912985518089 -0.030507633794914248 -0.0028372060041468019 -0.0024809265729179198 -0.013382968835929029 0.027051660433934539
leaf_weight=24.018216520547867 8.6368295848369581 17.670743867754936 12.908981010317801 8.1705901920795494 27.842394337058067 17.636054679751396 19.318482235074043 9.5279971808195096 8.96715299785137
leaf_count=97 35 72 52 33 115 72 78 39 36
internal_value=-0.000620104 0.00970974 0.0027872 -0.0102596 -0.0163162 -0.0206648 0.00927693 0.00178935 0.0115255
internal_weight=154.697 73.9164 56.2457 80.781 54.1153 45.4784 43.3367 26.6657 17.1377
internal_count=629 299 227 330 222 187 175 108 69
is_linear=0
shrinkage=0.03


Tree=19
num_leaves=10
num_cat=0
split_feature=4 35 20 36 17 0 38 35 18
split_gain=15.6786 11.283 7.69989 7.50798 5.29548 5.22597 4.66648 6.24841 0.55939
threshold=-0.0038313341111058104 -0.056255757477277006 0.020620879483464229 0.0050015167229655027 -85.914492080241658 0.019681263779261386 0.011144196564817879 0.029273601684433052 0.31201243247867166
decision_type=2 2 2 2 2 2 2 2 2
left_child=4 -2 3 -3 -1 -4 7 -6 -8
right_child=1 2 5 -5 6 -7 8 -9 -10
leaf_value=-0.010439935547875923 0.017531416787186529 0.013571913071687263 -0.025045303900075592 -0.015455241804573203 0.017572241292293071 0 0.011182171357031803 -0.0042262886073729192 0.031540188598334289
leaf_weight=7.9057712852954856 10.202544525265692 14.306119114160539 38.503905087709427 13.720740482211111 20.685038760304451 8.8310845792293531 8.3911019563674945 21.751677587628365 10.144931301474569
leaf_count=32 41 58 159 56 84 36 34 88 41
internal_value=-0.000602781 -0.00917472 -0.0133439 -0.000221888 0.00979251 -0.0204853 0.0129023 0.00637413 0.0250413
internal_weight=154.443 85.5644 75.3618 28.0269 68.8785 47.335 60.9727 42.4367 18.536
internal_count=629 350 309 114 279 195 247 172 75
is_linear=0
shrinkage=0.03


Tree=20
num_leaves=8
num_cat=0
split_feature=4 21 35 19 36 32 23
split_gain=12.6242 8.30619 7.65902 5.84124 9.58503 5.98713 5.78374
threshold=-0.032326807753524915 0.020203782454568376 -0.056255757477277006 0.11096932833520284 0.0076361719390517615 0.011782711514630952 1.1170558417976748
decision_type=2 2 2 2 2 2 2
left_child=1 6 -2 4 -4 -5 -1
right_child=2 -3 3 5 -6 -7 -8
leaf_value=0.01543321002279879 0.017008525008973683 0.034356369765142898 0.0075362947151859563 -0.017889547125710493 -0.019779469028016809 0.0054383294948515612 -0.014137354031911714
leaf_weight=12.837033927440645 12.425981625914572 12.647892251610754 43.658925428986549 43.06751212477684 13.445521667599676 10.52738696336746 7.6831112951040259
leaf_count=52 50 52 177 177 55 43 31
internal_value=0.0009867 0.0169284 -0.0033898 -0.00607381 0.000399207 -0.0130068 0.00342313
internal_weight=156.293 33.168 123.125 110.699 57.1044 53.5949 20.5201
internal_count=637 135 502 452 232 220 83
is_linear=0
shrinkage=0.03


Tree=21
num_leaves=10
num_cat=0
split_feature=4 38 20 38 21 15 5 37 35
split_gain=11.9744 7.97239 13.5936 9.53722 7.94672 6.54402 4.62896 4.07709 3.10854
threshold=-0.032326807753524915 0.011144196564817879 0.019212567124575381 0.0077900311140713819 0.020203782454568376 1018.0084290521137 0.05189212183360959 0.032097503228635034 0.022017727214020181
decision_type=2 2 2 2 2 2 2 2 2
left_child=4 2 3 -2 8 6 -3 -4 -1
right_child=1 5 7 -5 -6 -7 -8 -9 -10
leaf_value=0.014519561086614582 -0.0044434308491805054 0.0047393397644347642 -0.022516512258220989 0.031253976475041072 0.033617715732426369 -0.011528994833193251 0.031478558191589644 -0.0059434014449038222 -0.0065509306269866657
leaf_weight=9.8632440268993395 14.488023072481157 18.56731286644936 33.920962825417519 9.1671910285949689 12.582942724227903 9.0053849071264249 8.69546030461788 29.167024999856949 10.645592764019964
leaf_count=40 59 75 139 37 52 37 35 120 43
internal_value=0.0009717 -0.0032879 -0.00826314 0.0101638 0.0165182 0.00802945 0.015349 -0.0155029 0.00330575
internal_weight=156.103 123.011 86.7432 23.6552 33.0918 36.2682 27.2628 63.088 20.5088
internal_count=637 502 355 96 135 147 110 259 83
is_linear=0
shrinkage=0.03


Tree=22
num_leaves=10
num_cat=0
split_feature=4 38 32 23 38 16 4 10 25
split_gain=11.3649 7.55439 8.30185 4.65058 4.55145 11.5501 4.53395 3.49589 1.49819
threshold=-0.032326807753524915 0.011144196564817879 -0.003865701961656753 1.1645593238686398 0.009154445476847491 -38.604194012737189 0.086823422270573616 0.02753968340685831 0.18776709401709404
decision_type=2 2 2 2 2 2 2 2 2
left_child=3 4 -3 8 5 -2 -4 -6 -1
right_child=1 2 6 -5 7 -7 -8 -9 -10
leaf_value=0.0090124602221041128 0.01616540115146942 -0.011945787312649399 0.025142093804264565 0 -0.025660664709919973 -0.011332138826284617 0 0 0.030253802471445945
leaf_weight=9.8084837794303912 17.28391395509243 10.837808251380919 17.087346851825718 10.249963104724882 16.710447773337368 44.691634640097618 8.3290166854858381 7.9443655610084525 12.952644765377043
leaf_count=40 70 44 69 42 68 184 34 33 53
internal_value=0.000965479 -0.00318176 0.00783004 0.016132 -0.00803205 -0.00316346 0.0170661 -0.018552 0.0231733
internal_weight=155.896 122.885 36.2542 33.0111 86.6304 61.9755 25.4164 24.6548 22.7611
internal_count=637 502 147 135 355 254 103 101 93
is_linear=0
shrinkage=0.03


Tree=23
num_leaves=10
num_cat=0
split_feature=4 38 32 19 36 37 19 23 34
split_gain=10.8054 7.13545 7.87381 7.23787 12.125 9.80167 6.50636 5.46543 4.66029
threshold=-0.032326807753524915 0.011144196564817879 -0.003865701961656753 0.062448766655873976 0.0050015167229655027 0.031559181381782715 0.12769822536264111 1.1318058489768326 0.013158486594801457
decision_type=2 2 2 2 2 2 2 2 2
left_child=6 3 -3 4 -2 -5 7 -1 -4
right_child=1 2 8 5 -6 -7 -8 -9 -10
leaf_value=0.015049731653063702 0.032860892085487536 -0.01165100899653022 0.025308005859689571 -0.022935729708995135 -0.014458165196335882 -0.00051688273722769065 0.031534989924407411 -0.013755876800302994 0
leaf_weight=13.255062326788904 7.6845914125442487 10.829380497336386 16.339316919445995 34.46459373831749 7.6217853128910065 36.748108074069023 12.282562613487242 7.4195711165666571 9.0742055624723417
leaf_count=54 31 44 66 142 31 151 51 30 37
internal_value=0.000942801 -0.0030996 0.00759687 -0.00782023 0.00948384 -0.0119019 0.0157453 0.00374913 0.0165977
internal_weight=155.719 122.762 36.2429 86.5191 15.3064 71.2127 32.9572 20.6746 25.4135
internal_count=637 502 147 355 62 293 135 84 103
is_linear=0
shrinkage=0.03


Tree=24
num_leaves=10
num_cat=0
split_feature=14 21 16 15 15 34 34 37 34
split_gain=8.6933 10.1778 9.30194 8.24165 8.17494 6.56717 6.07738 2.24922 1.73133
threshold=808.92384013814092 0.020068533466282335 96.205519125429191 304.66145672580529 40.789891504263878 0.027805095720300769 -0.0071514864354860199 0.046245645516964314 0.020830122334225213
decision_type=2 2 2 2 2 2 2 2 2
left_child=1 3 -3 4 -1 -5 -2 -8 -9
right_child=6 2 -4 5 -6 -7 7 8 -10
leaf_value=0.00054779490844844884 0.0080427997130949405 0.032016182480402083 0 0.021852942487308381 -0.022723789241121034 -0.0057161754787747061 -0.0053621680617546028 -0.035668593084577385 -0.0098390378724442593
leaf_weight=39.44168958067894 9.0090683996677381 18.065756231546406 13.223482459783552 19.108745560050014 17.757143512368202 10.073765277862547 12.679702192544939 7.2600991278886822 8.895249739289282
leaf_count=160 37 75 54 78 73 41 52 30 37
internal_value=0.000923976 0.00504054 0.019141 -0.000214787 -0.00694702 0.0120988 -0.0111099 -0.0177139 -0.0249234
internal_weight=155.515 117.671 31.2892 86.3813 57.1988 29.1825 37.8441 28.8351 16.1553
internal_count=637 481 129 352 233 119 156 119 67
is_linear=0
shrinkage=0.03


Tree=25
num_leaves=8
num_cat=0
split_feature=34 7 38 34 20 1 13
split_gain=6.84744 8.05786 6.61538 11.1812 6.49439 2.87211 3.54332
threshold=0.039020180631897612 -0.012991009107048221 0.010800729719838842 0.013158486594801457 0.022978360617248537 -0.032220251354398703 -4.4280567030099993
decision_type=2 2 2 2 2 2 2
left_child=1 5 3 -3 -4 -1 -7
right_child=-2 2 4 -5 -6 6 -8
leaf_value=0 -0.017070347650043637 -0.014450365679937028 0.030373071442681455 0.010382075217382922 0.0020030403670609378 0.033156300154264753 0.0094703650958951179
leaf_weight=8.8273061364889127 12.194206148386 42.975675493478775 8.4372027367353422 23.19676873087883 29.481519117951393 10.969927012920381 19.14420673251152
leaf_count=36 50 177 34 95 120 45 79
internal_value=0.00264824 0.00464498 6.36099e-05 -0.00547612 0.00989683 0.0159234 0.0200933
internal_weight=155.227 143.033 104.091 66.1724 37.9187 38.9414 30.1141
internal_count=636 586 426 272 154 160 124
is_linear=0
shrinkage=0.03


Tree=26
num_leaves=9
num_cat=0
split_feature=4 2 1 1 35 32 1 11
split_gain=12.5492 5.099 9.67305 13.5252 4.30457 3.716 2.61186 2.20694
threshold=-0.046826535427060716 -0.0072303792424888704 -0.0082307536122011565 0.00083457257352592695 0.035920908882282949 -0.0015090097000074463 -0.0029281647905393111 0.027898888660545688
decision_type=2 2 2 2 2 2 2 2
left_child=6 4 -3 -4 7 -6 -1 -2
right_child=1 2 3 -5 5 -7 -8 -9
leaf_value=0.02936222395293003 -0.0240253540143399 0.026704519018330104 -0.026932656698175714 0.0046623010107087514 -0.011922388233795263 0.012820083667639717 0.003909981735097743 -0.0031130647293451112
leaf_weight=14.764881029725077 14.614417418837549 11.302166476845739 12.788471803069113 66.730982154607773 7.7984511405229595 10.028167665004728 7.4005169868469229 9.6914749741554242
leaf_count=61 60 46 53 272 32 41 31 40
internal_value=0.00259807 -0.000895139 0.00298831 -0.000770961 -0.00936231 0.00112884 0.0225119 -0.0171279
internal_weight=155.12 132.954 90.8216 79.5195 42.1325 17.8266 22.1654 24.3059
internal_count=636 544 371 325 173 73 92 100
is_linear=0
shrinkage=0.03


Tree=27
num_leaves=12
num_cat=0
split_feature=16 38 34 38 20 19 34 16 38 25 3
split_gain=7.64672 7.6357 8.82793 6.24691 5.74747 4.86236 4.41616 3.92621 3.0604 1.63506 1.62596
threshold=-112.43404587348196 0.010715200658061778 0.010103050245114488 0.009154445476847491 0.022978360617248537 0.10873750872865659 0.0268667792984747 39.532005781205108 0.012286946731875923 0.1483946537773693 -0.0081936379848208656
decision_type=2 2 2 2 2 2 2 2 2 2 2
left_child=3 2 7 9 -3 -4 10 -2 -6 -1 -5
right_child=1 4 5 6 8 -7 -8 -9 -10 -11 -12
leaf_value=0.0079658911726860765 -0.0061026457561978312 0.027825547976540344 0.014095229774271955 0.016042232823610583 -0.011525505421901788 -0.0085828207687272257 -0.01283552541989851 -0.026533239466469922 0.0079261340262843285 0.031861478378070893 0
leaf_weight=7.7700002342462566 21.267836526036263 8.426632493734358 17.17687758803368 12.861739933490755 8.763330891728403 12.740178018808363 8.8781692534685117 18.472459256649017 19.63485649228096 11.590007975697516 7.4021902531385448
leaf_count=32 87 34 70 53 36 53 36 77 80 48 30
internal_value=0.00252659 -0.00187912 -0.00776481 0.0121873 0.0086943 0.00403515 0.00239743 -0.0167751 0.00106677 0.0246172 0.0102986
internal_weight=154.984 106.482 69.6574 48.5021 36.8248 29.9171 29.1421 39.7403 28.3982 19.36 20.2639
internal_count=636 437 287 199 150 123 119 164 116 80 83
is_linear=0
shrinkage=0.03


Tree=28
num_leaves=10
num_cat=0
split_feature=4 27 8 12 26 23 27 23 32
split_gain=11.7769 5.96919 4.62414 5.1306 5.79963 4.35008 5.64783 4.29247 3.3203
threshold=-0.012531895669345204 3.5000000000000004 -0.005628441908421788 54.656965938784928 0.18983103853261951 0.89877512002359861 1.5000000000000002 0.77048214504748069 -0.0036805327107889969
decision_type=2 2 2 2 2 2 2 2 2
left_child=1 5 -2 4 -4 7 -7 -1 -5
right_child=2 -3 3 8 -6 6 -8 -9 -10
leaf_value=0 -0.019933209210088249 0.031513337217759584 -0.0040844480663722689 -0.016362967731380022 0.022979978357289134 0.011872731030074251 -0.013680889205424079 0.027852318386813256 -0.00087210045472114973
leaf_weight=7.3124346435070064 11.753473028540609 11.156184315681456 11.484891638159754 16.589105114340782 12.512725517153738 13.913390159606935 13.175410866737364 11.224212720990179 45.671958670020103
leaf_count=30 48 46 47 69 51 57 54 46 188
internal_value=0.00246728 0.013156 -0.0037143 -0.000932757 0.0101326 0.00721743 -0.000126431 0.017647 -0.00561378
internal_weight=154.794 56.7816 98.0122 86.2587 23.9976 45.6254 27.0888 18.5366 62.2611
internal_count=636 233 403 355 98 187 111 76 257
is_linear=0
shrinkage=0.03


Tree=29
num_leaves=11
num_cat=0
split_feature=16 34 34 21 19 36 34 40 7 6
split_gain=7.0156 5.32385 4.20352 7.93991 6.29404 9.45815 6.18094 3.82854 1.8208 1.57552
threshold=-112.43404587348196 0.0268667792984747 0.0082073229083020633 0.013465370899448681 0.11096932833520284 0.0060613379873813303 0.0040428426299867768 0.033914084552360342 -0.0012019348702974996 -0.018619198826319665
decision_type=2 2 2 2 2 2 2 2 2 2
left_child=1 8 3 -2 5 -4 -5 -6 9 -1
right_child=2 -3 4 6 7 -7 -8 -9 -10 -11
leaf_value=0.0045006867945442874 -0.032981770520350194 -0.0039462178129499809 0.029339615221911641 0.002332530146143182 -0.01896586827056285 -0.0075224543140917843 -0.02399624615346304 0.0027674698186581997 0.0012843208784983483 0.024854788561288824
leaf_weight=7.5154151469469062 7.2554546892642966 12.323125198483465 14.094096183776857 42.42326782643795 9.1444363743066805 8.2737835347652418 7.6698755025863639 17.42555133998394 7.4102320969104793 21.115523859858513
leaf_count=31 30 50 57 174 38 34 32 72 30 88
internal_value=0.00240372 0.0116734 -0.0018135 -0.00730739 0.00436426 0.0155906 -0.00217729 -0.0049914 0.017335 0.0206444
internal_weight=154.651 48.3643 106.286 57.3486 48.9379 22.3679 50.0931 26.57 36.0412 28.6309
internal_count=636 199 437 236 201 91 206 110 149 119
is_linear=0
shrinkage=0.03


Tree=30
num_leaves=11
num_cat=0
split_feature=4 38 34 4 13 14 27 19 13 6
split_gain=12.9852 9.44518 9.8543 7.09858 4.55123 4.40413 5.15586 4.21513 2.57654 0.74338
threshold=-0.0038313341111058104 0.011144196564817879 0.016229913177655656 0.072665992585102882 2.4804367712797348 668.94064790619097 1.0000000180025095e-35 0.12900244008061745 -0.32697689280635339 0.007364687541904732
decision_type=2 2 2 2 2 2 2 2 2 2
left_child=5 2 8 9 -4 6 -1 -8 -2 -3
right_child=1 3 4 -5 -6 -7 7 -9 -10 -11
leaf_value=-0.0087772973998513342 -0.013646886588060726 0.0052023935439695261 -0.010488567717635511 -0.011958477910441136 0.015870384203256174 -0.011095166076540276 0.0076684441624335856 0.028729934145270392 -0.033824560457722384 0.023911903479861017
leaf_weight=8.276128336787222 18.677274093031883 7.3920726329088229 12.705440521240236 11.232702150940893 7.8398921936750403 7.654637709259986 35.573574915528297 12.307827666401861 19.347620770335197 7.4296635389328003
leaf_count=34 78 30 53 46 32 31 145 52 81 30
internal_value=-0.00255492 -0.0102307 -0.0167959 0.00413836 0 0.00739798 0.0104715 0.0143178 -0.0254655 0.0172005
internal_weight=148.437 84.6247 58.5702 26.0544 20.5453 63.8122 56.1575 47.8814 38.0249 14.8217
internal_count=612 350 244 106 85 262 231 197 159 60
is_linear=0
shrinkage=0.03


Tree=31
num_leaves=9
num_cat=0
split_feature=8 20 20 16 34 34 37 16
split_gain=10.7767 6.57461 6.40437 6.32291 4.48218 4.58006 4.18823 2.75946
threshold=0.018388585541484068 0.019250959062454685 0.026087673380580798 -101.55358326214359 -0.0071514864354860199 0.0082073229083020633 0.050380761824754379 -181.84551323186039
decision_type=2 2 2 2 2 2 2 2
left_child=1 -1 3 -3 -2 -6 -7 -4
right_child=4 2 7 -5 5 6 -8 -9
leaf_value=0.021416175969001579 0.0014738287236728336 0.0053703202398068034 0.0027967937930907872 -0.013889065414133917 -0.031355256960331028 2.6533388205128862e-05 -0.020387545155975566 0.0269181920235608
leaf_weight=13.94583924114704 13.812842696905134 26.029514312744141 11.925769269466402 30.611242964863777 12.8662713766098 18.024636954069141 13.653132826089857 7.2878486514091483
leaf_count=57 57 107 50 126 54 74 57 30
internal_value=-0.00248661 0.00390028 1.98753e-05 -0.00490124 -0.0123669 -0.01686 -0.00901478 0.0143285
internal_weight=148.157 89.8002 75.8544 56.6408 58.3569 44.544 31.6778 19.2136
internal_count=612 370 313 233 242 185 131 80
is_linear=0
shrinkage=0.03


Tree=32
num_leaves=11
num_cat=0
split_feature=8 36 36 21 13 14 14 15 14 19
split_gain=10.2661 6.61683 5.6527 6.21886 4.62402 4.55964 5.22791 3.7728 7.62516 2.88326
threshold=0.018388585541484068 0.0048708526735336656 0.0065766509884510908 0.022604930273939391 1.9196871063406429 1378.8132308877578 978.51460774449527 -59.026685251661512 298.13421557785483 0.11226224923144039
decision_type=2 2 2 2 2 2 2 2 2 2
left_child=1 7 4 -4 -3 6 9 -1 -9 -2
right_child=5 2 3 -5 -6 -7 -8 8 -10 -11
leaf_value=0.02704258968892664 -0.00093889750171284635 -0.0014515044034600123 -0.0013043032612470957 0.024985125805323027 -0.028447613424538349 -0.026823559238586609 0.010309362626825703 -0.014429708598153715 0.022333758472508666 -0.019213721824018763
leaf_weight=12.056026190519335 15.317780435085295 16.729916214942936 27.997818067669868 8.8088106215000135 8.082263916730879 13.126976370811461 10.177396133542059 7.9050464183092144 8.1480607241392118 19.608157113194466
leaf_count=50 63 69 115 37 33 55 42 33 33 82
internal_value=-0.00240662 0.00382391 -0.00154152 0.00556434 -0.0122707 -0.0120645 -0.00649405 0.0154049 0.0038064 -0.01209
internal_weight=147.958 89.7279 61.6188 36.8066 24.8122 58.2303 45.1033 28.1091 16.0531 34.9259
internal_count=612 370 254 152 102 242 187 116 66 145
is_linear=0
shrinkage=0.03


Tree=33
num_leaves=11
num_cat=0
split_feature=4 38 40 4 37 20 36 36 37 24
split_gain=11.4924 9.13847 7.51497 6.60538 5.77175 4.13141 3.5638 7.62858 1.46588 0.461017
threshold=-0.0038313341111058104 0.011144196564817879 0.0098545964817406979 0.072665992585102882 0.050380761824754379 0.019250959062454685 0.0049081006308917255 0.0066665461986932864 0.014956467783926343 -0.050775313205997118
decision_type=2 2 2 2 2 2 2 2 2 2
left_child=5 2 -2 9 -4 -1 8 -8 -7 -3
right_child=1 3 4 -5 -6 6 7 -9 -10 -11
leaf_value=0.02476866206863686 -0.035514361089334222 0.023064379931114279 -2.2840346117179468e-05 -0.011050027284227736 -0.021848529583593412 0.021631188378191616 -0.013957799398333156 0.01119247289224575 0.0012913522796323931 0.0059096407786442982
leaf_weight=8.2961754500865919 12.543540909886358 7.3890891373157501 28.339583158493042 11.177018970251082 17.281016424298286 8.830597937107088 20.034972161054611 19.144176989793777 7.3092867881059638 7.4129685163497943
leaf_count=34 53 30 118 46 73 37 82 79 30 30
internal_value=-0.00234689 -0.00959896 -0.016097 0.00452389 -0.00917575 0.00701695 0.00332169 -0.00135758 0.0144047 0.017092
internal_weight=147.758 84.1432 58.1641 25.9791 45.6206 63.6152 55.319 39.1791 16.1399 14.8021
internal_count=612 350 244 106 191 262 228 161 67 60
is_linear=0
shrinkage=0.03


Tree=34
num_leaves=11
num_cat=0
split_feature=8 36 20 21 37 23 35 5 14 26
split_gain=9.4315 6.12429 5.38285 5.32753 5.17806 5.71305 4.47244 4.63557 5.23749 1.88928
threshold=0.018388585541484068 0.0048708526735336656 0.020502277685194581 0.0181662729239562 0.031559181381782715 0.79660164654512278 -0.056255757477277006 0.074647725970901649 242.18107694167887 0.16421134825611663
decision_type=2 2 2 2 2 2 2 2 2 2
left_child=1 2 -1 -4 5 -3 -2 8 -8 -9
right_child=6 4 3 -5 -6 -7 7 9 -10 -11
leaf_value=0.029735579027893241 0.0060770284568944025 0.014614376378545664 -0.010890438196046457 0.019045419166571671 0.013365094612833011 -0.011004374318157976 -0.020564451928149808 -0.0334687284248915 0.0066381821038747598 -0.012387486973496434
leaf_weight=10.829649746418001 8.6627401709556562 7.3524658977985373 9.3270059823989886 7.8682244271039954 13.614001885056494 40.534491941332817 8.2159937173128146 10.871935591101648 14.137862622737883 16.096572503447533
leaf_count=44 35 30 39 33 56 168 34 46 59 68
internal_value=-0.00227246 0.00369713 0.0148572 0.00258337 -0.00145986 -0.00634204 -0.0115552 -0.0150605 -0.00361176 -0.0231278
internal_weight=147.511 89.5258 28.0249 17.1952 61.501 47.887 57.9851 49.3224 22.3539 26.9685
internal_count=612 370 116 72 254 198 242 207 93 114
is_linear=0
shrinkage=0.03


Tree=35
num_leaves=11
num_cat=0
split_feature=4 40 38 37 10 14 24 14 9 22
split_gain=10.9001 8.3036 12.1662 9.05127 5.86139 5.24054 4.20271 3.58184 6.32263 2.65645
threshold=-0.0038313341111058104 0.044350021459573681 0.011144196564817879 0.067692476824181794 0.056712504447707708 656.26246261339668 -0.17595459236326108 85.303142666478394 -0.018233191616473427 -0.045864805973781446
decision_type=2 2 2 2 2 2 2 2 2 2
left_child=5 2 6 4 -3 7 -2 8 -1 -4
right_child=1 3 9 -5 -6 -7 -8 -9 -10 -11
leaf_value=0.016544871032436261 -0.0062205439900600203 0.022851301879991633 0.0193332636445556 -0.017127781542822337 -0.0049735317071587307 -0.0073025603812431339 -0.03028825044696682 0.026057398569502732 -0.0067827203645035089 -0.0025574179249809731
leaf_weight=28.180816665291783 13.518252015113829 19.729190260171894 7.6430528610944748 8.9286421686410886 7.8771457970142356 9.3159341514110547 20.51314190030098 17.437680572271347 13.532627865672113 7.3973590731620771
leaf_count=117 57 81 31 38 33 38 87 72 55 30
internal_value=0.00257609 -0.00440359 -0.0123555 0.00597464 0.0146055 0.0113932 -0.0220201 0.0147255 0.00866974 0.00864995
internal_weight=154.074 85.6068 49.0718 36.535 27.6063 68.4671 34.0314 59.1511 41.7134 15.0404
internal_count=639 357 205 152 114 282 144 244 172 61
is_linear=0
shrinkage=0.03


Tree=36
num_leaves=11
num_cat=0
split_feature=16 20 36 36 12 34 23 11 20 7
split_gain=7.86498 7.22991 7.90178 7.63914 5.97797 10.4127 10.5941 5.97623 4.0185 0.072909
threshold=-99.866021486649018 0.026258829318264957 0.0060038208782324251 0.0061611186093608753 37.198461356598024 0.024717792884767834 1.027008398149303 -0.026583595541005253 0.019162648926094431 -0.017146378091116934
decision_type=2 2 2 2 2 2 2 2 2 2
left_child=4 2 7 -3 9 6 -6 -2 -4 -1
right_child=1 3 8 -5 5 -7 -8 -9 -10 -11
leaf_value=0.029722124900915563 0.019431473208749477 -0.0075773304909784889 0.00106903053950963 0.024178475387455042 0.028531859639314799 -0.022193977826604788 -0.0094773090727112569 -0.0043925346351648999 -0.0209846024378578 0.011137967711935237
leaf_weight=11.077767595648767 11.034880638122557 9.3524983972311038 7.8101881742477408 14.567541182041166 14.274605304002767 8.1432297527790052 9.0185246318578702 31.427947893738747 29.88590008020401 7.2324913740158072
leaf_count=47 45 39 32 60 59 33 37 132 125 30
internal_value=0.00249455 -0.00209859 -0.00653821 0.0115569 0.0121038 0.00313432 0.0136369 0.00205685 -0.0162138 0.0249396
internal_weight=153.826 104.079 80.1589 23.92 49.7466 31.4364 23.2931 42.4628 37.6961 18.3103
internal_count=639 433 334 99 206 129 96 177 157 77
is_linear=0
shrinkage=0.03


Tree=37
num_leaves=11
num_cat=0
split_feature=16 38 32 11 27 14 13 17 32 17
split_gain=7.45662 8.82143 9.988 6.21627 6.1729 5.40891 5.18919 3.52787 2.47351 0.89981
threshold=-99.866021486649018 0.0078361505800599324 -0.0045729505849045884 0.0026479973832093111 1.5000000000000002 776.34709754240259 1.3980632743927475 -43.935270143754927 0.0061567977572259966 -50.687966853073256
decision_type=2 2 2 2 2 2 2 2 2 2
left_child=5 7 3 -3 -4 6 9 -2 -9 -1
right_child=1 2 4 -5 -6 -7 -8 8 -10 -11
leaf_value=0.007735514849080632 0.00058386145769954404 0.0031133690334670771 -0.00033615967025154745 -0.027432667251180806 0.019160289523382393 -0.008893229124127643 0 -0.027575114797250517 -0.0035074885953423856 0.026578087678285588
leaf_weight=7.7189177721738806 7.6777861863374737 9.2457904815673846 24.645467311143875 10.622707471251486 29.138371244072914 7.3685381710529319 13.566171318292616 14.765645429491999 7.8513678312301627 20.974893346428875
leaf_count=32 32 38 102 45 120 30 56 63 33 88
internal_value=0.00244276 -0.00202759 0.00345529 -0.0135474 0.0102658 0.0118123 0.0160002 -0.0152104 -0.0207933 0.0228323
internal_weight=153.576 103.947 73.6523 19.8685 53.7838 49.6285 42.26 30.2948 22.617 28.6938
internal_count=639 433 305 83 222 206 176 128 96 120
is_linear=0
shrinkage=0.03


Tree=38
num_leaves=12
num_cat=0
split_feature=4 40 38 37 34 2 19 34 19 37 32
split_gain=9.65552 7.81979 11.1538 8.3965 5.86167 6.62789 5.16613 4.43074 4.384 3.75638 1.79692
threshold=-0.0038313341111058104 0.044350021459573681 0.011144196564817879 0.067692476824181794 0.034057339461087917 -0.017070151046332856 0.20972096511301458 0.0035769533226940324 0.06150360048385501 -0.0065430356152600946 0.010302460967472562
decision_type=2 2 2 2 2 2 2 2 2 2 2
left_child=4 2 8 6 5 9 -3 -4 -2 -1 -7
right_child=1 3 7 -5 -6 10 -8 -9 -10 -11 -12
leaf_value=0.014842069149602061 0 0.021455625461065938 0.022090836482674497 -0.016472765029197655 -0.0092682967373819928 0.024333094335041126 -0.0051713950522996677 -0.0064615997322327538 -0.026592976672262486 -0.0096664242137080043 0.0044139725334284797
leaf_weight=7.2303874641656902 7.3051700443029395 20.44810758531094 7.6741897314786893 8.8570647090673429 9.1010663211345655 31.315909266471863 7.1808373928070059 7.3483891934156418 26.453480631113052 12.420054778456686 8.0298591405153257
leaf_count=30 30 84 31 38 37 131 30 30 114 51 33
internal_value=0.00236692 -0.00420472 -0.0119581 0.00585445 0.0106947 0.0142232 0.014147 0.00812482 -0.0212691 0 0.0210409
internal_weight=153.365 85.2672 48.7812 36.486 68.0973 58.9962 27.6289 15.0226 33.7587 19.6504 39.3458
internal_count=639 357 205 152 282 245 114 61 144 81 164
is_linear=0
shrinkage=0.03


Tree=39
num_leaves=8
num_cat=0
split_feature=35 16 34 35 4 19 20
split_gain=9.37134 9.1914 7.1106 6.19635 5.67687 7.67621 3.99936
threshold=-0.05141627340112364 58.826562591857801 0.041755691953658587 0.037607981997207725 0.032475490823123739 0.12079959270438485 0.026310392618639156
decision_type=2 2 2 2 2 2 2
left_child=6 2 3 -2 -3 -6 -1
right_child=1 4 -4 -5 5 -7 -8
leaf_value=0.0010763635758020383 0.00049630869626239083 -0.026052726397583274 -0.019339937434983964 0.01778271628772754 0.015652548526859739 -0.012637847975194445 0.030508490613692488
leaf_weight=7.7489353418350246 44.931317701935768 13.572672784328459 7.2622107416391364 32.542475894093513 10.535067319869993 24.711315348744392 11.753931596875189
leaf_count=32 188 57 30 134 44 105 49
internal_value=0.0022988 -0.000543377 0.00528524 0.0082109 -0.0107652 -0.00339275 0.0206998
internal_weight=153.058 133.555 84.736 77.4738 48.8191 35.2464 19.5029
internal_count=639 558 352 322 206 149 81
is_linear=0
shrinkage=0.03


Tree=40
num_leaves=10
num_cat=0
split_feature=4 19 33 14 14 40 11 22 40
split_gain=7.65473 6.36717 5.70573 4.25371 5.06024 4.13078 3.93111 2.44836 0.767966
threshold=-0.033364159061166791 0.12229798225721307 0.41547039458431873 1174.021755219019 937.62042447930446 -0.022572985183564483 -0.024058484587321068 0.073943538490003693 -0.011786574193163367
decision_type=2 2 2 2 2 2 2 2 2
left_child=1 5 6 4 -4 -1 -2 -5 -8
right_child=2 -3 3 7 -6 -7 8 -9 -10
leaf_value=-0.013626625748003112 0.00026920706052943605 0.026156395914554837 -0.00010847427471006628 -0.021016360926178475 0.022275263554632083 0.012082360280382936 -0.031218707825938673 0 -0.011130555810415225
leaf_weight=8.5509493649005872 7.8394967764616039 13.445021808147429 64.228030428290367 10.361280754208567 8.3501459956169111 10.046236455440523 8.1630477905273491 7.4464011639356604 10.444123581051821
leaf_count=35 32 58 267 44 35 42 34 31 43
internal_value=-0.000516846 0.0119193 -0.00419698 -0.000331219 0.00279396 0 -0.0159294 -0.0128217 -0.0228458
internal_weight=148.875 32.0422 116.833 90.3859 72.5782 18.5972 26.4467 17.8077 18.6072
internal_count=621 135 486 377 302 77 109 75 77
is_linear=0
shrinkage=0.03


Tree=41
num_leaves=8
num_cat=0
split_feature=4 32 1 19 38 22 2
split_gain=7.28084 6.50764 7.15951 6.08978 5.74959 4.07527 3.53833
threshold=-0.033364159061166791 -0.0066560317380258685 -0.01723832556061133 0.12229798225721307 0.011144196564817879 0.08354248628409823 -0.0097438001043799165
decision_type=2 2 2 2 2 2 2
left_child=3 6 -3 5 -4 -1 -2
right_child=1 2 4 -5 -6 -7 -8
leaf_value=-0.010459958577872677 -0.029746330073054141 0.019494103091541259 -0.0089217404927145732 0.025616330816240606 0.0077380305780984432 0.015489095723097658 -0.0041709934275765146
leaf_weight=11.419644787907606 10.178942188620569 11.812738016247748 58.369695097208023 13.360084310173987 24.335361450910568 7.1678904145956031 12.077005758881567
leaf_count=47 43 49 244 58 100 30 50
internal_value=-0.000507184 -0.00409641 -0.000368346 0.0116386 -0.00377568 0 -0.0179747
internal_weight=148.721 116.774 94.5178 31.9476 82.7051 18.5875 22.2559
internal_count=621 486 393 135 344 77 93
is_linear=0
shrinkage=0.03


Tree=42
num_leaves=7
num_cat=0
split_feature=34 33 38 38 40 13
split_gain=5.41247 5.1251 5.87 6.66658 3.43773 2.90555
threshold=0.041755691953658587 0.90215770538492712 0.011144196564817879 0.009012201410654801 -0.031625976312049657 2.5316290757922038
decision_type=2 2 2 2 2 2
left_child=1 2 3 -1 -4 -3
right_child=-2 5 4 -5 -6 -7
leaf_value=0.0051065436058675695 -0.01961267563465054 -0.023438100826449478 0 -0.012153083202909748 0.019732037504170827 0
leaf_weight=56.441280469298363 10.316927418112753 8.7522100210189837 11.800651654601095 28.56721119582653 23.241255357861519 9.40897488594055
leaf_count=237 43 37 49 120 96 39
internal_value=-0.00048363 0.00109668 0.00349348 -0.00066721 0.0134829 -0.0127776
internal_weight=148.529 138.212 120.05 85.0085 35.0419 18.1612
internal_count=621 578 502 357 145 76
is_linear=0
shrinkage=0.03


Tree=43
num_leaves=8
num_cat=0
split_feature=34 16 23 33 25 32 21
split_gain=5.14921 5.56356 5.16525 4.70355 4.62596 5.2788 2.98778
threshold=0.041755691953658587 -95.000907927524551 0.87629984677969708 0.18924001248439451 0.4649014778325124 -0.0045729505849045884 0.0181662729239562
decision_type=2 2 2 2 2 2 2
left_child=1 2 -1 -4 5 -3 -6
right_child=-2 4 3 -5 6 -7 -8
leaf_value=0.024627089004633947 -0.019163697407001867 -0.018435262709539841 0.014390367788739859 -0.0076698897169088284 0 -0.00096387788006163438 0.022535124552755175
leaf_weight=12.601151987910269 10.289158537983893 20.62616902589798 13.816885441541674 16.751348048448563 9.7802131026983279 57.348673462867737 7.1954263895750037
leaf_count=53 43 87 59 69 41 239 30
internal_value=-0.00048259 0.00105567 0.00981581 0.00211218 -0.00289276 -0.00611848 0.0102168
internal_weight=148.409 138.12 43.1694 30.5682 94.9505 77.9748 16.9756
internal_count=621 578 181 128 397 326 71
is_linear=0
shrinkage=0.03


Tree=44
num_leaves=10
num_cat=0
split_feature=4 32 21 38 34 1 34 37 38
split_gain=6.6836 6.09448 5.79764 4.89283 5.7983 5.79112 4.33404 1.92073 1.77703
threshold=-0.033364159061166791 -0.0040940564564971851 0.019575003059491256 0.011144196564817879 0.013158486594801457 -0.013116546474792155 0.021635601847508571 0.037402938558265826 0.010947575256015028
decision_type=2 2 2 2 2 2 2 2 2
left_child=2 7 6 5 -5 -3 -1 8 -2
right_child=1 3 -4 4 -6 -7 -8 -9 -10
leaf_value=0.011327893322229037 -0.026429563484711663 0.015424058358100019 0.02636155314145304 0.021813119627199631 -0.0057236433553561417 -0.0083484506253935428 -0.014485690455057213 -0.0014495951066201573 -0.0055369363061486014
leaf_weight=12.31261463463307 12.660601779818537 8.9230395406484586 11.605111062526701 15.169497668743135 9.1707852929830533 51.155776172876358 7.8409268110990515 9.9154139310121518 9.4986496120691282
leaf_count=52 54 37 51 62 38 214 32 42 39
internal_value=-0.000465152 -0.0039084 0.011204 0.000234809 0.0112217 -0.00419291 0.000206701 -0.0146271 -0.0192945
internal_weight=148.252 116.494 31.7587 84.4191 24.3403 60.0788 20.1535 32.0747 22.1593
internal_count=621 486 135 351 100 251 84 135 93
is_linear=0
shrinkage=0.03


Tree=45
num_leaves=10
num_cat=0
split_feature=35 7 32 19 33 26 1 7 22
split_gain=5.77415 6.33735 9.51448 4.75235 4.13723 3.51003 2.98733 2.41036 1.48053
threshold=-0.05141627340112364 -0.016138231909305956 -0.0040940564564971851 0.14069533978775131 0.24678381194997687 0.28664735425420174 -0.022471801977548497 0.015163541756767426 0.038340828984711146
decision_type=2 2 2 2 2 2 2 2 2
left_child=8 4 7 -4 6 -6 -2 -3 -1
right_child=1 2 3 -5 5 -7 -8 -9 -10
leaf_value=0.020159240388251617 0 -0.029216169663018945 0.0030337702387377959 -0.013126322240704869 0.0091764798992131202 -0.015641432673258564 0.022970629335866202 -0.0049110730461872174 0.00095204002006146608
leaf_weight=10.432658642530443 8.2051630765199679 16.751300230622295 51.43200971186161 21.24261511862278 7.1617407649755505 8.9235269874334318 12.80064372718334 7.7576801031827918 7.8488734811544409
leaf_count=44 34 71 214 90 30 37 55 33 33
internal_value=-0.00124416 -0.00353919 -0.00759956 -0.00171396 0.00656032 -0.00396937 0.0149196 -0.0230398 0.0135596
internal_weight=152.556 134.275 97.1836 72.6746 37.0911 16.0853 21.0058 24.509 18.2815
internal_count=641 564 408 304 156 67 89 104 77
is_linear=0
shrinkage=0.03


Tree=46
num_leaves=9
num_cat=0
split_feature=4 32 23 5 17 23 34 15
split_gain=5.6851 7.17351 4.84518 6.06294 4.77126 4.24482 3.97716 2.49445
threshold=-0.033364159061166791 -0.0066560317380258685 0.79660164654512278 -0.011427208044231805 -10.823509908951662 1.0758175765315623 0.021635601847508571 1.0000000180025095e-35
decision_type=2 2 2 2 2 2 2 2
left_child=5 7 4 -4 -3 6 -1 -2
right_child=1 2 3 -5 -6 -7 -8 -9
leaf_value=0.02561433206006173 -0.0023231635003542438 -0.001521060150403504 -0.018517579643301609 0.00044593079466262263 0.026755678964649851 -0.0031482547745478196 0 -0.026223003976559561
leaf_weight=13.536274820566179 7.7225793153047588 8.8687210977077502 17.623298689723015 60.370969474315643 8.3140850216150266 13.666543051600454 8.2533113658428174 13.999582871794699
leaf_count=59 32 37 74 253 34 58 34 60
internal_value=-0.00120462 -0.00448513 -0.000629104 -0.00400732 0.0127421 0.00887274 0.0166737 -0.0192708
internal_weight=152.355 116.899 95.1771 77.9943 17.1828 35.4561 21.7896 21.7222
internal_count=641 490 398 327 71 151 93 92
is_linear=0
shrinkage=0.03


Tree=47
num_leaves=9
num_cat=0
split_feature=20 4 38 40 32 27 25 0
split_gain=6.48589 7.99353 7.40243 6.16671 5.61469 5.52198 3.72211 2.22865
threshold=0.018618977511957759 -0.033364159061166791 0.011335692677746489 0.046373902452514167 -0.003865701961656753 2.5000000000000004 0.18257575757575759 0.0042229242914795248
decision_type=2 2 2 2 2 2 2 2
left_child=7 5 3 -3 -4 6 -2 -1
right_child=1 2 4 -5 -6 -7 -8 -9
leaf_value=0.0016621781895136329 -0.014512092608997103 -0.019630945301402001 -0.015212219611203911 -5.047394158938728e-06 0.011517589994486726 0.021724830112386424 0.0085932919177023701 0.023789035545995839
leaf_weight=9.5939492285251635 9.0730088353157061 45.397832959890366 7.6867077946662929 22.919160932302475 22.626210570335388 13.714854300022123 12.128654539585112 9.0189844965934736
leaf_count=40 38 193 32 97 93 59 52 37
internal_value=-0.00117273 -0.00363116 -0.00804246 -0.0134475 0.00375324 0.00818392 -0.00104651 0.0143794
internal_weight=152.159 133.546 98.6299 68.317 30.3129 34.9165 21.2017 18.6129
internal_count=641 564 415 290 125 149 90 77
is_linear=0
shrinkage=0.03


Tree=48
num_leaves=8
num_cat=0
split_feature=20 4 38 38 4 37 12
split_gain=6.17371 7.5872 10.3213 7.47902 6.54646 5.03346 3.88561
threshold=0.018618977511957759 -0.046826535427060716 0.011335692677746489 0.0095815937212538494 0.096675506529518854 0.038031539075465866 57.347337567171479
decision_type=2 2 2 2 2 2 2
left_child=6 3 5 -2 -4 -3 -1
right_child=1 2 4 -5 -6 -7 -8
leaf_value=0.025144170068383941 0.026598502682136663 -0.018933068465275277 0.012920172258119228 -0.0051964066150900906 -0.015494192609648306 -0.0022538672716603987 0
leaf_weight=9.9588836729526538 11.587597027420999 47.086004912853241 27.887481346726418 10.745722398161886 7.4211743623018256 28.571699947118759 8.6629912853240949
leaf_count=41 51 200 115 46 31 121 36
internal_value=-0.00112663 -0.00353214 -0.00684341 0.0115142 0.00603554 -0.0130477 0.0140377
internal_weight=151.922 133.3 110.966 22.3333 35.3087 75.6577 18.6219
internal_count=641 564 467 97 146 321 77
is_linear=0
shrinkage=0.03


Tree=49
num_leaves=9
num_cat=0
split_feature=35 23 35 4 13 25 34 22
split_gain=5.34756 5.97667 8.09224 5.5758 5.34665 3.7053 3.619 1.36991
threshold=-0.05141627340112364 1.1114272427038125 0.030455473331006958 -0.031383297618542853 5.453952018653454 0.18151323652064924 0.021635601847508571 0.038340828984711146
decision_type=2 2 2 2 2 2 2 2
left_child=7 3 -3 6 -5 -4 -2 -1
right_child=1 2 5 4 -6 -7 -8 -9
leaf_value=0.019574539753841515 0.023464933840459685 -0.028885381931120051 0.014526390441220725 -0.0076584668264159409 0.0097020571886434447 -0.011314934109334783 0 0.00094834142894212662
leaf_weight=10.357093006372454 11.331494420766832 14.952521055936815 7.3079151362180736 62.730539947748184 18.735046222805977 8.7058549523353559 9.7172480374574643 7.8284189701080313
leaf_count=44 50 64 31 264 78 37 40 33
internal_value=-0.00108797 -0.00330962 -0.014427 0.000116885 -0.00334945 0 0.0133101 0.0131879
internal_weight=151.666 133.481 30.9663 102.514 81.4656 16.0138 21.0487 18.1855
internal_count=641 564 132 432 342 68 90 77
is_linear=0
shrinkage=0.03


Tree=50
num_leaves=11
num_cat=0
split_feature=15 38 38 16 5 38 24 20 20 38
split_gain=7.87916 4.75148 8.48986 8.1513 13.7891 7.54352 3.75705 3.28018 2.74988 1.65208
threshold=944.52541352043067 0.0078361505800599324 0.009154445476847491 -20.691253747746114 0.0016245887855642629 0.010715200658061778 0.26045788581119284 0.028402884237610646 0.023144001654117327 0.0067253309502357146
decision_type=2 2 2 2 2 2 2 2 2 2
left_child=1 3 6 4 -1 -4 -3 8 -2 -5
right_child=7 2 5 9 -6 -7 -8 -9 -10 -11
leaf_value=-0.011399116405385788 -0.0006054307771713916 0.010675436072039007 -0.011517331994778944 -0.0012621829075454068 0.03536707389829763 0.010077191137843878 0.037436300166394633 0.00189784394662839 -0.026077075634249384 -0.021167526512635187
leaf_weight=10.275623083114626 7.0351809710264268 16.42677137255669 20.385736972093582 7.5133255124092129 8.3975729346275312 38.62391822040081 9.1857689172029477 8.3316101878881437 12.304675713181494 13.687324360013006
leaf_count=44 30 69 86 33 35 161 39 35 52 59
internal_value=0.00169856 0.00502585 0.00902792 -0.00313487 0.0102935 0.00223819 0.0228327 -0.0120953 -0.0184394 -0.0154767
internal_weight=152.168 124.496 84.6222 39.8738 18.6732 59.0097 25.6125 27.6715 19.3399 21.2006
internal_count=643 526 355 171 79 247 108 117 82 92
is_linear=0
shrinkage=0.03


Tree=51
num_leaves=7
num_cat=0
split_feature=14 34 40 5 34 0
split_gain=9.93948 4.52259 4.58461 5.56462 5.39962 1.85413
threshold=1174.021755219019 0.041755691953658587 0.046373902452514167 -0.037887075104264638 0.013158486594801457 -0.003073455024054816
decision_type=2 2 2 2 2 2
left_child=1 2 3 -1 -4 -2
right_child=5 -3 4 -5 -6 -7
leaf_value=0.014642504071194374 -0.027229179550019442 -0.013156507418487194 0.0010398619512726496 -0.0010425197327820592 0.029349477198491306 -0.0053596028646774613
leaf_weight=25.376501902937889 8.3972068727016467 9.3913934677839261 12.258201479911806 73.006644114851952 13.204343691468237 10.362506732344626
leaf_count=108 36 40 52 308 55 44
internal_value=0.00165259 0.00468703 0.00634691 0.0030649 0.0173351 -0.0175516
internal_weight=151.997 133.237 123.846 98.3831 25.4625 18.7597
internal_count=643 563 523 416 107 80
is_linear=0
shrinkage=0.03


Tree=52
num_leaves=9
num_cat=0
split_feature=14 24 40 4 32 40 22 40
split_gain=9.48758 4.54697 5.06132 6.98257 3.42466 2.81807 2.33201 0.842534
threshold=1174.021755219019 0.41160714285714289 0.046373902452514167 -0.0038313341111058104 -0.0026120425972228074 0.0089805629991683861 -0.037684923370567329 0.079022100887367067
decision_type=2 2 2 2 2 2 2 2
left_child=1 2 3 -1 -3 -6 -4 -2
right_child=7 4 6 -5 5 -7 -8 -9
leaf_value=0.011244860579452752 -0.022178901516935849 -0.016149975964569463 0.0062567203325710951 -0.0064307995703239045 -0.0094813963387267615 0.0101190654881597 0.030315019850557907 -0.0042028762724762476
leaf_weight=46.726811051368713 11.655251026153566 11.976090282201765 9.7641118466854113 31.444768607616425 8.5577946901321429 14.576861560344694 10.149355962872503 7.0421948581933966
leaf_count=196 50 52 41 134 36 61 43 30
internal_value=0.00159739 0.00456145 0.00789091 0.00396462 -0.00425952 0.00209431 0.0208508 -0.0171935
internal_weight=151.893 133.196 98.085 78.1716 35.1107 23.1347 19.9135 18.6974
internal_count=643 563 414 330 149 97 84 80
is_linear=0
shrinkage=0.03


Tree=53
num_leaves=9
num_cat=0
split_feature=14 24 16 37 22 15 0 22
split_gain=9.04255 4.32533 4.39253 5.78193 3.08486 2.27833 1.80966 1.40967
threshold=1174.021755219019 0.41160714285714289 -253.29028330346983 0.03033309197705614 0.14091894394209073 40.789891504263878 -0.003073455024054816 0.012941888209710097
decision_type=2 2 2 2 2 2 2 2
left_child=1 2 7 -4 5 -3 -2 -1
right_child=6 4 3 -5 -6 -7 -8 -9
leaf_value=0.0070321298949393794 -0.026381154020118154 0 -0.0012217729209418702 0.014590732368431 0.0063565519295063471 -0.01798064549994732 -0.0048813342041351916 0.031452249996716357
leaf_weight=7.3489384055137617 8.3137911409139651 9.3423388451337832 53.243090629577637 30.418516665697098 12.686528816819189 13.078062638640402 10.321985974907873 6.9897697567939758
leaf_count=31 36 40 224 128 53 56 44 31
internal_value=0.0015448 0.00443899 0.00769004 0.00455881 -0.00415735 -0.0107542 -0.016827 0.0222473
internal_weight=151.743 133.107 98.0003 83.6616 35.1069 22.4204 18.6358 14.3387
internal_count=643 563 414 352 149 96 80 62
is_linear=0
shrinkage=0.03


Tree=54
num_leaves=10
num_cat=0
split_feature=14 38 16 38 18 38 23 34 16
split_gain=8.6432 4.36656 8.99561 7.47863 7.44086 7.06288 6.39545 3.39625 0.822712
threshold=1174.021755219019 0.007774650621326277 -55.371029601097653 0.009154445476847491 0.24739257176455018 0.010800729719838842 0.92012970487841905 0.0093740313565865447 152.80520514221922
decision_type=2 2 2 2 2 2 2 2 2
left_child=1 2 4 6 -1 -5 -3 -4 -2
right_child=8 3 7 5 -6 -7 -8 -9 -10
leaf_value=-0.0059791678658345114 -0.023736637778725693 0 -0.026378532055255102 -0.010625427555750576 0.031789932570497288 0.0092224641092959175 0.028979820554109734 -0.0025864000296594572 -0.0064380292759264558
leaf_weight=7.5107422173023206 8.3389465659856814 10.855022519826891 10.620529726147653 23.757872939109802 7.1177370697259903 40.409700646996498 19.67594388127327 13.07305660843849 10.232956692576407
leaf_count=32 36 46 47 100 30 169 83 56 44
internal_value=0.00150212 0.0043318 -0.00381702 0.00779528 0.0131092 0.00154809 0.0195616 -0.0150581 -0.016487
internal_weight=151.593 133.021 38.3221 94.6985 14.6285 64.1676 30.531 23.6936 18.5719
internal_count=643 563 165 398 62 269 129 103 80
is_linear=0
shrinkage=0.03


Tree=55
num_leaves=10
num_cat=0
split_feature=26 23 24 10 10 4 12 5 12
split_gain=5.47087 7.16116 6.25174 6.74444 5.27129 3.37875 3.93848 2.9727 1.05368
threshold=0.18983103853261951 0.90354063293761178 -0.51376319758672684 -0.023174261949695903 0.0089810635784690635 -0.038717979861777434 42.933650362318851 0.10275167468955972 49.051938050825704
decision_type=2 2 2 2 2 2 2 2 2
left_child=5 4 -3 -4 8 -1 -7 -8 -2
right_child=1 2 3 -5 -6 6 7 -9 -10
leaf_value=0.0085901487940585764 0.031896251049926432 0.019856084173438409 0.011797546448428687 -0.01220664179998217 0 -0.025169379419803146 -0.00025350829393537577 -0.017743836766606964 0.0091952237153338518
leaf_weight=9.4710694849491102 11.430292963981634 8.5654657334089261 12.308233335614203 35.448528781533241 9.5463861376047117 9.3939201235771161 39.722341254353523 9.9676496535539609 7.2699528187513343
leaf_count=41 49 36 54 151 40 39 167 43 31
internal_value=6.37883e-05 0.00521046 -0.0008321 -0.0054931 0.0170133 -0.00604024 -0.0088355 -0.004603 0.0255367
internal_weight=153.124 84.5689 56.3222 47.7568 28.2466 68.555 59.0839 49.69 18.7002
internal_count=651 361 241 205 120 290 249 210 80
is_linear=0
shrinkage=0.03


Tree=56
num_leaves=6
num_cat=0
split_feature=34 33 23 10 20
split_gain=7.40656 5.00117 5.41527 9.83833 7.1525
threshold=0.041755691953658587 0.14114642586272283 0.85284477921446866 0.018135240179902538 0.020059635472553194
decision_type=2 2 2 2 2
left_child=1 -1 3 -3 -4
right_child=-2 2 4 -5 -6
leaf_value=0.018232842127616368 -0.021872555076905022 0.020850952964854706 0.0089319035245966506 -0.01141772662652075 -0.008714974569686857
leaf_weight=13.437020868062971 10.616119086742399 23.014003843069077 26.743924602866173 10.665733367204664 68.390859246253967
leaf_count=59 45 98 111 45 293
internal_value=6.94099e-05 0.00209146 4.00212e-05 0.0101445 -0.00351796
internal_weight=152.868 142.252 128.815 33.6797 95.1348
internal_count=651 606 547 143 404
is_linear=0
shrinkage=0.03


Tree=57
num_leaves=10
num_cat=0
split_feature=4 40 5 36 15 15 36 36 3
split_gain=4.5024 4.2196 6.85666 4.68922 4.12907 8.89214 3.77734 2.65864 0.824407
threshold=-0.041878824175297417 -0.003955992905737781 0.097288288137099679 0.0083377806787460953 -265.61636396405044 304.66145672580529 0.0044065363670612746 0.0064093759167840646 -0.045957395008658468
decision_type=2 2 2 2 2 2 2 2 2
left_child=6 4 3 -3 -2 -6 -1 -4 -8
right_child=1 2 7 -5 5 -7 8 -9 -10
leaf_value=-0.0054870382552722179 0.0018461915717108289 0.0085526631784359694 -0.019871959898479227 -0.014211606715552235 -0.031401991496989808 0.0048537570709136675 0.0048182454255187492 0 0.022395347182660875
leaf_weight=6.9454942941665676 12.314383268356321 63.11384180188179 13.933688238263132 7.0408958643674842 14.000487774610521 8.0300464332103711 7.5911646336317107 7.6214975565671912 12.074774533510205
leaf_count=30 51 266 61 30 59 34 34 32 54
internal_value=6.68832e-05 -0.00224117 0.00101743 0.00572951 -0.0109324 -0.0182586 0.0109165 -0.0128663 0.0173739
internal_weight=152.666 126.055 91.7099 70.1547 34.3449 22.0305 26.6114 21.5552 19.6659
internal_count=651 533 389 296 144 93 118 93 88
is_linear=0
shrinkage=0.03


Tree=58
num_leaves=6
num_cat=0
split_feature=34 37 37 4 22
split_gain=7.05637 6.07124 6.06085 6.80758 4.20249
threshold=0.041755691953658587 0.064260917652862806 0.031559181381782715 0.0019997591182553402 -0.088996146423387254
decision_type=2 2 2 2 2
left_child=1 2 3 -1 -4
right_child=-2 -3 4 -5 -6
leaf_value=0.0067073830208119216 -0.021408358102575863 -0.0162770132387604 0.00028769450980859439 -0.0096262577572403946 0.021007961067847185
leaf_weight=51.843671381473541 10.559896275401114 12.425242424011229 15.682860195636747 37.985902965068817 23.993408232927322
leaf_count=221 45 54 66 163 102
internal_value=5.63442e-05 0.00203286 0.00412447 -9.54429e-05 0.0135846
internal_weight=152.491 141.931 129.506 89.8296 39.6763
internal_count=651 606 552 384 168
is_linear=0
shrinkage=0.03


Tree=59
num_leaves=6
num_cat=0
split_feature=34 33 20 35 36
split_gain=6.71982 4.61653 3.21431 5.01608 4.19952
threshold=0.041755691953658587 0.14114642586272283 0.020177861400439315 -0.05141627340112364 0.0076361719390517615
decision_type=2 2 2 2 2
left_child=1 -1 4 -4 -3
right_child=-2 2 3 -5 -6
leaf_value=0.017542315200391966 -0.020935454461512269 0.01357657985530436 0.011907680361278703 -0.0059987385689932648 -0.0079368410353256782
leaf_weight=13.323250338435171 10.520257040858267 26.357216581702232 14.752647608518599 78.366339951753616 8.9953979104757291
leaf_count=59 45 110 62 337 38
internal_value=4.40774e-05 0.00197447 8.72219e-07 -0.00281344 0.00756909
internal_weight=152.315 141.795 128.472 93.119 35.3526
internal_count=651 606 547 399 148
is_linear=0
shrinkage=0.03


Tree=60
num_leaves=9
num_cat=0
split_feature=40 16 5 38 20 36 36 5
split_gain=4.93744 5.9548 5.16975 9.11809 3.41802 3.24581 7.00898 3.74142
threshold=-0.031625976312049657 47.399609941946217 0.11999250031361743 0.0078824928807887887 0.026445298793429307 0.0070988821467941098 0.0056106534234182824 -0.013612065640435765
decision_type=2 2 2 2 2 2 2 2
left_child=4 5 3 -3 -1 6 -2 -7
right_child=1 2 -4 -5 -6 7 -8 -9
leaf_value=-0.019858134713702642 0.013860278497372898 -0.014857090416456166 -0.020546839227966289 0.011346963881821635 0.0010539046448392333 0 -0.0079917289437713528 0.027768938478571654
leaf_weight=13.000979676842691 29.128053173422813 17.292829751968384 10.30137664079666 29.07889823615551 10.496342897415159 7.5738781839609173 20.346689477562904 13.334396257996557
leaf_count=55 125 76 45 123 45 33 86 57
internal_value=0.00135399 0.0038067 -0.00318269 0.00105466 -0.0105784 0.00957429 0.00462081 0.0192141
internal_weight=150.553 127.056 56.6731 46.3717 23.4973 70.383 49.4747 20.9083
internal_count=645 545 244 199 100 301 211 90
is_linear=0
shrinkage=0.03


Tree=61
num_leaves=9
num_cat=0
split_feature=34 34 36 36 21 10 38 36
split_gain=4.7535 5.55421 6.53512 5.58416 5.29307 5.12213 7.65557 2.48364
threshold=0.041200949234203928 0.010103050245114488 0.0072273313097540948 0.0049296490505929573 0.02153877270198019 0.018135240179902538 0.0092927116477073881 0.0051044723282610994
decision_type=2 2 2 2 2 2 2 2
left_child=1 2 3 -1 -4 6 -3 -7
right_child=-2 5 4 -5 -6 7 -8 -9
leaf_value=0.003628847533805846 -0.016440432390696688 0.029032312635962055 -0.0030562649022653167 -0.015981449124779883 0.019070557463851216 -0.0123162085236211 0.0010599912106388008 0.0070600670965933884
leaf_weight=18.503898978233337 10.278408840298651 18.609084576368332 17.240405604243279 31.94443091750145 16.768606454133987 9.0264585614204425 17.685135573148727 10.349416896700857
leaf_count=80 45 79 74 138 72 39 74 44
internal_value=0.00131074 0.00293136 -0.00178067 -0.00863851 0.00789036 0.0101539 0.0165611 -0.00157264
internal_weight=150.406 140.127 84.4573 50.4483 34.009 55.6701 36.2942 19.3759
internal_count=645 600 364 218 146 236 153 83
is_linear=0
shrinkage=0.03


Tree=62
num_leaves=8
num_cat=0
split_feature=40 38 9 10 37 9 40
split_gain=4.65018 5.259 7.25101 5.41434 4.67009 4.49392 1.6805
threshold=-0.031625976312049657 0.011228117444619176 0.1123037363663211 -0.023924751117890882 0.015994695611516344 -0.01905438460649771 -0.0083824108321106077
decision_type=2 2 2 2 2 2 2
left_child=5 3 6 -2 -5 -1 -3
right_child=1 2 -4 4 -6 -7 -8
leaf_value=0.0019825959236299817 0.019477095241304206 0.0053857999239079191 -0.0077452054258762273 -0.01320114291321952 0.0017640944616067859 -0.021998203044212569 0.027583268259989985
leaf_weight=11.617558702826502 9.444038659334181 7.3576110750436827 8.2063077986240369 24.028931006789207 61.79950125515461 11.835318118333815 15.897839814424515
leaf_count=50 44 31 35 104 264 50 67
internal_value=0.00127809 0.0036654 0.0138973 0 -0.00246006 -0.0103074 0.022137
internal_weight=150.187 126.734 31.4618 95.2725 85.8284 23.4529 23.2555
internal_count=645 545 133 412 368 100 98
is_linear=0
shrinkage=0.03


Tree=63
num_leaves=9
num_cat=0
split_feature=34 34 19 36 36 19 7 35
split_gain=4.48 5.23241 6.8874 6.12188 5.25052 4.04995 3.90675 2.97225
threshold=0.041200949234203928 0.010103050245114488 0.11096932833520284 0.0072273313097540948 0.0049296490505929573 0.11028754527889285 -0.0058895737070368626 0.032771731144638279
decision_type=2 2 2 2 2 2 2 2
left_child=1 3 7 4 -1 -5 -4 -3
right_child=-2 2 6 5 -6 -7 -8 -9
leaf_value=0.0034904272772569994 -0.016019173431400351 0.0051038465993256642 0.01353951338548955 -0.0036004585657018542 -0.015525329178838936 0.015924970746299637 -0.0076465520344508701 0.028825162282602179
leaf_weight=18.47569365799427 10.223324775695799 10.458988338708879 10.200804337859156 14.131853193044661 31.871954277157784 19.769561842083931 19.882120072841644 15.002592295408247
leaf_count=80 45 44 45 61 138 85 85 62
internal_value=0.00124951 0.00282632 0.00984562 -0.0017485 -0.00839396 0.0076208 0 0.0207086
internal_weight=150.017 139.794 55.5445 84.2491 50.3476 33.9014 30.0829 25.4616
internal_count=645 600 236 364 218 146 130 106
is_linear=0
shrinkage=0.03


Tree=64
num_leaves=9
num_cat=0
split_feature=40 16 5 38 28 15 9 15
split_gain=4.43054 5.41726 4.89593 8.42826 4.5212 4.66506 4.26189 0.53824
threshold=-0.031625976312049657 47.399609941946217 0.11999250031361743 0.0078824928807887887 3.5000000000000004 304.66145672580529 -0.01905438460649771 366.56183312146152
decision_type=2 2 2 2 2 2 2 2
left_child=6 4 3 -3 7 -6 -1 -2
right_child=1 2 -4 -5 5 -7 -8 -9
leaf_value=0.0018701610469961465 0.028841491469159701 -0.014356816552186109 -0.020078928215970075 0.010903818108839957 -0.0048018241980912774 0.012061428988528357 -0.021476127078643024 0.0087593934730935876
leaf_weight=11.594699040055277 8.5384369939565641 17.141924470663071 10.211246162652968 29.025530084967613 24.577726498246193 29.62194712460041 11.822117164731024 7.2589344531297675
leaf_count=50 39 76 45 123 105 126 50 31
internal_value=0.00122339 0.00356081 -0.00311259 0.00100648 0.00908136 0.00424886 -0.0100886 0.0224779
internal_weight=149.793 126.376 56.3787 46.1675 69.997 54.1997 23.4168 15.7974
internal_count=645 545 244 199 301 231 100 70
is_linear=0
shrinkage=0.03


Tree=65
num_leaves=11
num_cat=0
split_feature=38 23 34 9 11 38 22 38 11 15
split_gain=7.36069 6.78307 6.86446 5.79043 7.11039 6.65517 4.88941 2.34355 2.27812 2.06459
threshold=0.010800729719838842 1.089411378238254 0.0053632354992712026 -0.018233191616473427 -0.038788587071846951 0.0061773627428724403 0.39902273349859824 0.0077569152083314481 0.018200247603778589 -8.34088410888757
decision_type=2 2 2 2 2 2 2 2 2 2
left_child=3 2 -2 4 -1 -5 -7 -6 -4 -3
right_child=1 9 8 5 7 6 -8 -9 -10 -11
leaf_value=-0.017153443674062283 0.028121015589523617 -0.01803640510446523 0.012749753373314653 0.011009413653096666 0 -0.018563559521150096 0.0024283908187787031 0.020279113852972167 -0.0054044760361902765 0.0011597389588211124
leaf_weight=7.6079254448413876 15.427064895629881 7.3894974142313004 8.3605336248874682 8.3363211005926114 8.0273325890302676 50.285669073462486 10.31047101318836 13.1246080994606 12.664443746209143 7.57851494848728
leaf_count=32 66 31 35 37 36 218 44 57 54 32
internal_value=-0.00167799 0.00720073 0.0141191 -0.00655245 0.00418363 -0.0112349 -0.0147887 0.0133249 0.00164346 -0.00844201
internal_weight=149.112 51.4201 36.452 97.6923 28.7599 68.9325 60.5961 21.1519 21.025 14.968
internal_count=642 218 155 424 125 299 262 93 89 63
is_linear=0
shrinkage=0.03


Tree=66
num_leaves=12
num_cat=0
split_feature=38 23 34 4 38 34 34 13 15 15 23
split_gain=6.95342 6.45199 6.5638 6.33816 6.43944 4.11756 5.48574 2.74648 2.46902 1.97342 1.82598
threshold=0.010800729719838842 1.089411378238254 0.01681893329815454 -0.013216904606508038 0.0091204927344799794 0.01599804231112634 0.026408176255276809 -3.528896695919197 725.57863040625739 -8.34088410888757 1.0683719087383239
decision_type=2 2 2 2 2 2 2 2 2 2 2
left_child=3 2 8 4 10 7 -7 -5 -2 -3 -1
right_child=1 9 -4 5 -6 6 -8 -9 -10 -11 -12
leaf_value=0.01719247678154787 0.027359929231053286 -0.017601779105718956 -0.0037714057024234859 -0.00066107857841501776 -0.01353765391843628 0.014934922699639109 -0.01316150437751783 -0.021326746294120416 0.0027982006329918948 0.001132224030107244 0
leaf_weight=16.559603482484821 18.248294815421108 7.3941120952367783 11.263569191098211 8.9742865711450559 10.989718481898306 8.9576815813779849 12.422679007053373 32.012774378061295 6.8651791810989371 7.5784147381782514 7.5630447119474402
leaf_count=72 77 31 48 39 46 38 54 141 30 32 34
internal_value=-0.00161487 0.00701539 0.0137784 -0.00636147 0.00339432 -0.0120217 -0.000477838 -0.0173921 0.0219005 -0.00821965 0.0121282
internal_weight=148.829 51.3496 36.377 97.4798 35.1124 62.3674 21.3804 40.9871 25.1135 14.9725 24.1226
internal_count=642 218 155 424 152 272 92 180 107 63 106
is_linear=0
shrinkage=0.03


Tree=67
num_leaves=11
num_cat=0
split_feature=38 20 14 38 11 27 0 14 9 11
split_gain=6.5839 6.19034 6.03813 6.43189 6.23161 5.76381 4.66289 3.96909 3.51952 2.08876
threshold=0.010800729719838842 0.022534864652816584 -202.63508931605426 0.0061773627428724403 -0.043189645355758803 2.5000000000000004 -0.011149101624715994 316.82613348005549 -0.03578782054013082 0.015136284432801019
decision_type=2 2 2 2 2 2 2 2 2 2
left_child=2 -2 4 -4 -1 7 -5 -3 -6 -7
right_child=1 5 3 6 8 9 -8 -9 -10 -11
leaf_value=-0.016541124048121376 0.029044622215452121 -0.016934327569893111 0.010750094929413567 0.0017982917045390532 0.022798842812515832 0.024263453486398964 -0.018470412414182302 0.0050995188329817217 0 0.002765155086287027
leaf_weight=6.8995912522077587 7.3988648802041999 14.231740698218347 8.3332805782556516 10.73220771551132 11.474792450666431 7.6438416838645962 48.817776307463646 10.704017758369444 11.002945795655247 11.299271360039709
leaf_count=29 31 60 37 47 52 32 212 46 47 49
internal_value=-0.00157266 0.00682583 -0.00619995 -0.0110848 0.00459677 0.00164952 -0.0146341 -0.00724276 0.0125193 0.0136449
internal_weight=148.538 51.2777 97.2606 67.8833 29.3773 43.8789 59.55 24.9358 22.4777 18.9431
internal_count=642 218 424 296 128 187 259 106 99 81
is_linear=0
shrinkage=0.03


Tree=68
num_leaves=12
num_cat=0
split_feature=38 23 34 21 12 21 4 24 18 15 35
split_gain=6.26306 6.09767 6.37881 5.86739 9.8314 5.20681 8.43169 3.09302 2.24713 1.87465 1.06927
threshold=0.010800729719838842 1.089411378238254 0.0053632354992712026 0.018901768935722488 61.338754453108457 0.014905392801846917 0.0082957286379078416 -0.47809523809523802 0.39293071688612252 -8.34088410888757 0.017198453265034556
decision_type=2 2 2 2 2 2 2 2 2 2 2
left_child=3 2 -2 5 10 6 -1 -7 -4 -3 -5
right_child=1 9 8 4 -6 7 -8 -9 -10 -11 -12
leaf_value=0.011308964812348152 0.026856592063249321 -0.01723109583821595 0.013328522939809084 0.030477424774018193 -0.01494305960101548 -0.0014807586424821976 -0.015460588605493148 -0.023014733505942193 -0.0050832622201062933 0.00099278149187075472 0.0071138151982748123
leaf_weight=19.215732231736183 15.280885338783262 7.3932521045207977 7.319392383098605 6.5965806394815463 8.9486731588840467 9.9232634752988798 18.875744670629501 26.560761511325836 13.668244481086729 7.5819632858037931 6.9014901667833328
leaf_count=81 66 31 31 30 40 43 83 116 58 32 31
internal_value=-0.00149567 0.00669244 0.0132922 -0.00601964 0.00661514 -0.010092 -0.00169171 -0.0179288 0.00128625 -0.00809081 0.0219592
internal_weight=148.266 51.2437 36.2685 97.0222 22.4467 74.5755 38.0915 36.484 20.9876 14.9752 13.4981
internal_count=642 218 155 424 101 323 164 159 89 63 61
is_linear=0
shrinkage=0.03


Tree=69
num_leaves=11
num_cat=0
split_feature=38 20 4 38 27 37 37 15 38 21
split_gain=5.93178 5.89936 5.59893 5.84918 5.47283 4.09931 6.82819 3.92308 1.67667 1.48939
threshold=0.010800729719838842 0.022534864652816584 -0.013216904606508038 0.0091204927344799794 2.5000000000000004 0.00052090630906143087 0.047589943154811361 304.66145672580529 0.0077569152083314481 0.020371732535491925
decision_type=2 2 2 2 2 2 2 2 2 2
left_child=2 -2 3 8 7 -4 -7 -3 -1 -6
right_child=1 4 5 -5 9 6 -8 -9 -10 -11
leaf_value=0.0021940242537357765 0.028267770483473377 -0.017665018006065639 -0.029279037841227293 -0.012804728385402151 0 0.00051202187755875969 -0.020816749522435132 0.0041018450119268334 0.019468996426812286 0.01904821699131453
leaf_weight=12.841687515378 7.3523616790771475 13.012538284063341 8.3320375233888608 10.975392878055571 7.1720867455005672 34.744762390851974 18.751643061637878 11.891119956970213 11.132600486278532 11.718772888183592
leaf_count=57 31 55 39 46 30 150 83 51 49 51
internal_value=-0.00144592 0.0065254 -0.00585742 0.00330436 0.00147254 -0.0112126 -0.00717466 -0.00718183 0.0116747 0.0131949
internal_weight=147.925 51.1469 96.7781 34.9497 43.7945 61.8284 53.4964 24.9037 23.9743 18.8909
internal_count=642 218 424 152 187 272 233 106 106 81
is_linear=0
shrinkage=0.03


Tree=70
num_leaves=9
num_cat=0
split_feature=16 37 37 4 25 31 2 25
split_gain=7.50976 4.94437 4.72715 6.74213 5.73374 2.86932 5.48932 1.00644
threshold=270.04170057120012 0.035945288942115468 0.031559181381782715 -0.046826535427060716 0.096579867858530913 1.5000000000000002 -0.016581205938118512 0.17016061759274709
decision_type=2 2 2 2 2 2 2 2
left_child=2 -2 3 7 -5 6 -4 -1
right_child=1 -3 5 4 -6 -7 -8 -9
leaf_value=0.0034880550643859457 0.0011779145507377783 -0.028693700289355958 -0.00092398865666709867 0.0074565687076779495 -0.010189224650870216 0 0.02403130881327236 0.022612988983748094
leaf_weight=7.1369391828775397 6.9207327663898495 9.5118278414010984 10.009802162647249 22.073717877268791 48.211870685219765 12.911264181137083 21.769264832139015 8.7038358300924283
leaf_count=32 30 43 43 94 208 55 93 40
internal_value=0.00127738 -0.0165364 0.00384332 -0.000149749 -0.00438694 0.0115367 0.0161375 0.0161941
internal_weight=147.249 16.4326 130.817 86.1264 70.2856 44.6903 31.7791 15.8408
internal_count=638 73 565 374 302 191 136 72
is_linear=0
shrinkage=0.03


Tree=71
num_leaves=9
num_cat=0
split_feature=16 38 4 40 14 11 35 18
split_gain=7.15817 4.68619 5.55648 7.29361 4.10654 3.60177 2.48253 0.91104
threshold=270.04170057120012 0.010854284532897133 -0.048389770298174255 0.0079767398291039644 189.69694558770064 0.016027608944417796 0.017321914446818635 0.49748966431657354
decision_type=2 2 2 2 2 2 2 2
left_child=1 2 -1 -4 6 -2 -3 -6
right_child=5 4 3 -5 7 -7 -8 -9
leaf_value=0.017430683259834868 0 0.01360291342953401 -0.016047333495720142 0.0029000536922349509 0.0059489573415859648 -0.027415035350576038 -0.0061407365029508693 0.025650005057915096
leaf_weight=11.90995033085346 7.6379216909408596 7.2864543646574047 24.665579289197922 54.122058987617493 6.8062922507524517 8.7066302150487882 12.343856945633886 13.604499861598013
leaf_count=55 33 31 108 232 30 40 52 57
internal_value=0.00124955 0.00375317 0 -0.00309644 0.0120331 -0.0161848 0.00107446 0.0208669
internal_weight=147.083 130.739 90.6976 78.7876 40.0411 16.3446 19.6303 20.4108
internal_count=638 565 395 340 170 73 83 87
is_linear=0
shrinkage=0.03


Tree=72
num_leaves=8
num_cat=0
split_feature=4 38 4 37 33 35 40
split_gain=5.75244 4.77514 5.66096 9.17845 3.49627 2.85605 2.08463
threshold=0.093068885043798302 0.010854284532897133 -0.048389770298174255 0.031559181381782715 0.37739508161449586 0.040090918997515053 -0.023458395231907733
decision_type=2 2 2 2 2 2 2
left_child=1 2 -1 -4 6 -6 -3
right_child=-2 4 3 -5 5 -7 -8
leaf_value=0.017062432933485635 -0.016825345048061564 -0.010885852296637457 -0.012426971385600685 0.0073610296762759838 0.02295617094596698 0.00037339228894489541 0.0094539865967297864
leaf_weight=11.846127286553381 12.173171937465666 7.1136895567178726 45.458577901124954 35.295471042394638 19.585525751113895 8.4653974026441556 6.9080420881509763
leaf_count=55 54 30 199 151 83 36 30
internal_value=0.00122262 0.00318608 -0.000517808 -0.00362802 0.0113321 0.0171186 0
internal_weight=146.846 134.673 92.6002 80.754 42.0727 28.0509 14.0217
internal_count=638 584 405 350 179 119 60
is_linear=0
shrinkage=0.03


end of trees

feature_importances:
macro_topix_vol_20=58
macro_usdjpy_ret_20=48
return_10d=45
macro_topix_ret_20=32
atr_pct=31
macd_signal=29
macro_nikkei_ret_20=28
macd=26
vol_ratio=26
ma_5_20_cross=25
macro_usdjpy_ret_60=25
macd_hist=23
macro_usdjpy_vol_20=23
volatility=21
gap=21
bb_bandwidth=18
rsi_change=14
vol_change=13
return_2d=11
ma_20_60_cross=11
return_20d=10
return_1d=9
div_ma_60=9
candle_body_pct=9
upper_shadow_pct=9
price_position_20d=9
div_ma_10=8
day_of_week=8
return_3d=7
rsi=7
lower_shadow_pct=6
div_ma_20=5
div_ma_5=4
macd_hist_change=4
bb_pct_b=4
return_5d=3
month=1
streak=1

parameters:
[boosting: gbdt]
[objective: binary]
[metric: binary_logloss]
[tree_learner: serial]
[device_type: cpu]
[data_sample_strategy: bagging]
[data: ]
[valid: ]
[num_iterations: 73]
[learning_rate: 0.03]
[num_leaves: 15]
[num_threads: 0]
[seed: 42]
[deterministic: 0]
[force_col_wise: 0]
[force_row_wise: 0]
[histogram_pool_size: -1]
[max_depth: 4]
[min_data_in_leaf: 30]
[min_sum_hessian_in_leaf: 0.001]
[bagging_fraction: 0.7]
[pos_bagging_fraction: 1]
[neg_bagging_fraction: 1]
[bagging_freq: 5]
[bagging_seed: 400]
[bagging_by_query: 0]
[feature_fraction: 0.6]
[feature_fraction_bynode: 1]
[feature_fraction_seed: 30056]
[extra_trees: 0]
[extra_seed: 12879]
[early_stopping_round: 0]
[early_stopping_min_delta: 0]
[first_metric_only: 0]
[max_delta_step: 0]
[lambda_l1: 0.5]
[lambda_l2: 2]
[linear_lambda: 0]
[min_gain_to_split: 0]
[drop_rate: 0.1]
[max_drop: 50]
[skip_drop: 0.5]
[xgboost_dart_mode: 0]
[uniform_drop: 0]
[drop_seed: 17869]
[top_rate: 0.2]
[other_rate: 0.1]
[min_data_per_group: 100]
[max_cat_threshold: 32]
[cat_l2: 10]
[cat_smooth: 10]
[max_cat_to_onehot: 4]
[top_k: 20]
[monotone_constraints: ]
[monotone_constraints_method: basic]
[monotone_penalty: 0]
[feature_contri: ]
[forcedsplits_filename: ]
[refit_decay_rate: 0.9]
[cegb_tradeoff: 1]
[cegb_penalty_split: 0]
[cegb_penalty_feature_lazy: ]
[cegb_penalty_feature_coupled: ]
[path_smooth: 0]
[interaction_constraints: ]
[verbosity: -1]
[saved_feature_importance_type: 0]
[use_quantized_grad: 0]
[num_grad_quant_bins: 4]
[quant_train_renew_leaf: 0]
[stochastic_rounding: 1]
[linear_tree: 0]
[max_bin: 255]
[max_bin_by_feature: ]
[min_data_in_bin: 5]
[bin_construct_sample_cnt: 200000]
[data_random_seed: 175]
[is_enable_sparse: 1]
[enable_bundle: 1]
[use_missing: 1]
[zero_as_missing: 0]
[feature_pre_filter: 1]
[pre_partition: 0]
[two_round: 0]
[header: 0]
[label_column: ]
[weight_column: ]
[group_column: ]
[ignore_column: ]
[categorical_feature: ]
[forcedbins_filename: ]
[precise_float_parser: 0]
[parser_config_file: ]
[objective_seed: 16083]
[num_class: 1]
[is_unbalance: 0]
[scale_pos_weight: 1]
[sigmoid: 1]
[boost_from_average: 1]
[reg_sqrt: 0]
[alpha: 0.9]
[fair_c: 1]
[poisson_max_delta_step: 0.7]
[tweedie_variance_power: 1.5]
[lambdarank_truncation_level: 30]
[lambdarank_norm: 1]
[label_gain: ]
[lambdarank_position_bias_regularization: 0]
[eval_at: ]
[multi_error_top_k: 1]
[auc_mu_weights: ]
[num_machines: 1]
[local_listen_port: 12400]
[time_out: 120]
[machine_list_filename: ]
[machines: ]
[gpu_platform_id: -1]
[gpu_device_id: -1]
[gpu_use_dp: 0]
[num_gpu: 1]

end of parameters

pandas_categorical:[]
