tree
version=v4
num_class=1
num_tree_per_iteration=1
label_index=0
max_feature_idx=44
objective=binary sigmoid:1
feature_names=return_1d return_2d return_3d return_5d return_10d return_20d div_ma_5 div_ma_10 div_ma_20 div_ma_60 ma_5_20_cross ma_20_60_cross rsi rsi_change macd macd_signal macd_hist macd_hist_change bb_pct_b bb_bandwidth atr_pct volatility vol_change vol_ratio candle_body_pct upper_shadow_pct lower_shadow_pct day_of_week month is_month_end is_month_start streak gap price_position_20d macro_usdjpy_ret_20 macro_usdjpy_ret_60 macro_usdjpy_vol_20 macro_topix_ret_20 macro_topix_vol_20 macro_topix_above_200dma macro_nikkei_ret_20 macro_nikkei_above_200dma macro_nikkei_vi macro_jgb10y macro_bias_score
feature_infos=[-0.14107079957731594:0.097435897435897534] [-0.20101572739187423:0.16198482673774861] [-0.22439567430025442:0.13557758819460464] [-0.23196850393700785:0.22047992397243998] [-0.25564713064713063:0.28168662674650702] [-0.27982870643827529:0.31994884910485943] [-0.16583997537030074:0.08318890814558054] [-0.20029515454619989:0.16014363468009676] [-0.2376292567784091:0.21138518134226278] [-0.24776542990892059:0.32942768619270879] [-0.12983574366031703:0.15185223569512085] [-0.070790596910129233:0.19112389485440473] [6.3448275862068897:97.853550766453594] [-35.330985175794623:29.075722455357266] [-144.03086637327579:316.05603702437384] [-111.78364164871749:288.80405617540794] [-78.895385536828826:106.16750784234233] [-32.131356048979072:31.343135552076205] [-0.33148383503277951:1.2585197915218747] [0.029655699552275157:0.40488865905238219] [0.012572561538812277:0.05603746065863207] [0.0075340009333067452:0.047988398519303449] [-0.81977314271187673:6.4355525989320199] [0.46022980028186705:1.9430228495896495] [-1:1] [0:0.90666666666666662] [0:0.93103448275862066] [0:4] [1:12] none [0:1] [-8:11] [-0.11111111111111116:0.1127742464629895] [0:1] [-0.10288784967882303:0.08505611680078462] [-0.13986255140503889:0.13160084488587853] [0.0024251968629527628:0.011841457708833433] [-0.21871130063915301:0.21255316252998058] [0.0039190735527243814:0.040640975235326553] [0:1] [-0.22859537662338159:0.23022297972565586] [0:1] none none none
tree_sizes=1418 1302 1420 1202 1516 1169 897 1179 1309 1098 970 1198 1064 1266 996 1383 1281 1391 1306 1076 1311 1398 1209 1206 1097 1209 995 997 1001 1101 1411 1308 1289 1315 1398 998 1204 1291 1101 1209 1087 1088 1319 1206 1098 1300 892 887 889 1102

Tree=0
num_leaves=12
num_cat=0
split_feature=28 34 36 26 22 37 35 35 5 35 16
split_gain=15.6445 14.1726 6.53657 8.34498 6.88568 6.19613 5.86854 5.79691 5.34594 3.25496 2.48542
threshold=8.5000000000000018 0.020830122334225213 0.0055382943536720179 0.14009345794392528 -0.21699723773104404 -0.010333225840623515 0.0065938654777143455 0.019934111343551279 0.063212027110105998 -0.013338560249196661 -8.5626631490238392
decision_type=2 2 2 2 2 2 2 2 2 2 2
left_child=2 5 7 9 -5 -2 -7 -1 -9 -4 -3
right_child=1 10 3 4 -6 6 -8 8 -10 -11 -12
leaf_value=-0.068766160564437878 -0.031756633367398965 -0.062342649267075397 -0.065901974102547625 -0.052528486280039227 -0.022323367238202416 -0.077615791977658014 -0.050413075005084351 -0.035521756612537626 -0.059032363404943625 -0.043672829269264246 -0.091197034557171597
leaf_weight=12.491381168365477 7.9944839477539054 7.4948287010192898 8.2443115711212176 8.7439668178558332 27.231210947036743 8.2443115711212176 19.986209869384766 17.238106012344364 13.240864038467405 11.991725921630858 12.241553544998167
leaf_count=50 32 30 33 35 109 33 80 69 53 48 49
internal_value=-0.0513538 -0.0636872 -0.0441636 -0.0376066 -0.0293102 -0.0525285 -0.0589952 -0.0526898 -0.0459688 -0.0525285 -0.082841
internal_weight=155.143 55.9614 99.1816 56.2112 35.9752 36.225 28.2305 42.9704 30.479 20.236 19.7364
internal_count=621 224 397 225 144 145 113 172 122 81 79
is_linear=0
shrinkage=1


Tree=1
num_leaves=11
num_cat=0
split_feature=28 34 3 40 40 35 38 38 36 16
split_gain=14.815 13.4977 8.02137 7.47455 6.73344 8.31616 5.80511 3.48337 2.60805 2.33341
threshold=8.5000000000000018 0.020830122334225213 0.024068564092482817 -0.031625976312049657 0.066922868502636415 -0.020838955077919438 0.0088110107853486934 0.013857288806393161 0.0052904640750907313 -8.5626631490238392
decision_type=2 2 2 2 2 2 2 2 2 2
left_child=3 2 6 7 5 -5 -2 -1 -6 -3
right_child=1 9 -4 4 8 -7 -8 -9 -10 -11
leaf_value=0.037216069321157098 -0.0082826217562043218 -0.0095839204434318235 -0.023387686642776226 -0.019659608485574766 0.0030526008093035941 0.0050674238417102299 0.017607143677517808 0.0056911845764739356 0.029635158770111025 -0.037717028041596601
leaf_weight=8.7462801188230532 10.240108296275141 7.4927173554897335 7.7443484216928473 13.740285828709601 7.4926769286394146 52.722871586680412 18.238412529230118 7.496242254972457 8.9958019554615003 12.224564984440802
leaf_count=35 41 30 31 55 30 211 73 30 36 49
internal_value=0.00112166 -0.0108806 0 0.00811979 0.00397515 -0.00025041 0.0078731 0.025708 0.0200038 -0.0295841
internal_weight=155.134 55.9402 36.2229 99.1942 82.9516 66.4632 28.4785 16.2425 16.4885 19.7173
internal_count=621 224 145 397 332 266 114 65 66 79
is_linear=0
shrinkage=0.03


Tree=2
num_leaves=12
num_cat=0
split_feature=28 32 36 35 38 36 10 20 27 20 3
split_gain=14.139 8.26886 6.19908 5.44574 6.09577 5.17902 8.85464 4.40011 5.55341 3.66769 3.54936
threshold=8.5000000000000018 0.0021981243538278243 0.0055382943536720179 0.019934111343551279 0.0097280330094734191 0.0068428575992175245 0.032374604203423203 0.01874362871231745 1.5000000000000002 0.019531323461327573 0.0038855127481178813
decision_type=2 2 2 2 2 2 2 2 2 2 2
left_child=2 7 3 -1 -5 9 -7 -2 -9 -4 -3
right_child=1 10 5 4 -6 6 -8 8 -10 -11 -12
leaf_value=-0.015941487427364689 -0.016599883535989433 -0.0083168415499172022 0.0075015389693311495 -0.0020386972888427439 0.025098060162041063 -0.0032380961258169478 0.02627219618917008 -0.011953263302031048 0.015512994700562693 0.037569613436887257 -0.035725059378906555
leaf_weight=12.486711516976355 9.2299656569957715 11.482707113027574 8.9968694448471087 21.990300759673122 8.496862977743147 25.234637826681137 11.495700716972349 7.9884394407272366 16.478088691830635 10.498375132679937 10.731021925806997
leaf_count=50 37 46 36 88 34 101 46 32 66 42 43
internal_value=0.00108789 -0.0106391 0.00792522 -0.000364607 0.00614218 0.0143137 0.00649035 -0.00053675 0.00575278 0.0263804 -0.0240339
internal_weight=155.11 55.9102 99.1995 42.9739 30.4872 56.2256 36.7303 33.6965 24.4665 19.4952 22.2137
internal_count=621 224 397 172 122 225 147 135 98 78 89
is_linear=0
shrinkage=0.03


Tree=3
num_leaves=10
num_cat=0
split_feature=38 19 20 36 10 3 11 14 38
split_gain=10.905 11.9874 9.84496 9.0015 14.9869 6.81627 3.99489 4.55953 1.29087
threshold=0.012364373037789469 0.066354248027595222 0.027971710473208008 0.0043951021736457737 0.013991010414440954 0.055151057398189714 -0.0067411768810197717 19.72717708869391 0.013857288806393161
decision_type=2 2 2 2 2 2 2 2 2
left_child=1 6 8 4 -3 -5 -1 -8 -2
right_child=2 3 -4 5 -6 -7 7 -9 -10
leaf_value=-0.027083323534846895 -0.040146928025589459 0.015527903376908597 0.0031887797531051621 0.017832812797814651 -0.031713712824412627 -0.0030570525692233518 0.012263645065132028 -0.016758939218388696 -0.012551962029767256
leaf_weight=8.9875020384788531 7.474057003855707 10.24458731710911 12.738396689295767 67.696668371558189 9.7392890155315381 15.483147844672201 7.4925253838300687 7.7358806431293488 7.4870547652244568
leaf_count=36 30 41 51 271 39 62 30 31 30
internal_value=0.00105368 0.00489218 -0.0152339 0.00943555 -0.00760392 0.0137878 -0.0131343 -0.00184289 -0.0303303
internal_weight=155.079 127.38 27.6995 103.164 19.9839 83.1798 24.2159 15.2284 14.9611
internal_count=621 510 111 413 80 333 97 61 60
is_linear=0
shrinkage=0.03


Tree=4
num_leaves=13
num_cat=0
split_feature=21 28 19 21 14 36 21 21 36 33 36 40
split_gain=13.3888 9.82528 10.1315 7.35363 14.1107 6.87449 5.95201 9.99064 3.67112 3.38816 3.38323 2.89992
threshold=0.013705537667889211 8.5000000000000018 0.12835052240871975 0.016079075334660315 -17.321172014085956 0.0048775667393845187 0.01151400764151197 0.0099802159245966238 0.0058625641493879341 0.90707157935137228 0.0053261015725830354 0.0065034815276772137
decision_type=2 2 2 2 2 2 2 2 2 2 2 2
left_child=6 2 9 11 -5 -4 7 -1 -8 -2 -9 -3
right_child=1 3 5 4 -6 -7 8 10 -10 -11 -12 -13
leaf_value=-0.025294610609601323 0.033016513337236375 -0.0025852452137175813 -0.015556109300024247 0.011923504315800871 -0.034335577479114643 0.010835550894688887 -0.0028785984857030069 -0.00047912895309799809 -0.02914998938353093 0.0052442107453911889 0.024130418915697564 0.018508007270135494
leaf_weight=7.4892811775207546 20.741323575377468 8.9867015630006808 10.237806454300879 7.9868471473455456 12.716191753745077 28.984133467078209 8.9879155009984988 7.4928786754608145 16.204341217875481 7.4950841665267935 8.2406475543975812 9.4864946305751783
leaf_count=30 83 36 41 32 51 116 36 30 65 30 33 38
internal_value=0.00098197 0.00698644 0.0138355 -0.00454199 -0.0163507 0.00316233 -0.0116979 0 -0.0212298 0.0269752 0.0128323 0.00826392
internal_weight=155.05 106.635 67.4583 39.1762 20.703 39.2219 48.4151 23.2228 25.1923 28.2364 15.7335 18.4732
internal_count=621 427 270 157 83 157 194 93 101 113 63 74
is_linear=0
shrinkage=0.03


Tree=5
num_leaves=10
num_cat=0
split_feature=28 19 19 5 36 21 14 19 15
split_gain=16.3242 9.73457 9.72494 12.1543 9.855 6.58414 6.03636 4.97424 2.70267
threshold=8.5000000000000018 0.11079878811541928 0.059702679227296766 0.027437181045420703 0.0050722237368389655 0.017062190641343022 -18.349691807840482 0.06426952957495001 -13.543252470157496
decision_type=2 2 2 2 2 2 2 2 2
left_child=2 7 -1 6 -5 -3 -4 -2 -9
right_child=1 5 3 4 -6 -7 -8 8 -10
leaf_value=-0.018011861812956744 0 0.014940208292557275 0.0057915906762969569 -0.016080675103803611 0.0097867205081060733 -0.015529012957145328 0.032573004566978023 -0.011294084579463716 -0.035651710253441458
leaf_weight=10.98390983045101 7.4731235951185218 12.970742210745813 15.241815268993376 18.973710089921951 33.977792203426361 8.9700147658586484 20.735124588012695 11.21186237037182 17.695850402116776
leaf_count=44 30 52 61 76 136 36 83 45 71
internal_value=-0.00113761 -0.0135716 0.00609718 0.00957063 0 0.0016003 0.0225244 -0.022719 -0.0280321
internal_weight=158.234 58.3216 99.9124 88.9284 52.9515 21.9408 35.9769 36.3808 28.9077
internal_count=634 234 400 356 212 88 144 146 116
is_linear=0
shrinkage=0.03


Tree=6
num_leaves=7
num_cat=0
split_feature=34 10 16 3 35 13
split_gain=13.8465 8.40177 6.90973 6.47417 6.39482 3.21498
threshold=0.034551093974205867 -0.030102592940406122 7.8080546029824278 0.055151057398189714 0.0065938654777143455 -2.7618882793016151
decision_type=2 2 2 2 2 2
left_child=1 -1 4 -4 -3 -2
right_child=5 2 3 -5 -6 -7
leaf_value=0.023517930516716828 -0.0040020859373520361 -0.016538311121453757 0.017576456192750452 -0.0053331199187590999 0.00050706350706653783 -0.031861065741020593
leaf_weight=12.991577208042143 7.7192206829786327 27.699163004755974 27.701995119452477 15.215368017554281 54.389602974057198 12.448629066348074
leaf_count=52 31 111 111 61 218 50
internal_value=-0.00111767 0.00228742 -0.000136503 0.00924463 -0.00532272 -0.0231978
internal_weight=158.166 137.998 125.006 42.9174 82.0888 20.1678
internal_count=634 553 501 172 329 81
is_linear=0
shrinkage=0.03


Tree=7
num_leaves=10
num_cat=0
split_feature=28 19 19 33 34 36 19 20 15
split_gain=15.424 9.04076 9.00456 11.3789 6.35157 6.20836 4.6986 3.88162 2.53625
threshold=8.5000000000000018 0.11079878811541928 0.059702679227296766 0.86151123204210756 0.01132120789607838 0.0053261015725830354 0.06426952957495001 0.029206322992320181 -13.543252470157496
decision_type=2 2 2 2 2 2 2 2 2
left_child=2 6 -1 7 -3 -5 -2 -4 -8
right_child=1 4 3 5 -6 -7 8 -9 -10
leaf_value=-0.01725812745560135 0 0.013563112247227267 0.021748655973828562 -0.020307608099346678 -0.016840657804779131 0.005214599165835338 -0.010903690707876581 0.0028600750561684012 -0.034586421572509664
leaf_weight=10.970176771283148 7.4711141586303702 13.976118981838228 41.70010544359684 11.971292212605478 7.9627089798450461 19.235579460859299 11.202132552862169 15.986202806234358 17.652573019266129
leaf_count=44 30 56 167 48 32 77 45 64 71
internal_value=-0.00109053 -0.0131861 0.00593963 0.00928422 0.00141642 -0.0047577 -0.0220103 0.0170367 -0.0271811
internal_weight=158.128 58.2646 99.8634 88.8932 21.9388 31.2069 36.3258 57.6863 28.8547
internal_count=634 234 400 356 88 125 146 231 116
is_linear=0
shrinkage=0.03


Tree=8
num_leaves=11
num_cat=0
split_feature=28 14 23 26 23 37 4 22 11 18
split_gain=14.6104 8.28816 8.02597 6.46759 8.1211 6.05333 6.01585 4.55298 5.15735 3.50207
threshold=8.5000000000000018 -31.532646637443118 1.1826987470817405 0.20000062333841359 0.91143040087331262 0.015485502300462197 0.020258475369919541 -0.24996580105840752 -0.020778216101919596 0.89863688950130738
decision_type=2 2 2 2 2 2 2 2 2 2
left_child=3 -2 6 4 5 -1 -3 -5 -9 -6
right_child=1 2 -4 7 9 -7 -8 8 -10 -11
leaf_value=0.0020706632525723414 0.0075966131801887384 -0.031813821277794432 0.0058411858698851678 -0.0044568232323927807 0.014937387717972789 -0.029733509950228543 -0.0038587942077172805 -0.002696172604419594 0.021427471931695787 -0.0051616670205304801
leaf_weight=7.4891266673803356 11.95374973118305 26.355464577674866 8.2012419253587705 9.2342911660671216 18.223601520061496 10.73511743545532 11.698088228702543 8.2352174222469312 35.934555217623711 9.9808912724256498
leaf_count=30 48 106 33 37 73 43 47 33 144 40
internal_value=-0.00108068 -0.0128614 -0.018555 0.00575858 -0.00214262 -0.0170098 -0.0242164 0.0127279 0.0166829 0.00745738
internal_weight=158.041 58.2085 46.2548 99.8328 46.4287 18.2242 38.0536 53.4041 44.1698 28.2045
internal_count=634 234 186 400 186 73 153 214 177 113
is_linear=0
shrinkage=0.03


Tree=9
num_leaves=9
num_cat=0
split_feature=34 19 26 34 23 27 12 13
split_gain=12.682 8.57582 10.6188 7.09857 4.80177 3.67019 3.60312 3.07428
threshold=0.034551093974205867 0.09794259580036184 0.44575155795675736 0.0086489186812804836 0.91143040087331262 1.5000000000000002 54.957850078245521 -2.7618882793016151
decision_type=2 2 2 2 2 2 2 2
left_child=1 3 4 5 -3 -1 -5 -2
right_child=7 2 -4 6 -6 -7 -8 -9
leaf_value=-0.026107669096437826 -0.0035345118649937157 -0.0066972919305007695 0.030013751023418925 0.014367859055752564 0.0093283836662820235 -0.0051831380756053392 -0.0079928811906971493 -0.030694192510896785
leaf_weight=13.458424121141432 7.7005373686552074 25.704382985830307 14.725530713796614 14.9455863237381 39.168494239449501 21.914143949747086 7.9502401053905478 12.398578137159346
leaf_count=54 31 103 59 60 157 88 32 50
internal_value=-0.00105863 0.00219419 0.00858457 -0.00628178 0.00274388 -0.0145169 0.00598256 -0.0222289
internal_weight=157.966 137.867 79.5984 58.2684 64.8729 35.3726 22.8958 20.0991
internal_count=634 553 319 234 260 142 92 81
is_linear=0
shrinkage=0.03


Tree=10
num_leaves=8
num_cat=0
split_feature=21 17 14 12 12 0 32
split_gain=15.5787 14.7839 6.12997 11.3824 6.43607 4.5124 3.76488
threshold=0.013989587759930375 1.073518080760943 -29.281334936977597 42.986534160910892 51.629363990906768 0.0043863490754338938 0.00033967645896559878
decision_type=2 2 2 2 2 2 2
left_child=1 5 -2 -4 -5 6 -1
right_child=2 -3 3 4 -6 -7 -8
leaf_value=0 0.025581689712400994 -0.035256531695583168 -0.019110516587404949 0.025995286038252793 0.0035824629918241257 0.014106796424981931 -0.021309871168886715
leaf_weight=17.41676534712315 11.488943606615065 16.398929610848427 14.421820089220999 13.198258280754088 61.819948151707649 9.2242448180913907 9.721748009324072
leaf_count=70 46 66 58 53 248 37 39
internal_value=-0.000274991 -0.0132898 0.00650892 0.00338896 0.00829305 -0.00167056 -0.00814817
internal_weight=153.691 52.7617 100.929 89.44 75.0182 36.3628 27.1385
internal_count=617 212 405 359 301 146 109
is_linear=0
shrinkage=0.03


Tree=11
num_leaves=10
num_cat=0
split_feature=21 17 23 24 28 24 21 7 35
split_gain=14.7669 14.0493 8.49882 5.95833 12.4873 9.465 8.13135 4.56395 4.1178
threshold=0.013989587759930375 1.073518080760943 1.0636843210943949 0.31165483696163199 2.5000000000000004 0.53973684210526329 0.016787891653821344 0.0032629308040067785 0.012855133393989917
decision_type=2 2 2 2 2 2 2 2 2
left_child=1 2 7 4 -2 -5 -6 -1 -7
right_child=3 -3 -4 5 6 8 -8 -9 -10
leaf_value=-0.020401148954285797 0.032387711758700186 -0.034385226368832289 0.01748873487374307 0.034414627959715907 0.0080083588151829872 -0.0098644587640857213 -0.014321203927034433 0.0040384845758265628 0.012802182688625364
leaf_weight=16.167378157377247 7.4869130104780188 16.361269399523735 11.469724923372267 12.971501514315603 23.157909125089645 9.9757277965545672 32.120881348848343 8.7188979983329755 15.206593692302702
leaf_count=65 30 66 46 52 93 40 129 35 61
internal_value=-0.0002613 -0.0129417 -0.00161067 0.00633959 0.000310054 0.0153755 -0.00475182 -0.0116174 0.00320605
internal_weight=153.637 52.7173 36.356 100.92 62.7657 38.1538 55.2788 24.8863 25.1823
internal_count=617 212 146 405 252 153 222 100 101
is_linear=0
shrinkage=0.03


Tree=12
num_leaves=9
num_cat=0
split_feature=21 17 23 9 12 12 14 0
split_gain=14.0103 13.3735 8.08167 5.98844 7.73695 5.52107 4.6626 3.92622
threshold=0.013989587759930375 1.073518080760943 1.048116857261568 -0.049391234345159261 42.986534160910892 53.672703380780355 -19.397705443134438 -0.0032620518923550108
decision_type=2 2 2 2 2 2 2 2
left_child=1 2 7 -2 6 -6 -5 -1
right_child=3 -3 -4 4 5 -7 -8 -9
leaf_value=-0.0228902989799891 0.027661639639802765 -0.03355185391443604 0.01607089463278568 0.0016838028067523976 0.02036079128830388 0.0021879404661634388 -0.027271882058271284 0
leaf_weight=11.668930158019064 8.7313674688339216 16.314990431070328 12.464249446988104 7.482541397213935 20.17834010720253 56.074590563774109 8.4244478940963727 12.207583397626879
leaf_count=47 35 66 50 30 81 225 34 49
internal_value=-0.00023346 -0.0125964 -0.00153789 0.00619248 0.00345481 0.00758607 -0.0141469 -0.0118415
internal_weight=153.547 52.6558 36.3408 100.891 92.1599 76.2529 15.907 23.8765
internal_count=617 212 146 405 370 306 64 96
is_linear=0
shrinkage=0.03


Tree=13
num_leaves=11
num_cat=0
split_feature=28 19 19 19 36 17 8 27 9 34
split_gain=10.5822 10.6336 7.12482 7.31274 6.64249 7.17967 6.57451 2.69042 1.20035 0.356807
threshold=8.5000000000000018 0.06426952957495001 0.11350344612699582 0.13406123764861685 0.0051003994093244227 1.5454587380184892 0.031500006868669918 2.5000000000000004 -0.019665021894766852 0.013855002821535513
decision_type=2 2 2 2 2 2 2 2 2 2
left_child=1 -1 7 -4 6 -6 -3 8 -2 -9
right_child=2 4 3 -5 5 -7 -8 9 -10 -11
leaf_value=-0.019291215204770847 -0.011256304554241555 0.010424440207876078 0.018791803212460122 -0.01494704322257067 0.021863660363680083 0 -0.016821099055555157 0 -0.031944133475535902 -0.0093609851192423561
leaf_weight=11.17755191028118 10.91045281291008 14.706836432218553 10.964227735996248 8.1960323303937894 40.145938575267792 17.966202095150948 12.961040019989012 7.4574263393878919 11.584373399615288 7.3860869854688644
leaf_count=45 44 59 44 33 161 72 52 30 47 30
internal_value=-0.000222979 0.00566178 -0.0104266 0.00360207 0.00944961 0.0150883 -0.00210671 -0.0178238 -0.0242608 -0.00545579
internal_weight=153.456 96.9576 56.4986 19.1603 85.78 58.1121 27.6679 37.3383 22.4948 14.8435
internal_count=617 389 228 77 344 233 111 151 91 60
is_linear=0
shrinkage=0.03


Tree=14
num_leaves=8
num_cat=0
split_feature=21 7 13 36 10 7 26
split_gain=13.1193 7.09162 5.88251 6.17928 5.81671 5.04982 2.15697
threshold=0.013989587759930375 -0.016763381891558019 -7.5903430176081264 0.0037357669776730451 0.035060149158919647 0.054679942466054711 0.37188165846714921
decision_type=2 2 2 2 2 2 2
left_child=1 -1 -2 -4 6 -5 -3
right_child=2 4 3 5 -6 -7 -8
leaf_value=0.0083489292119149593 -0.011097174048670708 -0.027229967620700974 -0.011307413377518572 0.014724813551047216 0.0024336045239553333 -0.0063654104802247976 -0.0052739715470400354
leaf_weight=9.9507459700107557 13.177378803491591 25.693873777985573 9.6931401044130308 68.2122762799263 8.7214320451021177 9.7239707708358747 8.1647063195705396
leaf_count=40 53 104 39 274 35 39 33
internal_value=-0.000246266 -0.0122288 0.00596838 0.00889235 -0.017533 0.0118123 -0.0229432
internal_weight=153.338 52.5308 100.807 87.6294 42.58 77.9362 33.8586
internal_count=617 212 405 352 172 313 137
is_linear=0
shrinkage=0.03


Tree=15
num_leaves=12
num_cat=0
split_feature=28 36 8 16 17 40 20 35 17 40 17
split_gain=15.9827 11.6511 9.09357 8.76486 7.62719 6.30207 5.64331 6.32766 5.2981 3.35818 6.01347
threshold=8.5000000000000018 0.005223649895065627 0.030182799617102393 -8.2722535854521144 -0.65516284544242243 0.062064651745643136 0.01694594930089539 -0.013338560249196661 1.5454587380184892 0.043478771423293157 -0.38648196955556363
decision_type=2 2 2 2 2 2 2 2 2 2 2
left_child=1 2 4 -2 -1 -4 7 -3 -8 10 -5
right_child=3 6 5 9 -6 -7 8 -9 -10 -11 -12
leaf_value=-0.0098234982853177954 0.0086605941514309101 -0.016195477522279494 -0.034966104258255963 0.0044698858726573273 0.025679433282122799 0 0.026980769722127842 0.016829406559441453 0.005083880323045591 -0.031978498465400296 -0.020867318316214165
leaf_weight=8.4763845950365084 12.161432594060896 8.6739495694637316 9.2101758718490618 11.688836395740507 8.9667446017265302 7.731003299355506 32.377944335341454 8.2220629155635816 18.197530433535576 11.565861150622366 19.038524255156521
leaf_count=34 49 35 37 47 36 31 130 33 73 47 77
internal_value=0.00081484 0.00787628 -0.00580991 -0.0119388 0.00841969 -0.0205951 0.0150333 0 0.0198805 -0.0183244 -0.0110864
internal_weight=156.31 101.856 34.3843 54.4547 17.4431 16.9412 67.4715 16.896 50.5755 42.2932 30.7274
internal_count=629 409 138 220 70 68 271 68 203 171 124
is_linear=0
shrinkage=0.03


Tree=16
num_leaves=11
num_cat=0
split_feature=28 36 21 16 35 37 14 23 37 12
split_gain=15.1221 11.049 8.82027 8.338 8.10566 10.2919 6.35784 5.69771 3.27135 5.26781
threshold=8.5000000000000018 0.005223649895065627 0.012554283336748132 -8.2722535854521144 0.019934111343551279 0.0320974580958664 -13.166800769482164 0.9791868289823219 0.045036213544031097 43.370140845070431
decision_type=2 2 2 2 2 2 2 2 2 2
left_child=1 4 7 -2 -1 -6 -4 -3 9 -5
right_child=3 2 6 8 5 -7 -8 -9 -10 -11
leaf_value=-0.02466034601902654 0.0084348063520049196 -0.016306872476602889 0 -0.024425815055357521 0.020097177299093143 -0.017112723503817148 0.02700735266058327 0.012223258991391052 -0.033959141620776338 -0.00037337282658447867
leaf_weight=11.204254001379011 12.165836095809935 9.9324282407760638 9.2261704355478269 14.053868129849432 13.700556173920633 9.4570913165807706 37.07463638484478 11.183013945817946 8.6024939119815809 19.560143604874611
leaf_count=45 49 40 37 57 55 38 149 45 35 79
internal_value=0.000781421 0.00765416 0.0146289 -0.0116303 -0.0056693 0.00415281 0.0217165 -0.000797787 -0.0178718 -0.0116577
internal_weight=156.16 101.778 67.4162 54.3823 34.3619 23.1576 46.3008 21.1154 42.2165 33.614
internal_count=629 409 271 220 138 93 186 85 171 136
is_linear=0
shrinkage=0.03


Tree=17
num_leaves=12
num_cat=0
split_feature=28 36 1 8 17 40 16 12 40 12 12
split_gain=14.3304 10.4689 8.6367 8.26239 7.13842 6.07204 4.94527 4.48211 11.0828 8.63629 2.2734
threshold=8.5000000000000018 0.005223649895065627 -0.019788464085569387 0.030182799617102393 -0.65516284544242243 0.062064651745643136 -9.1875142886606209 60.920581770202062 -0.01725763975552624 79.656089869925111 43.370140845070431
decision_type=2 2 2 2 2 2 2 2 2 2 2
left_child=1 3 -2 4 -1 -5 -4 8 -3 -9 -8
right_child=2 7 6 5 -6 -7 10 9 -10 -11 -12
leaf_value=-0.0096051740883256083 0.012042614950067242 0.022629638007351214 0.0031022261068295465 -0.033800727338474008 0.024732394735126333 0 -0.032507921834750153 0.029675147698876563 -0.010641978970464781 -0.0019383836889399987 -0.01316000564663385
leaf_weight=8.469795301556589 9.4211360961198789 14.904630944132807 7.4544414877891532 9.1796066313982028 8.9565815329551679 7.7251844406127921 12.271484181284903 26.352961257100105 16.885303050279617 9.2084983885288221 25.166153460741043
leaf_count=34 38 60 30 37 36 31 50 106 68 37 102
internal_value=0.000730265 0.00742605 -0.0113574 -0.00553984 0.00800037 -0.019661 -0.0168923 0.0142206 0.00492954 0.0214223 -0.0212093
internal_weight=155.996 101.683 54.3132 34.3312 17.4264 16.9048 44.8921 67.3514 31.7899 35.5615 37.4376
internal_count=629 409 220 138 70 68 182 271 128 143 152
is_linear=0
shrinkage=0.03


Tree=18
num_leaves=11
num_cat=0
split_feature=28 36 1 18 35 14 20 16 40 23
split_gain=13.545 9.92207 8.21795 7.86368 8.10138 5.38134 6.43183 4.72194 2.5794 2.23669
threshold=8.5000000000000018 0.005223649895065627 -0.019788464085569387 0.85120125198250329 0.020591200784785161 -6.6304412752441513 0.017575313065704916 -9.1875142886606209 -0.026514366350540605 1.1118207906209503
decision_type=2 2 2 2 2 2 2 2 2 2
left_child=1 3 -2 4 -1 8 -7 -4 -3 -9
right_child=2 5 7 -5 -6 6 -8 9 -10 -11
leaf_value=-0.01850958411055087 0.011738271777782127 0.010182963181855359 0.0030286153137586967 -0.025300253413293301 0.01535585646851928 0.0013369717746870746 0.025402731470623902 -0.024679680980052077 -0.011080320097585954 -0.0038924587443244724
leaf_weight=7.4698461294174221 9.4272000938653928 7.7220070511102703 7.4551525563001624 10.157421931624411 16.669935181736946 15.877810060977934 34.977394327521324 28.720499008893967 8.7069258391857129 8.6354677975177747
leaf_count=30 38 31 30 41 67 64 141 117 35 35
internal_value=0.000700908 0.00721574 -0.0110565 -0.00540471 0.00368825 0.0138357 0.0185077 -0.016469 -0.000251633 -0.0206975
internal_weight=155.82 101.581 54.2383 34.2972 24.1398 67.2841 50.8552 44.8111 16.4289 37.356
internal_count=629 409 220 138 97 271 205 182 66 152
is_linear=0
shrinkage=0.03


Tree=19
num_leaves=9
num_cat=0
split_feature=27 34 23 10 36 15 26 20
split_gain=11.3047 6.55273 5.7999 4.74534 4.69851 4.18711 4.02228 1.39488
threshold=1.0000000180025095e-35 0.034551093974205867 1.207554084063162 0.003525507213259949 0.0054855478218233346 23.090078856868036 0.39721169726998934 0.023686525381170397
decision_type=2 2 2 2 2 2 2 2
left_child=3 2 6 -1 -5 -3 -2 -4
right_child=1 5 7 4 -6 -7 -8 -9
leaf_value=-0.030341780727271134 0 -0.025349847897017934 0.0081525825925436481 -0.020376277512913515 0.0074103131003777226 0.0013943599321581579 0.014350580813326089 0.028124245524485492
leaf_weight=10.380167752504351 67.624424993991852 7.7871523648500469 10.663154527544977 7.4237169325351742 10.404997557401655 8.8926463425159437 21.032352641224861 11.426219016313551
leaf_count=42 273 32 43 30 42 36 85 46
internal_value=0.00067432 0.00461289 0.00736116 -0.0157481 -0.00429152 -0.0116658 0.0035199 0.0205833
internal_weight=155.635 127.426 110.746 28.2089 17.8287 16.6798 88.6568 22.0894
internal_count=629 515 447 114 72 68 358 89
is_linear=0
shrinkage=0.03


Tree=20
num_leaves=11
num_cat=0
split_feature=21 32 23 7 35 8 20 21 22 15
split_gain=8.48041 14.2683 6.62313 6.53762 5.98487 5.58231 4.49172 3.50375 2.25185 0.890994
threshold=0.013938919929984151 -0.00017296734575744652 1.3065415417850994 -0.0025148395862695833 0.041424746977216105 -0.003347440861817015 0.027409114587473745 0.01151400764151197 -0.0049292134318310579 55.975084785261451
decision_type=2 2 2 2 2 2 2 2 2 2
left_child=1 5 3 6 -5 -1 -2 8 -3 -9
right_child=2 7 -4 4 -6 -7 -8 9 -10 -11
leaf_value=-0.0042099123418305176 -0.0024547839260841428 -0.017190285067711739 0.02132248169955003 0.013304006372907526 -0.0062936135729465027 0.026093924373304728 -0.027396318532608033 -0.033969490128362069 0.0029671834146285238 -0.011699859214077186
leaf_weight=9.6303475946187991 24.993850484490395 7.4199199080467224 13.623397856950758 36.70476707816124 19.299368351697922 7.9440981894731513 7.9337448179721823 14.989788413047792 7.4272619783878309 7.8253030925989142
leaf_count=39 101 30 55 148 78 32 32 61 30 32
internal_value=-0.00168929 -0.0110162 0.00330539 0 0.0063078 0.00998842 -0.0101184 -0.0212052 -0.00706104 -0.0284943
internal_weight=157.792 55.2367 102.555 88.9317 56.0041 17.5744 32.9276 37.6623 14.8472 22.8151
internal_count=638 224 414 359 226 71 133 153 60 93
is_linear=0
shrinkage=0.03


Tree=21
num_leaves=12
num_cat=0
split_feature=21 32 36 38 15 8 27 37 21 36 26
split_gain=8.03495 13.5883 8.13988 6.26311 7.51661 5.32384 5.04814 3.84417 3.33302 4.02608 0.965285
threshold=0.013938919929984151 -0.00017296734575744652 0.0043757886670886008 0.013327017511561274 -16.020704052570888 -0.003347440861817015 1.0000000180025095e-35 0.023406567656978464 0.01151400764151197 0.0063794003401976612 0.2826860277314322
decision_type=2 2 2 2 2 2 2 2 2 2 2
left_child=1 5 7 6 -5 -1 -4 -2 9 -3 -10
right_child=2 8 3 4 -6 -7 -8 -9 10 -11 -12
leaf_value=-0.0041063509201453331 0 -0.020585750175389092 -0.0045075955231723506 0.0124585889175436 -0.021078247654578101 0.025467218802289828 0.015727652664925224 -0.026467781444473391 -0.033050289978452364 0.0067209585584088564 -0.010604396988290701
leaf_weight=9.627509608864786 9.6484284996986407 7.426441475749014 11.625745609402655 8.4515788406133669 11.635748729109762 7.944603666663169 52.726399481296539 8.4278676807880384 15.391211941838266 7.411535307765007 7.364811345934867
leaf_count=39 39 30 47 34 47 32 213 34 63 30 30
internal_value=-0.00166038 -0.0107472 0.00319799 0.0072547 -0.00643834 0.00973399 0.0118202 -0.0138398 -0.0207074 -0.00687706 -0.0278354
internal_weight=157.682 55.1661 102.516 84.4395 20.0873 17.5721 64.3521 18.0763 37.594 14.838 22.756
internal_count=638 224 414 341 81 71 260 73 153 60 93
is_linear=0
shrinkage=0.03


Tree=22
num_leaves=10
num_cat=0
split_feature=34 25 36 25 18 26 26 32 32
split_gain=9.06581 7.83835 7.06854 5.40122 6.19171 4.81523 3.87382 2.5749 1.39301
threshold=0.034551093974205867 0.26020812377800057 0.0071701010779905714 0.18181908977716874 0.54468611644819209 0.1893315584321818 0.044011480490209899 -0.00026117477399550943 0.0019026491486291432
decision_type=2 2 2 2 2 2 2 2 2
left_child=1 3 6 4 -1 -4 -3 -5 -2
right_child=8 2 5 7 -6 -7 -8 -9 -10
leaf_value=-0.0077622502035468851 -0.025625375073562488 0.0032853044736646138 -0.0054928396961880909 0.034049635319417688 0.011398996469172066 0.020614759383062981 -0.017257255115684707 0.0058380685360243274 -0.0053303854019624173
leaf_weight=24.236273035407066 12.267894178628923 8.3980773538351041 10.657515481114389 7.4431913048028946 32.897046536207199 10.126581802964209 35.340122759342194 7.8922324478626233 8.283516585826872
leaf_count=98 50 34 43 30 133 41 143 32 34
internal_value=-0.00164078 0.00114152 -0.006235 0.00790167 0.00302941 0.00726212 -0.0130138 0.0227447 -0.0193086
internal_weight=157.542 136.991 64.5223 72.4687 57.1333 20.7841 43.7382 15.3354 20.5514
internal_count=638 554 261 293 231 84 177 62 84
is_linear=0
shrinkage=0.03


Tree=23
num_leaves=10
num_cat=0
split_feature=34 18 8 18 36 15 5 40 32
split_gain=8.6526 6.28258 9.62032 8.45749 7.02097 5.12827 4.54587 4.3629 1.3109
threshold=0.034551093974205867 0.57089331872419991 -0.022091807894908486 0.85763111411341819 0.0044286083205684603 5.7076552781505612 -0.076264838404861798 0.071066003635154154 0.0019026491486291432
decision_type=2 2 2 2 2 2 2 2 2
left_child=1 2 6 4 -3 -4 -1 -5 -2
right_child=8 3 5 7 -6 -7 -8 -9 -10
leaf_value=0.023577524942535903 -0.025018606617297705 -0.006387678276963525 -0.025854167538594958 -0.010441005476588149 0.021651022521766147 -0.0013237650073470593 -0.00062254349997167759 0.01241108242459317 -0.0052037646086756598
leaf_weight=7.689292490482333 12.237424582242967 8.4097851514816266 18.977487578988075 24.718945056200027 33.644085958600044 14.590139701962469 20.768089920282364 8.1371708810329419 8.2792537659406644
leaf_count=31 50 34 77 100 136 59 84 33 34
internal_value=-0.00158453 0.00113028 -0.00570155 0.00698319 0.015668 -0.0162878 0.00654276 -0.00396371 -0.0188612
internal_weight=157.452 136.935 62.025 74.91 42.0539 33.5676 28.4574 32.8561 20.5167
internal_count=638 554 251 303 170 136 115 133 84
is_linear=0
shrinkage=0.03


Tree=24
num_leaves=9
num_cat=0
split_feature=34 25 25 7 23 35 32 35
split_gain=8.23835 7.38217 5.13462 5.52619 4.85088 4.24041 2.41048 1.82208
threshold=0.034551093974205867 0.26020812377800057 0.18181908977716874 0.0018680206603713776 1.2552909353286203 0.032557040451290382 -0.00026117477399550943 0.031355080174013679
decision_type=2 2 2 2 2 2 2 2
left_child=1 2 3 -1 5 -3 -4 -2
right_child=7 4 6 -5 -6 -7 -8 -9
leaf_value=-0.0075350007550752628 -0.0039302968142218052 -0.0017025203435045203 0.033124203439129363 0.010632822924112035 0.010883582504018859 -0.018995806588281781 0.00568432118965982 -0.025423848797298584
leaf_weight=23.481208652257919 8.3809964805841464 31.114971309900284 7.4220427870750427 33.600090637803078 10.132453352212904 23.202333077788353 7.886626720428465 12.098030015826224
leaf_count=95 34 126 30 136 41 94 32 50
internal_value=-0.00155333 0.001093 0.00765997 0.00290326 -0.00606583 -0.00976818 0.0221448 -0.0184272
internal_weight=157.319 136.84 72.39 57.0813 64.4498 54.3173 15.3087 20.479
internal_count=638 554 293 231 261 220 62 84
is_linear=0
shrinkage=0.03


Tree=25
num_leaves=10
num_cat=0
split_feature=27 40 5 39 38 21 11 25 1
split_gain=6.1797 5.92858 5.96268 4.66926 9.25698 4.99237 3.118 3.10189 2.43077
threshold=1.5000000000000002 0.024296752249417523 0.046030959367465825 1.0000000180025095e-35 0.012364373037789469 0.018317890948860223 0.02551709277528447 0.30993431855500825 0.0095626394965583356
decision_type=2 2 2 2 2 2 2 2 2
left_child=1 2 6 -2 5 -5 -1 8 -3
right_child=3 7 -4 4 -6 -7 -8 -9 -10
leaf_value=0.00067759719822329417 0.021552871102795586 -0.017078840525717232 -0.034710936873253072 0.00054265092553633051 -0.019890330548500056 0.018826777720264028 -0.019129445794774172 0.013066928150467789 0.0031349802773035624
leaf_weight=16.030063524842266 9.3933222442865354 7.3821662962436738 9.6540341675281507 54.273046225309372 13.69698643684387 16.782374352216721 9.0946264714002591 10.857544943690298 9.1224717944860441
leaf_count=65 38 30 39 220 56 68 37 44 37
internal_value=-0.0012598 -0.00852652 -0.0164372 0.00345818 0.000829141 0.00546364 -0.00682098 0.00145224 -0.00596433
internal_weight=156.287 62.1409 34.7787 94.1457 84.7524 71.0554 25.1247 27.3622 16.5046
internal_count=634 252 141 382 344 288 102 111 67
is_linear=0
shrinkage=0.03


Tree=26
num_leaves=8
num_cat=0
split_feature=9 40 23 5 38 18 24
split_gain=7.49211 7.04133 12.257 12.208 8.89067 5.90288 1.15502
threshold=-0.054094896295527321 0.024296752249417523 0.7676224503849518 0.065366139967978368 0.0076581290560760497 0.89863688950130738 -0.26798507399589322
decision_type=2 2 2 2 2 2 2
left_child=6 3 -3 4 -2 -4 -1
right_child=1 2 5 -5 -6 -7 -8
leaf_value=0.0039149239119114342 -0.027183137560789401 -0.025583628147948772 0.016166630144235614 -0.034604375226562942 0.0013411897474893595 -0.0029588980366297658 0.024090705628745115
leaf_weight=7.369525045156478 9.8400747478008253 8.8967384248971921 35.454627439379692 12.645243808627127 52.659119889140129 20.94193696975708 8.4076519012451154
leaf_count=30 40 36 144 51 214 85 34
internal_value=-0.00122662 -0.00359088 0.00340085 -0.00979114 -0.00362085 0.00894971 0.0170111
internal_weight=156.215 140.438 65.2933 75.1444 62.4992 56.3966 15.7772
internal_count=634 570 265 305 254 229 64
is_linear=0
shrinkage=0.03


Tree=27
num_leaves=8
num_cat=0
split_feature=9 12 21 21 8 16 32
split_gain=7.16068 7.07591 4.95411 8.30676 4.04679 1.56629 1.114
threshold=-0.054094896295527321 42.343944047449043 0.029007970164814056 0.022598966654937901 -0.016793637590377278 -13.809567923322073 -0.00026117477399550943
decision_type=2 2 2 2 2 2 2
left_child=6 4 3 -3 5 -2 -1
right_child=1 2 -4 -5 -6 -7 -8
leaf_value=0.024027384263866011 0.0022152873565115683 -0.0017009887395706815 -0.020722371092078532 0.021163576986853765 -0.032886699861281052 -0.01320114350047605 0.0042375591001365216
leaf_weight=7.9378164410591125 7.4336693733930614 91.463742405176163 7.6805591732263556 14.761805862188337 8.0541278421878797 10.982715010643007 7.8377030938863737
leaf_count=32 30 371 31 60 33 45 32
internal_value=-0.00120462 -0.0035187 -4.18023e-05 0.00167021 -0.0168994 -0.00663626 0.0166222
internal_weight=156.152 140.377 113.906 106.226 26.4705 18.4164 15.7755
internal_count=634 570 462 431 108 75 64
is_linear=0
shrinkage=0.03


Tree=28
num_leaves=8
num_cat=0
split_feature=9 12 21 20 38 38 24
split_gain=6.83995 6.74399 4.72156 8.41941 3.00383 3.03512 1.12357
threshold=-0.054094896295527321 42.343944047449043 0.029007970164814056 0.022706005191692694 0.0079586309262864412 0.0096331148966941893 -0.26798507399589322
decision_type=2 2 2 2 2 2 2
left_child=6 4 3 -3 -2 -6 -1
right_child=1 2 -4 -5 5 -7 -8
leaf_value=0.0034857422930216018 -0.031149300741186346 -0.0043780636451807116 -0.020237534292088966 0.012917533479471171 0.0053665841532316537 -0.016405318144444021 0.023184464080118955
leaf_weight=7.3711146116256705 7.5657866746187237 69.260398805141449 7.6765989512205115 36.942590087652206 7.3508854955434826 11.505838319659231 8.3986286967992765
leaf_count=30 31 281 31 150 30 47 34
internal_value=-0.00117271 -0.00343722 -4.11708e-05 0.00162712 -0.0165134 -0.00749807 0.0162496
internal_weight=156.072 140.302 113.88 106.203 26.4225 18.8567 15.7697
internal_count=634 570 462 431 108 77 64
is_linear=0
shrinkage=0.03


Tree=29
num_leaves=9
num_cat=0
split_feature=9 12 19 40 18 8 15 32
split_gain=6.53466 6.42053 4.81129 13.2866 6.44275 3.88342 1.5663 1.08944
threshold=-0.054094896295527321 42.343944047449043 0.12835052240871975 0.054417983265176668 0.96998023912172082 -0.016793637590377278 -4.2706864629536723 -0.00026117477399550943
decision_type=2 2 2 2 2 2 2 2
left_child=7 5 4 -4 -3 6 -2 -1
right_child=1 2 3 -5 -6 -7 -8 -9
leaf_value=0.023153691905220944 0.0011224220226425093 0.0091626140862215173 -0.019441549871899749 0.010487093383609761 -0.016638158304587442 -0.031811722209307981 -0.014132095670696664 0.0037994307208120731
leaf_weight=7.9228090196847916 9.5706220865249669 55.392890796065331 29.723062381148338 20.6804428845644 8.0554920583963376 7.9966820627450934 8.812089815735817 7.8414656370878202
leaf_count=32 39 225 120 84 33 33 36 32
internal_value=-0.00114566 -0.00336179 -4.6003e-05 -0.00694407 0.00524939 -0.0161322 -0.00612334 0.0158825
internal_weight=155.996 140.231 113.852 50.4035 63.4484 26.3794 18.3827 15.7643
internal_count=634 570 462 204 258 108 75 64
is_linear=0
shrinkage=0.03


Tree=30
num_leaves=12
num_cat=0
split_feature=16 37 26 36 16 16 38 24 23 26 11
split_gain=7.74558 8.29607 8.17173 6.92091 6.87408 5.26134 4.37513 4.00153 3.07201 2.20849 3.64573
threshold=9.0586330425199879 0.021959950173110036 0.27071205587948072 0.0049362197873313784 -8.5626631490238392 -4.7355736102997454 0.013247792456493879 0.43792808219178087 0.9791868289823219 0.1877345747348946 0.036813781443322154
decision_type=2 2 2 2 2 2 2 2 2 2 2
left_child=1 4 8 -4 6 -6 -1 9 -3 -2 -11
right_child=7 2 3 -5 5 -7 -8 -9 -10 10 -12
leaf_value=0.020329086666761628 0.028127109146246106 -0.032317257138900359 -0.017304140789393904 0.017382233797955778 -0.019424818865673685 0.0021066052622936396 -0.003528381915494623 -0.0016677150269779474 -0.0060835534183413904 -0.001721525582133322 0.022016990661768255
leaf_weight=19.972669139504436 9.6397314518690127 15.921766489744188 7.4230433851480511 9.3411568850278837 13.558041200041769 25.89467616379261 7.9111741930246344 13.561599984765051 8.6368429958820325 11.5329547226429 7.6249841302633277
leaf_count=81 39 65 30 38 56 105 32 55 35 47 31
internal_value=2.2907e-05 -0.00412573 -0.0144223 0.00101667 0.00221045 -0.00551108 0.0132752 0.0107093 -0.024809 0.0167548 0.00820571
internal_weight=151.019 108.659 41.3228 16.7642 67.3366 39.4527 27.8838 42.3593 24.5586 28.7977 19.1579
internal_count=614 442 168 68 274 161 113 172 100 117 78
is_linear=0
shrinkage=0.03


Tree=31
num_leaves=11
num_cat=0
split_feature=28 21 32 14 14 23 32 36 15 24
split_gain=10.5127 6.6111 8.67454 8.36312 5.81023 5.55738 5.53079 3.96491 3.57972 3.12961
threshold=8.5000000000000018 0.013401466151084861 0.0047106387988770102 27.507412392557516 -6.6304412752441513 0.95393391357283852 0.005383764384346402 0.0051419596736966243 -13.543252470157496 -0.1254935564848127
decision_type=2 2 2 2 2 2 2 2 2 2
left_child=1 2 9 4 -3 -5 7 -2 -9 -1
right_child=6 3 -4 5 -6 -7 -8 8 -10 -11
leaf_value=-0.0070534606770237991 0.0079054729216104912 0.0055530264513263903 -0.029283725748919718 -0.011428366986509548 0.035025419017133255 0.010450441685316787 -0.024841935872076792 0.00090922023424844321 -0.019912484031906263 0.013645848129129683
leaf_weight=9.3836361169815117 14.325918540358542 12.857523322105409 7.6209224462509146 15.025353536009787 14.982332363724707 24.41264308989048 14.821410477161406 11.295518234372137 13.766543075442316 12.394910186529158
leaf_count=38 58 52 31 61 61 99 61 46 57 50
internal_value=1.63181e-05 0.0060112 -0.00527397 0.0111691 0.0232011 0.00160364 -0.0102416 -0.00345024 -0.0106002 0.00425328
internal_weight=150.887 96.6773 29.3995 67.2779 27.8399 39.438 54.2094 39.388 25.0621 21.7785
internal_count=614 392 119 273 113 160 222 161 103 88
is_linear=0
shrinkage=0.03


Tree=32
num_leaves=11
num_cat=0
split_feature=28 36 26 21 23 19 17 8 26 21
split_gain=9.95709 6.38439 6.99871 5.58802 4.71293 7.24897 5.27279 4.2747 3.99783 3.64272
threshold=8.5000000000000018 0.0051419596736966243 0.14009345794392528 0.012849656183687693 1.2388959534939674 0.06426952957495001 -1.8847799634546882 0.030182799617102393 0.22571283331896849 0.018392237315883766
decision_type=2 2 2 2 2 2 2 2 2 2
left_child=1 7 9 -4 5 -2 -7 8 -1 -3
right_child=4 2 3 -5 -6 6 -8 -9 -10 -11
leaf_value=0.018557670551231781 0.010213317434217798 -0.011117857733145808 0 0.024714337118353601 0.0084999158628420654 -0.0010539363810293701 -0.026129395578491185 -0.016059495947163879 -0.0072622375804433899 0.010854616218959957
leaf_weight=7.911400616168982 7.3625236451625815 13.836191117763521 11.604863241314886 30.161474451422691 8.1090986579656583 12.266892999410624 26.383963093161586 14.26758226752281 9.1678768843412382 9.6188612431287748
leaf_count=32 30 56 47 123 33 50 109 58 37 39
internal_value=8.29793e-06 0.00584783 0.0111546 0.0182738 -0.00998073 -0.0137684 -0.0189834 -0.00475069 0.00460336 -0.00137286
internal_weight=150.691 96.5682 65.2214 41.7663 54.1225 46.0134 38.6509 31.3469 17.0793 23.4551
internal_count=614 392 265 170 222 189 159 127 69 95
is_linear=0
shrinkage=0.03


Tree=33
num_leaves=11
num_cat=0
split_feature=28 21 19 32 32 32 26 36 11 20
split_gain=9.39724 6.05884 7.63364 7.47421 6.50047 5.28863 4.30529 3.69357 4.78622 3.58568
threshold=8.5000000000000018 0.013251996402999561 0.12835052240871975 0.0047106387988770102 -0.0042747837632897681 0.005383764384346402 0.14009345794392528 0.0051419596736966243 -0.032940369796093098 0.017957391400454093
decision_type=2 2 2 2 2 2 2 2 2 2
left_child=1 3 6 9 -4 7 -3 -2 -9 -1
right_child=5 2 4 -5 -6 -7 -8 8 -10 -11
leaf_value=0.012380497444357704 0.0078641551488314865 0.0041488466796768307 -0.014230979768440583 -0.027891154804131537 0.0099122258611454173 -0.024000327928030391 0.031899674055479534 0.0066289413471398058 -0.018658051057876299 -0.010615932434029902
leaf_weight=14.094530001282697 14.319122433662413 9.8461614251136798 12.570009395480154 7.3443727493286124 29.30883264541626 14.73967596888542 15.845948025584219 8.1020761877298337 16.865034848451618 7.4223882108926764
leaf_count=57 58 40 51 30 119 61 65 33 70 30
internal_value=1.04142e-05 0.00568948 0.0105852 -0.00522967 0.0020054 -0.0096998 0.0228739 -0.0030684 -0.0100129 0.00358171
internal_weight=150.458 96.4322 67.571 28.8613 41.8788 54.0259 25.6921 39.2862 24.9671 21.5169
internal_count=614 392 275 117 170 222 105 161 103 87
is_linear=0
shrinkage=0.03


Tree=34
num_leaves=12
num_cat=0
split_feature=28 36 21 28 32 5 35 36 15 35 32
split_gain=8.88584 5.99139 6.54634 5.64181 5.04479 3.85902 4.11882 3.49791 3.27406 2.98718 2.31125
threshold=8.5000000000000018 0.0051419596736966243 0.018317890948860223 7.5000000000000009 0.005383764384346402 0.06726166176719818 0.038609746018320019 0.0051419596736966243 -13.543252470157496 0.027995764510547309 -0.0010596599730859355
decision_type=2 2 2 2 2 2 2 2 2 2 2
left_child=1 5 3 -3 7 6 -1 -2 -9 -7 -4
right_child=4 2 10 -5 -6 9 -8 8 -10 -11 -12
leaf_value=-0.0079882257869259045 0.0076540235171723191 -0.004053878704093199 0.0048086458278351158 0.019570904740083644 -0.023443569739535826 0 0.018861896818694886 0.0011789854000364369 -0.018719943846331088 -0.026014282772797048 0.0282973504628861
leaf_weight=8.3842179328203255 14.325674191117285 29.543284460902214 8.0141189098358172 10.560631379485129 14.685356825590132 7.634628161787985 7.6647784113883963 11.274698898196219 13.644034683704378 7.6237534433603287 16.907968461513519
leaf_count=34 58 120 33 43 61 31 31 46 57 31 69
internal_value=1.14398e-06 0.00552799 0.0106847 0.00244515 -0.00944778 -0.0047306 0.00467309 -0.00296398 -0.00974061 -0.014886 0.0222197
internal_weight=150.263 96.3334 65.026 40.1039 53.9298 31.3074 16.049 39.2444 24.9187 15.2584 24.9221
internal_count=614 392 265 163 222 127 65 161 103 62 102
is_linear=0
shrinkage=0.03


Tree=35
num_leaves=8
num_cat=0
split_feature=34 38 35 19 16 24 13
split_gain=4.63801 5.26988 8.00502 7.13721 7.40571 4.60214 4.11503
threshold=0.036246484386888163 0.012273352449125861 -0.0028213129801106236 0.075545488136573649 3.8279304040171209 0.55437352245862892 -2.1681848251092073
decision_type=2 2 2 2 2 2 2
left_child=1 3 -3 4 -1 -5 -2
right_child=6 2 -4 5 -6 -7 -8
leaf_value=0.0025188125227467934 0.002743690462112655 0.0058858997361011817 -0.025061396514516016 0.013962971868364321 -0.027809874946390596 -0.0020102151195497274 -0.022994103908323005
leaf_weight=22.357743293046955 7.5028009861707714 13.570010229945185 12.135323137044905 63.233015432953835 8.0744480490684492 18.930858194828033 11.012345358729361
leaf_count=91 31 55 50 258 33 77 46
internal_value=0.000624701 0.00265391 -0.00893718 0.00554081 -0.00628439 0.0101442 -0.0125826
internal_weight=156.817 138.301 25.7053 112.596 30.4322 82.1639 18.5151
internal_count=641 564 105 459 124 335 77
is_linear=0
shrinkage=0.03


Tree=36
num_leaves=10
num_cat=0
split_feature=28 37 19 7 21 2 12 9 20
split_gain=7.76276 6.8872 5.91906 7.31762 5.86152 5.53056 4.59193 7.9017 3.04955
threshold=8.5000000000000018 0.017186228739280999 0.065571528831078266 0.025503620756438746 0.016079075334660315 -0.02436683211862278 45.659572169403638 -0.046397075321564361 0.018854026525995486
decision_type=2 2 2 2 2 2 2 2 2
left_child=2 6 -1 5 -3 -4 7 -2 -5
right_child=1 4 3 8 -6 -7 -8 -9 -10
leaf_value=-0.011585021354436273 0.011223999636554577 -0.0036688091091962513 -0.0027645972562931791 0.0088026202444179916 -0.034475903361080071 0.019045725444629805 0.01542424003381533 -0.023196944363999859 -0.0094640854165380373
leaf_weight=13.250818252563475 9.0482771396636981 13.035826817154886 11.280445367097853 10.324249073863031 10.726000949740408 46.641750693321228 10.789058789610861 10.696221053600313 20.904123976826668
leaf_count=54 37 54 46 42 44 190 44 45 85
internal_value=0.000583441 -0.0082982 0.0055051 0.0084083 -0.0197542 0.0145973 0.000822346 -0.00715159 -0.00280727
internal_weight=156.697 54.2954 102.401 89.1506 23.7618 57.9222 30.5336 19.7445 31.2284
internal_count=641 224 417 363 98 236 126 82 127
is_linear=0
shrinkage=0.03


Tree=37
num_leaves=11
num_cat=0
split_feature=26 21 21 5 36 12 5 19 21 16
split_gain=4.36119 5.83551 6.52788 6.04869 5.48182 5.06454 4.60099 4.05247 2.88097 0.563678
threshold=0.14009345794392528 0.022598966654937901 0.017062190641343022 -0.0013369329324415256 0.0071333786806057464 42.986534160910892 0.017372599818953786 0.11680398212462229 0.026922156936915447 -7.7868262721247019
decision_type=2 2 2 2 2 2 2 2 2 2
left_child=5 2 4 -4 -2 9 -7 -8 -3 -1
right_child=1 8 3 -5 -6 6 7 -9 -10 -11
leaf_value=-0.0072010872431668808 0 0.031868353316220149 0.0050280590078690549 -0.025814741213708164 0.0186647600936912 0.013601292018688677 -0.018985224591403598 0.0014490187824305152 0.0041718482036797889 -0.026332143631335438
leaf_weight=7.3445320278406143 43.670555204153061 7.4674151241779354 7.7833512127399471 11.486592859029768 18.320940956473351 12.814907684922217 11.876928985118868 19.739368423819542 8.61483386158943 7.427286818623541
leaf_count=30 179 31 32 47 75 52 49 80 35 31
internal_value=0.000546154 0.00450533 0.000859725 -0.0133504 0.00579051 -0.00565308 -9.77736e-06 -0.00645389 0.019964 -0.0197076
internal_weight=156.547 97.3437 81.2614 19.2699 61.9915 59.203 44.4312 31.6163 16.0822 14.7718
internal_count=641 399 333 79 254 242 181 129 66 61
is_linear=0
shrinkage=0.03


Tree=38
num_leaves=9
num_cat=0
split_feature=37 38 36 35 10 2 6 6
split_gain=5.46207 12.6734 4.65038 6.0314 4.9241 3.17992 1.44686 6.28564
threshold=-0.011904226575746078 0.012273352449125861 0.0044643454617557445 0.0065938654777143455 0.015150497564050293 -0.031774597376662543 -0.0050196622261005379 0.0034551293329865567
decision_type=2 2 2 2 2 2 2 2
left_child=5 2 4 -4 -2 -1 -7 -8
right_child=1 -3 3 -5 -6 6 7 -9
leaf_value=-0.003791935276255752 0.0035035099163952975 -0.025752164120806099 -0.0057120455062972227 0.010097584967401676 -0.02390668696846001 0.0273317959037543 -0.0099848023913644279 0.022568023549190103
leaf_weight=7.3046713918447521 9.1095366626977938 15.812878996133803 30.937574058771133 58.605305060744286 10.047265931963919 7.3363693654537263 7.2843154966831198 9.9967749416828138
leaf_count=30 37 66 127 239 41 30 30 41
internal_value=0.000529914 -0.00224469 0.00144299 0.00446595 -0.0110644 0.0112888 0.0162758 0.00845603
internal_weight=156.435 124.513 108.7 89.5429 19.1568 31.9221 24.6175 17.2811
internal_count=641 510 444 366 78 131 101 71
is_linear=0
shrinkage=0.03


Tree=39
num_leaves=10
num_cat=0
split_feature=40 33 3 36 11 11 2 0 33
split_gain=6.68937 6.99766 10.6338 8.33275 5.88787 4.065 2.63942 3.07209 0.518044
threshold=-0.031625976312049657 0.58945294454660813 0.0045099710762060994 0.0064712341951762295 -0.044395116657996329 0.002896694056060523 -0.02436683211862278 0.010672001593896143 0.74914678537478852
decision_type=2 2 2 2 2 2 2 2 2
left_child=6 4 8 -4 -2 -6 -1 -8 -3
right_child=1 2 3 -5 5 -7 7 -9 -10
leaf_value=-8.1217716227098224e-05 0.010337641813577129 0.027127560351693517 -0.012526067681448101 0.009419537521929762 -0.024207527569466151 -0.0047215131319438015 0.026849675329641526 0.00057105148915914314 0.0085191018548166197
leaf_weight=7.3070514351129559 7.7754578888416281 11.103423327207567 33.877506300806999 25.047208994626999 21.065337613224983 22.642544478178024 12.57683475315571 7.3026638180017462 7.6314561367034903
leaf_count=30 32 45 139 102 87 93 52 30 31
internal_value=0.00050637 -0.00229342 0.00323732 -0.00294842 -0.0107258 -0.0150894 0.0135658 0.0188165 0.0218239
internal_weight=156.329 129.143 77.6596 58.9247 51.4833 43.7079 27.1866 19.8795 18.7349
internal_count=641 529 317 241 212 180 112 82 76
is_linear=0
shrinkage=0.03


Tree=40
num_leaves=9
num_cat=0
split_feature=21 12 19 14 36 9 15 35
split_gain=14.3573 7.45353 6.13929 9.09076 6.12633 4.56593 2.89962 2.10742
threshold=0.018317890948860223 27.223960403740403 0.13160239492000717 -6.6304412752441513 0.0052904640750907313 0.15205131535157965 3.7281841829694282 0.037674984881378111
decision_type=2 2 2 2 2 2 2 2
left_child=1 -1 3 -3 5 -2 -6 -4
right_child=4 2 7 -5 6 -7 -8 -9
leaf_value=0.019119084146903522 -0.014185708444753538 -0.017312769333000771 -0.027466192896792176 0.0039689119389358096 0.0077392858014206844 0.013046869874970415 0.030022577930934664 -0.0044686924033929274
leaf_weight=7.5602116733789435 8.779114782810213 26.048348113894463 15.478305250406267 47.321557953953743 13.096730679273607 9.3981867581605893 16.192282631993294 7.8078733384609214
leaf_count=31 36 107 63 194 54 38 67 32
internal_value=0.000181337 -0.00594024 -0.00840022 -0.00364657 0.0136218 0 0.0216695 -0.0213117
internal_weight=151.683 104.216 96.6561 73.3699 47.4663 18.1773 29.289 23.2862
internal_count=622 427 396 301 195 74 121 95
is_linear=0
shrinkage=0.03


Tree=41
num_leaves=9
num_cat=0
split_feature=21 16 21 17 36 32 6 15
split_gain=13.6277 8.027 6.35496 8.68738 5.8349 5.47263 4.63755 2.75661
threshold=0.018317890948860223 13.808182482495733 0.013989587759930375 -1.4460073403671474 0.0052904640750907313 0.0047106387988770102 0.0034551293329865567 3.7281841829694282
decision_type=2 2 2 2 2 2 2 2
left_child=1 2 5 -4 6 -1 -2 -6
right_child=4 -3 3 -5 7 -7 -8 -9
leaf_value=-0.0027481830541742462 -0.014596143718757438 -0.028267464878697222 -0.012681985493248362 0.014099742498047012 0.0075409464634871972 -0.025025768674832222 0.012880267811006506 0.029339306489336608
leaf_weight=35.036648750305176 8.5403103381395358 10.732456430792807 13.949743837118147 31.039790317416191 13.090655744075777 13.40366619825363 9.6226417124271375 16.119967430830002
leaf_count=143 35 44 57 127 54 56 39 67
internal_value=0.00018023 -0.00577991 -0.00250125 0.00529007 0.0132921 -0.00995775 0 0.0211603
internal_weight=151.536 104.162 93.4298 44.9895 47.3736 48.4403 18.163 29.2106
internal_count=622 427 383 184 195 199 74 121
is_linear=0
shrinkage=0.03


Tree=42
num_leaves=11
num_cat=0
split_feature=20 34 23 38 0 38 40 40 32 5
split_gain=9.89583 7.96919 13.5734 7.21239 6.90668 6.2634 4.59846 4.43532 2.56091 0.375348
threshold=0.022706005191692694 -0.0094516125045667736 1.1826987470817405 0.01071684496017497 -0.0046801218360222321 0.01179234814994627 0.0072951101690899032 0.0062940346621980234 -0.0038801436495494164 -0.019245883645374936
decision_type=2 2 2 2 2 2 2 2 2 2
left_child=3 9 7 4 8 -5 -6 -3 -1 -2
right_child=1 2 -4 5 6 -7 -8 -9 -10 -11
leaf_value=-0.031940315725466566 0.012153159538867125 0.0021256795798337224 0.026762368034008766 0.025801527482329091 -0.015542428261019307 -0.0051466956677729426 0.0021258223591814991 -0.021166651330733834 -0.0079769296580871531 0.034264872138207947
leaf_weight=11.925328239798548 7.3646491318941107 11.908380597829821 11.494265556335447 9.3039575219154376 16.734777584671974 9.8361950963735563 40.639934629201889 12.811672702431677 11.045075058937071 8.2848660796880704
leaf_count=49 30 49 47 38 69 41 166 53 45 35
internal_value=0.00016155 0.0106455 0.00201992 -0.00525826 -0.00928262 0.0102053 -0.00312488 -0.0100654 -0.0225803 0.0272653
internal_weight=151.349 51.8638 36.2143 99.4853 80.3451 19.1402 57.3747 24.7201 22.9704 15.6495
internal_count=622 214 149 408 329 79 235 102 94 65
is_linear=0
shrinkage=0.03


Tree=43
num_leaves=10
num_cat=0
split_feature=21 12 23 34 35 15 12 38 36
split_gain=12.586 7.03142 6.93112 5.88292 5.20558 7.78185 4.82287 3.66226 0.203195
threshold=0.018317890948860223 27.223960403740403 0.91452546050315253 -0.0052016892422453434 1.0000000180025095e-35 -22.801952539792481 60.013160000711359 0.012440193618750464 0.0052904640750907313
decision_type=2 2 2 2 2 2 2 2 2
left_child=1 -1 3 -2 6 -6 -3 8 -4
right_child=2 4 7 -5 5 -7 -8 -9 -10
leaf_value=0.018776155987687657 0.013350590323350325 -0.0070567017066902691 0.014756399660671916 -0.017215190320799743 -0.022713881669272795 0.00174352275667192 -0.034352106460187277 0.0041159520332521319 0.035947300736230328
leaf_weight=7.5507979691028586 9.6675604134798068 18.502437457442287 8.6784664541482979 8.894492492079733 12.482615396380423 55.918738320469856 9.5218207091093046 10.15321199595928 9.7849970757961255
leaf_count=31 40 76 35 37 52 229 39 42 41
internal_value=0.000165386 -0.00555902 0.0127993 -0.000816161 -0.00795984 -0.00302514 -0.018501 0.0215973 0.0291356
internal_weight=151.155 103.976 47.1787 18.5621 96.4256 68.4014 28.0243 28.6167 18.4635
internal_count=622 427 195 77 396 281 115 118 76
is_linear=0
shrinkage=0.03


Tree=44
num_leaves=9
num_cat=0
split_feature=21 28 12 38 19 24 15 13
split_gain=12.0039 8.02901 6.70575 6.47719 5.61835 7.66803 4.23453 2.08644
threshold=0.018317890948860223 6.5000000000000009 27.223960403740403 0.017105868805787208 0.13160239492000717 0.20864317728403162 -18.372722620314899 0.39434400909144435
decision_type=2 2 2 2 2 2 2 2
left_child=2 3 -1 -2 5 -4 -3 -6
right_child=1 6 4 -5 7 -7 -8 -9
leaf_value=0.018333403271228482 0.028026586549656039 0.0093477425988899836 -0.011308620242908171 -0.001093999169743128 -0.027360337230099698 0.007758633050855359 -0.01844891181932103 -0.0054829231853491655
leaf_weight=7.5494730472564688 24.004079282283787 7.5897110402584076 42.841113492846489 7.8315800428390494 13.694920107722284 30.287287026643753 7.6552303880453092 9.5207989662885648
leaf_count=31 100 31 177 32 56 124 32 39
internal_value=0.000166472 0.0125215 -0.00542146 0.0207784 -0.00777039 -0.00321564 -0.00426133 -0.0201297
internal_weight=150.974 47.0806 103.894 31.8357 96.3441 73.1284 15.2449 23.2157
internal_count=622 195 427 132 396 301 63 95
is_linear=0
shrinkage=0.03


Tree=45
num_leaves=11
num_cat=0
split_feature=21 32 21 21 16 21 11 11 21 35
split_gain=4.01056 8.18891 5.76524 5.56069 8.34641 6.01617 5.51702 4.48468 4.98496 1.70309
threshold=0.013989587759930375 0.0047106387988770102 0.015258961785549951 0.018317890948860223 -13.809567923322073 0.028054955385925593 0.024385388638058062 -0.012641200536654349 0.012766134790484723 0.027652749408380698
decision_type=2 2 2 2 2 2 2 2 2 2
left_child=1 7 6 4 -4 -5 -2 -1 -9 -3
right_child=2 9 3 5 -6 -7 -8 8 -10 -11
leaf_value=-0.012420546198663578 0.030156564960131065 -0.0072450919697891599 0.015176327937326345 0.012883053302929465 -0.016687365852747733 -0.0097699343638182942 0 0.017582285412408648 -0.0082438846118357834 -0.032139222952367541
leaf_weight=10.731971219182013 11.232996866106989 7.9554332047700864 7.8476996421813956 37.317867428064346 26.061028882861137 12.01763218641281 8.9858901500701887 17.491943120956424 7.896626189351081 7.7264694422483444
leaf_count=44 46 33 32 156 107 49 37 71 33 33
internal_value=0.00076523 -0.00579418 0.00423926 0.000419619 -0.00846069 0.00690717 0.0178369 0.00191467 0.00898646 -0.0226067
internal_weight=155.266 51.8024 103.463 83.2442 33.9087 49.3355 20.2189 36.1205 25.3886 15.6819
internal_count=641 214 427 344 139 205 83 148 104 66
is_linear=0
shrinkage=0.03


Tree=46
num_leaves=7
num_cat=0
split_feature=38 37 21 38 40 7
split_gain=10.3504 9.28996 7.75519 6.46892 6.72635 6.31011
threshold=0.012992216548645776 -0.011904226575746078 0.021722021851386334 0.010592461027493253 0.024296752249417523 0.0043549039420392724
decision_type=2 2 2 2 2 2
left_child=2 -2 3 4 -1 -5
right_child=1 -3 -4 5 -6 -7
leaf_value=-0.010557667134193175 0.0018084514338027251 -0.032198516898907445 0.024897780463510176 0.025454642825725841 0.005436630701987793 -0.0013873283143952591
leaf_weight=43.93135891854763 12.251955628395082 12.761430457234381 12.692058339715002 15.401983544230463 45.836815804243088 12.230221405625342
leaf_count=181 50 54 54 63 188 51
internal_value=0.000729698 -0.0160854 0.00427096 0.00153569 -0.00228682 0.0137762
internal_weight=155.106 25.0134 130.092 117.4 89.7682 27.6322
internal_count=641 104 537 483 369 114
is_linear=0
shrinkage=0.03


Tree=47
num_leaves=7
num_cat=0
split_feature=38 37 21 38 40 7
split_gain=9.83261 8.8876 7.39472 6.11692 6.35158 6.07405
threshold=0.012992216548645776 -0.011904226575746078 0.021722021851386334 0.010592461027493253 0.024296752249417523 0.01359270616305476
decision_type=2 2 2 2 2 2
left_child=2 -2 3 4 -1 -5
right_child=1 -3 -4 5 -6 -7
leaf_value=-0.010262563799579299 0.0017619924908492 -0.031517824001973928 0.024356298050143249 0.021439309128060878 0.0052797525326411555 -0.0073562384973055745
leaf_weight=43.896819204092026 12.250514432787897 12.690200373530386 12.630398288369177 20.383282274007801 45.842150911688805 7.2314954847097388
leaf_count=181 50 54 54 84 188 30
internal_value=0.0007137 -0.0156972 0.00416634 0.00149596 -0.00221743 0.0134046
internal_weight=154.925 24.9407 129.984 117.354 89.739 27.6148
internal_count=641 104 537 483 369 114
is_linear=0
shrinkage=0.03


Tree=48
num_leaves=7
num_cat=0
split_feature=38 37 21 38 7 14
split_gain=9.33773 8.50653 7.05572 5.76948 5.81273 5.75155
threshold=0.012992216548645776 -0.011904226575746078 0.021722021851386334 0.010592461027493253 0.0043549039420392724 -30.923155339163255
decision_type=2 2 2 2 2 2
left_child=2 -2 3 5 -5 -1
right_child=1 -3 -4 4 -6 -7
leaf_value=0.016744582894625621 0.0017167257200013061 -0.030860962246046952 0.023830346428909598 0.024260115688147101 -0.0014653993687211446 -0.0051385312306281468
leaf_weight=10.308314338326452 12.249092087149622 12.61520132422447 12.566990554332731 15.366631597280504 12.22979913651943 79.39951765537262
leaf_count=42 50 54 54 63 51 327
internal_value=0.000694462 -0.0153206 0.0040602 0.00145249 0.013024 -0.00215005
internal_weight=154.736 24.8643 129.871 117.304 27.5964 89.7078
internal_count=641 104 537 483 114 369
is_linear=0
shrinkage=0.03


Tree=49
num_leaves=9
num_cat=0
split_feature=38 37 38 20 6 20 38 17
split_gain=8.88862 7.29949 6.04524 7.05271 5.88794 4.67653 4.26627 3.44489
threshold=0.012364373037789469 -0.011904226575746078 0.010592461027493253 0.021548497432403443 -0.012665801322354312 0.025182590592996996 0.0092135065553823042 1.5454587380184892
decision_type=2 2 2 2 2 2 2 2
left_child=2 -2 3 4 -1 7 -5 -4
right_child=1 -3 5 6 -6 -7 -8 -9
leaf_value=-0.023702368995571762 0.0019445475978115091 -0.026068923789658412 0.033116165301619212 0.02034073020736438 -0.00022332927775000664 -0.0018634331756884428 -0.0034456908557675575 0.0036735585164685003
leaf_weight=9.6898450553417188 13.449087366461756 16.001973435282707 11.587813004851347 19.368764698505405 62.150308907032013 7.24209140241146 7.753956511616706 7.3024205267429343
leaf_count=40 55 69 48 81 256 30 32 30
internal_value=0.000685549 -0.0134892 0.00430048 0.00064027 -0.00414955 0.0165975 0.0132559 0.0238939
internal_weight=154.546 29.4511 125.095 98.9629 71.8402 26.1323 27.1227 18.8902
internal_count=641 124 517 409 296 108 113 78
is_linear=0
shrinkage=0.03


end of trees

feature_importances:
volatility=41
macro_usdjpy_vol_20=33
macro_topix_vol_20=26
bb_bandwidth=20
month=20
gap=20
macro_usdjpy_ret_60=20
rsi=18
macro_nikkei_ret_20=17
vol_ratio=16
macd_hist=15
atr_pct=14
lower_shadow_pct=14
macro_usdjpy_ret_20=14
macd_signal=13
macd=12
macro_topix_ret_20=12
macd_hist_change=11
return_20d=9
div_ma_10=9
div_ma_20=9
ma_20_60_cross=9
div_ma_60=8
candle_body_pct=8
bb_pct_b=7
ma_5_20_cross=6
day_of_week=6
return_5d=5
rsi_change=5
upper_shadow_pct=5
return_1d=4
div_ma_5=4
price_position_20d=4
return_2d=3
return_3d=3
vol_change=3
return_10d=1
macro_topix_above_200dma=1

parameters:
[boosting: gbdt]
[objective: binary]
[metric: binary_logloss]
[tree_learner: serial]
[device_type: cpu]
[data_sample_strategy: bagging]
[data: ]
[valid: ]
[num_iterations: 50]
[learning_rate: 0.03]
[num_leaves: 15]
[num_threads: 0]
[seed: 42]
[deterministic: 0]
[force_col_wise: 0]
[force_row_wise: 0]
[histogram_pool_size: -1]
[max_depth: 4]
[min_data_in_leaf: 30]
[min_sum_hessian_in_leaf: 0.001]
[bagging_fraction: 0.7]
[pos_bagging_fraction: 1]
[neg_bagging_fraction: 1]
[bagging_freq: 5]
[bagging_seed: 400]
[bagging_by_query: 0]
[feature_fraction: 0.6]
[feature_fraction_bynode: 1]
[feature_fraction_seed: 30056]
[extra_trees: 0]
[extra_seed: 12879]
[early_stopping_round: 0]
[early_stopping_min_delta: 0]
[first_metric_only: 0]
[max_delta_step: 0]
[lambda_l1: 0.5]
[lambda_l2: 2]
[linear_lambda: 0]
[min_gain_to_split: 0]
[drop_rate: 0.1]
[max_drop: 50]
[skip_drop: 0.5]
[xgboost_dart_mode: 0]
[uniform_drop: 0]
[drop_seed: 17869]
[top_rate: 0.2]
[other_rate: 0.1]
[min_data_per_group: 100]
[max_cat_threshold: 32]
[cat_l2: 10]
[cat_smooth: 10]
[max_cat_to_onehot: 4]
[top_k: 20]
[monotone_constraints: ]
[monotone_constraints_method: basic]
[monotone_penalty: 0]
[feature_contri: ]
[forcedsplits_filename: ]
[refit_decay_rate: 0.9]
[cegb_tradeoff: 1]
[cegb_penalty_split: 0]
[cegb_penalty_feature_lazy: ]
[cegb_penalty_feature_coupled: ]
[path_smooth: 0]
[interaction_constraints: ]
[verbosity: -1]
[saved_feature_importance_type: 0]
[use_quantized_grad: 0]
[num_grad_quant_bins: 4]
[quant_train_renew_leaf: 0]
[stochastic_rounding: 1]
[linear_tree: 0]
[max_bin: 255]
[max_bin_by_feature: ]
[min_data_in_bin: 5]
[bin_construct_sample_cnt: 200000]
[data_random_seed: 175]
[is_enable_sparse: 1]
[enable_bundle: 1]
[use_missing: 1]
[zero_as_missing: 0]
[feature_pre_filter: 1]
[pre_partition: 0]
[two_round: 0]
[header: 0]
[label_column: ]
[weight_column: ]
[group_column: ]
[ignore_column: ]
[categorical_feature: ]
[forcedbins_filename: ]
[precise_float_parser: 0]
[parser_config_file: ]
[objective_seed: 16083]
[num_class: 1]
[is_unbalance: 0]
[scale_pos_weight: 1]
[sigmoid: 1]
[boost_from_average: 1]
[reg_sqrt: 0]
[alpha: 0.9]
[fair_c: 1]
[poisson_max_delta_step: 0.7]
[tweedie_variance_power: 1.5]
[lambdarank_truncation_level: 30]
[lambdarank_norm: 1]
[label_gain: ]
[lambdarank_position_bias_regularization: 0]
[eval_at: ]
[multi_error_top_k: 1]
[auc_mu_weights: ]
[num_machines: 1]
[local_listen_port: 12400]
[time_out: 120]
[machine_list_filename: ]
[machines: ]
[gpu_platform_id: -1]
[gpu_device_id: -1]
[gpu_use_dp: 0]
[num_gpu: 1]

end of parameters

pandas_categorical:[]
