tree
version=v4
num_class=1
num_tree_per_iteration=1
label_index=0
max_feature_idx=44
objective=binary sigmoid:1
feature_names=return_1d return_2d return_3d return_5d return_10d return_20d div_ma_5 div_ma_10 div_ma_20 div_ma_60 ma_5_20_cross ma_20_60_cross rsi rsi_change macd macd_signal macd_hist macd_hist_change bb_pct_b bb_bandwidth atr_pct volatility vol_change vol_ratio candle_body_pct upper_shadow_pct lower_shadow_pct day_of_week month is_month_end is_month_start streak gap price_position_20d macro_usdjpy_ret_20 macro_usdjpy_ret_60 macro_usdjpy_vol_20 macro_topix_ret_20 macro_topix_vol_20 macro_topix_above_200dma macro_nikkei_ret_20 macro_nikkei_above_200dma macro_nikkei_vi macro_jgb10y macro_bias_score
feature_infos=[-0.14961139896373055:0.19840060929169834] [-0.24038183396008095:0.31759329779131762] [-0.2825136612021858:0.29588728103579598] [-0.28524768644529119:0.39984767707539981] [-0.29389620865824151:0.42041127189642036] [-0.35510805500982323:0.46844572664983763] [-0.20288975230694514:0.13221704446726176] [-0.24106239704054794:0.16727643217709434] [-0.28155180432819893:0.25944473730451584] [-0.18538701355103226:0.39785813918636959] [-0.11878132897694749:0.17930349082777752] [-0.041320402185376692:0.20167572657621036] [13.945119208277106:95.140032948929161] [-27.699206082160778:20.678170068413976] [-103.3498945911997:188.73920517006763] [-73.586957545133075:175.1547290408426] [-79.090432697374709:67.312215473778565] [-24.772105295958426:22.900720599346936] [-0.37239827276268234:1.4005376772996689] [0.028048466525543662:0.51167786615809374] [0.013375685131072047:0.081734603920910129] [0.0087534628214547099:0.073411713474863652] [-0.72221563434654867:5.1178617432374409] [0.49718276901937619:2.1466577945287355] [-0.98019830400671992:1] [0:0.93220338983050843] [0:0.92253521126760563] [0:4] [1:12] none [0:1] [-8:11] [-0.16839378238341973:0.15695974814481684] [0:1] [-0.10288784967882303:0.08505611680078462] [-0.13986255140503889:0.13160084488587853] [0.0024251968629527628:0.011841457708833433] [-0.22586491944566001:0.19897857359448179] [0.0040695656242548776:0.036437272436454948] [0:1] [-0.22859537662338159:0.23022297972565586] [0:1] none none none
tree_sizes=871 859 1094 1203 1092 1072 1299 887 995 1201 992 1090 1096 1195 976 1097 1093 989 987 1097 1317 1200 787 893 776 1201 1105 1098 1204 998 1317 1211 1420 1298 1312 1094 1277 1304 991 1202 1078 1074 1309 994 995 887 1301 1204 1308 867

Tree=0
num_leaves=7
num_cat=0
split_feature=23 15 10 21 37 10
split_gain=15.8303 20.8132 13.0959 16.6629 11.0712 9.20268
threshold=0.74329559695243186 1.0000000180025095e-35 -0.046508876737926523 0.023923353345748587 0.0081869571242202416 0.025948948711533307
decision_type=2 2 2 2 2 2
left_child=1 -1 -2 5 -5 -4
right_child=2 -3 3 4 -6 -7
leaf_value=0.11000146336796443 0.12951077380007722 0.054281991897157038 0.096281949660424762 0.10055799707398651 0.073725824826942704 0.1201627103320403
leaf_weight=7.7329979836940792 10.975868105888365 14.218738228082655 32.678152769804001 21.951736211776733 29.934185743331909 27.439670264720917
leaf_count=31 44 57 131 88 120 110
internal_value=0.09648 0.0742551 0.100816 0.0972939 0.0851878 0.107923
internal_weight=144.931 21.9517 122.98 112.004 51.8859 60.1178
internal_count=581 88 493 449 208 241
is_linear=0
shrinkage=1


Tree=1
num_leaves=7
num_cat=0
split_feature=19 15 10 20 10 6
split_gain=14.8921 17.2497 6.3738 5.93804 6.33649 4.35582
threshold=0.10196045132897698 88.35956300935446 0.06077690191335839 0.024309970152941649 -0.046508876737926523 -0.0029761394340777078
decision_type=2 2 2 2 2 2
left_child=5 3 -3 -2 -5 -1
right_child=1 2 -4 4 -6 -7
leaf_value=-0.0013350764043166281 0.031752729231806873 -0.033293873613415119 0 0.027455405715363788 0.0051799831638694258 -0.026308047489258139
leaf_weight=12.472909316420557 11.465251013636587 8.9858212321996707 8.9828890115022642 12.701572939753531 75.323469370603561 14.967138230800627
leaf_count=50 46 36 36 51 302 60
internal_value=0.0026712 0.00743428 -0.01796 0.012432 0.00909938 -0.0163279
internal_weight=144.899 117.459 17.9687 99.4903 88.025 27.44
internal_count=581 471 72 399 353 110
is_linear=0
shrinkage=0.03


Tree=2
num_leaves=9
num_cat=0
split_feature=19 21 36 12 38 5 25 2
split_gain=14.1255 22.5543 12.483 12.4657 11.9669 7.09145 4.5889 4.55396
threshold=0.10196045132897698 0.023806200487477867 0.0044523793803170758 44.252671625386647 0.012143282478604892 -0.002543026508951773 0.42600644122383258 -0.036624356694122055
decision_type=2 2 2 2 2 2 2 2
left_child=5 2 -2 7 -5 -1 -4 -3
right_child=1 3 6 4 -6 -7 -8 -9
leaf_value=0.0011102982244746472 -0.01050488421078751 -0.00076703731921556027 0.032110995344822459 -0.02039188876794297 0.012767774577696896 -0.027718396562499692 0.0033819590552566156 0.026856187941136669
leaf_weight=11.477644741535189 7.4763130694627753 7.4794667363166836 36.358809098601341 36.934993058443069 10.97659659385681 15.978680476546286 7.7223354727029792 10.454436033964155
leaf_count=46 30 30 146 148 44 64 31 42
internal_value=0.00259179 0.00723604 0.0217537 -0.00421647 -0.0122872 -0.0159007 0.0277688 0.0156621
internal_weight=144.859 117.403 51.5575 65.8455 47.9116 27.4563 44.0811 17.9339
internal_count=581 471 207 264 192 110 177 72
is_linear=0
shrinkage=0.03


Tree=3
num_leaves=10
num_cat=0
split_feature=21 4 9 15 20 3 31 11 35
split_gain=12.9715 10.4011 11.3284 9.57678 9.35272 7.86797 5.16815 3.30741 0.462278
threshold=0.023806200487477867 0.041719326004972086 -0.026019914447481952 95.938858734833147 0.048257365318951494 -0.021377269381770699 -1.4999999999999998 0.11721538650819609 0.032582837568494678
decision_type=2 2 2 2 2 2 2 2 2
left_child=1 2 -1 4 6 -4 -2 8 -3
right_child=3 7 5 -5 -6 -7 -8 -9 -10
leaf_value=0.025429005984621143 0.01042074364602396 0.039080518123122077 0.014414764791474017 -0.028447273236333528 0.025690949936409569 -0.014943281704206578 -0.010950585209261012 0.0047166023276752865 0.015083225421450739
leaf_weight=11.93710547685623 10.974180296063421 10.935717523097997 9.4699526131153089 12.242414221167563 7.9677413254976264 25.440708577632904 40.655194967985153 7.4647519141435614 7.7055968195199958
leaf_count=48 44 44 38 49 32 102 163 30 31
internal_value=0.00252246 0.0113571 0.00224553 -0.00631066 -0.000743833 -0.00622361 -0.00590905 0.0258509 0.0323103
internal_weight=144.793 72.9538 46.8478 71.8395 59.5971 34.9107 51.6294 26.1061 18.6413
internal_count=581 293 188 288 239 140 207 105 75
is_linear=0
shrinkage=0.03


Tree=4
num_leaves=9
num_cat=0
split_feature=23 14 18 16 21 35 23 40
split_gain=14.4494 19.3395 11.6264 12.8511 12.3488 7.26521 3.35684 1.78711
threshold=0.74329559695243186 -0.62828782649083326 0.39839240877845633 1.8381535314782387 0.023859579404441663 -0.018077460132366548 0.84618592670500592 -0.034060764178340412
decision_type=2 2 2 2 2 2 2 2
left_child=1 -1 6 5 -5 -4 -2 -8
right_child=2 -3 3 4 -6 -7 7 -9
leaf_value=0.015720827534718262 0.0042321988860435705 -0.037968335305452863 0.0069920647785949828 0.023928471647811984 -0.0027549999685473527 -0.021519229772020514 0.010247165483811141 0.035627726950665232
leaf_weight=7.7192802280187633 9.6970530897378939 14.237818107008932 9.4729486554861051 26.56871522963047 31.706006094813347 24.204008042812347 7.956701114773753 13.171334788203238
leaf_count=31 39 57 38 107 127 97 32 53
internal_value=0.00249022 -0.0187305 0.00664489 0.000980027 0.00955203 -0.0131365 0.021997 0.0284308
internal_weight=144.734 21.9571 122.777 91.9517 58.2747 33.677 30.8251 21.128
internal_count=581 88 493 369 234 135 124 85
is_linear=0
shrinkage=0.03


Tree=5
num_leaves=9
num_cat=0
split_feature=23 21 14 28 14 38 16 11
split_gain=16.2489 11.4419 9.38262 8.93636 17.6055 8.39746 8.87932 5.43278
threshold=0.71769950642945435 0.023985902774975535 6.8001561419696666 8.5000000000000018 6.0280578837497112 0.012143282478604892 -7.4201203402151403 0.046226415003949535
decision_type=2 2 2 2 2 2 2 2
left_child=2 3 -1 7 -5 6 -3 -2
right_child=1 5 -4 4 -6 -7 -8 -9
leaf_value=0 0.0062912678092957386 0.011442025098958208 -0.042595092349224747 0.023415994024994207 -0.023428798654080055 0.013624483647628379 -0.018620012716736686 0.027071724672230998
leaf_weight=8.2234300673007983 23.580454856157303 9.4509537965059263 9.2454932928085309 10.946036502718927 14.184606716036795 13.449563205242155 35.204295724630356 29.548491656780243
leaf_count=33 95 38 37 44 57 54 141 119
internal_value=0.000771429 0.00446454 -0.0247841 0.011886 -0.00224991 -0.0053445 -0.0117183 0.0186836
internal_weight=153.833 136.364 17.4689 78.2596 25.1306 58.1048 44.6552 53.1289
internal_count=618 548 70 315 101 233 179 214
is_linear=0
shrinkage=0.03


Tree=6
num_leaves=11
num_cat=0
split_feature=19 21 9 23 28 36 9 19 38 9
split_gain=16.2972 19.0205 11.5118 12.2901 10.4188 9.18588 8.85469 4.8948 3.93356 2.59199
threshold=0.11857581305401303 0.023985902774975535 0.0084833308607136487 0.89559314170696125 7.5000000000000009 0.0061508225952353109 0.052148853662922025 0.091707978702947626 0.0083494377866400096 0.18918142273487645
decision_type=2 2 2 2 2 2 2 2 2 2
left_child=5 4 -3 -4 9 8 -6 -7 -1 -2
right_child=1 2 3 -5 6 7 -8 -9 -10 -11
leaf_value=-0.037507350191610188 0.036781537343625929 0.017486417731095851 -0.034237212421168138 -0.00077956253044574226 0.023095646144647534 -0.014489757762870058 -0.015221520762074435 0.011698452773487893 -0.0078457173763016985 0.013827756727142862
leaf_weight=12.476450428366663 20.271750241518021 13.673814326524733 13.228491708636282 31.195510059595108 7.4417109638452557 9.7303984016180056 10.680250242352484 12.193904489278792 9.4749781489372236 13.381943002343176
leaf_count=50 82 55 53 125 30 39 43 49 38 54
internal_value=0.000750115 0.00700574 -0.00454559 -0.0121114 0.0199335 -0.0142107 0.000499441 0 -0.0270549 0.0293627
internal_weight=153.749 109.873 58.0978 44.424 51.7757 43.8757 18.122 21.9243 21.9514 33.6537
internal_count=618 442 233 178 209 176 73 88 88 136
is_linear=0
shrinkage=0.03


Tree=7
num_leaves=7
num_cat=0
split_feature=23 9 3 34 34 36
split_gain=14.9105 11.6001 7.16529 7.17652 10.3075 5.12918
threshold=0.71769950642945435 0.028591803837190139 0.075900348718806479 0.038130874387779297 0.015944527892213681 0.006454116380920815
decision_type=2 2 2 2 2 2
left_child=1 -1 3 4 -2 -4
right_child=2 -3 5 -5 -6 -7
leaf_value=0.0029981766368952735 0.0031906782868940781 -0.042202730025816378 -0.024472427712998433 -0.011360786247383944 0.023792963885975502 0.0029243509295467933
leaf_weight=7.4702987968921688 70.360392287373543 9.9823689013719541 10.206002786755564 13.923187643289564 31.757353365421295 9.9349615573883039
leaf_count=30 283 40 41 56 128 40
internal_value=0.000720038 -0.0237651 0.00426509 0.00722772 0.0100758 -0.0112375
internal_weight=153.635 17.4527 136.182 116.041 102.118 20.141
internal_count=618 70 548 467 411 81
is_linear=0
shrinkage=0.03


Tree=8
num_leaves=8
num_cat=0
split_feature=23 9 5 37 32 34 35
split_gain=14.1409 11.072 8.93305 8.12534 8.12357 7.58185 1.05629
threshold=0.71769950642945435 0.028591803837190139 -0.062520950171470621 0.03007770200802529 -0.0012689904404499794 0.016127730766715257 0.05152786875840943
decision_type=2 2 2 2 2 2 2
left_child=1 -1 6 4 -4 -5 -2
right_child=2 -3 3 5 -6 -7 -8
leaf_value=0.0029274901419504736 0.027938824391472286 -0.041210604400838187 0.0075738317836411091 -0.00050498498868765029 -0.012888831930249003 0.022725790380256111 0.0071152473078611575
leaf_weight=7.4694604873657253 11.851433113217356 9.9644112288951856 24.883866906166077 24.852815791964531 45.836822956800461 21.26597586274147 7.4339910149574271
leaf_count=30 48 40 100 100 184 86 30
internal_value=0.000681476 -0.0231729 0.00413646 0.00073402 -0.00547226 0.0103946 0.0220394
internal_weight=153.559 17.4339 136.125 116.839 70.7207 46.1188 19.2854
internal_count=618 70 548 470 284 186 78
is_linear=0
shrinkage=0.03


Tree=9
num_leaves=10
num_cat=0
split_feature=19 14 38 23 5 23 5 5 38
split_gain=15.1215 9.22636 13.7697 8.78626 8.06682 6.4406 4.31568 3.77964 2.8461
threshold=0.11857581305401303 -5.4550741069970732 0.0091277902564062489 1.2992200461752461 -0.0095423705721205381 0.84618592670500592 -0.054195504990808101 0.048517639343274917 0.0081154101840768007
decision_type=2 2 2 2 2 2 2 2 2
left_child=4 6 3 -3 8 -4 -2 -6 -1
right_child=1 2 5 -5 7 -7 -8 -9 -10
leaf_value=-0.0076850741630594748 0.032608641497111082 0.019720187295716379 -0.02877770039677166 -0.01149384821528477 -0.031053827131085551 -0.002269916203377039 0.0027650772133522854 -0.0046181963101314871 0.014417726174938009
leaf_weight=9.215450048446657 13.790559992194177 36.605681627988815 9.9557572752237302 8.2028299272060377 17.707489982247356 32.86184287071228 8.1987892687320691 9.4655921608209592 7.4535772800445548
leaf_count=37 56 148 40 33 71 132 33 38 30
internal_value=0.000669779 0.00671016 0.00196203 0.0134386 -0.0137392 -0.00977725 0.0232649 -0.0233072 0.00188052
internal_weight=153.458 109.615 87.6261 44.8085 43.8421 42.8176 21.9893 27.1731 16.669
internal_count=618 442 353 181 176 172 89 109 67
is_linear=0
shrinkage=0.03


Tree=10
num_leaves=8
num_cat=0
split_feature=19 15 28 21 9 5 34
split_gain=15.6825 13.3742 10.1408 16.8909 10.9002 7.92308 3.25659
threshold=0.10196045132897698 91.263542975607905 8.5000000000000018 0.024318101544286045 0.023878124887986945 -0.002543026508951773 0.0097892813297230114
decision_type=2 2 2 2 2 2 2
left_child=5 2 3 -2 -4 -1 -3
right_child=1 6 4 -5 -6 -7 -8
leaf_value=-0.00014239275050094872 0.027785943229441945 -0.032183972268838706 0.01296602243862526 -0.0028432157168362879 -0.017523965348907041 -0.032346243522381607 -0.0026304782763275775
leaf_weight=12.21303464472294 36.180979460477829 7.950253099203108 16.579953849315643 26.142412468791008 21.915412396192551 17.218224406242371 7.4842718541622162
leaf_count=49 147 32 67 105 88 69 30
internal_value=-0.00142976 0.00348834 0.007661 0.015016 -0.00402971 -0.0203193 -0.0206594
internal_weight=145.685 116.253 100.819 62.3234 38.4954 29.4313 15.4345
internal_count=587 469 407 252 155 118 62
is_linear=0
shrinkage=0.03


Tree=11
num_leaves=9
num_cat=0
split_feature=5 28 11 9 10 15 15 0
split_gain=10.746 9.84135 13.5885 9.91839 7.98143 19.1722 5.83436 0.538317
threshold=-0.073731198987435562 6.5000000000000009 0.11199670358521265 0.11267669179482907 0.02910017256095199 62.401323700950933 10.96350942023512 -0.0019276831166472606
decision_type=2 2 2 2 2 2 2 2
left_child=7 4 3 -3 6 -6 -2 -1
right_child=1 2 -4 -5 5 -7 -8 -9
leaf_value=0.027642939412503089 -0.015279731164180792 -0.011677701184271949 -0.038592096627521416 0.01572705302708842 0.030124303789000915 -0.018936621056823609 0.011587394153768086 0.0084650411279805545
leaf_weight=7.3615035265684119 19.411641001701359 47.283751413226128 11.960731863975523 13.430701494216917 20.891017496585849 8.4371422380208951 8.6726345121860486 8.0969979763030988
leaf_count=30 78 190 48 54 85 34 35 33
internal_value=-0.00141602 -0.0044151 -0.0116721 -0.00506807 0.00460233 0.0152237 -0.0062656 0.0205774
internal_weight=145.546 130.088 72.6752 60.7145 57.4124 29.3282 28.0843 15.4585
internal_count=587 524 292 244 232 119 113 63
is_linear=0
shrinkage=0.03


Tree=12
num_leaves=9
num_cat=0
split_feature=19 15 23 9 35 26 34 38
split_gain=14.4232 12.3393 7.07104 14.9358 9.75733 4.08022 3.06335 0.259861
threshold=0.10196045132897698 91.263542975607905 0.79867670513089906 0.022328481020836424 0.047987675578263785 0.34503284072249596 0.0097892813297230114 0.0088358271234713261
decision_type=2 2 2 2 2 2 2 2
left_child=5 2 3 -2 -4 7 -3 -1
right_child=1 6 4 -5 -6 -7 -8 -9
leaf_value=-0.03182826264395034 0.016904270808296592 -0.030993631539712557 0.018064601108395775 -0.029477005336408353 -0.0041442147700859891 -0.0010740067165234102 -0.0023464646919627045 -0.012047436887494973
leaf_weight=12.223646134138113 9.8873199820518511 7.9503525048494321 56.502872839570045 10.943170130252836 23.251465871930122 9.473603427410124 7.481638565659523 7.7189639061689368
leaf_count=49 40 32 229 44 94 38 30 31
internal_value=-0.00136446 0.0033551 0.0073754 -0.00725256 0.0114634 -0.0194844 -0.0198283 -0.0266515
internal_weight=145.433 116.017 100.585 20.8305 79.7543 29.4162 15.432 19.9426
internal_count=587 469 407 84 323 118 62 80
is_linear=0
shrinkage=0.03


Tree=13
num_leaves=10
num_cat=0
split_feature=38 21 28 14 5 15 15 15 34
split_gain=12.6051 12.4721 10.9371 15.2186 8.95719 4.14394 5.16444 3.35417 1.75284
threshold=0.011354747661418963 0.023985902774975535 8.5000000000000018 6.2693465827698285 0.048517639343274917 72.865255091646048 15.689507287816078 24.10885293722411 0.0013658598621949516
decision_type=2 2 2 2 2 2 2 2 2
left_child=1 2 4 -4 -1 6 -3 8 -2
right_child=7 5 3 -5 -6 -7 -8 -9 -10
leaf_value=-0.0045063921331289355 0.033281149614764999 -0.019530449499968624 0.010212880494080543 -0.03487951771156176 0.019763838874768916 -0.035480256602904707 0.0039621030328104391 0.0016387440761911935 0.0086202046289457109
leaf_weight=21.98213966190815 8.1088179200887733 21.647686988115311 10.409999549388887 12.699408963322638 28.909839451313019 9.4507124125957471 10.726204276084898 12.439176186919211 8.9304727613925916
leaf_count=89 33 87 42 51 118 38 43 50 36
internal_value=-0.00136809 -0.00594813 0.00134021 -0.014774 0.00922303 -0.0186585 -0.0115328 0.0153857 0.0234072
internal_weight=145.304 115.826 74.0014 23.1094 50.892 41.8246 32.3739 29.4785 17.0393
internal_count=587 468 300 93 207 168 130 119 69
is_linear=0
shrinkage=0.03


Tree=14
num_leaves=8
num_cat=0
split_feature=19 15 5 34 40 34 4
split_gain=13.5846 11.4447 7.63925 5.38926 6.93616 2.90964 2.61941
threshold=0.10196045132897698 91.263542975607905 -0.002543026508951773 -0.027834690499184352 0.025671758218446365 0.0097892813297230114 -0.029616414880175353
decision_type=2 2 2 2 2 2 2
left_child=2 3 -1 6 -5 -3 -2
right_child=1 5 -4 4 -6 -7 -8
leaf_value=0 0.0037288832708080532 -0.029961991622258918 -0.030721143150541141 -0.0040942032496303253 0.013128604314294088 -0.0020663102222494385 0.028961047444809037
leaf_weight=12.221686810255052 8.0948035120964068 7.9265611022710782 17.18742136657238 46.035337746143341 34.636877581477165 7.4784658551216125 11.601851329207419
leaf_count=49 33 32 69 186 141 30 47
internal_value=-0.00132565 0.00325952 -0.0189117 0.00713978 0.00325774 -0.0190752 0.0205823
internal_weight=145.183 115.774 29.4091 100.369 80.6722 15.405 19.6967
internal_count=587 469 118 407 327 62 80
is_linear=0
shrinkage=0.03


Tree=15
num_leaves=9
num_cat=0
split_feature=15 19 36 35 15 3 11 4
split_gain=14.5219 20.8934 9.89491 11.7336 7.18181 5.38377 4.22215 3.3234
threshold=84.812862036211413 0.1825213495762382 0.0061508225952353109 -0.052243062675003941 27.772320700196918 0.091355425575010321 0.12057163023066032 0.039932793173704136
decision_type=2 2 2 2 2 2 2 2
left_child=1 2 4 -4 -1 6 -3 -2
right_child=7 5 3 -5 -6 -7 -8 -9
leaf_value=-0.021843653436864653 -0.037803402442439543 0.029840820857258595 -0.023222994482574297 0.012520559636190379 0.0048311164303812297 -0.0010574522252801285 0.0033873389834386948 -0.0086502170334643441
leaf_weight=34.561060473322868 8.1714896708726901 26.048464104533195 8.6451791077852231 33.594287440180779 10.11527296900749 8.1617532372474653 9.0975695550441724 10.445923611521719
leaf_count=139 33 106 35 136 41 33 37 42
internal_value=-0.00112696 0.00243667 -0.00592301 0.00414669 -0.0155346 0.0190659 0.0239482 -0.0245994
internal_weight=148.841 130.224 86.9158 42.2395 44.6763 43.3078 35.146 18.6174
internal_count=602 527 351 171 180 176 143 75
is_linear=0
shrinkage=0.03


Tree=16
num_leaves=9
num_cat=0
split_feature=15 19 36 35 15 3 11 16
split_gain=13.8485 19.7873 9.30384 11.1372 6.8018 5.13324 3.9908 3.84323
threshold=84.812862036211413 0.1825213495762382 0.0061508225952353109 -0.052243062675003941 27.772320700196918 0.091355425575010321 0.12057163023066032 9.6854676812393592
decision_type=2 2 2 2 2 2 2 2
left_child=1 2 4 -4 -1 6 -3 -2
right_child=7 5 3 -5 -6 -7 -8 -9
leaf_value=-0.02122261690130528 -0.034382329096229021 0.029100900014435705 -0.02262933490351798 0.012176324238861171 0.0047111001319010562 -0.0010318997327785279 0.0033049116606090473 -0.0038544110856764862
leaf_weight=34.563710853457451 10.877724632620813 25.961610287427902 8.6580817848443967 33.564698025584221 10.112762048840521 8.1624556481838209 9.0946631878614408 7.7151222974061957
leaf_count=139 44 106 35 136 41 33 37 31
internal_value=-0.00111057 0.00236786 -0.0057599 0.00399934 -0.0150807 0.0185739 0.023353 -0.0240478
internal_weight=148.711 130.118 86.8993 42.2228 44.6765 43.2187 35.0563 18.5928
internal_count=602 527 351 171 180 176 143 75
is_linear=0
shrinkage=0.03


Tree=17
num_leaves=8
num_cat=0
split_feature=23 19 14 34 23 20 35
split_gain=12.041 9.67152 12.6277 10.7535 5.67637 7.33463 5.1324
threshold=0.67752352367205726 0.17995463340275178 60.104715297024775 0.012180832334821702 1.2430554940938066 0.028407512659123231 0.049975696412237099
decision_type=2 2 2 2 2 2 2
left_child=-1 4 6 -4 5 -2 -3
right_child=1 2 3 -5 -6 -7 -8
leaf_value=-0.027311811594602879 0.0030718071890258511 0.030340492633686145 -0.021833400406851514 0.016069306663461135 0.01442454519929641 -0.01564440569111946 0.0014093536982236338
leaf_weight=12.332202032208441 29.638478979468346 22.373927354812626 13.120060399174692 9.9251579046249372 9.6292382627725583 42.690231785178185 8.8436540216207487
leaf_count=50 120 92 53 40 39 172 36
internal_value=-0.00109165 0.00153441 0.0112207 -0.00493081 -0.00481453 -0.00789688 0.0231745
internal_weight=148.553 136.221 54.2628 23.0452 81.9579 72.3287 31.2176
internal_count=602 552 221 93 331 292 128
is_linear=0
shrinkage=0.03


Tree=18
num_leaves=8
num_cat=0
split_feature=23 19 14 34 23 34 35
split_gain=11.4557 9.14586 11.9956 10.2174 5.38538 5.77587 4.87312
threshold=0.67752352367205726 0.17995463340275178 60.104715297024775 0.012180832334821702 1.2430554940938066 -0.035850662169289109 0.049975696412237099
decision_type=2 2 2 2 2 2 2
left_child=-1 4 6 -4 5 -2 -3
right_child=1 2 3 -5 -6 -7 -8
leaf_value=-0.026647407469549904 0.013200148745067133 0.029634456183602637 -0.021266947428446991 0.015680640540511017 0.014078936409009472 -0.010853139952064741 0.0013750478691799757
leaf_weight=12.310678362846373 8.1365317404270154 22.269010305404667 13.118716254830362 9.9157456606626493 9.6188997477292997 64.19843590259552 8.8422824442386609
leaf_count=50 33 92 53 40 39 259 36
internal_value=-0.00105041 0.00150869 0.0109434 -0.00478071 -0.00465822 -0.00766338 0.0226239
internal_weight=148.41 136.1 54.1458 23.0345 81.9539 72.335 31.1113
internal_count=602 552 221 93 331 292 128
is_linear=0
shrinkage=0.03


Tree=19
num_leaves=9
num_cat=0
split_feature=15 10 5 35 15 28 10 25
split_gain=12.6391 10.7015 11.5227 7.84585 7.82588 6.2828 5.35768 2.82831
threshold=84.812862036211413 0.034600926580779852 1.0000000180025095e-35 0.047987675578263785 30.07177109847645 8.5000000000000018 0.049512461842996298 0.19753267822003648
decision_type=2 2 2 2 2 2 2 2
left_child=1 2 3 -1 -4 7 -2 -3
right_child=6 5 4 -5 -6 -7 -8 -9
leaf_value=0.014577352208376479 -0.036289450624403162 0.0090251020699065043 -0.022150581442552112 -0.0076271834900132722 0.0080459400198224125 -0.0051165015424857923 -0.0025206090737020259 0.031471672709528088
leaf_weight=33.163031652569771 9.8260887116193789 14.128981575369837 30.258341625332832 21.560430288314819 8.1619258522987348 8.2069933563470823 8.6849652677774412 14.259192675352095
leaf_count=135 40 58 122 87 33 33 35 59
internal_value=-0.00100462 0.00231633 -0.00299436 0.0056041 -0.0152839 0.0156767 -0.0229679 0.0221227
internal_weight=148.25 129.739 93.1437 54.7235 38.4203 36.5952 18.5111 28.3882
internal_count=602 527 377 222 155 150 75 117
is_linear=0
shrinkage=0.03


Tree=20
num_leaves=11
num_cat=0
split_feature=23 11 4 14 9 40 21 0 10 11
split_gain=9.69887 15.002 11.7399 11.9335 9.18524 4.17896 5.36418 4.66642 3.35724 1.38615
threshold=0.79467221873854266 -0.0051697792463834538 0.013889049713160408 11.516468771547467 0.15511025888711849 0.0079148748437181133 0.022864286365930787 -0.00038449479889623989 0.0017198281070435197 -0.013940595527953568
decision_type=2 2 2 2 2 2 2 2 2 2
left_child=1 -1 5 9 -5 7 -7 -2 -3 -4
right_child=2 8 3 4 -6 6 -8 -9 -10 -11
leaf_value=0.017801548782860742 0.032648221653355743 -0.035078296340651169 -0.0095767419703550599 0.016366447755970286 -0.0086505869810469017 0.015564105282179915 -0.013611991526823035 0.0046865212184493341 -0.0095805499140807771 -0.034150842725167052
leaf_weight=7.6308806091547003 14.260170906782152 14.487707421183588 7.9075678884983089 21.793777123093605 27.193600609898567 10.841803357005121 7.9143534302711478 11.291707053780554 12.104080289602278 8.7032885849475843
leaf_count=31 58 59 32 89 111 44 32 46 49 35
internal_value=-0.00141996 -0.0149641 0.00285546 -0.00500798 0.00239035 0.0145347 0.00240493 0.0220732 -0.0254788 -0.0255447
internal_weight=144.129 34.2227 109.906 65.5982 48.9874 44.308 18.7562 25.5519 26.5918 16.6109
internal_count=586 139 447 267 200 180 76 104 108 67
is_linear=0
shrinkage=0.03


Tree=21
num_leaves=10
num_cat=0
split_feature=23 16 4 14 19 37 37 13 19
split_gain=9.18532 11.6481 11.1794 11.3674 8.74584 4.88831 5.06831 3.6336 0.284677
threshold=0.79467221873854266 -0.97516828978063141 0.013889049713160408 11.516468771547467 0.31116722428360311 0.005669350983447786 0.028164932837014604 1.0890898232812669 0.12390856820558062
decision_type=2 2 2 2 2 2 2 2 2
left_child=1 8 5 -4 -5 7 -7 -2 -1
right_child=2 -3 3 4 -6 6 -8 -9 -10
leaf_value=-0.035051253640424877 0.030717034352295655 0.0057456544317813028 -0.024938966171308915 0.0083438352303429331 -0.022781653670814993 -0.011233066003344018 0.016826642377044454 0.0044350902940924761 -0.015083027108456647
leaf_weight=10.304548501968386 15.694750621914865 13.564406871795653 16.614197596907616 41.052909061312675 7.9194582551717749 10.159447610378267 8.8535636067390424 9.5318364948034269 10.301494002342222
leaf_count=42 64 55 67 168 32 41 36 39 42
internal_value=-0.00138814 -0.0145811 0.00276985 -0.00489704 0.00231978 0.0141808 0.00147724 0.0223926 -0.0279498
internal_weight=143.997 34.1704 109.826 65.5866 48.9724 44.2396 19.013 25.2266 20.606
internal_count=586 139 447 267 200 180 77 103 84
is_linear=0
shrinkage=0.03


Tree=22
num_leaves=6
num_cat=0
split_feature=10 36 38 10 32
split_gain=7.37235 7.29556 6.88295 9.08055 1.18542
threshold=-0.046508876737926523 0.0081816851456304966 0.012143282478604892 0.034600926580779852 0.0020406387604614555
decision_type=2 2 2 2 2
left_child=-1 2 3 -2 -3
right_child=1 4 -4 -5 -6
leaf_value=0.019186787285911729 -0.016223266615046323 0.019968583054740731 0.013681659429098565 0.001538017799989613 0.0024400674153105114
leaf_weight=12.026986584067343 61.715923517942429 8.88057489693165 11.169414252042769 40.699422866106033 9.3619642704725248
leaf_count=50 250 36 45 167 38
internal_value=-0.00136233 -0.0036079 -0.00655647 -0.00912709 0.0128439
internal_weight=143.854 131.827 113.585 102.415 18.2425
internal_count=586 536 462 417 74
is_linear=0
shrinkage=0.03


Tree=23
num_leaves=7
num_cat=0
split_feature=5 38 10 15 5 37
split_gain=10.4935 5.84034 6.50866 9.21186 6.5927 4.28747
threshold=-0.094673313975240633 0.012143282478604892 0.034600926580779852 104.3064956019184 1.0000000180025095e-35 0.00084584104790841341
decision_type=2 2 2 2 2 2
left_child=-1 2 4 -4 -2 -3
right_child=1 5 3 -5 -6 -7
leaf_value=0.025915445966243702 -0.0023142672001144901 0.023955339072840531 0.010429627030434981 -0.020172640301702821 -0.020601214663345656 -0.0032861978836501615
leaf_weight=9.6376915723085386 39.026047915220261 9.0346566736698168 33.773018524050713 9.6349865496158582 35.19871686398983 7.4590115547180167
leaf_count=40 158 37 139 39 143 30
internal_value=-0.00129005 -0.00370713 -0.00616799 0.00271738 -0.0114961 0.0118016
internal_weight=143.764 134.126 117.633 43.408 74.2248 16.4937
internal_count=586 546 479 178 301 67
is_linear=0
shrinkage=0.03


Tree=24
num_leaves=6
num_cat=0
split_feature=5 34 28 15 15
split_gain=10.0061 6.82651 6.14697 8.83488 7.92054
threshold=-0.094673313975240633 -0.043846132153261323 6.5000000000000009 -3.0733517725830457 7.4222202302832994
decision_type=2 2 2 2 2
left_child=-1 -2 4 -4 -3
right_child=1 2 3 -5 -6
leaf_value=0.025369021245295397 0.018799457708247667 -0.0114058325917671 0.013775321950064414 -0.015615212470015107 0.010820622600506355
leaf_weight=9.593665346503256 9.0495810359716398 22.15428601205349 8.6545572280883771 60.853156566619873 33.284418448805809
leaf_count=40 37 90 35 247 137
internal_value=-0.001247 -0.00360797 -0.00561966 -0.011463 0.00158951
internal_weight=143.59 133.996 124.946 69.5077 55.4387
internal_count=586 546 509 282 227
is_linear=0
shrinkage=0.03


Tree=25
num_leaves=10
num_cat=0
split_feature=19 28 14 20 21 12 5 9 20
split_gain=11.9164 12.9203 9.24564 7.72936 7.05711 6.86952 6.75578 4.12949 1.03828
threshold=0.11672813668621228 6.5000000000000009 -5.4550741069970732 0.026567137146778958 0.030937882068551029 49.595271477599503 -0.0035853001272418967 0.18291869178194989 0.033551600376039055
decision_type=2 2 2 2 2 2 2 2 2
left_child=3 4 -3 6 7 -4 -1 -2 -5
right_child=1 2 5 8 -6 -7 -8 -9 -10
leaf_value=0.016495457895961508 0.029540123141697665 0.015685734143246949 -0.028701920736929346 -0.03150664006996088 -0.0044674830651074094 -0.0033322319916006594 -0.014138544310758264 0.0064329679419230477 -0.0094873042904758571
leaf_weight=9.1752310693264025 22.282962471246719 13.14691525697708 12.276643872261046 14.255520060658457 10.284068137407301 36.814567968249321 13.259993657469748 14.375082299113272 7.4383774101734152
leaf_count=37 93 54 50 58 42 149 54 59 30
internal_value=-0.00117087 0.00405888 -0.00469372 -0.01405 0.0156876 -0.0108454 -0.000671716 0.0216685 -0.0260279
internal_weight=153.309 109.18 62.2381 44.1291 46.9421 49.0912 22.4352 36.658 21.6939
internal_count=626 447 253 179 194 199 91 152 88
is_linear=0
shrinkage=0.03


Tree=26
num_leaves=9
num_cat=0
split_feature=11 11 40 37 3 10 7 40
split_gain=7.66186 11.5064 6.59498 11.1652 5.20893 2.63917 2.36496 2.196
threshold=0.11920876327462561 0.078675032281537841 -0.026855792150539345 0.0061546273279123884 -0.014978536792709494 0.05156772512971753 -0.010068205491756608 -0.051074842381046752
decision_type=2 2 2 2 2 2 2 2
left_child=1 2 7 -4 -2 -6 -3 -1
right_child=4 6 3 -5 5 -7 -8 -9
leaf_value=-0.0023125344777658128 0.00035746900038997995 0.0029410845105952033 0.016378233126227125 -0.0059757307821005036 -0.036356840907337942 -0.0068392332525540334 0.026991432975866026 -0.026578083446794812
leaf_weight=7.3311711251735714 9.7095867246389407 7.3270951360464123 27.343782961368561 61.321178242564201 8.0686731487512571 7.3445429950952521 14.809902667999266 9.8223289698362333
leaf_count=30 40 30 112 250 33 30 61 40
internal_value=-0.00114921 0.00178962 -0.00230558 0.000961882 -0.0156986 -0.0255538 0.0205558 -0.0183149
internal_weight=153.078 127.955 105.818 88.665 25.1228 15.4132 22.137 17.1535
internal_count=626 523 432 362 103 63 91 70
is_linear=0
shrinkage=0.03


Tree=27
num_leaves=9
num_cat=0
split_feature=23 15 36 34 34 12 20 12
split_gain=10.1568 10.7548 7.20686 6.22404 11.8071 9.25071 5.34762 1.93434
threshold=0.74519597721367659 -0.21858040001818377 0.0078773298394208182 0.012180832334821702 0.034649501004426438 44.558563290383397 0.0286964853272039 50.446966133371369
decision_type=2 2 2 2 2 2 2 2
left_child=1 -1 3 5 -5 -2 -4 -3
right_child=2 7 6 4 -6 -7 -8 -9
leaf_value=0.0098165800006408295 0.011280966525525795 -0.037564893832558052 6.7508548259409597e-05 0.016012845079467788 -0.015223770275111653 -0.015209310506747011 0.028270537939699001 -0.010489891920534025
leaf_weight=7.3927384465932873 14.102368026971815 10.80551551282406 12.063206523656847 33.675555899739265 13.442231759428976 40.857840999960899 12.850500181317328 7.7880997210741034
leaf_count=30 58 45 49 138 55 166 53 32
internal_value=-0.0011275 -0.0175625 0.00233946 -0.00114347 0.00653894 -0.00799133 0.0161918 -0.0290728
internal_weight=152.978 25.9864 126.992 102.078 47.1178 54.9602 24.9137 18.5936
internal_count=626 107 519 417 193 224 102 77
is_linear=0
shrinkage=0.03


Tree=28
num_leaves=10
num_cat=0
split_feature=19 5 36 5 35 5 17 7 5
split_gain=10.9982 6.98984 6.61051 6.16527 5.1458 4.79992 3.85877 2.2929 0.352779
threshold=0.11672813668621228 -0.0095423705721205381 0.0078773298394208182 0.22667094191283091 0.048300997226614635 0.048517639343274917 0.37183067913082241 -0.015370281924826415 0.017766845171258264
decision_type=2 2 2 2 2 2 2 2 2
left_child=1 7 3 4 -2 8 -4 -1 -3
right_child=2 5 6 -5 -6 -7 -8 -9 -10
leaf_value=-0.0074180570540729445 0.0081349133161618334 -0.013834460074426683 0.032854117301734161 -0.01949026640247933 -0.008225098049569269 -0.0024980004822392514 0.0045688782803512823 0.012761553331591933 -0.036635164180887671
leaf_weight=8.3818007707595807 56.931150421500206 7.3812571763992372 8.0529018640518206 10.27849121391773 21.913752213120461 9.8159494847059232 11.618801325559614 7.443105772137641 10.951215505599974
leaf_count=34 235 30 33 42 89 40 48 30 45
internal_value=-0.00109439 -0.0134921 0.00393427 0.000147007 0.00331136 -0.0220168 0.0188034 0.00159866 -0.0304564
internal_weight=152.768 43.9733 108.795 89.1234 78.8449 28.1484 19.6717 15.8249 18.3325
internal_count=626 179 447 366 324 115 81 64 75
is_linear=0
shrinkage=0.03


Tree=29
num_leaves=8
num_cat=0
split_feature=23 9 36 17 21 20 34
split_gain=9.60163 10.7905 6.6799 6.12043 7.93453 4.90806 3.48618
threshold=0.74519597721367659 0.0048919676047649149 0.0078773298394208182 1.0485893077762223 0.024153203366265783 0.0286964853272039 0.026885413755844526
decision_type=2 2 2 2 2 2 2
left_child=1 -1 3 4 -2 -4 -5
right_child=2 -3 5 6 -6 -7 -8
leaf_value=0.0066771246258300575 0.011928556314580327 -0.030596285002933512 0.0001381910504476979 -0.0044549270979424693 -0.0081742008725342406 0.027282715431188514 -0.027247502860615561
leaf_weight=9.3329059630632418 42.084494024515152 16.535467565059662 12.042901113629343 25.336794525384903 26.898302629590034 12.762388557195662 7.6396538615226737
leaf_count=38 174 69 49 103 109 53 31
internal_value=-0.00107702 -0.0170963 0.00229025 -0.00105615 0.00386916 0.0156573 -0.0114203
internal_weight=152.633 25.8684 126.765 101.959 68.9828 24.8053 32.9764
internal_count=626 107 519 417 283 102 134
is_linear=0
shrinkage=0.03


Tree=30
num_leaves=11
num_cat=0
split_feature=21 37 11 40 10 40 21 21 25 10
split_gain=11.8261 8.58997 4.97593 6.90859 8.40839 5.15162 4.94703 5.7119 3.24028 3.11301
threshold=0.024153203366265783 0.0081869571242202416 -0.01317324464574998 0.016451865663824842 0.025948948711533307 -0.011671961697512665 0.025738969349227658 0.031516165862136424 0.068375600211744061 0.059596258071118242
decision_type=2 2 2 2 2 2 2 2 2 2
left_child=2 6 -1 5 -5 -4 -2 -8 -3 -10
right_child=1 8 3 4 -6 -7 7 -9 9 -11
leaf_value=0.023803389027013372 -0.015891817726515611 -0.0005026169962782204 0.0044728149431089645 -0.0026161629827569435 0.023635655647696454 -0.021571425411252891 0.023723026507750586 -0.0030518582069304499 -0.03168990319875515 -0.0045192171226513317
leaf_weight=12.789570838212965 8.629323944449423 7.6473597139120093 11.37355972826481 18.748389393091202 20.776142746210098 11.318014457821844 10.063733950257303 14.762945517897604 16.970028743147854 7.4233886003494254
leaf_count=53 35 31 47 77 87 46 41 61 69 30
internal_value=-2.71158e-05 -0.00929648 0.00790356 0.00376193 0.0112957 -0.008605 0.00101847 0.00820192 -0.0199347 -0.0249587
internal_weight=140.502 65.4968 75.0057 62.2161 39.5245 22.6916 33.456 24.8267 32.0408 24.3934
internal_count=577 267 310 257 164 93 137 102 130 99
is_linear=0
shrinkage=0.03


Tree=31
num_leaves=10
num_cat=0
split_feature=21 28 14 19 40 34 21 21 11
split_gain=11.2352 9.62063 23.9783 11.9573 6.31437 8.02325 6.25751 8.80656 5.80567
threshold=0.024153203366265783 8.5000000000000018 6.0280578837497112 0.082961229082796475 0.0079148748437181133 0.0060561708729524053 0.025738969349227658 0.031149137072072109 0.14181232681229053
decision_type=2 2 2 2 2 2 2 2 2
left_child=1 3 -3 -1 6 -6 -2 -8 -5
right_child=4 2 -4 8 5 -7 7 -9 -10
leaf_value=-0.016176050575597983 -0.020729178126034573 0.024188818006439624 -0.031603285906284168 0.026048782395212817 -0.035036383725765383 -0.0022274446488161547 0.023139163620636921 -0.0077134940887721038 -0.00023921522562258892
leaf_weight=7.3452095389366141 8.6097525358200055 10.272492021322252 13.74529893696308 35.482828393578529 12.958381950855257 14.611164420843123 12.771182179450991 16.50078247487545 8.0240695476531965
leaf_count=30 35 42 56 149 53 59 52 68 33
internal_value=-3.41688e-05 0.00770223 -0.0071392 0.0150006 -0.00907222 -0.0194825 -0.000522654 0.00588665 0.0210734
internal_weight=140.321 74.8699 24.0178 50.8521 65.4513 27.5695 37.8817 29.272 43.5069
internal_count=577 310 98 212 267 112 155 120 182
is_linear=0
shrinkage=0.03


Tree=32
num_leaves=12
num_cat=0
split_feature=21 28 14 40 34 12 21 11 11 32 23
split_gain=10.6471 9.0864 22.8113 6.00072 7.63742 7.21418 7.89279 3.15932 6.08753 2.22515 1.59773
threshold=0.024153203366265783 8.5000000000000018 6.0280578837497112 0.0079148748437181133 0.0060561708729524053 54.791108111924579 0.026242902880762829 0.10496820109799156 0.05700142142341847 0.0013386547407321372 0.89786164171557059
decision_type=2 2 2 2 2 2 2 2 2 2 2
left_child=1 7 -3 5 -5 6 -2 8 -1 -7 -9
right_child=3 2 -4 4 -6 9 -8 10 -10 -11 -12
leaf_value=0.0088500519540937982 -0.012966519082151424 0.023620952931579529 -0.030839359004420332 -0.034232581688902919 -0.0021687792726439161 -0.0011794616602819044 0.020864421938301403 -0.0066529201988426608 0.036488885900653814 -0.025931652688320671 0.010618388969971094
leaf_weight=24.940395519137383 7.3315153717994717 10.252251937985422 13.713230803608893 12.912421047687532 14.610319331288336 7.4201484620571119 15.72878062725067 7.2448372542858106 11.068241104483603 7.3831338435411453 7.4183078855276108
leaf_count=104 30 42 56 53 59 30 65 30 47 30 31
internal_value=-5.94741e-05 0.00748455 -0.00693906 -0.00885999 -0.0190197 -0.000514941 0.00933363 0.0145955 0.0192133 -0.0160344 0.00141042
internal_weight=140.024 74.6373 23.9655 65.3863 27.5227 37.8636 23.0603 50.6718 36.0086 14.8033 14.6631
internal_count=577 310 98 267 112 155 95 212 151 60 61
is_linear=0
shrinkage=0.03


Tree=33
num_leaves=11
num_cat=0
split_feature=21 37 11 40 10 40 21 32 25 10
split_gain=10.1759 7.80757 4.63484 6.58996 7.72239 4.50116 4.35871 5.39652 3.08906 2.97909
threshold=0.024153203366265783 0.0081869571242202416 -0.01317324464574998 0.016451865663824842 0.025948948711533307 -0.011671961697512665 0.025738969349227658 0.0081569538431885986 0.068375600211744061 0.059596258071118242
decision_type=2 2 2 2 2 2 2 2 2 2
left_child=2 6 -1 5 -5 -4 -2 -8 -3 -10
right_child=1 8 3 4 -6 -7 7 -9 9 -11
leaf_value=0.022698336143849585 -0.01469425667573666 0 0.0034912512635017047 -0.0025875569634237583 0.02263310170917086 -0.02087491274485213 0.019296587253715452 -0.0065706035498605195 -0.030344685560490903 -0.0039225885105792294
leaf_weight=12.685542717576025 8.6371852904558164 7.6251024752855328 11.284143194556238 18.662582278251648 20.542174309492111 11.271518990397452 14.060865178704264 10.696706265211104 16.85643266141415 7.4161607623100272
leaf_count=53 35 31 47 77 87 46 58 44 69 30
internal_value=-6.6504e-05 -0.00867607 0.00731769 0.00331036 0.0107205 -0.00878264 0.00113546 0.00790411 -0.0188515 -0.0237559
internal_weight=139.738 65.2925 74.446 61.7604 39.2048 22.5557 33.3948 24.7576 31.8977 24.2726
internal_count=577 267 310 257 164 93 137 102 130 99
is_linear=0
shrinkage=0.03


Tree=34
num_leaves=11
num_cat=0
split_feature=21 28 14 19 37 11 21 35 19 25
split_gain=9.67864 8.41134 21.6152 11.2439 7.41098 5.39769 4.13786 5.34337 3.32772 1.79389
threshold=0.024153203366265783 8.5000000000000018 6.0280578837497112 0.082961229082796475 0.0081869571242202416 0.14181232681229053 0.025738969349227658 0.017198453265034556 0.2263287377260467 0.10000027743252843
decision_type=2 2 2 2 2 2 2 2 2 2
left_child=1 3 -3 -1 6 -5 -2 -8 9 -6
right_child=4 2 -4 5 8 -7 7 -9 -10 -11
leaf_value=-0.016161538020850828 -0.014334907459001785 0.023006906684747072 -0.030069412771467876 0.024805080688009046 -0.0075369542670019008 -0.00049454166876753216 -0.0036248857683102097 0.022137598957049403 -0.0031494840301709744 -0.032121619464940458
leaf_weight=7.3340677917003623 8.6382105201482755 10.226452738046648 13.660548776388167 35.073200479149818 7.3782946169376435 8.0041943937540037 14.138946354389192 10.601716011762617 11.545995220541952 12.926986441016195
leaf_count=30 35 42 56 149 30 33 59 43 47 53
internal_value=-7.53262e-05 0.00713242 -0.00674511 0.0140008 -0.00847616 0.019958 0.0010733 0.0076838 -0.0183989 -0.0253376
internal_weight=139.529 74.2985 23.887 50.4115 65.2301 43.0774 33.3789 24.7407 31.8513 20.3053
internal_count=577 310 98 212 267 182 137 102 130 83
is_linear=0
shrinkage=0.03


Tree=35
num_leaves=9
num_cat=0
split_feature=19 15 36 28 14 40 16 5
split_gain=6.77223 8.96462 10.4205 8.58929 14.3805 8.68165 5.59897 4.90497
threshold=0.094074616728699892 64.093155087379984 0.0059538245531951762 8.5000000000000018 6.0280578837497112 -0.041287297764120039 5.9155227005893032 1.0000000180025095e-35
decision_type=2 2 2 2 2 2 2 2
left_child=7 3 -3 5 -5 -2 -4 -1
right_child=1 2 6 4 -6 -7 -8 -9
leaf_value=0.00064832413696778806 -0.0094637706471279934 -0.033358031687684767 -0.012200288485533893 0.015476656046314433 -0.017535288668344251 0.021172056732800305 0.01995871722149346 -0.025157237903701283
leaf_weight=10.395522817969324 8.1772199869155866 9.3922523260116595 7.5679962784051877 20.633238568902016 22.808146700263023 44.599989980459213 7.598286360502243 11.928372323513029
leaf_count=42 34 39 32 85 93 187 31 49
internal_value=0.0008823 0.00383122 -0.0114911 0.0080491 -0.00153453 0.0159793 0.00348574 -0.0134585
internal_weight=143.101 120.777 24.5585 96.2186 43.4414 52.7772 15.1663 22.3239
internal_count=592 501 102 399 178 221 63 91
is_linear=0
shrinkage=0.03


Tree=36
num_leaves=11
num_cat=0
split_feature=21 38 17 23 12 22 7 12 28 33
split_gain=8.70424 9.87977 8.2655 7.99878 6.29922 6.03446 4.86458 4.5354 2.95117 7.16432
threshold=0.023964648401846925 0.0077277549065625064 -0.29713838264021358 1.2283754666371463 60.547308813224447 -0.1448866749045635 -0.0063271734690588397 41.278798176061194 6.5000000000000009 0.63750992119613203
decision_type=2 2 2 2 2 2 2 2 2 2
left_child=1 2 -1 5 -4 6 -2 -7 -3 -10
right_child=3 8 4 -5 -6 7 -8 -9 9 -11
leaf_value=0.013400983829692412 -0.013482000851038029 0.027764521581642203 -0.028568432927863711 0.011943232302758327 0.0010414408655533784 0 0.015362821396070724 -0.024084975209145633 0.0215321020307087 -0.0089058945515079566
leaf_weight=13.502958908677099 7.4537076205015209 15.88661317527294 11.14253753423691 13.746407285332678 10.643459647893904 8.413299694657324 9.5401428788900358 28.31486876308918 14.41905587911606 9.7312359958887082
leaf_count=56 31 68 46 56 45 35 39 116 60 40
internal_value=0.000834774 0.00783869 -0.00333985 -0.00676945 -0.0146008 -0.0120837 0.00183398 -0.0186727 0.0177385 0.00895056
internal_weight=142.794 75.3259 35.289 67.4684 21.786 53.722 16.9939 36.7282 40.0369 24.1503
internal_count=592 315 147 277 91 221 70 151 168 100
is_linear=0
shrinkage=0.03


Tree=37
num_leaves=11
num_cat=0
split_feature=21 23 14 16 21 11 21 35 36 21
split_gain=8.23456 7.58097 8.49558 7.54562 7.21801 6.75569 3.72968 2.67456 7.0652 0.119288
threshold=0.023964648401846925 1.2283754666371463 -8.3171547180214684 11.308929823336179 0.019826716167920738 -0.01317324464574998 0.016276507669376643 0.030870281672012782 0.0052260808517211278 0.022479328722624665
decision_type=2 2 2 2 2 2 2 2 2 2
left_child=4 2 -2 -4 5 -1 -7 9 -9 -6
right_child=1 -3 3 -5 7 6 -8 8 -10 -11
leaf_value=0.016350165399328646 0.010865718512620842 0.011636139897249317 -0.02410086471118067 0.0033006345781177292 0.030469295692632015 0.0026388513563132508 -0.018715307536368964 0.022641011716491397 -0.0092370219037069198 0.0123520522989722
leaf_weight=10.373685285449026 9.8967268317937833 13.738813653588293 33.443636387586594 10.329041495919226 9.5259764790534991 10.038841754198076 15.57493834197521 10.365901082754137 10.225380584597586 9.0608518570661527
leaf_count=43 41 56 138 42 41 42 65 43 43 38
internal_value=0.000822418 -0.0065716 -0.0117526 -0.0174455 0.0076462 -0.00170688 -0.0102178 0.0162675 0.00673049 0.024424
internal_weight=142.574 67.4082 53.6694 43.7727 75.1656 35.9875 25.6138 39.1781 20.5913 18.5868
internal_count=592 277 221 180 315 150 107 165 86 79
is_linear=0
shrinkage=0.03


Tree=38
num_leaves=8
num_cat=0
split_feature=11 23 15 28 28 9 9
split_gain=7.54749 11.0091 6.71299 6.60306 5.95123 3.05709 2.792
threshold=-0.013940595527953568 0.74329559695243186 5.4679856701089671 8.5000000000000018 2.5000000000000004 0.027110241073156082 -0.026019914447481952
decision_type=2 2 2 2 2 2 2
left_child=4 5 6 -4 -1 -2 -3
right_child=1 2 3 -5 -6 -7 -8
leaf_value=-0.00085453333882060752 -0.0036232101594228087 0.0010068161701795623 0.013592999035720444 -0.0034546530492601218 0.028861796310523876 -0.031585228667317305 -0.017758784809419403
leaf_weight=8.7964425981044787 7.5129160881042507 9.0527259409427661 44.898392960429192 33.088620141148567 12.102168947458265 10.719796255230902 16.205630391836166
leaf_count=36 31 38 189 135 51 46 66
internal_value=0.000835675 -0.00200146 0.00179665 0.0062669 0.0167166 -0.0223018 -0.0109024
internal_weight=142.377 121.478 103.245 77.987 20.8986 18.2327 25.2584
internal_count=592 505 428 324 87 77 104
is_linear=0
shrinkage=0.03


Tree=39
num_leaves=10
num_cat=0
split_feature=21 38 17 23 5 12 38 5 38
split_gain=7.66109 9.29922 7.81364 7.04001 6.7188 5.84618 5.0003 2.96935 9.52498
threshold=0.023964648401846925 0.0077277549065625064 -0.29713838264021358 1.2283754666371463 -0.08139167953180608 60.547308813224447 0.012515968860961867 1.0000000180025095e-35 0.0091277902564062489
decision_type=2 2 2 2 2 2 2 2 2
left_child=1 2 -1 4 -2 -4 -6 -3 -9
right_child=3 7 5 -5 6 -7 -8 8 -10
leaf_value=0.012858680357599423 0.010822075434319182 0.026948746220177313 -0.027841583479217863 0.011192382951537827 -0.021074684334576703 0.00069169793335546108 0.0010678586984769912 0.023729982889803498 -0.011441748166454291
leaf_weight=13.458989620208738 8.1229610890150052 15.991872295737265 11.12103393673897 13.73209711909294 35.136332020163536 10.616937696933745 10.276449069380758 13.465738460421564 10.262762770056723
leaf_count=56 34 68 46 56 145 45 42 57 43
internal_value=0.000796585 0.00739432 -0.00343579 -0.00633621 -0.0113436 -0.0143897 -0.015914 0.0170553 0.00822801
internal_weight=142.185 74.9173 35.197 67.2678 53.5357 21.738 45.4128 39.7204 23.7285
internal_count=592 315 147 277 221 91 187 168 100
is_linear=0
shrinkage=0.03


Tree=40
num_leaves=9
num_cat=0
split_feature=19 15 35 23 28 22 23 14
split_gain=8.01567 10.4442 7.81963 6.56263 5.30892 4.833 1.42418 0.534236
threshold=0.10730929823893186 95.938858734833147 0.048300997226614635 0.81172012665581872 6.5000000000000009 0.055675903067204387 0.96419933248289336 5.7959074246376199
decision_type=2 2 2 2 2 2 2 2
left_child=5 2 3 -2 -4 6 -1 -7
right_child=1 -3 4 -5 -6 7 -8 -9
leaf_value=-0.0063652085589475278 -0.001033562752887317 -0.016181590363800905 0.014159021794969225 0.020633414891210369 -0.011874445271373083 -0.0092642029454013085 0.0093071699477983993 -0.029191344248039451
leaf_weight=9.6856015920639056 14.752961710095404 14.087676286697386 8.36761222779751 48.93735958635807 18.995111301541328 8.0723153799772245 7.3313091248273841 7.197391763329505
leaf_count=40 62 59 35 207 78 33 30 30
internal_value=0.00187576 0.0059815 0.00984585 0.0155076 -0.00298031 -0.010626 0 -0.0218183
internal_weight=137.427 105.141 91.053 63.6903 27.3627 32.2866 17.0169 15.2697
internal_count=574 441 382 269 113 133 70 63
is_linear=0
shrinkage=0.03


Tree=41
num_leaves=9
num_cat=0
split_feature=19 15 20 5 21 19 40 22
split_gain=7.62166 9.90494 6.75978 5.28584 5.09336 7.72745 4.79439 0.749857
threshold=0.10730929823893186 95.938858734833147 0.0266831086649266 1.0000000180025095e-35 0.024153203366265783 0.2157377243646261 -0.0052914954046285869 0.0268290404975613
decision_type=2 2 2 2 2 2 2 2
left_child=2 4 3 -1 6 -6 -2 -4
right_child=1 -3 7 -5 5 -7 -8 -9
leaf_value=0.018792697594131422 0 -0.015781457249539416 -0.0091613919252087079 -0.011210290954595728 -0.0065956079698435187 0.01814858668643116 0.021663208771624247 -0.031122838205196499
leaf_weight=7.6179441511631039 10.768422216176985 14.062608942389486 7.2865669131278974 9.4207312464714033 29.924122184514999 15.42617294192314 34.75120122730732 7.9167326539754868
leaf_count=31 46 59 30 39 122 64 150 33
internal_value=0.00179727 0.00580863 -0.0103965 0.00198109 0.00957924 0.00191554 0.0164968 -0.0237579
internal_weight=137.175 104.933 32.242 17.0387 90.8699 45.3503 45.5196 15.2033
internal_count=574 441 133 70 382 186 196 63
is_linear=0
shrinkage=0.03


Tree=42
num_leaves=11
num_cat=0
split_feature=19 21 28 37 20 5 14 8 36 23
split_gain=7.25504 8.30198 7.65918 6.76709 6.47478 5.04113 4.55628 4.13374 2.97569 2.72846
threshold=0.10730929823893186 0.023985902774975535 7.5000000000000009 0.0084621384226193381 0.0266831086649266 -1.0000000180025095e-35 6.2693465827698285 0.023551894093537598 0.0066634034470565385 0.92024658171577245
decision_type=2 2 2 2 2 2 2 2 2 2
left_child=4 2 9 7 5 -1 -4 -3 -5 -2
right_child=1 3 6 8 -6 -7 -8 -9 -10 -11
leaf_value=0.018364603183984297 0.0097059850434112159 -0.00041880905825101672 0.014264282216965201 -0.0016418471111055352 -0.023278400493963035 -0.010947191117426633 -0.013664724279321267 0.021973108576405467 -0.021164388410269758 0.031373750092807115
leaf_weight=7.6084237545728692 14.348028525710108 15.98251384496689 7.297657489776614 17.113954260945324 15.154969602823256 9.4060223996639252 9.891156539320944 10.008638411760328 13.313119307160376 16.745443224906921
leaf_count=31 62 67 31 70 63 39 41 41 55 74
internal_value=0.00172849 0.00564931 0.0145563 -0.00195383 -0.0101772 0.00192438 -0.000774668 0.00862186 -0.0114249 0.0230193
internal_weight=136.87 104.701 48.2823 56.4182 32.1694 17.0144 17.1888 25.9912 30.4271 31.0935
internal_count=574 441 208 233 133 70 72 108 125 136
is_linear=0
shrinkage=0.03


Tree=43
num_leaves=8
num_cat=0
split_feature=9 10 5 5 28 20 28
split_gain=8.05949 8.50327 9.47125 8.1553 8.07599 6.15887 4.11924
threshold=-0.041241527932469449 0.032030374259805046 0.22667094191283091 1.0000000180025095e-35 5.5000000000000009 0.026995809415254476 9.5000000000000018
decision_type=2 2 2 2 2 2 2
left_child=-1 3 4 5 -3 -2 -5
right_child=1 2 -4 6 -6 -7 -8
leaf_value=0.025430214641549695 0.019216929906210014 0.030851646347981296 -0.013259890669050393 -0.024616857157304422 0.0033001820947870706 -0.0050844962526866841 -0.0014327981872889635
leaf_weight=9.7929794341325742 11.227120608091353 15.992094188928602 11.455725729465483 22.012850001454353 24.700134709477425 29.296009540557861 12.058455914258955
leaf_count=42 47 71 48 93 102 121 50
internal_value=0.0016853 -0.000399434 0.00858351 -0.00693528 0.0154173 0.00188274 -0.0173618
internal_weight=136.535 126.742 52.148 74.5944 40.6922 40.5231 34.0713
internal_count=574 532 221 311 173 168 143
is_linear=0
shrinkage=0.03


Tree=44
num_leaves=8
num_cat=0
split_feature=9 10 5 5 35 32 35
split_gain=7.69666 8.0606 9.02126 7.75576 6.48626 6.41048 6.26243
threshold=-0.041241527932469449 0.032030374259805046 0.22667094191283091 1.0000000180025095e-35 0.030407269327640932 0.010800950642323894 0.047987675578263785
decision_type=2 2 2 2 2 2 2
left_child=-1 3 4 6 -3 -5 -2
right_child=1 2 -4 5 -6 -7 -8
leaf_value=0.024909382540571668 0.011885704974379184 0.025968099875771578 -0.012919430925567105 -0.023463546969699881 0.001432111366646986 0.0053988219638685473 -0.010723014943767357
leaf_weight=9.7404257208108884 23.221485838294029 20.914625898003578 11.457559168338774 26.743113428354263 19.626761883497238 7.2419530451297751 17.277139812707901
leaf_count=42 97 91 48 113 82 30 71
internal_value=0.0016506 -0.000383682 0.00837345 -0.00675247 0.0150682 -0.0169381 0.00183691
internal_weight=136.223 126.483 51.9989 74.4837 40.5414 33.9851 40.4986
internal_count=574 532 221 311 173 143 168
is_linear=0
shrinkage=0.03


Tree=45
num_leaves=7
num_cat=0
split_feature=23 19 15 22 23 26
split_gain=13.2719 5.02395 7.79402 5.39944 4.29006 3.88328
threshold=0.67254865504074723 0.12877041960359184 95.938858734833147 -0.2134716579989295 1.4262446126623354 0.3542271024596802
decision_type=2 2 2 2 2 2
left_child=-1 3 4 -2 -3 -5
right_child=1 2 -4 5 -6 -7
leaf_value=-0.028665354102507128 0.0088013660056469045 0.012658918370452426 -0.013455870060704946 -0.017648873542532383 -0.0074768762317677651 0.0047243819085618461
leaf_weight=11.646306425333021 13.792556241154669 69.559476688504219 12.710018068552015 24.798305705189708 8.6604445427656156 7.1852954477071753
leaf_count=51 57 297 53 103 36 30
internal_value=-0.000355981 0.00232617 0.00643735 -0.00545395 0.0101117 -0.012199
internal_weight=148.352 136.706 90.9299 45.7762 78.2199 31.9836
internal_count=627 576 386 190 333 133
is_linear=0
shrinkage=0.03


Tree=46
num_leaves=11
num_cat=0
split_feature=36 16 15 17 16 22 32 35 28 15
split_gain=6.62877 7.506 6.75256 8.23891 6.72212 4.82584 3.29409 2.08008 2.12071 1.43735
threshold=0.0074039752465433857 1.8381535314782387 -4.7891987947364623 -2.2032801108226709 4.1750295655622258 -0.049684773259699326 0.0055654925211028336 -0.048868768082806539 6.5000000000000009 5.1416807484438607
decision_type=2 2 2 2 2 2 2 2 2 2
left_child=1 2 -1 -4 -3 9 -6 -7 -9 -2
right_child=5 4 3 -5 6 7 -8 8 -10 -11
leaf_value=0.010010385985645534 0.0067180380202007586 0.022060310275930202 0.0023889164070440964 -0.023399952417723118 -0.010819416500562276 -0.011324270886848047 0.0066807693238347676 0.015703057305164986 -0.0030680924580488954 0.027123179319532943
leaf_weight=8.7097114920616132 9.8823356181383151 11.694829896092413 13.964408367872236 35.411398842930794 18.427044242620468 7.8173556774854687 15.660036370158194 7.8194099813699749 8.6679177433252317 10.036979541182516
leaf_count=37 42 51 59 150 77 33 66 34 36 42
internal_value=-0.000362416 -0.00459058 -0.0116514 -0.0160053 0.00416656 0.00901258 -0.00243927 0 0.00575879 0.0192208
internal_weight=148.091 103.867 58.0855 49.3758 45.7819 44.224 34.0871 24.3047 16.4873 19.9193
internal_count=627 440 246 209 194 187 143 103 70 84
is_linear=0
shrinkage=0.03


Tree=47
num_leaves=10
num_cat=0
split_feature=35 5 5 5 34 11 38 28 15
split_gain=6.28075 7.56701 11.5216 7.98276 5.80653 4.3699 4.19363 2.78726 3.46352
threshold=0.047987675578263785 1.0000000180025095e-35 0.041895352950478533 0.23210467790714243 0.041693621224600415 -0.01317324464574998 0.010210130733329765 6.5000000000000009 -2.3120827551487944
decision_type=2 2 2 2 2 2 2 2 2
left_child=1 5 -3 -4 7 -1 -7 -2 -9
right_child=4 2 3 -5 -6 6 -8 8 -10
leaf_value=0.028933839854199398 0.0099287501106242598 -0.024023718599392577 0.0091647271308219497 -0.019236016125140913 -0.03149664051479887 -0.0044533274407662256 0.019096848089103009 0.0066952516482649601 -0.014795065902524353
leaf_weight=11.158288463950155 7.6051674783229819 14.71379132568836 48.540047734975815 8.6481907963752729 7.1876941621303549 13.489579603075983 9.5499305278062803 7.3012845665216473 19.684626862406731
leaf_count=49 32 62 209 36 30 56 41 30 82
internal_value=-0.00032312 0.00346103 -0.0019373 0.00411158 -0.00999492 0.0147055 0.00545486 -0.00363979 -0.00840239
internal_weight=147.879 106.1 71.902 57.1882 41.7788 34.1978 23.0395 34.5911 26.9859
internal_count=627 453 307 245 174 146 97 144 112
is_linear=0
shrinkage=0.03


Tree=48
num_leaves=11
num_cat=0
split_feature=19 17 11 38 21 21 21 26 9 35
split_gain=5.95881 9.35513 7.46224 12.513 6.7134 10.7289 7.33402 4.93882 3.77535 2.86579
threshold=0.12877041960359184 1.0847547073702855 -0.01317324464574998 0.0069842386339614556 0.023964648401846925 0.020061749889514383 0.01792529722252402 0.44323964309465569 0.17159440262765219 0.04126255260645207
decision_type=2 2 2 2 2 2 2 2 2 2
left_child=1 2 -1 -4 5 6 -2 8 -6 -7
right_child=4 -3 3 -5 7 9 -8 -9 -10 -11
leaf_value=0.019613853315504106 0.013403253216643927 -0.030945187478480768 0.021609189461370647 -0.018786665556386539 0.0056611002853708481 0.03229176234618332 -0.022986118161497305 -0.02110824990806006 -0.014429125870853553 0.0067666860820302932
leaf_weight=9.399322956800459 7.4453998059034339 10.733001559972761 7.2135320156812694 24.450806215405464 38.391796559095383 15.709948748350145 8.2100827097892743 8.6440695375204069 8.4848174303770048 8.9449147284030897
leaf_count=39 34 45 30 104 160 71 35 36 35 38
internal_value=-0.00031888 -0.00842554 -0.00102734 -0.00840134 0.00399212 0.0130667 -0.00527264 -0.00256086 0.00127618 0.0247965
internal_weight=147.628 51.7967 41.0637 31.6643 95.831 40.3103 15.6555 55.5207 46.8766 24.6549
internal_count=627 218 173 134 409 178 69 231 195 109
is_linear=0
shrinkage=0.03


Tree=49
num_leaves=7
num_cat=0
split_feature=23 34 36 15 18 19
split_gain=12.1353 6.1509 5.72142 8.51611 3.97441 2.64754
threshold=0.67254865504074723 0.035075048741410771 0.0060657922445945959 64.093155087379984 0.96642114830645875 0.2003779158167471
decision_type=2 2 2 2 2 2
left_child=-1 2 3 -2 -4 -3
right_child=1 5 4 -5 -6 -7
leaf_value=-0.027588795532136872 0.0032547344833628177 -0.021441260600738293 0.013759603284761689 -0.025927010623367892 -0.0068814704777059015 0
leaf_weight=11.450667053461073 46.341438576579094 10.592584505677225 55.48236246407032 8.9655717462301237 7.5438028872013083 6.958789497613906
leaf_count=51 196 44 236 38 32 30
internal_value=-0.000307114 0.00224989 0.00484732 -0.00195379 0.0109227 -0.0131995
internal_weight=147.335 135.885 118.333 55.307 63.0262 17.5514
internal_count=627 576 502 234 268 74
is_linear=0
shrinkage=0.03


end of trees

feature_importances:
volatility=34
return_20d=30
macd_signal=30
vol_ratio=29
bb_bandwidth=27
month=21
ma_20_60_cross=19
macro_usdjpy_ret_20=19
ma_5_20_cross=18
macro_usdjpy_ret_60=18
div_ma_60=17
macd=17
macro_topix_vol_20=15
macro_usdjpy_vol_20=14
macro_nikkei_ret_20=13
atr_pct=10
macro_topix_ret_20=10
rsi=8
macd_hist=8
macd_hist_change=6
gap=6
return_5d=5
return_10d=5
vol_change=5
upper_shadow_pct=5
div_ma_10=3
lower_shadow_pct=3
return_1d=2
bb_pct_b=2
return_3d=1
div_ma_5=1
div_ma_20=1
rsi_change=1
streak=1
price_position_20d=1

parameters:
[boosting: gbdt]
[objective: binary]
[metric: binary_logloss]
[tree_learner: serial]
[device_type: cpu]
[data_sample_strategy: bagging]
[data: ]
[valid: ]
[num_iterations: 50]
[learning_rate: 0.03]
[num_leaves: 15]
[num_threads: 0]
[seed: 43]
[deterministic: 0]
[force_col_wise: 0]
[force_row_wise: 0]
[histogram_pool_size: -1]
[max_depth: 4]
[min_data_in_leaf: 30]
[min_sum_hessian_in_leaf: 0.001]
[bagging_fraction: 0.7]
[pos_bagging_fraction: 1]
[neg_bagging_fraction: 1]
[bagging_freq: 5]
[bagging_seed: 11149]
[bagging_by_query: 0]
[feature_fraction: 0.6]
[feature_fraction_bynode: 1]
[feature_fraction_seed: 21351]
[extra_trees: 0]
[extra_seed: 16806]
[early_stopping_round: 0]
[early_stopping_min_delta: 0]
[first_metric_only: 0]
[max_delta_step: 0]
[lambda_l1: 0.5]
[lambda_l2: 2]
[linear_lambda: 0]
[min_gain_to_split: 0]
[drop_rate: 0.1]
[max_drop: 50]
[skip_drop: 0.5]
[xgboost_dart_mode: 0]
[uniform_drop: 0]
[drop_seed: 2965]
[top_rate: 0.2]
[other_rate: 0.1]
[min_data_per_group: 100]
[max_cat_threshold: 32]
[cat_l2: 10]
[cat_smooth: 10]
[max_cat_to_onehot: 4]
[top_k: 20]
[monotone_constraints: ]
[monotone_constraints_method: basic]
[monotone_penalty: 0]
[feature_contri: ]
[forcedsplits_filename: ]
[refit_decay_rate: 0.9]
[cegb_tradeoff: 1]
[cegb_penalty_split: 0]
[cegb_penalty_feature_lazy: ]
[cegb_penalty_feature_coupled: ]
[path_smooth: 0]
[interaction_constraints: ]
[verbosity: -1]
[saved_feature_importance_type: 0]
[use_quantized_grad: 0]
[num_grad_quant_bins: 4]
[quant_train_renew_leaf: 0]
[stochastic_rounding: 1]
[linear_tree: 0]
[max_bin: 255]
[max_bin_by_feature: ]
[min_data_in_bin: 5]
[bin_construct_sample_cnt: 200000]
[data_random_seed: 179]
[is_enable_sparse: 1]
[enable_bundle: 1]
[use_missing: 1]
[zero_as_missing: 0]
[feature_pre_filter: 1]
[pre_partition: 0]
[two_round: 0]
[header: 0]
[label_column: ]
[weight_column: ]
[group_column: ]
[ignore_column: ]
[categorical_feature: ]
[forcedbins_filename: ]
[precise_float_parser: 0]
[parser_config_file: ]
[objective_seed: 26397]
[num_class: 1]
[is_unbalance: 0]
[scale_pos_weight: 1]
[sigmoid: 1]
[boost_from_average: 1]
[reg_sqrt: 0]
[alpha: 0.9]
[fair_c: 1]
[poisson_max_delta_step: 0.7]
[tweedie_variance_power: 1.5]
[lambdarank_truncation_level: 30]
[lambdarank_norm: 1]
[label_gain: ]
[lambdarank_position_bias_regularization: 0]
[eval_at: ]
[multi_error_top_k: 1]
[auc_mu_weights: ]
[num_machines: 1]
[local_listen_port: 12400]
[time_out: 120]
[machine_list_filename: ]
[machines: ]
[gpu_platform_id: -1]
[gpu_device_id: -1]
[gpu_use_dp: 0]
[num_gpu: 1]

end of parameters

pandas_categorical:[]
