tree
version=v4
num_class=1
num_tree_per_iteration=1
label_index=0
max_feature_idx=44
objective=binary sigmoid:1
feature_names=return_1d return_2d return_3d return_5d return_10d return_20d div_ma_5 div_ma_10 div_ma_20 div_ma_60 ma_5_20_cross ma_20_60_cross rsi rsi_change macd macd_signal macd_hist macd_hist_change bb_pct_b bb_bandwidth atr_pct volatility vol_change vol_ratio candle_body_pct upper_shadow_pct lower_shadow_pct day_of_week month is_month_end is_month_start streak gap price_position_20d macro_usdjpy_ret_20 macro_usdjpy_ret_60 macro_usdjpy_vol_20 macro_topix_ret_20 macro_topix_vol_20 macro_topix_above_200dma macro_nikkei_ret_20 macro_nikkei_above_200dma macro_nikkei_vi macro_jgb10y macro_bias_score
feature_infos=[-0.13954293628808867:0.14084507042253525] [-0.18870388507998692:0.15995975855130795] [-0.22645914396887157:0.16481774960380347] [-0.222587204755201:0.22877263581488938] [-0.2293378818421461:0.26116700201207244] [-0.19903303787268334:0.34080421885299939] [-0.16242542721358996:0.11272595149423205] [-0.19108072916666666:0.13273845300291279] [-0.20326389278529003:0.15820077055806364] [-0.17377812257563999:0.3074126194736474] [-0.097525898842169334:0.10513565891472876] [-0.049194956353055264:0.1468954191271532] [12.652767792954705:93.939393939393938] [-31.195462478184993:28.648322401104174] [-373.67878397242384:1023.432445851653] [-219.24212132089013:887.00424849549995] [-343.5586786260202:253.02416846448864] [-141.48939724939328:88.190580156901945] [-0.42078938242160807:1.4329678010208557] [0.032167733331545684:0.32111946415350284] [0.01407158152340165:0.061011426735808359] [0.007941467328803865:0.054120000295230807] [-0.92507552870090637:7.5500128567755205] [0.50012696940589363:1.9856422339211428] [-1:1] [0:0.9375] [0:0.91156462585034015] [0:4] [1:12] none [0:1] [-9:9] [-0.0813711911357341:0.11468812877263579] [0:1] [-0.10288784967882303:0.08505611680078462] [-0.13986255140503889:0.13160084488587853] [0.0024251968629527628:0.011841457708833433] [-0.90806057657351702:0.19897857359448179] [0.0040695656242548776:0.20202552483846534] [0:1] [-0.22859537662338159:0.23022297972565586] [0:1] none none none
tree_sizes=1373 1203 1200 1290 1285 1193 1204 970 1307 1408 1389 1394 1392 1102 1108 973 1186 997 1271 1260 785 971 892 997 888 1102 1097 967 784 1202 1099 895 1085 894 1001 995 1202 968 1100 1085 1289 1161 1189 994 1175 1184 995 887 886 764

Tree=0
num_leaves=12
num_cat=0
split_feature=5 15 28 14 14 14 16 14 28 15 37
split_gain=19.4999 20.4566 8.9366 11.5109 10.7901 10.3357 7.12646 7.03769 5.03288 13.2172 4.1641
threshold=0.046180661025529764 252.60670489009149 8.5000000000000018 -13.606324112930904 44.702466008774998 13.910612287108963 -35.900372794172597 103.61330325812561 7.5000000000000009 73.222263271082781 0.04630721964690588
decision_type=2 2 2 2 2 2 2 2 2 2 2
left_child=2 8 4 -4 6 -5 -1 -6 9 -2 -3
right_child=1 10 3 5 7 -7 -8 -9 -10 -11 -12
leaf_value=0.051119843125939486 0.060142051034167844 0.07364069909286991 0.064039427247051611 0.011188514437682692 0.027429176348038715 0.050537376823381254 0.080575744252295245 0.062392563479401378 0.01325296486022353 0.021595174973058975 0.047000859989756207
leaf_weight=12.242902874946592 10.493916749954225 9.2446409463882464 13.742033839225767 9.744351267814638 8.7449306249618548 10.493916749954222 25.984936714172363 7.7455099821090689 18.988992214202881 19.988412857055664 7.7455099821090689
leaf_count=49 42 37 55 39 35 42 104 31 76 80 31
internal_value=0.0472954 0.0351341 0.0563284 0.0447002 0.063681 0.030646 0.0721317 0.0444269 0.0254865 0.0352485 0.0618643
internal_weight=155.16 66.4615 88.6986 33.9803 54.7183 20.2383 38.2278 16.4904 49.4713 30.4823 16.9902
internal_count=621 266 355 136 219 81 153 66 198 122 68
is_linear=0
shrinkage=1


Tree=1
num_leaves=10
num_cat=0
split_feature=5 36 12 36 40 34 28 17 1
split_gain=18.4177 9.20092 8.90231 10.8643 11.2596 6.80497 6.57385 4.9737 1.77194
threshold=0.046180661025529764 0.0049466697376167497 30.870531601252988 0.0084297479004498983 -0.010810602206269724 0.011900313398034325 5.5000000000000009 -1.664881223495845 -0.0008782437738686365
decision_type=2 2 2 2 2 2 2 2 2
left_child=2 5 -1 4 -4 -2 7 -3 -8
right_child=1 6 3 -5 -6 -7 8 -9 -10
leaf_value=0.033193512204274592 0.017645383825666466 -0.020538299379221792 -0.018441329394682508 0.03016214434668163 0.0072118327095321792 -0.013067762837443937 -0.011035961544769116 0.0067256864262825317 -0.036065606635330247
leaf_weight=9.2410779446363431 11.491002634167673 8.7454227060079592 19.984688609838486 10.237541437149046 49.206259861588478 10.246244460344313 7.9984916448593166 10.991604968905447 16.997770369052887
leaf_count=37 46 35 80 41 197 41 32 44 68
internal_value=-0.000825353 -0.0126449 0.00795311 0.00408917 -0.00029689 0.00265502 -0.020196 -0.00544303 -0.030023
internal_weight=155.14 66.4705 88.6696 79.4285 69.1909 21.7372 44.7333 19.737 24.9963
internal_count=621 266 355 318 277 87 179 79 100
is_linear=0
shrinkage=0.03


Tree=2
num_leaves=10
num_cat=0
split_feature=33 15 11 11 14 37 28 14 37
split_gain=20.7807 20.9973 13.9029 15.2922 12.8282 9.22521 7.5434 17.2049 1.36219
threshold=0.77356918945883868 252.60670489009149 -0.0014063805756070467 0.025256187727592531 -13.606324112930904 -0.014209913760707125 8.5000000000000018 64.311680640486898 0.0024126158838023719
decision_type=2 2 2 2 2 2 2 2 2
left_child=2 6 8 4 -4 -5 7 -2 -1
right_child=1 -3 3 5 -6 -7 -8 -9 -10
leaf_value=0.011802098248093114 0.019681940484031463 0.016697733872964523 0.0056698308695910579 -0.010464900953212071 -0.029866253996622256 0.021073403422086842 -0.040219888868652708 -0.025520873582423453 0.036826857371590659
leaf_weight=7.9886865466833141 8.4876889586448652 13.483119949698446 15.474566131830214 8.9948026090860349 16.993822693824768 31.971385180950165 15.245686635375021 24.991495296359062 11.479344993829725
leaf_count=32 34 54 62 36 68 128 61 100 46
internal_value=-0.000799367 -0.0140561 0.0080285 0.00155945 -0.0131482 0.0136347 -0.0231848 -0.0131747 0.0293129
internal_weight=155.111 62.208 92.9026 73.4346 32.4684 40.9662 48.7249 33.4792 19.468
internal_count=621 249 372 294 130 164 195 134 78
is_linear=0
shrinkage=0.03


Tree=3
num_leaves=11
num_cat=0
split_feature=10 14 11 5 19 20 40 3 22 19
split_gain=18.1554 12.1331 13.9202 8.71154 8.25578 8.19884 8.63639 5.68214 5.63903 2.99905
threshold=-0.0034228526894219398 228.46672810117892 -0.0014063805756070467 0.063627670601891687 0.16831352326826332 0.024294224753054119 -0.010810602206269724 -0.027179026617984488 -0.042118971096243844 0.16500401960755684
decision_type=2 2 2 2 2 2 2 2 2 2
left_child=5 2 8 -4 -3 6 -1 -7 -2 -9
right_child=1 4 3 -5 -6 7 -8 9 -10 -11
leaf_value=0 0.024751309436525374 0.028209817650130031 -0.0098582831598745639 -0.033601668370975349 -0.0062715285878531032 0.016439790478761325 0.03690632487147974 -0.020552609553505689 -0.0049616793464508056 0.0025376091637738084
leaf_weight=7.4919638186693218 8.2330875694751757 10.478303387761118 41.217912316322327 23.99076384305954 10.23953205347061 11.233637899160387 16.205951616168022 7.9930048882961255 10.482387185096739 7.4814728051424026
leaf_count=30 33 42 165 96 41 45 65 32 42 30
internal_value=-0.000764775 -0.00794986 -0.0130701 -0.0195568 0.0114558 0.0135992 0.0257393 0.00126223 0.0085129 -0.009518
internal_weight=155.048 104.642 83.9242 65.2087 20.7178 50.406 23.6979 26.7081 18.7155 15.4745
internal_count=621 419 336 261 83 202 95 107 75 62
is_linear=0
shrinkage=0.03


Tree=4
num_leaves=11
num_cat=0
split_feature=33 14 11 11 14 40 28 14 36 40
split_gain=19.0969 14.3795 12.8579 14.3834 11.8379 7.765 7.36561 15.6768 4.85012 1.25062
threshold=0.77356918945883868 236.80536126487189 -0.0014063805756070467 0.025256187727592531 -13.606324112930904 0.016764781094801843 8.5000000000000018 64.311680640486898 0.0048775667393845187 0.00059720521097250689
decision_type=2 2 2 2 2 2 2 2 2 2
left_child=2 6 9 4 -4 -5 7 -2 -3 -1
right_child=1 8 3 5 -6 -7 -8 -9 -10 -11
leaf_value=0.011304009224051779 0.019240446432386704 0.023758648944874595 0.0053137415547473803 0 -0.028809298214126457 0.024997877907257104 -0.039215080856161731 -0.024107132694529708 -0.0056700510461166085 0.03548233647574868
leaf_weight=7.9805685579776791 8.4804146587848646 8.2225541919469816 15.463572353124617 19.72860911488533 16.993171781301498 21.206736743450165 13.987783715128897 23.985230639576912 7.4909431636333457 11.442036151885985
leaf_count=32 34 33 62 79 68 85 56 96 30 46
internal_value=-0.000728282 -0.0134444 0.00773463 0.00150655 -0.0127517 0.0132284 -0.0217063 -0.0118896 0.0098264 0.0282307
internal_weight=154.982 62.1669 92.8147 73.3921 32.4567 40.9353 46.4534 32.4656 15.7135 19.4226
internal_count=621 249 372 294 130 164 186 130 63 78
is_linear=0
shrinkage=0.03


Tree=5
num_leaves=10
num_cat=0
split_feature=5 36 15 28 15 12 10 19 14
split_gain=19.2124 17.4056 14.2608 12.0778 21.6533 7.7887 11.593 6.42461 6.19803
threshold=0.010374341475477224 0.0080059099677748762 252.60670489009149 7.5000000000000009 71.921522820601425 32.956537154301607 -0.026398738762540504 0.19824708268201682 157.09542454833721
decision_type=2 2 2 2 2 2 2 2 2
left_child=1 5 3 4 -2 -1 -7 -4 -5
right_child=2 -3 7 8 -6 6 -8 -9 -10
leaf_value=0.022395456383430479 0.019903701050629601 0.041951182183218791 0.027497892517583895 -0.035199431990201951 -0.020260216696071837 -0.03051734779830086 0.006419255575310201 -0.0029797184235035362 -0.0014137096713848776
leaf_weight=13.1928164511919 18.70760677754879 12.94080677628517 10.703637570142748 22.711365625262264 26.721042096614838 8.2376986443996376 27.419824436306957 9.9857122302055341 7.4870356917381278
leaf_count=53 75 52 43 91 107 33 110 40 30
internal_value=0.000556471 0.0134574 -0.00767283 -0.0137578 -0.00326251 0.00426105 -0.0028832 0.0131608 -0.027897
internal_weight=158.108 61.7911 96.3164 75.6271 45.4286 48.8503 35.6575 20.6893 30.1984
internal_count=634 248 386 303 182 196 143 83 121
is_linear=0
shrinkage=0.03


Tree=6
num_leaves=10
num_cat=0
split_feature=5 11 34 35 10 24 34 38 21
split_gain=18.1955 11.198 9.61899 10.7131 9.5549 7.12882 6.69829 9.75065 4.35877
threshold=0.010374341475477224 0.081702273032841846 0.016536368096459756 0.033399540715166161 0.010144602076362143 0.04210992907801419 -0.040001457624276641 0.013203536419604469 0.012605765699873256
decision_type=2 2 2 2 2 2 2 2 2
left_child=6 2 4 -4 -2 -3 -1 8 -8
right_child=1 5 3 -5 -6 -7 7 -9 -10
leaf_value=0.033456037719572077 0.002833264004405262 0.026088387727027717 0.019360491274419848 -0.01460845128795232 -0.027755064766914313 -0.0069918167025861573 -0.0025638057893234106 -0.017194231715388343 0.018845773480983471
leaf_weight=10.427311211824415 10.479942321777342 10.958063021302225 13.219274029135706 16.463877022266388 36.663430362939835 8.4643976092338544 9.2148002684116346 9.2362489849328977 32.850640565156937
leaf_count=42 42 44 53 66 147 34 37 37 132
internal_value=0.000548022 -0.00745996 -0.0126585 0.000313226 -0.0208115 0.0116649 0.0131118 0.00759518 0.0139119
internal_weight=157.978 96.249 76.8265 29.6832 47.1434 19.4225 61.729 51.3017 42.0654
internal_count=634 386 308 119 189 78 248 206 169
is_linear=0
shrinkage=0.03


Tree=7
num_leaves=8
num_cat=0
split_feature=36 5 33 15 14 19 32
split_gain=17.8071 11.3306 10.2306 7.20401 15.8885 11.116 2.33835
threshold=0.0080059099677748762 0.010374341475477224 0.19966432706635293 144.31264233192647 58.882128390427177 0.19824708268201682 1.0000000180025095e-35
decision_type=2 2 2 2 2 2 2
left_child=2 -2 6 4 -4 -5 -1
right_child=1 -3 3 5 -6 -7 -8
leaf_value=0.0037820702141495742 0.040416018064072849 0.00012915309401814449 0 0.016914057873161321 -0.026132423303537086 -0.017885023381649098 0.026940739373894889
leaf_weight=11.19754032790661 12.871589258313181 12.215284153819082 45.826780810952187 20.914137080311779 36.654180467128754 10.732051774859427 7.4573225975036612
leaf_count=45 52 49 184 84 147 43 30
internal_value=0.000541087 0.0228113 -0.00383125 -0.0073289 -0.0119665 0.00430533 0.0154783
internal_weight=157.869 25.0869 132.782 114.127 82.481 31.6462 18.6549
internal_count=634 101 533 458 331 127 75
is_linear=0
shrinkage=0.03


Tree=8
num_leaves=11
num_cat=0
split_feature=5 15 28 15 11 14 14 38 6 40
split_gain=16.2182 12.6598 11.6951 19.9991 6.34231 5.66882 5.45508 3.98119 3.68192 1.0559
threshold=0.010374341475477224 252.60670489009149 7.5000000000000009 71.921522820601425 -0.00073884822194969491 608.14614321109195 157.09542454833721 0.007566951312943845 -0.0086430986347200301 1.0000000180025095e-35
decision_type=2 2 2 2 2 2 2 2 2 2
left_child=4 2 3 -2 9 -3 -4 -6 -9 -1
right_child=1 5 6 -5 7 -7 -8 8 -10 -11
leaf_value=0.011816761991154799 0.019767259269936107 0.023737239691246741 -0.033543790322007487 -0.018859794362507308 0.01988077223676386 -0.0055133667480328297 -0.001585831659030177 0.010844702093063563 -0.0085753260775338885 0.033774456447927467
leaf_weight=9.6898967176675814 18.694724604487419 12.927069723606111 22.648414433002475 26.678631469607353 9.6937603354454023 7.7226190716028205 7.4842497855424872 12.958066076040266 19.146709531545639 10.106267988681791
leaf_count=39 75 52 91 107 39 31 30 52 77 41
internal_value=0.000547494 -0.00700839 -0.0127556 -0.00246542 0.0124283 0.0126149 -0.0266658 0.00487132 -0.000120926 0.0257852
internal_weight=157.75 96.1557 75.506 45.3734 61.5947 20.6497 30.1327 41.7985 32.1048 19.7962
internal_count=634 386 303 182 248 83 121 168 129 80
is_linear=0
shrinkage=0.03


Tree=9
num_leaves=12
num_cat=0
split_feature=15 15 16 19 3 20 19 33 15 21 40
split_gain=12.2554 12.1676 11.4079 8.15325 9.87382 8.26557 12.4823 6.81989 6.28734 4.41745 0.606691
threshold=35.941964644138359 144.31264233192647 -35.900372794172597 0.077627089217851927 -0.0024418951132300078 0.024294224753054119 0.18503046171283677 0.9209579704657328 106.09848828709475 0.020972697416407619 0.018107584634312616
decision_type=2 2 2 2 2 2 2 2 2 2 2
left_child=3 2 -2 4 -1 10 -7 9 -4 -3 -5
right_child=1 7 8 5 -6 6 -8 -9 -10 -11 -12
leaf_value=0.018563956104744796 0.013248535456936307 0.021413942371132942 -0.012595620941084067 0.015870813349066509 -0.020102441779311073 -0.019566135106939223 0.021787629931881901 -0.015651418198819555 -0.039163378187957884 -0.00095924933172293766 0.036062011462678553
leaf_weight=7.6991829276084927 8.4621517211198789 18.402005180716518 33.36093732714653 11.9145365357399 12.923541739583014 9.959568142890932 12.377803832292555 7.4704449772834769 12.183745235204695 10.727869138121603 12.104173645377157
leaf_count=31 34 74 134 48 52 40 50 30 49 43 49
internal_value=0.000551147 -0.00648779 -0.0153958 0.0102027 -0.00463889 0.0170344 0.00264021 0.00638472 -0.0213668 0.0131603 0.0286125
internal_weight=157.586 90.6072 54.0068 66.9788 20.6227 46.3561 22.3374 36.6003 45.5447 29.1299 24.0187
internal_count=634 364 217 270 83 187 90 147 183 117 97
is_linear=0
shrinkage=0.03


Tree=10
num_leaves=12
num_cat=0
split_feature=15 28 15 15 21 16 11 14 35 2 19
split_gain=15.65 17.5016 13.6708 10.3698 9.21907 8.57686 8.42462 8.32365 8.16503 7.02061 4.17926
threshold=35.941964644138359 8.5000000000000018 138.69226775952015 106.09848828709475 0.02070328926618362 -27.370194926771923 0.025256187727592531 -15.774588834231961 0.043722797556203126 0.012702785231643922 0.082927457317417172
decision_type=2 2 2 2 2 2 2 2 2 2 2
left_child=1 5 3 6 9 -1 -2 -3 -9 -4 -7
right_child=2 7 4 -5 -6 10 -8 8 -10 -11 -12
leaf_value=-0.00049363507693813259 -0.026787316197830997 0.010212877114564547 0.027852399179791956 -0.039970763792310175 -0.014286528693629248 0.0072877013049156177 0.0014023499201312685 0 -0.0383687480297846 -0.0029734381695873061 0.038836177790291602
leaf_weight=8.6940195858478528 12.935835048556326 13.882088184356691 13.919065952301027 13.639991924166678 12.46879070997238 7.4425160884857204 23.405773282051086 10.194175928831102 7.7203374803066245 9.4430641829967481 19.498431459069252
leaf_count=35 52 56 56 55 50 30 94 41 31 38 79
internal_value=-0.000635355 0.00991365 -0.00913259 -0.0190376 0.00456373 0.0238728 -0.00911446 -0.00577371 -0.0186966 0.0155491 0.031745
internal_weight=153.244 67.4316 85.8125 49.9816 35.8309 35.635 36.3416 31.7966 17.9145 23.3621 26.9409
internal_count=617 272 345 201 144 144 146 128 72 94 109
is_linear=0
shrinkage=0.03


Tree=11
num_leaves=12
num_cat=0
split_feature=15 28 15 15 21 7 11 16 1 11 19
split_gain=14.8515 17.454 13.1251 9.72404 8.74402 8.72405 8.37594 8.3226 7.43745 5.09446 4.04444
threshold=37.56692836063381 8.5000000000000018 138.69226775952015 106.09848828709475 0.02070328926618362 -0.01240238349401061 0.025256187727592531 -27.370194926771923 0.015484904485951636 -0.00031464479106596549 0.082927457317417172
decision_type=2 2 2 2 2 2 2 2 2 2 2
left_child=1 7 3 6 8 -3 -2 -1 -4 -7 -9
right_child=2 5 4 -5 -6 9 -8 10 -10 -11 -12
leaf_value=-0.00048158241950802878 -0.027057036251911696 0.018106893629721059 0.02641687774019533 -0.039046644658766762 -0.013915089196601726 0 0.0013636038327133038 0.0071187828506927677 -0.0060933534066688151 -0.027421515820794381 0.038161369656705857
leaf_weight=8.6943064928054792 12.419842198491095 7.6727141141891471 15.383867949247362 13.591970354318617 12.470925271511076 12.39255638420582 23.405544474720955 7.4380677491426495 7.9527967721223822 11.955517709255217 19.661275431513786
leaf_count=35 50 31 62 55 50 50 94 30 32 48 80
internal_value=-0.000631285 0.00958595 -0.00896661 -0.0187549 0.00442285 -0.00600878 -0.00900229 0.0235135 0.0151394 -0.0149751 0.0312313
internal_weight=153.039 67.8144 85.2249 49.4174 35.8076 32.0208 35.8254 35.7936 23.3367 24.3481 27.0993
internal_count=617 274 343 199 144 129 144 145 94 98 110
is_linear=0
shrinkage=0.03


Tree=12
num_leaves=12
num_cat=0
split_feature=14 19 14 14 20 20 19 40 28 0 20
split_gain=12.0837 13.044 11.3864 8.93584 8.50228 7.65694 6.05471 5.04528 4.75954 4.61165 4.48969
threshold=55.1875823397395 0.076730988372317094 157.09542454833721 -15.774588834231961 0.024294224753054119 0.018687548360719442 0.17833275307074767 -0.010810602206269724 8.5000000000000018 0.0026207824511567117 0.030487701762907556
decision_type=2 2 2 2 2 2 2 2 2 2 2
left_child=1 3 5 -1 8 -2 9 -6 -3 -4 -7
right_child=2 4 6 -5 7 10 -8 -9 -10 -11 -12
leaf_value=0.009727210304036206 0.004991424650619739 0.035921416722991428 0.029891607874281183 -0.024189119077151468 0.014832027008980132 -0.030953097091248088 -0.0092280004849782885 -0.0091123548089846722 0.007373750054551367 0 -0.0018656727569111486
leaf_weight=9.9126069992780703 7.6940398365259162 16.92786027491093 7.6593552976846757 14.423990622162817 13.373256117105486 26.256767973303795 14.683902591466902 13.877950385212896 11.131746038794516 9.4350115656852704 7.4277762472629538
leaf_count=40 31 69 31 58 54 106 59 56 45 38 30
internal_value=-0.000624271 0.00727116 -0.00938452 -0.0101154 0.015269 -0.0194528 0.00365695 0.00233601 0.0263392 0.0153178 -0.0254234
internal_weight=152.804 79.6474 73.1569 24.3366 55.3108 41.3786 31.7783 27.2512 28.0596 17.0944 33.6845
internal_count=617 322 295 98 224 167 128 110 114 69 136
is_linear=0
shrinkage=0.03


Tree=13
num_leaves=9
num_cat=0
split_feature=5 36 16 34 32 23 28 38
split_gain=13.2906 7.51965 6.09955 5.08379 9.57552 4.65394 4.64364 3.64784
threshold=-0.031317068725509593 0.007901969307132101 -35.900372794172597 0.024257073114636766 -0.0032910935738443832 0.95904597642246248 9.5000000000000018 0.0078995966504895147
decision_type=2 2 2 2 2 2 2 2
left_child=2 3 -1 4 -2 -3 -4 -5
right_child=1 5 6 7 -6 -7 -8 -9
leaf_value=-0.00075465573116394907 -0.019934152293895158 -0.0036873253071235709 0.035706016482423428 -0.0010151830596893253 0.0027188853804818 0.022094794597589507 0.0040985743123693394 -0.026823404152705791
leaf_weight=11.189686208963396 22.053330570459366 9.6011859029531497 12.200854048132898 8.4289973974227923 51.738583162426949 11.098422929644583 8.418706998229025 17.890346646308899
leaf_count=45 89 39 50 34 209 45 34 72
internal_value=-0.000588889 -0.00525897 0.0159662 -0.00874035 -0.00420063 0.0102041 0.0249677 -0.0197432
internal_weight=152.62 120.811 31.8092 100.111 73.7919 20.6996 20.6196 26.3193
internal_count=617 488 129 404 298 84 84 106
is_linear=0
shrinkage=0.03


Tree=14
num_leaves=9
num_cat=0
split_feature=11 36 11 34 32 33 34 16
split_gain=13.5566 10.3149 8.17185 7.62534 6.97276 5.79664 5.33423 2.2022
threshold=-0.0014063805756070467 0.0079849886195329772 0.026552506589632045 0.026734174904065603 -0.0014707612745146201 0.80653058001342448 0.022728273737840036 13.246909170625203
decision_type=2 2 2 2 2 2 2 2
left_child=6 2 3 -2 -4 -3 7 -1
right_child=1 5 4 -5 -6 -7 -8 -9
leaf_value=0.03652830983071402 -0.028293749367774419 0.026558168677371038 -0.013187542805647229 0.00045503914300707669 0.0052653436514237947 -0.0036797200200778769 -0.00027559414496255871 0.0097664081158698908
leaf_weight=9.2544814199209267 25.269471198320389 11.252413615584375 29.281652539968491 10.397445619106291 41.83743391931057 7.9169400185346595 8.4096835851669294 8.8914502114057523
leaf_count=38 102 46 118 42 169 32 34 36
internal_value=-0.000566602 -0.00482321 -0.00857301 -0.0199356 -0.00227997 0.0141935 0.0180213 0.026431
internal_weight=152.511 125.955 106.786 35.6669 71.1191 19.1694 26.5556 18.1459
internal_count=617 509 431 144 287 78 108 74
is_linear=0
shrinkage=0.03


Tree=15
num_leaves=8
num_cat=0
split_feature=18 2 5 36 17 28 38
split_gain=11.2593 11.0406 7.74933 7.25136 7.10587 4.89874 3.18533
threshold=0.90884545707240394 0.030967134232148478 0.04735431662445589 0.0047892167367912736 8.2881254171659737 5.5000000000000009 0.009677402616270073
decision_type=2 2 2 2 2 2 2
left_child=1 2 4 -4 -1 -2 -7
right_child=5 -3 3 -5 -6 6 -8
leaf_value=0.010395512993287177 0 0.029295688654752034 0.0086650653644514929 -0.017031319704793355 -0.017097076707131207 -0.036355179288141894 -0.0058327384975933134
leaf_weight=67.746942237019539 10.891752541065218 12.561202585697172 12.344854906201361 28.130990013480186 7.4374815225601187 8.8965220153331774 7.4322006404399863
leaf_count=274 44 51 50 114 30 36 30
internal_value=0.000761708 0.00461837 0.00135841 -0.00880198 0.00710897 -0.0159644 -0.0254333
internal_weight=155.442 128.221 115.66 40.4758 75.1844 27.2205 16.3287
internal_count=629 519 468 164 304 110 66
is_linear=0
shrinkage=0.03


Tree=16
num_leaves=10
num_cat=0
split_feature=33 14 32 36 14 15 22 40 35
split_gain=14.3642 13.3835 9.97841 7.28257 6.8394 5.62243 5.26703 6.00747 2.49402
threshold=0.80302527176762573 518.24360963792708 -0.0061799228951344145 0.0081533690308582801 -12.339675316587089 23.106425891412503 0.32989376751984495 0.025287881130586446 0.027902596173809194
decision_type=2 2 2 2 2 2 2 2 2
left_child=2 3 4 5 -1 -2 7 -4 -6
right_child=1 -3 6 -5 8 -7 -8 -9 -10
leaf_value=0.012964018296191603 0 0.020836430676787459 0.0004604188766427569 0.0062764291126518029 -0.026267495678688857 -0.028224531718310811 0.028992556493759862 0.01973485300504697 -0.0016639561526329753
leaf_weight=7.3999801576137569 7.6274423450231543 7.6717834025621405 38.824468061327934 7.6707075238227835 10.393607944250109 31.105953454971313 13.816197544336317 23.119256690144539 7.6928056180477133
leaf_count=30 31 31 157 31 42 126 56 94 31
internal_value=0.000722963 -0.0114045 0.00744101 -0.0176854 -0.00799726 -0.0228742 0.0128996 0.00828105 -0.0177571
internal_weight=155.322 54.0759 101.246 46.4041 25.4864 38.7334 75.7599 61.9437 18.0864
internal_count=629 219 410 188 103 157 307 251 73
is_linear=0
shrinkage=0.03


Tree=17
num_leaves=8
num_cat=0
split_feature=33 15 36 38 11 15 38
split_gain=13.5456 12.7192 8.19192 8.96794 6.96792 6.92332 5.12452
threshold=0.80302527176762573 388.45270814399754 0.0080059099677748762 0.013978989532805214 -0.0020138272877023296 8.7449663352790505 0.010656253427988588
decision_type=2 2 2 2 2 2 2
left_child=2 5 3 4 -1 -2 -7
right_child=1 -3 -4 -5 -6 6 -8
leaf_value=0.023590631083092041 0.0051734073718033863 0.020370426979156326 0.026536528427988187 -0.024149448772617172 0.0016637846430674003 -0.028602242573223236 -0.0014154432964913245
leaf_weight=15.170829832553862 8.3534323275089246 7.6578309535980216 14.856878772377966 7.4775800853967658 63.646410897374153 28.357122868299484 9.6275933235883695
leaf_count=62 34 31 61 30 257 115 39
internal_value=0.000720937 -0.0110623 0.00724891 0.00323251 0.00654925 -0.0171951 -0.0225021
internal_weight=155.148 53.996 101.152 86.2948 78.8172 46.3381 37.9847
internal_count=629 219 410 349 319 188 154
is_linear=0
shrinkage=0.03


Tree=18
num_leaves=11
num_cat=0
split_feature=33 14 20 23 35 5 35 36 15 36
split_gain=12.7878 12.0982 8.32576 10.4335 8.93494 7.62042 8.02867 6.87104 5.10782 3.72766
threshold=0.80302527176762573 518.24360963792708 0.024294224753054119 1.0418092888268395 0.031891721255214008 -0.035951304090934659 0.0087343649833020471 0.0081533690308582801 23.106425891412503 0.007036075324096564
decision_type=2 2 2 2 2 2 2 2 2 2
left_child=2 7 5 4 -4 -1 -7 8 -2 -5
right_child=1 -3 3 9 -6 6 -8 -9 -10 -11
leaf_value=0.035092984603911137 0 0.019917667512130092 -0.023275201705249628 0 0.0062851792504208179 0.023972491483316809 -0.0021347968103893849 0.0064567266550292247 -0.026916761964269505 0.028927527048886657
leaf_weight=11.665152177214621 7.6249300092458716 7.6426404267549506 19.813742280006409 7.400001883506774 13.620909214019774 14.761599883437155 25.656687378883362 7.6685325652360907 30.979694873094559 8.1305733919143659
leaf_count=48 31 31 80 30 55 60 104 31 126 33
internal_value=0.000711958 -0.0107429 0.0070593 -0.00156725 -0.0111343 0.0152048 0.00772723 -0.0167331 -0.0218001 0.0170938
internal_weight=154.964 53.9158 101.049 48.9652 33.4347 52.0834 40.4183 46.2732 38.6046 15.5306
internal_count=629 219 410 198 135 212 164 188 157 63
is_linear=0
shrinkage=0.03


Tree=19
num_leaves=11
num_cat=0
split_feature=33 15 20 23 5 11 36 15 11 36
split_gain=12.0937 11.5017 7.88318 9.91422 7.29484 6.8656 6.53487 4.84939 4.81554 3.55558
threshold=0.80302527176762573 388.45270814399754 0.024294224753054119 1.0418092888268395 -0.035951304090934659 0.037728353108493547 0.0081533690308582801 23.106425891412503 0.025256187727592531 0.007036075324096564
decision_type=2 2 2 2 2 2 2 2 2 2
left_child=2 6 4 5 -1 -4 7 -2 -6 -5
right_child=1 -3 3 9 8 -7 -8 -9 -10 -11
leaf_value=0.034353692759390105 0 0.019477542234587465 -0.02420780494303304 0 -0.0017337733362964558 0.0013453449904599899 0.0063029547091774394 -0.026224914711242813 0.01779619026199019 0.028284822550668328
leaf_weight=11.602681323885916 7.6249300092458716 7.6263173669576636 15.556869089603422 7.400001883506774 21.359977662563324 17.877659499645233 7.66874174773693 30.897077053785324 19.033327743411064 8.1115894466638547
leaf_count=48 31 31 63 30 87 72 31 126 77 33
internal_value=0.000725291 -0.0104227 0.00690154 -0.001485 0.0148366 -0.0108163 -0.0162741 -0.021228 0.00752034 0.0167098
internal_weight=154.759 53.8171 100.942 48.9461 51.996 33.4345 46.1907 38.522 40.3933 15.5116
internal_count=629 219 410 198 212 135 188 157 164 63
is_linear=0
shrinkage=0.03


Tree=20
num_leaves=6
num_cat=0
split_feature=11 12 37 11 21
split_gain=23.4021 8.22976 6.12217 10.437 0.15633
threshold=-0.012092608805547521 77.919005613472351 -0.05215646391575967 0.026552506589632045 0.013844586107456484
decision_type=2 2 2 2 2
left_child=4 2 -2 -4 -1
right_child=1 -3 3 -5 -6
leaf_value=0.015373740243441994 0.019620949691893527 -0.025317728143273384 -0.014621840625342481 0.0031424768848013576 0.037267336362488038
leaf_weight=8.5949543416500109 8.3266964107751829 14.243428274989126 49.133915886282921 67.570520803332329 8.8719301223754865
leaf_count=35 34 58 200 274 37
internal_value=-0.000785071 -0.0051154 -0.00233351 -0.00433049 0.029951
internal_weight=156.741 139.275 125.031 116.704 17.4669
internal_count=638 566 508 474 72
is_linear=0
shrinkage=0.03


Tree=21
num_leaves=8
num_cat=0
split_feature=11 36 11 12 12 14 21
split_gain=22.3423 19.501 9.0745 8.86092 5.0595 3.51888 0.149862
threshold=-0.012092608805547521 0.0080310362892089832 0.026552506589632045 72.126007400766341 34.666902312429073 27.150119429051305 0.013844586107456484
decision_type=2 2 2 2 2 2 2
left_child=6 2 4 -4 -2 -3 -1
right_child=1 5 3 -5 -6 -7 -8
leaf_value=0.015017212287942946 0 0.03262627017600267 0.0021931931857855562 -0.022759109644320645 -0.024487283391490727 0.0054377250061392627 0.036575496608735832
leaf_weight=8.582707807421686 7.9038845449686042 9.5670645385980624 59.473439618945122 14.000293031334875 37.394011288881302 10.878734633326529 8.8073578923940641
leaf_count=35 32 40 241 57 152 44 37
internal_value=-0.000740044 -0.00496811 -0.00976227 -0.00283979 -0.0200786 0.0206017 0.0293556
internal_weight=156.607 139.217 118.772 73.4737 45.2979 20.4458 17.3901
internal_count=638 566 482 298 184 84 72
is_linear=0
shrinkage=0.03


Tree=22
num_leaves=7
num_cat=0
split_feature=11 36 11 12 13 20
split_gain=21.3258 18.5636 8.56003 8.41236 5.69302 3.57175
threshold=-0.012092608805547521 0.0080310362892089832 0.026552506589632045 72.126007400766341 -5.0960857154041959 0.025239037995707623
decision_type=2 2 2 2 2 2
left_child=-1 2 4 -4 -2 -3
right_child=1 5 3 -5 -6 -7
leaf_value=0.028780631146942605 0.00070727204400398264 0.0060610055023756189 0.002129634737450415 -0.022192767540598048 -0.024478899579252273 0.033515484590503346
leaf_weight=17.308700188994408 8.6347249299287778 11.872857302427294 59.4706891477108 13.978211835026739 36.594527795910835 8.5094534456729871
leaf_count=72 35 49 241 57 149 35
internal_value=-0.000687578 -0.00481785 -0.00949568 -0.00276599 -0.0195267 0.0201638
internal_weight=156.369 139.06 118.678 73.4489 45.2293 20.3823
internal_count=638 566 482 298 184 84
is_linear=0
shrinkage=0.03


Tree=23
num_leaves=8
num_cat=0
split_feature=11 36 11 28 13 14 21
split_gain=20.2457 17.6713 8.07076 8.01473 5.40668 3.48076 0.267768
threshold=-0.012092608805547521 0.0080310362892089832 0.026552506589632045 5.5000000000000009 -5.0960857154041959 27.150119429051305 0.013844586107456484
decision_type=2 2 2 2 2 2 2
left_child=6 2 4 -4 -2 -3 -1
right_child=1 5 3 -5 -6 -7 -8
leaf_value=0.014007097097751001 0.00069003877280616565 0.031697024649501908 -0.015855021220485779 0.0042615014941249042 -0.023819036913715199 0.0048199161752417573 0.03540094349114821
leaf_weight=8.5425953567028063 8.6348081827163679 9.4711837619543093 25.247381880879402 48.173894688487053 36.536339476704597 10.866445407271383 8.6815463155508024
leaf_count=35 35 40 102 196 149 44 37
internal_value=-0.000647003 -0.00466993 -0.00923567 -0.00269409 -0.0189853 0.0197254 0.0281317
internal_weight=156.154 138.93 118.592 73.4213 45.1711 20.3376 17.2241
internal_count=638 566 482 298 184 84 72
is_linear=0
shrinkage=0.03


Tree=24
num_leaves=7
num_cat=0
split_feature=11 37 15 1 10 40
split_gain=19.3315 6.85865 10.5097 10.9668 9.74173 0.054309
threshold=-0.011173433392235975 -0.05215646391575967 138.69226775952015 0.0175342332306937 0.012105601025712455 0.016764781094801843
decision_type=2 2 2 2 2 2
left_child=5 -2 4 -4 -3 -1
right_child=1 2 3 -5 -6 -7
leaf_value=0.012797901539136724 0.018754357566461759 -0.002851346059758458 0.017215881876824227 -0.017841421077221243 -0.022543218609886197 0.032092338588270826
leaf_weight=7.8989979475736645 8.2427506595849973 54.27766615152359 25.459765449166298 9.169085353612898 40.405700385570526 10.47306679189205
leaf_count=33 34 221 103 37 166 44
internal_value=-0.000594476 -0.00466383 -0.00653371 0.00705651 -0.0117024 0.0266039
internal_weight=155.927 137.555 129.312 34.6289 94.6834 18.3721
internal_count=638 561 527 140 387 77
is_linear=0
shrinkage=0.03


Tree=25
num_leaves=9
num_cat=0
split_feature=11 12 11 36 14 21 38 25
split_gain=11.2201 10.3841 11.9241 10.0777 6.94546 6.44128 1.09695 0.0430717
threshold=-0.00031464479106596549 77.248157072480154 0.025256187727592531 0.0078295656473835618 49.318767787352506 0.014583261516187973 0.0088568644922364919 0.20907845152449472
decision_type=2 2 2 2 2 2 2 2
left_child=5 2 3 -2 -4 6 -1 -7
right_child=1 -3 4 -5 -6 7 -8 -9
leaf_value=0.008007111504018255 -0.023265721303944144 -0.028529357467587457 0.02150284065549905 0.0093955892356301658 0.00082519399744391273 0.013421853799693439 -0.005727027648866098 0.033478511559754974
leaf_weight=8.726449668407442 26.213223189115524 10.972495496273039 18.923379361629486 10.097627803683279 54.708608135581017 7.8804098814725902 7.5651431381702414 9.6964000761508924
leaf_count=36 107 45 77 42 222 33 31 41
internal_value=0.00107903 -0.0031414 -9.19175e-06 -0.0137751 0.00676576 0.0158998 0.000880625 0.0275424
internal_weight=154.784 120.915 109.943 36.3109 73.632 33.8684 16.2916 17.5768
internal_count=634 493 448 149 299 141 67 74
is_linear=0
shrinkage=0.03


Tree=26
num_leaves=9
num_cat=0
split_feature=5 35 40 38 23 23 18 21
split_gain=9.10331 7.83284 9.41835 7.36482 7.35119 3.5864 5.77751 0.224546
threshold=-0.034192647261691238 -0.023776328745680971 -0.01725763975552624 0.010352744729166133 0.95636294087487406 0.82772193871223654 0.14317205682811732 0.017956745988047546
decision_type=2 2 2 2 2 2 2 2
left_child=5 4 -3 -4 -2 -1 -7 -6
right_child=1 2 3 -5 7 6 -8 -9
leaf_value=0.030835535049172542 -0.0040782569357710116 -0.025775690288881454 -0.0074145544044949248 0.012716803784078728 0.011133814294705783 0.024013888001391114 -0.0049307047928516074 0.030690415697443709
leaf_weight=8.2879052907228488 14.358602896332743 16.912179291248322 58.32207553088665 20.205683156847954 8.0284462571144086 8.2440494447946566 12.917143493890761 7.2696367204189292
leaf_count=35 59 69 239 82 33 34 53 30
internal_value=0.00106524 -0.00242273 -0.0066949 -0.00186117 0.0104063 0.0155706 0.0067979 0.0237682
internal_weight=154.546 125.097 95.4399 78.5278 29.6567 29.4491 21.1612 15.2981
internal_count=634 512 390 321 122 122 87 63
is_linear=0
shrinkage=0.03


Tree=27
num_leaves=8
num_cat=0
split_feature=11 12 11 18 21 35 35
split_gain=10.5815 9.89313 11.2521 6.32657 6.00806 5.21459 3.83819
threshold=-0.00031464479106596549 77.248157072480154 0.026552506589632045 0.77706009825782774 0.014583261516187973 -0.0048633063187535344 0.04196337677817575
decision_type=2 2 2 2 2 2 2
left_child=4 2 5 -4 6 -2 -1
right_child=1 -3 3 -5 -6 -7 -8
leaf_value=0.014447463248458541 0 -0.027859550524366325 0.01349819631948238 -0.0045776372811092963 0.026788882066395115 -0.021090053273474494 -0.011523736530010563
leaf_weight=8.2393545210361498 16.059693932533264 10.929052397608755 45.791209429502487 24.587955132126808 17.451187029480934 23.290955394506454 8.0405612885951978
leaf_count=34 66 45 186 100 74 96 33
internal_value=0.00106031 -0.00303673 0 0.00702392 0.0154852 -0.0125916 0.00094245
internal_weight=154.39 120.659 109.73 70.3792 33.7311 39.3506 16.2799
internal_count=634 493 448 286 141 162 67
is_linear=0
shrinkage=0.03


Tree=28
num_leaves=6
num_cat=0
split_feature=11 12 14 14 16
split_gain=10.0986 10.3395 7.73204 8.59659 6.12908
threshold=-0.018852209873466915 32.956537154301607 157.09542454833721 44.702466008774998 45.720698132313778
decision_type=2 2 2 2 2
left_child=-1 -2 3 -3 -4
right_child=1 2 4 -5 -6
leaf_value=0.026472660454246698 0.022611668360862595 0.00032363152290035827 0.017159979346845683 -0.016928722147624489 -0.0086346028112294984
leaf_weight=10.926575869321821 12.675447940826414 50.598216876387596 21.657929256558418 47.943546131253242 10.371511563658713
leaf_count=47 52 208 88 197 42
internal_value=0.00102275 -0.00115304 -0.00387951 -0.00809075 0.00835002
internal_weight=154.173 143.247 130.571 98.5418 32.0294
internal_count=634 587 535 405 130
is_linear=0
shrinkage=0.03


Tree=29
num_leaves=10
num_cat=0
split_feature=11 15 14 11 19 18 8 34 2
split_gain=9.77123 9.72433 21.104 12.8418 10.8127 4.59787 4.07724 3.6255 3.29697
threshold=-0.00031464479106596549 142.44007548578875 44.702466008774998 0.019563582442506004 0.16831352326826332 0.94680750202731911 0.0113981565955828 0.016082986502349631 0.0036489829576690229
decision_type=2 2 2 2 2 2 2 2 2
left_child=5 2 3 -2 8 7 -4 -1 -3
right_child=1 4 6 -5 -6 -7 -8 -9 -10
leaf_value=0.02764145828223831 -0.010926883773956078 0.034877059537263874 -0.0053429976554960189 0.020220923920140261 -0.0093803481158047618 -0.0038319293083385222 -0.029325627244055939 0.0016966716768040022 0.0083428250492855755
leaf_weight=17.822336837649349 20.028382524847984 9.3147391527891177 11.375118479132651 23.428690627217293 14.141292244195936 7.2423779815435401 29.520055040717125 8.4860651791095716 12.584864243865011
leaf_count=76 82 38 46 96 57 30 123 35 51
internal_value=0.00101234 -0.00292031 -0.0085385 0.00568646 0.00959212 0.0149165 -0.0235646 0.0205137 0.0222307
internal_weight=153.944 120.393 84.3522 43.4571 36.0409 33.5508 40.8952 26.3084 21.8996
internal_count=634 493 347 178 146 141 169 111 89
is_linear=0
shrinkage=0.03


Tree=30
num_leaves=9
num_cat=0
split_feature=36 36 20 26 16 20 5 15
split_gain=12.9788 7.20471 7.34433 7.80274 6.45273 5.53562 5.67808 3.81256
threshold=0.0080059099677748762 0.0064361885678310355 0.034199201105821607 0.29740897922716109 -38.798345094948161 0.029888377415574308 0.010374341475477224 38.724919660109876
decision_type=2 2 2 2 2 2 2 2
left_child=1 2 3 -1 -3 6 -2 -6
right_child=5 4 -4 -5 7 -7 -8 -9
leaf_value=0.013333924905549707 0.023432537841847408 0.0096719562418142932 -0.022566398246683272 -0.0061786110972144193 -0.0040496917395960825 0.0387031572743795 -0.0070946038997895446 -0.025204700134132244
leaf_weight=42.021111786365509 8.206803992390638 7.3992439955472937 7.618349850177764 28.957055553793907 15.088894262909887 7.3906678259372702 9.3007716834545118 22.949523419141769
leaf_count=173 35 30 31 119 62 31 38 95
internal_value=0.000423736 -0.00351881 0.00184439 0.00521666 -0.0127987 0.019423 0.00738158 -0.0178091
internal_weight=148.932 124.034 78.5965 70.9782 45.4377 24.8982 17.5076 38.0384
internal_count=614 510 323 292 187 104 73 157
is_linear=0
shrinkage=0.03


Tree=31
num_leaves=7
num_cat=0
split_feature=36 38 36 28 28 21
split_gain=12.4126 7.13383 6.74203 6.36346 6.34727 5.68933
threshold=0.0080059099677748762 0.013381353640409632 0.0064361885678310355 4.5000000000000009 3.5000000000000004 0.018290404052142353
decision_type=2 2 2 2 2 2
left_child=1 2 4 -4 -1 -2
right_child=5 -3 3 -5 -6 -7
leaf_value=-0.0082602192743096003 0.0016587515064311984 -0.027042176471625046 0.0088767724112609383 -0.017007703504047757 0.0099588702535835221 0.031315695317807653
leaf_weight=22.766666173934937 11.715530514717104 8.6142399460077268 9.1984007656574232 31.762454345822334 51.586949378252029 13.084146589040754
leaf_count=94 49 35 38 131 212 55
internal_value=0.000413726 -0.00343655 -0.00111434 -0.0107031 0.00411359 0.0190346
internal_weight=148.728 123.929 115.314 40.9609 74.3536 24.7997
internal_count=614 510 475 169 306 104
is_linear=0
shrinkage=0.03


Tree=32
num_leaves=9
num_cat=0
split_feature=36 36 28 11 28 11 21 7
split_gain=11.8212 6.39201 8.13631 8.74485 7.00176 6.58023 5.42231 4.74347
threshold=0.0080059099677748762 0.0064361885678310355 3.5000000000000004 -0.0030192925764390695 4.5000000000000009 0.026552506589632045 0.018290404052142353 -0.013246395023886743
decision_type=2 2 2 2 2 2 2 2
left_child=1 2 3 -1 -3 -4 -2 -6
right_child=6 4 5 -5 7 -7 -8 -9
leaf_value=0.011667529460493667 0.0016165428241891871 0.0082377797825155009 -0.0043466118740862021 -0.022873374078452267 0 0.016349448807654009 0.030632479432104405 -0.024648573230022026
leaf_weight=7.8316186219453838 11.713045477867128 9.6926940679550153 20.052317336201668 17.426968768239021 10.100089013576506 33.262535870075226 13.020264521241186 25.510090544819832
leaf_count=33 49 40 83 71 41 136 55 106
internal_value=0.000401557 -0.00335089 0.00168816 -0.0115431 -0.0121096 0.00841854 0.0186014 -0.0181903
internal_weight=148.61 123.876 78.5734 25.2586 45.3029 53.3149 24.7333 35.6102
internal_count=614 510 323 104 187 219 104 147
is_linear=0
shrinkage=0.03


Tree=33
num_leaves=7
num_cat=0
split_feature=36 38 34 36 5 21
split_gain=11.2511 6.62309 6.70797 8.0077 6.51202 5.17034
threshold=0.0080059099677748762 0.013381353640409632 0.016082986502349631 0.0047647246620065925 0.065928102771261168 0.018290404052142353
decision_type=2 2 2 2 2 2
left_child=1 2 3 -1 -4 -2
right_child=5 -3 4 -5 -6 -7
leaf_value=0.0081583911446579307 0.0015754036445488023 -0.026024169153255651 0.016295418848386655 -0.013096964340641889 -0.0063177979937372244 0.029973055019928859
leaf_weight=20.35432057082653 11.710610121488573 8.5952163934707624 27.988545522093773 50.802292495965958 15.9828704893589 12.952542409300802
leaf_count=84 49 35 115 210 66 55
internal_value=0.000398512 -0.00325988 -0.00101693 -0.00675502 0.00783234 0.0181814
internal_weight=148.386 123.723 115.128 71.1566 43.9714 24.6632
internal_count=614 510 475 294 181 104
is_linear=0
shrinkage=0.03


Tree=34
num_leaves=8
num_cat=0
split_feature=36 0 0 21 13 35 36
split_gain=10.7145 6.08735 7.48058 4.93227 4.82182 4.68772 3.60361
threshold=0.0080059099677748762 0.019092144039727924 0.0064903830552405237 0.018290404052142353 -5.371028410359151 0.025770323971595403 0.0068094986502908574
decision_type=2 2 2 2 2 2 2
left_child=1 2 4 -2 -1 -3 -4
right_child=3 5 6 -5 -6 -7 -8
leaf_value=0.0055838781501209751 0.0015353071267859041 -0.032936425054977916 0.020412572904462491 0.029335878916192926 -0.0096866244118062259 -0.0018948481926426117 -0.0016461377949798341
leaf_weight=24.611104875802994 11.708223938941957 8.0643136799335497 17.362866029143337 12.881374448537825 55.47229640185833 10.194009348750113 7.9312527924776068
leaf_count=101 49 33 72 55 229 42 33
internal_value=0.000391375 -0.00317433 -0.000132446 0.017774 -0.00478927 -0.0182438 0.0133325
internal_weight=148.225 123.636 105.378 24.5896 80.0834 18.2583 25.2941
internal_count=614 510 435 104 330 75 105
is_linear=0
shrinkage=0.03


Tree=35
num_leaves=8
num_cat=0
split_feature=11 15 19 20 5 21 20
split_gain=6.28765 8.08838 9.4531 6.46841 6.68545 4.76587 0.458674
threshold=-0.0029153573420077623 244.8263766287732 0.19539762270976127 0.035724376395877631 -0.034192647261691238 0.013795940683074404 0.023921292438951542
decision_type=2 2 2 2 2 2 2
left_child=5 3 -3 4 -2 -1 -7
right_child=1 2 -4 -5 -6 6 -8
leaf_value=-0.00031111172632267972 0.0068000618262240948 0.0300985933730884 -0.0061310948930797934 0.014963145974720827 -0.012506207096765459 0.029296916168335817 0.0096992877227949064
leaf_weight=12.737253338098528 17.822960287332535 11.403639972209932 10.397457957267759 9.4486399292945844 77.031662851572037 8.0308988988399523 7.9897523075342169
leaf_count=53 73 47 42 40 317 35 34
internal_value=0.000295306 -0.00253591 0.0131263 -0.00613604 -0.00865822 0.0125556 0.0225168
internal_weight=154.862 126.104 21.8011 104.303 94.8546 28.7579 16.0207
internal_count=641 519 89 430 390 122 69
is_linear=0
shrinkage=0.03


Tree=36
num_leaves=10
num_cat=0
split_feature=15 15 19 19 4 33 20 7 7
split_gain=4.7799 10.189 10.7663 9.0313 7.01097 5.1965 7.80483 5.16369 2.56297
threshold=244.8263766287732 37.56692836063381 0.076730988372317094 0.19539762270976127 -0.036618766261609086 0.80302527176762573 0.022483819916855632 -0.0049524805372257443 0.035174554234961582
decision_type=2 2 2 2 2 2 2 2 2
left_child=1 2 7 -2 -4 6 -3 -1 -7
right_child=3 5 4 -5 -6 8 -8 -9 -10
leaf_value=0.0070980113846413556 0.029449903439911183 0.013670182103954157 -0.0022411160586782624 -0.0059768454863093883 0.022168962956613372 -0.027447416638362067 -0.012153800542468942 -0.020056074048023734 -0.0039879938280324894
leaf_weight=7.9690298885107067 11.350045442581179 14.054651796817778 13.519214466214178 10.397437006235121 31.10990908741951 15.704936206340792 27.731911167502403 14.151729851961134 8.6655984818935377
leaf_count=33 47 57 56 42 132 66 114 58 36
internal_value=0.000317496 -0.00177398 0.00626986 0.0128039 0.0146739 -0.0100558 -0.00289782 -0.00987448 -0.0206097
internal_weight=154.654 132.907 66.7499 21.7475 44.6291 66.1571 41.7866 22.1208 24.3705
internal_count=641 552 279 89 188 273 171 91 102
is_linear=0
shrinkage=0.03


Tree=37
num_leaves=8
num_cat=0
split_feature=18 3 12 26 18 2 24
split_gain=5.80222 6.52334 5.9424 7.02653 2.6694 2.59014 0.272866
threshold=0.9695949089297885 0.026824365015259758 32.642320085929114 0.059072781655034899 0.90884545707240394 0.010737546859408311 0.47693531283138924
decision_type=2 2 2 2 2 2 2
left_child=1 2 -1 -4 5 -3 -2
right_child=6 4 3 -5 -6 -7 -8
leaf_value=0.016817947683264795 -0.021483143886577762 0.0010362271456479802 0.011543907708365617 -0.0079572941193735217 0 0.024977899972276507 -0.0058547269009831945
leaf_weight=12.288916185498236 7.4743630141019803 7.232672914862639 18.701257184147835 76.982030466198921 8.3888894170522672 16.042647212743759 7.2703698575496674
leaf_count=51 31 30 77 319 35 68 30
internal_value=0.000300245 0.00236357 -0.00108391 -0.00383392 0.0139307 0.0188023 -0.0162926
internal_weight=154.381 139.636 107.972 95.6833 31.6642 23.2753 14.7447
internal_count=641 580 447 396 133 98 61
is_linear=0
shrinkage=0.03


Tree=38
num_leaves=9
num_cat=0
split_feature=11 14 38 5 10 10 32 17
split_gain=5.78004 7.19554 9.34141 7.16512 3.53202 4.68938 2.96792 3.75777
threshold=-0.0029153573420077623 166.52867502694701 0.0066785437736529632 -0.034192647261691238 0.058107329387102953 0.034623974825009347 -0.003694505272777981 4.7627081477584197
decision_type=2 2 2 2 2 2 2 2
left_child=6 2 -2 -4 5 -3 -1 -8
right_child=1 4 3 -5 -6 -7 7 -9
leaf_value=0.026480805758678515 0.017228697661544713 0.0014683468222670038 0.0042615180915459303 -0.015025413659765358 -0.0030429620892322407 0.031070272948831044 -0.0049854422310456944 0.018257511690738863
leaf_weight=7.5395609140396145 10.779397979378698 11.24769344925881 21.070546567440033 63.596916705369949 10.316632181406019 8.6811948120594007 12.63123692572117 8.4146097004413587
leaf_count=32 45 46 87 263 42 36 53 37
internal_value=0.000297706 -0.00241433 -0.00653826 -0.010065 0.00973285 0.0167049 0.0120913 0.00443471
internal_weight=154.278 125.692 95.4469 84.6675 30.2455 19.9289 28.5854 21.0458
internal_count=641 519 395 350 124 82 122 90
is_linear=0
shrinkage=0.03


Tree=39
num_leaves=9
num_cat=0
split_feature=11 14 38 10 33 21 26 38
split_gain=5.49098 6.81546 8.85554 5.36619 4.43559 4.29852 3.62924 0.0298726
threshold=-0.0029153573420077623 166.52867502694701 0.0066785437736529632 -0.0056834833604221804 0.92496183970172419 0.013795940683074404 0.27639311043566367 0.008251753630230823
decision_type=2 2 2 2 2 2 2 2
left_child=5 2 -2 -4 6 -1 -3 -7
right_child=1 4 3 -5 -6 7 -8 -9
leaf_value=-0.00031399596514617768 0.016790726551920172 0.027952331947435446 0 -0.015645597112385754 -0.006318478184546822 0.027940743968905727 0.0021558982783206394 0.010930700299790938
leaf_weight=12.709038853645326 10.780893683433531 10.387494072318082 33.045795813202858 51.530024230480194 8.7848218083381635 6.7733804583549491 11.032523825764654 9.0347278714179975
leaf_count=53 45 43 136 214 36 30 45 39
internal_value=0.000324175 -0.00231682 -0.00633494 -0.00977582 0.00950828 0.0118338 0.0166249 0.0213808
internal_weight=154.079 125.562 95.3567 84.5758 30.2048 28.5171 21.42 15.8081
internal_count=641 519 395 350 124 122 88 69
is_linear=0
shrinkage=0.03


Tree=40
num_leaves=11
num_cat=0
split_feature=15 11 11 14 15 34 18 26 21 36
split_gain=8.98441 8.86629 7.66004 6.40357 10.416 5.10502 4.69779 3.94765 3.64087 1.17227
threshold=-20.217349788132918 0.026552506589632045 0.0037433674333690052 49.318767787352506 138.69226775952015 0.026734174904065603 0.82559476790857678 0.39918699186991874 0.016248500537586027 0.0054855478218233346
decision_type=2 2 2 2 2 2 2 2 2 2
left_child=7 2 6 8 -5 -4 -2 9 -3 -1
right_child=1 3 5 4 -6 -7 -8 -9 -10 -11
leaf_value=0.0070565148312882421 0.019234112538997077 0.031077385358609277 -0.026996503518448119 -0.014528179210839185 0.0099748187685504419 0 -0.0094863135289527441 -0.0013427651172034211 0.0011947151738257368 0.028690125846255927
leaf_weight=7.3250495344400468 7.1854708939790752 8.1712072491645795 24.779132500290871 26.905155256390572 31.687960535287857 7.4984820187091819 9.1302050948142988 7.0015166252851477 7.7327007204294196 11.531953468918799
leaf_count=31 30 34 104 112 130 31 38 30 32 50
internal_value=0.000375342 -0.00296019 -0.0127311 0.00338333 -0.00113722 -0.0208648 0.00306239 0.015864 0.0191423 0.0224882
internal_weight=148.949 123.09 48.5933 74.497 58.5931 32.2776 16.3157 25.8585 15.9039 18.857
internal_count=622 511 203 308 242 135 68 111 66 81
is_linear=0
shrinkage=0.03


Tree=41
num_leaves=10
num_cat=0
split_feature=15 11 11 14 15 34 18 36 21
split_gain=8.53436 8.40511 7.2679 6.12551 9.85674 4.85746 4.48144 3.64675 3.48129
threshold=-20.217349788132918 0.026552506589632045 0.0037433674333690052 49.318767787352506 138.69226775952015 0.026734174904065603 0.82559476790857678 0.0054855478218233346 0.016248500537586027
decision_type=2 2 2 2 2 2 2 2 2
left_child=7 2 6 8 -5 -4 -2 -1 -3
right_child=1 3 5 4 -6 -7 -8 -9 -10
leaf_value=0 0.01879378676985349 0.030466117222967101 -0.02631755173863784 -0.014151819823895352 0.0096995078960338821 0 -0.0092567309852095245 0.023504803975993138 0.0011663829088916402
leaf_weight=9.7464971244335192 7.1801442354917553 8.1259105354547483 24.708507388830185 26.846152201294899 31.666859939694405 7.4984820187091819 9.125623017549513 16.032543912529945 7.7315176129341117
leaf_count=41 30 34 104 112 130 31 38 70 32
internal_value=0.000387279 -0.00286218 -0.0123852 0.00331508 -0.00110181 -0.020322 0.00297954 0.0155076 0.0187512
internal_weight=148.662 122.883 48.5128 74.3704 58.513 32.207 16.3058 25.779 15.8574
internal_count=622 511 203 308 242 135 68 111 66
is_linear=0
shrinkage=0.03


Tree=42
num_leaves=10
num_cat=0
split_feature=15 11 28 7 15 15 23 2 23
split_gain=8.10275 7.65446 8.17041 7.10391 5.88691 5.32327 4.95714 4.55494 3.93232
threshold=-20.57707942806034 0.026552506589632045 8.5000000000000018 -0.0015905664950833069 43.719137562145079 231.25252367319854 0.83155418437379425 -0.0011848357865330004 1.0478741420923081
decision_type=2 2 2 2 2 2 2 2 2
left_child=6 2 7 -4 -3 -6 -1 -2 -8
right_child=1 4 3 -5 5 -7 8 -9 -10
leaf_value=0.034529380074664523 -0.013445940068203103 0.023564051893514633 -0.00068358638652711654 -0.034019295455577581 -0.0059970144276950202 0.011691626386381743 -0.0063993978414631 0.011230524993563357 0.018814932484514116
leaf_weight=6.7264325618743923 9.3122320324182528 8.9908069372177106 9.9882848262786883 15.905231103301047 44.411079287528992 20.837877988815308 9.8693075627088565 14.374653950333593 7.9404552429914466
leaf_count=30 39 38 42 67 184 86 41 60 35
internal_value=0.000395972 -0.00268521 -0.0116425 -0.022669 0.00324859 0 0.0155407 0.000653733 0.00484976
internal_weight=148.356 123.82 49.5804 25.8935 74.2398 65.249 24.5362 23.6869 17.8098
internal_count=622 516 208 109 308 270 106 99 76
is_linear=0
shrinkage=0.03


Tree=43
num_leaves=8
num_cat=0
split_feature=14 15 15 10 34 38 36
split_gain=7.98953 5.52811 8.01612 5.45285 5.24439 5.054 1.32155
threshold=-62.960228518827982 138.69226775952015 101.09472113223696 0.058107329387102953 0.013065909420544643 0.0066337295957452358 0.0068428575992175245
decision_type=2 2 2 2 2 2 2
left_child=-1 2 5 4 -3 -2 -4
right_child=1 3 6 -5 -6 -7 -8
leaf_value=0.021130750188737103 0.018229308533788895 0.023734380533605687 -0.0088533391406919286 -0.01025074839482366 -0.003380077836686955 -0.0040442269820494137 -0.033138198693850936
leaf_weight=13.168385669589041 8.2512771189212781 17.368943199515346 7.8901814818382245 8.1151987910270673 7.6039506345987311 78.182210922241211 7.4888116419315338
leaf_count=57 35 72 33 33 31 328 33
internal_value=0.000397645 -0.00179579 -0.00534044 0.00836635 0.0152838 -0.00138411 -0.0239947
internal_weight=148.069 134.901 101.812 33.0881 24.9729 86.4335 15.379
internal_count=622 565 429 136 103 363 66
is_linear=0
shrinkage=0.03


Tree=44
num_leaves=10
num_cat=0
split_feature=15 15 28 15 1 19 28 21 17
split_gain=7.57137 6.44397 9.58804 10.723 9.08591 6.83994 5.56107 3.44389 2.5073
threshold=-20.217349788132918 138.69226775952015 7.5000000000000009 101.09472113223696 -0.013281857196595357 0.17833275307074767 3.5000000000000004 0.015661142943458446 4.3607481369080299
decision_type=2 2 2 2 2 2 2 2 2
left_child=6 2 3 -2 -4 7 -1 -3 -8
right_child=1 5 4 -5 -6 -7 8 -9 -10
leaf_value=-0.002758941783556092 0.0084442660832499041 0 0.0047409249277955267 -0.023217255814646068 -0.026527503677084299 -0.0082620153626611487 0.00567007439232327 0.026031150978631769 0.033527428603885412
leaf_weight=8.9259868264198321 41.520820185542107 7.3334957659244564 9.8581955432891828 10.300797522068022 27.610576763749123 12.037104517221449 7.2065208107233074 13.654557153582571 9.4107755571603757
leaf_count=38 173 30 41 44 117 49 31 57 42
internal_value=0.000378662 -0.00267775 -0.00692696 0.00124319 -0.0180972 0.00812215 0.0146907 0.0180726 0.024159
internal_weight=147.859 122.316 89.2904 51.8216 37.4688 33.0252 25.5433 20.9881 16.6173
internal_count=622 511 375 217 158 136 111 87 73
is_linear=0
shrinkage=0.03


Tree=45
num_leaves=10
num_cat=0
split_feature=11 32 33 15 18 33 32 21 21
split_gain=8.26436 7.91581 8.48647 6.26461 5.96677 4.63476 4.38964 3.96791 2.21315
threshold=0.0037433674333690052 -0.0061799228951344145 0.80653058001342448 252.60670489009149 0.94680750202731911 0.32965763316625613 0.010739274181147175 0.022473316328430606 0.013795940683074404
decision_type=2 2 2 2 2 2 2 2 2
left_child=4 7 6 -4 5 -1 -3 -2 -7
right_child=1 2 3 -5 -6 8 -8 -9 -10
leaf_value=0 -0.028344874674148767 0.0089508563105650044 -0.021564688006336562 0.0051571671495129236 -0.01208197370314033 0.0061533301416272267 -0.013208800813089177 -0.0018110190586103716 0.030527094273032514
leaf_weight=11.655799850821493 16.390443548560146 48.065305322408676 22.704311102628708 9.4657379984855634 7.0739053189754477 8.2832459807395953 7.2863821238279334 9.1581979095935804 12.504022613167761
leaf_count=50 68 200 96 39 30 35 30 38 55
internal_value=-0.00192673 -0.00612345 -0.00148729 -0.0134214 0.00943659 0.0149931 0.00541336 -0.0202 0.0228655
internal_weight=152.587 113.07 87.5217 32.17 39.517 32.4431 55.3517 25.5486 20.7873
internal_count=641 471 365 135 170 140 230 106 90
is_linear=0
shrinkage=0.03


Tree=46
num_leaves=8
num_cat=0
split_feature=12 16 18 1 24 38 1
split_gain=9.75521 5.63846 8.06609 10.6073 5.97393 5.0228 4.30001
threshold=32.642320085929114 -18.681592813901648 0.90884545707240394 0.025990443031444491 0.22474747474747478 0.0096654473734181252 0.02396353408224117
decision_type=2 2 2 2 2 2 2
left_child=-1 4 3 -3 5 -2 -4
right_child=1 2 6 -5 -6 -7 -8
leaf_value=0.021746141375049391 0.0078146670347229216 -5.0949458200889831e-05 -0.00027319189480163236 0.032353041778803895 -0.031190473523068932 -0.018736655884595492 -0.025548099584002226
leaf_weight=12.135354936122893 11.878417968750002 74.120883524417877 12.101448282599451 8.2216353714466077 11.020264968276022 9.4905870258808118 13.384417310357092
leaf_count=51 49 314 51 36 45 39 56
internal_value=-0.0018829 -0.00431044 -0.000774593 0.0036971 -0.0149159 -0.00392999 -0.0149857
internal_weight=152.353 140.218 107.828 82.3425 32.3893 21.369 25.4859
internal_count=641 590 457 350 133 88 107
is_linear=0
shrinkage=0.03


Tree=47
num_leaves=7
num_cat=0
split_feature=12 11 23 36 24 11
split_gain=9.28946 8.87174 6.0235 5.70868 5.93311 3.53075
threshold=32.642320085929114 0.0037433674333690052 0.85946589429691167 0.0085586150258135565 -0.6932876041156294 -0.018852209873466915
decision_type=2 2 2 2 2 2
left_child=-1 2 -2 4 -3 -4
right_child=1 3 5 -5 -6 -7
leaf_value=0.021260974503425033 0.027412406865298819 0.010801773393299295 0.015466507384438506 0.010974726824050389 -0.01340185200549064 -0.0061697577881504205
leaf_weight=12.086296007037161 8.5479272305965406 7.9744955301284781 7.8538630902767173 9.64436127245426 86.543470412492752 19.571439355611805
leaf_count=51 38 33 35 41 361 82
internal_value=-0.00183608 -0.0042048 0.00812305 -0.00867644 -0.0110229 0.000146618
internal_weight=152.222 140.136 35.9732 104.162 94.518 27.4253
internal_count=641 590 155 435 394 117
is_linear=0
shrinkage=0.03


Tree=48
num_leaves=7
num_cat=0
split_feature=12 11 36 14 18 12
split_gain=8.81248 8.40818 5.41121 5.91271 5.09014 8.09085
threshold=32.642320085929114 0.0037433674333690052 0.0085586150258135565 -6.4346304760838384 0.94680750202731911 46.653088934148009
decision_type=2 2 2 2 2 2
left_child=-1 4 3 -3 5 -2
right_child=1 2 -4 -5 -6 -7
leaf_value=0.020789093904213459 -0.010164905281149819 -0.033103368980013634 0.01071458065074387 -0.0077160135762233744 -0.011592821159710085 0.022698088536272754
leaf_weight=12.035980284214018 7.3915071338415173 8.1316612511873227 9.6309312731027585 86.299162372946739 7.0587450712919226 21.434518277645111
leaf_count=51 31 33 41 361 30 94
internal_value=-0.00174601 -0.0040554 -0.00841103 -0.010699 0.00795672 0.0136721
internal_weight=151.983 139.947 104.062 94.4308 35.8848 28.826
internal_count=641 590 435 394 155 125
is_linear=0
shrinkage=0.03


Tree=49
num_leaves=6
num_cat=0
split_feature=12 36 38 33 20
split_gain=8.39125 6.7364 7.83745 7.41873 2.39657
threshold=32.642320085929114 0.0085586150258135565 0.013381353640409632 0.80653058001342448 0.024042518181487699
decision_type=2 2 2 2 2
left_child=-1 2 3 -2 -3
right_child=1 4 -4 -5 -6
leaf_value=0.020329883724891078 0.0019799247750226677 0 -0.030954647867695004 -0.013322914796576175 0.022685116316930445
leaf_weight=11.984571933746336 70.090169697999954 8.5245385169982928 8.9812642335891706 44.153017729520798 8.0452298223972303
leaf_count=51 293 37 37 187 36
internal_value=-0.00169891 -0.00395334 -0.006485 -0.00393279 0.0127368
internal_weight=151.779 139.794 123.224 114.243 16.5698
internal_count=641 590 517 480 73
is_linear=0
shrinkage=0.03


end of trees

feature_importances:
ma_20_60_cross=45
macd_signal=42
macro_usdjpy_vol_20=34
macd=33
volatility=21
month=20
return_20d=16
macro_topix_vol_20=16
rsi=15
bb_bandwidth=15
atr_pct=14
price_position_20d=14
bb_pct_b=11
macro_usdjpy_ret_20=11
macro_nikkei_ret_20=10
macd_hist=9
macro_usdjpy_ret_60=9
ma_5_20_cross=8
vol_ratio=8
gap=7
return_2d=6
return_3d=5
div_ma_10=5
macro_topix_ret_20=5
macd_hist_change=4
candle_body_pct=4
lower_shadow_pct=4
return_1d=3
return_5d=3
rsi_change=3
vol_change=2
return_10d=1
div_ma_5=1
div_ma_20=1
upper_shadow_pct=1

parameters:
[boosting: gbdt]
[objective: binary]
[metric: binary_logloss]
[tree_learner: serial]
[device_type: cpu]
[data_sample_strategy: bagging]
[data: ]
[valid: ]
[num_iterations: 50]
[learning_rate: 0.03]
[num_leaves: 15]
[num_threads: 0]
[seed: 42]
[deterministic: 0]
[force_col_wise: 0]
[force_row_wise: 0]
[histogram_pool_size: -1]
[max_depth: 4]
[min_data_in_leaf: 30]
[min_sum_hessian_in_leaf: 0.001]
[bagging_fraction: 0.7]
[pos_bagging_fraction: 1]
[neg_bagging_fraction: 1]
[bagging_freq: 5]
[bagging_seed: 400]
[bagging_by_query: 0]
[feature_fraction: 0.6]
[feature_fraction_bynode: 1]
[feature_fraction_seed: 30056]
[extra_trees: 0]
[extra_seed: 12879]
[early_stopping_round: 0]
[early_stopping_min_delta: 0]
[first_metric_only: 0]
[max_delta_step: 0]
[lambda_l1: 0.5]
[lambda_l2: 2]
[linear_lambda: 0]
[min_gain_to_split: 0]
[drop_rate: 0.1]
[max_drop: 50]
[skip_drop: 0.5]
[xgboost_dart_mode: 0]
[uniform_drop: 0]
[drop_seed: 17869]
[top_rate: 0.2]
[other_rate: 0.1]
[min_data_per_group: 100]
[max_cat_threshold: 32]
[cat_l2: 10]
[cat_smooth: 10]
[max_cat_to_onehot: 4]
[top_k: 20]
[monotone_constraints: ]
[monotone_constraints_method: basic]
[monotone_penalty: 0]
[feature_contri: ]
[forcedsplits_filename: ]
[refit_decay_rate: 0.9]
[cegb_tradeoff: 1]
[cegb_penalty_split: 0]
[cegb_penalty_feature_lazy: ]
[cegb_penalty_feature_coupled: ]
[path_smooth: 0]
[interaction_constraints: ]
[verbosity: -1]
[saved_feature_importance_type: 0]
[use_quantized_grad: 0]
[num_grad_quant_bins: 4]
[quant_train_renew_leaf: 0]
[stochastic_rounding: 1]
[linear_tree: 0]
[max_bin: 255]
[max_bin_by_feature: ]
[min_data_in_bin: 5]
[bin_construct_sample_cnt: 200000]
[data_random_seed: 175]
[is_enable_sparse: 1]
[enable_bundle: 1]
[use_missing: 1]
[zero_as_missing: 0]
[feature_pre_filter: 1]
[pre_partition: 0]
[two_round: 0]
[header: 0]
[label_column: ]
[weight_column: ]
[group_column: ]
[ignore_column: ]
[categorical_feature: ]
[forcedbins_filename: ]
[precise_float_parser: 0]
[parser_config_file: ]
[objective_seed: 16083]
[num_class: 1]
[is_unbalance: 0]
[scale_pos_weight: 1]
[sigmoid: 1]
[boost_from_average: 1]
[reg_sqrt: 0]
[alpha: 0.9]
[fair_c: 1]
[poisson_max_delta_step: 0.7]
[tweedie_variance_power: 1.5]
[lambdarank_truncation_level: 30]
[lambdarank_norm: 1]
[label_gain: ]
[lambdarank_position_bias_regularization: 0]
[eval_at: ]
[multi_error_top_k: 1]
[auc_mu_weights: ]
[num_machines: 1]
[local_listen_port: 12400]
[time_out: 120]
[machine_list_filename: ]
[machines: ]
[gpu_platform_id: -1]
[gpu_device_id: -1]
[gpu_use_dp: 0]
[num_gpu: 1]

end of parameters

pandas_categorical:[]
