tree
version=v4
num_class=1
num_tree_per_iteration=1
label_index=0
max_feature_idx=44
objective=binary sigmoid:1
feature_names=return_1d return_2d return_3d return_5d return_10d return_20d div_ma_5 div_ma_10 div_ma_20 div_ma_60 ma_5_20_cross ma_20_60_cross rsi rsi_change macd macd_signal macd_hist macd_hist_change bb_pct_b bb_bandwidth atr_pct volatility vol_change vol_ratio candle_body_pct upper_shadow_pct lower_shadow_pct day_of_week month is_month_end is_month_start streak gap price_position_20d macro_usdjpy_ret_20 macro_usdjpy_ret_60 macro_usdjpy_vol_20 macro_topix_ret_20 macro_topix_vol_20 macro_topix_above_200dma macro_nikkei_ret_20 macro_nikkei_above_200dma macro_nikkei_vi macro_jgb10y macro_bias_score
feature_infos=[-0.047573324675198925:0.047032439022514749] [-0.052871223227637376:0.050100198868800794] [-0.078625938667899131:0.060579091775125216] [-0.079144063347538429:0.070190430904915058] [-0.10699996948242185:0.11742775503970204] [-0.1182423924334487:0.15884581472014592] [-0.046754045093518014:0.03136102171888943] [-0.065679653588011352:0.057611183675024734] [-0.095283898731975444:0.091383476178522549] [-0.086355409043981882:0.12109266072274501] [-0.058392300957105903:0.065549920908115844] [-0.042748625708304955:0.064274238635985359] [4.3321721234716364:99.078285278722376] [-31.4914123830169:24.909606094271432] [-4.0148556247349632:6.6759841301698373] [-3.5218467914220124:5.4278448928573138] [-2.4130647582626752:2.3328558279840159] [-0.79483865050966607:0.60413765747863146] [-0.29899250290519275:1.2942002598775366] [0.015966985924506762:0.20663538136815932] [0.0062028219888735359:0.03098835320355546] [0.0037467866522835347:0.018685482479757546] [-0.82513331758797714:3.6311208267090622] [0.55432004082819386:1.8220195466454623] [-1:1] [0:0.9499969482421875] [0:0.97058638734056779] [0:4] [1:12] none [0:1] [-11:9] [-0.063431099566931937:0.055611174876266878] [0:1] [-0.10288784967882303:0.08505611680078462] [-0.13986255140503889:0.13160084488587853] [0.0024251968629527628:0.011841457708833433] [-0.90806057657351702:0.19897857359448179] [0.0040695656242548776:2.1402487319617212] [0:1] [-0.22859537662338159:0.23022297972565586] [0:1] none none none
tree_sizes=1185 1000 896 1101 998 1306 978 1302 1313 1105 1204 1001 1209 1105 1318 1097 1195 1393 1416 1310 1387 1080 1198 1490 1411 1514 1502 1318 1395 1098 1189 1101 1311 1188 995 873 1156 1410 1312 1294 1101 1300 794 785 1105 1001 787 991 1105 1102

Tree=0
num_leaves=10
num_cat=0
split_feature=37 17 14 7 22 28 2 5 4
split_gain=8.78917 9.15395 11.514 14.0473 8.57192 7.05591 5.7438 5.59248 4.00797
threshold=-0.010198201783399972 0.065505467162399314 0.31163869643020808 0.0078487834350454231 0.21099799244657405 8.5000000000000018 -0.0083662742920734261 0.02969999839502158 0.00093025237438537644
decision_type=2 2 2 2 2 2 2 2 2
left_child=4 2 6 -4 5 -1 -2 8 -3
right_child=1 7 3 -5 -6 -7 -8 -9 -10
leaf_value=-0.093593670637373241 -0.097536602685564106 -0.13313449601348804 -0.1442247583254016 -0.11243139957529669 -0.13832581515426381 -0.12622525424537784 -0.12362370744478006 -0.12394446660729871 -0.15861428122390372
leaf_weight=15.437584131956102 13.44563779234886 12.449664622545244 34.859060943126678 16.682550594210625 7.4697987735271445 10.706711575388907 19.172483518719673 9.2127518206834775 15.188590839505194
leaf_count=62 54 50 140 67 30 43 77 37 61
internal_value=-0.126568 -0.130275 -0.124918 -0.133491 -0.113369 -0.105413 -0.111351 -0.142378 -0.148826
internal_weight=154.625 121.011 84.1597 51.5416 33.6141 26.1443 32.6181 36.851 27.6383
internal_count=621 486 338 207 135 105 131 148 111
is_linear=0
shrinkage=1


Tree=1
num_leaves=8
num_cat=0
split_feature=38 36 17 0 20 7 36
split_gain=12.2956 14.6113 12.8354 9.61897 6.99783 7.72499 5.51475
threshold=0.019784473925122878 0.0068428575992175245 0.065505467162399314 -0.0070890891776915202 0.013993487014476046 0.0030265195329611454 0.0054499378093461606
decision_type=2 2 2 2 2 2 2
left_child=1 2 3 -1 5 -3 -4
right_child=-2 4 6 -5 -6 -7 -8
leaf_value=-0.0077651490403556111 0.033250501511965284 0.0046879374678038118 -0.019338326318328849 0.01849974563315903 -0.030645211513555985 -0.021646650519107725 0.006028007525718959
leaf_weight=14.191239282488821 7.7296764254569998 22.161743864417076 19.404791012406353 52.054066762328148 14.68422159552574 14.683641225099562 9.7024618387222272
leaf_count=57 31 89 78 209 59 59 39
internal_value=0.000512207 -0.00153342 0.00529898 0.0125907 -0.0141822 -0.00599495 -0.0105567
internal_weight=154.612 146.882 95.3526 66.2453 51.5296 36.8454 29.1073
internal_count=621 590 383 266 207 148 117
is_linear=0
shrinkage=0.03


Tree=2
num_leaves=7
num_cat=0
split_feature=38 36 30 15 36 3
split_gain=11.7112 13.8284 10.3154 7.53566 6.33485 5.85458
threshold=0.019784473925122878 0.0068428575992175245 1.0000000180025095e-35 1.4163081416632941 0.0055537524095247833 -0.01151734398532389
decision_type=2 2 2 2 2 2
left_child=1 2 4 5 -1 -3
right_child=-2 3 -4 -5 -6 -7
leaf_value=0.0021251565007149062 0.032421210714118701 0.0084631818439514662 -0.023223256500142869 -0.036256600626431969 0.019286771686331715 -0.014315516560153743
leaf_weight=57.511716738343239 7.7405488938093177 12.448231011629103 8.212290942668913 9.1903675049543363 29.651470810174942 29.841298371553421
leaf_count=231 31 50 33 37 119 120
internal_value=0.000487195 -0.00150823 0.00513234 -0.0138233 0.00843315 -0.00719237
internal_weight=154.596 146.855 95.3755 51.4799 87.1632 42.2895
internal_count=621 590 383 207 350 170
is_linear=0
shrinkage=0.03


Tree=3
num_leaves=9
num_cat=0
split_feature=38 36 17 0 14 38 4 4
split_gain=11.1561 13.089 12.0395 8.98094 6.7513 6.99855 5.27036 4.86514
threshold=0.019784473925122878 0.0068428575992175245 0.065505467162399314 -0.0070890891776915202 0.31163869643020808 0.010285484321453283 0.0016235246273739181 0.020642101710709241
decision_type=2 2 2 2 2 2 2 2
left_child=1 2 3 -1 5 -3 -4 -6
right_child=-2 4 6 -5 7 -7 -8 -9
leaf_value=-0.0076101067860674908 0.031626832145970445 0.010807964826115436 0.0045743671559625295 0.017745899680471886 -0.031400828254248246 -0.018479894998824683 -0.019705266074215431 -0.00067714510772505098
leaf_weight=14.185015231370924 7.7470453083515158 14.677503481507303 10.94950480759144 52.123250544071198 18.359061107039455 10.944144725799559 18.140979051589966 7.4439275264739981
leaf_count=57 31 59 44 209 74 44 73 30
internal_value=0.000467993 -0.00147822 0.00497592 0.012038 -0.0134702 -0.00159138 -0.0103777 -0.0237631
internal_weight=154.57 146.823 95.3987 66.3083 51.4246 25.6216 29.0905 25.803
internal_count=621 590 383 266 207 103 117 104
is_linear=0
shrinkage=0.03


Tree=4
num_leaves=8
num_cat=0
split_feature=38 36 21 19 20 19 21
split_gain=10.6359 12.3914 12.0975 7.70056 6.4549 8.93931 5.74776
threshold=0.019784473925122878 0.0068428575992175245 0.0067139864153448496 0.030611936218743824 0.013993487014476046 0.041154249021023027 0.012991754362990621
decision_type=2 2 2 2 2 2 2
left_child=1 2 3 -1 5 -3 -4
right_child=-2 4 6 -5 -6 -7 -8
leaf_value=0.0012999049598063335 0.030864899673244073 -0.019183485891577378 0.0018211403613428258 0.036810025920673832 -0.028971855081393851 0.0087334528249522238 -0.022533432045286673
leaf_weight=10.469317704439165 7.7494649291038504 18.637706026434898 64.246775180101395 12.725068867206572 14.59651607275009 18.131313666701317 7.9649675637483588
leaf_count=42 31 75 258 51 59 73 32
internal_value=0.000442982 -0.00145579 0.00481837 0.0227527 -0.0131343 -0.00528998 -0.00119793
internal_weight=154.521 146.772 95.4061 23.1944 51.3655 36.769 72.2117
internal_count=621 590 383 93 207 148 290
is_linear=0
shrinkage=0.03


Tree=5
num_leaves=11
num_cat=0
split_feature=37 23 23 21 8 12 23 5 12 4
split_gain=12.9796 10.2732 9.44746 7.82933 16.4472 17.467 3.94216 6.98449 3.29187 2.79741
threshold=0.0093857702673431093 1.0565115304047967 1.2023110050822849 0.012958567282644473 -7.6473923117266585e-05 67.833152293551578 0.83523666625740256 -0.014413369035024491 59.353815876772394 -0.0052211502552426672
decision_type=2 2 2 2 2 2 2 2 2 2
left_child=1 6 -3 4 9 -6 7 -1 -8 -2
right_child=3 2 -4 -5 5 -7 8 -9 -10 -11
leaf_value=0.024089105111253371 0.022425163568293809 -0.021419352633603863 0.012986182361447506 -0.027928226565794193 -0.025448599550908786 0.0096635859882858444 0.033772005459696094 -0.0097176831576529354 0.0073250745556192086 0.00047243069405009694
leaf_weight=7.722944617271426 15.183396741747858 13.670591399073603 10.957834646105765 13.400589212775229 34.766671985387802 17.440143495798111 14.943061158061029 10.202157005667685 9.7173659801483137 9.7059196978807432
leaf_count=31 61 55 44 54 140 70 60 41 39 39
internal_value=-0.000756044 0.00897638 -0.0057225 -0.0081845 -0.00394366 -0.0135186 0.017689 0.00505093 0.0252446 0.0150941
internal_weight=157.711 67.214 24.6284 90.4967 77.0961 52.2068 42.5855 17.9251 24.6604 24.8893
internal_count=634 270 99 364 310 210 171 72 99 100
is_linear=0
shrinkage=0.03


Tree=6
num_leaves=8
num_cat=0
split_feature=37 21 5 16 6 16 38
split_gain=12.292 7.46874 11.5756 7.69383 5.30187 7.63241 4.06444
threshold=0.0093857702673431093 0.012958567282644473 -0.015523728007288294 -0.31965047689237042 -0.0093130843848580492 0.56699623161382473 0.0076540476976935867
decision_type=2 2 2 2 2 2 2
left_child=4 2 -2 -4 -1 6 -6
right_child=1 -3 3 -5 5 -7 -8
leaf_value=-0.00825246496453832 0.022574232630332609 -0.027257534621875096 0.015227782290112284 -0.012717327292396942 0 -0.0089455411657643411 0.021683731459212065
leaf_weight=11.191806942224501 10.475666046142576 13.368108853697775 8.2010055184364301 58.37396103143692 8.2085627168416959 9.9573813825845701 37.870616048574448
leaf_count=45 42 54 33 235 33 40 152
internal_value=-0.000712977 -0.00794996 -0.00380551 -0.00871246 0.0087522 0.0125742 0.0177152
internal_weight=157.647 90.4187 77.0506 66.575 67.2284 56.0366 46.0792
internal_count=634 364 310 268 270 225 185
is_linear=0
shrinkage=0.03


Tree=7
num_leaves=11
num_cat=0
split_feature=37 23 23 3 33 19 32 9 5 0
split_gain=11.544 9.61101 8.95055 6.68046 9.26745 15.001 5.65142 3.99169 6.26663 3.35194
threshold=0.0093857702673431093 1.0565115304047967 1.2023110050822849 0.025745123543146623 0.42753025461189048 0.071000554812107999 0.0046086756123239212 0.015059438800403056 0.023261320448906945 -0.0039062405347092262
decision_type=2 2 2 2 2 2 2 2 2 2
left_child=1 7 -3 4 5 -2 -6 9 -9 -1
right_child=3 2 -4 -5 6 -7 -8 8 -10 -11
leaf_value=0.0038016647692854823 0.017933136345838277 -0.021020705693753795 0.012457773044119226 0.012145821270172615 -0.023160506061554394 -0.022218784977949366 0.0022829220033598998 -0.010240427165235906 0.021627735730573819 0.031317183862393072
leaf_weight=7.4752188622951534 18.919431746006016 13.654330998659136 10.966295465826986 10.916180089116095 40.685111120343208 11.884748861193655 7.9384933561086646 9.7050053924322146 8.2356344163417798 17.213061600923538
leaf_count=30 76 55 44 44 164 48 32 39 33 69
internal_value=-0.000693622 0.0084722 -0.00572991 -0.00771457 -0.0108596 0.00157446 -0.0187841 0.0169 0.00433834 0.0244572
internal_weight=157.594 67.2495 24.6206 90.344 79.4278 30.8042 48.6236 42.6289 17.9406 24.6883
internal_count=634 270 99 364 320 124 196 171 72 99
is_linear=0
shrinkage=0.03


Tree=8
num_leaves=11
num_cat=0
split_feature=37 23 38 23 38 11 9 40 17 23
split_gain=11.0607 7.80978 10.7158 7.93511 6.53236 7.10415 8.04842 6.01278 3.69957 3.56852
threshold=0.026345357259188521 1.0565115304047967 0.0070848891582593184 1.1080005858907651 0.011594251051787819 0.01888802775935872 0.01707483544574177 0.0026908063712992596 0.060918210535266921 1.0125484265248734
decision_type=2 2 2 2 2 2 2 2 2 2
left_child=1 2 -1 -3 5 6 -2 -5 -4 -7
right_child=4 3 8 7 -6 9 -8 -9 -10 -11
leaf_value=-0.015942505340310831 -0.0046422173973474637 -0.026804239502955178 0.023510812699268371 -0.0075646562575904961 -0.030157122634775317 -0.028643711717702219 0.027338110535471975 0.018776454291612014 0.0040475516875178247 -0.0026214198297853479
leaf_weight=7.9444254338741294 25.059344381093979 8.6752821505069715 33.397464334964752 16.412414208054546 10.377726688981054 10.869171261787416 7.4489701837301245 11.199086531996725 15.68441019952297 10.44062991440296
leaf_count=32 101 35 134 66 42 44 30 45 63 42
internal_value=-0.000652877 0.00579845 0.0126259 -0.00463853 -0.0101488 -0.00507956 0.00341082 0.00315919 0.0179868 -0.0178566
internal_weight=157.509 93.3131 57.0263 36.2868 64.1958 53.8181 32.5083 27.6115 49.0819 21.3098
internal_count=634 375 229 146 259 217 131 111 197 86
is_linear=0
shrinkage=0.03


Tree=9
num_leaves=9
num_cat=0
split_feature=34 20 8 34 16 3 40 33
split_gain=8.52798 10.0121 15.6644 9.84449 9.37126 6.77966 4.75903 1.4289
threshold=-0.045724781043979527 0.014097177130004617 -0.00070269077891377057 -0.0043324841583393106 0.11554398661915267 -0.0048863147318379254 -0.02243007388382123 0.25584451254312102
decision_type=2 2 2 2 2 2 2 2
left_child=-1 2 6 5 -4 -3 -2 -5
right_child=1 3 4 7 -6 -7 -8 -9
leaf_value=0.022829978272884972 -0.0013336873990694501 -0.01308431953254373 -0.020539155990030197 -0.010288551406674784 0.0021322753494343108 0.022590175156749218 0.022954905869678667 -0.029580468626515515
leaf_weight=10.695602789521216 7.7303070724010459 7.4073879569768906 23.801133513450623 11.40649361908436 41.504199355840683 7.4677079319953901 28.916938632726669 18.512789011001587
leaf_count=43 31 30 96 46 167 30 116 75
internal_value=-0.000655631 -0.00275216 0.00235249 -0.014295 -0.00627247 0.00449111 0.0176395 -0.023801
internal_weight=157.443 146.747 101.953 44.7944 65.3053 14.8751 36.6472 29.9193
internal_count=634 591 410 181 263 60 147 121
is_linear=0
shrinkage=0.03


Tree=10
num_leaves=10
num_cat=0
split_feature=20 19 4 4 32 2 33 14 19
split_gain=7.50862 19.913 10.2415 13.5962 8.51654 7.58929 5.75167 5.6702 3.83528
threshold=0.015064394860144865 0.092828587835569756 -0.0023682170498261486 0.022350234205094192 -0.0039559110890294283 -0.0070093595697265356 0.92081847813417583 0.74821036615892933 0.03677375705843109
decision_type=2 2 2 2 2 2 2 2 2
left_child=2 -2 4 5 -1 -4 -5 -3 -6
right_child=1 7 3 6 8 -7 -8 -9 -10
leaf_value=-0.010899375144586422 -0.034455866854369799 0.024956074642189418 0.011198358537819066 0.025221233835475459 0.0039529268510585186 -0.017278374472675991 -0.0026707379504585377 -0.0061993433197851016 0.026683142032219938
leaf_weight=7.960096910595893 16.509796500205994 8.204686641693117 8.2029089927673322 14.175214961171152 12.21732723712921 43.607635349035263 9.205350846052168 8.3906769603490812 24.673134908080101
leaf_count=32 67 33 33 57 49 176 37 34 99
internal_value=-0.000444037 -0.0127479 0.00297953 -0.00363692 0.0140738 -0.0122424 0.0143036 0.00942458 0.0201315
internal_weight=153.147 33.1052 120.042 75.1911 44.8506 51.8105 23.3806 16.5954 36.8905
internal_count=617 134 483 303 180 209 94 67 148
is_linear=0
shrinkage=0.03


Tree=11
num_leaves=8
num_cat=0
split_feature=5 21 24 16 12 36 5
split_gain=7.05721 12.2017 6.60954 6.05591 7.35688 7.24513 4.16105
threshold=-0.016155457016133131 0.0089811468415585179 -0.68858037191688137 0.10716944041664346 57.56537488894724 0.0065992573228417662 -0.044218457801841464
decision_type=2 2 2 2 2 2 2
left_child=1 -1 -2 4 -4 -5 -3
right_child=2 6 3 5 -6 -7 -8
leaf_value=0.031042044487999281 -0.024565851418249147 0.0094228491498197474 -0.0027246927336663459 0.013118816419751501 -0.031503027307584017 -0.0083278518959227395 -0.013616631301401736
leaf_weight=13.723204597830771 10.879284903407095 11.178550764918326 40.376439914107323 35.314268425107002 8.6346194893121702 20.299258559942245 12.64470010995865
leaf_count=55 44 45 163 142 35 82 51
internal_value=-0.000420596 0.0104396 -0.00419613 -0.00151627 -0.00912519 0.00501296 -0.00233247
internal_weight=153.05 37.5465 115.504 104.625 49.0111 55.6135 23.8233
internal_count=617 151 466 422 198 224 96
is_linear=0
shrinkage=0.03


Tree=12
num_leaves=10
num_cat=0
split_feature=37 20 4 4 0 20 21 33 19
split_gain=7.8157 12.3015 7.79432 11.3595 5.6627 4.59 11.1117 4.58994 0.0147091
threshold=-0.0020099993361910591 0.015976867269854606 -0.0023682170498261486 0.022350234205094192 -0.0057510297602191831 0.017548710494298281 0.010456629948223909 0.73922363242272315 0.091852101150078691
decision_type=2 2 2 2 2 2 2 2 2
left_child=5 2 4 -4 -2 6 7 -1 -3
right_child=1 8 3 -5 -6 -7 -8 -9 -10
leaf_value=0.020367732784287804 -0.0086348037619075196 -0.033332294479548885 -0.015726582564970372 0.010555995894216186 0.018221430436469219 0.028226800036913111 -0.024053654218524768 -0.003400214104422089 -0.013134410040738299
leaf_weight=20.180787324905399 7.4620088934898403 8.8105760365724581 40.27666512131691 20.394147664308548 24.147857666015625 7.9765978008508673 7.4389137327671042 8.6887350231409055 7.615794673562049
leaf_count=81 30 36 163 82 97 32 30 35 31
internal_value=-0.000421762 -0.00483587 -0.000198621 -0.00659757 0.0112987 0.00983029 0.00413455 0.0129716 -0.027224
internal_weight=152.992 108.707 92.2807 60.6708 31.6099 44.285 36.3084 28.8695 16.4264
internal_count=617 439 372 245 127 178 146 116 67
is_linear=0
shrinkage=0.03


Tree=13
num_leaves=9
num_cat=0
split_feature=40 7 5 38 5 10 5 13
split_gain=7.22297 6.78138 9.05402 8.10336 5.7559 8.17779 3.00856 0.725411
threshold=0.035913360362268561 -0.017586029665915524 -0.027621495103182622 0.009155646163796308 -0.011637162188370851 0.013751273053933312 -0.023311951710898112 4.2277601940734479
decision_type=2 2 2 2 2 2 2 2
left_child=1 -1 -3 -4 6 7 -2 -6
right_child=4 2 3 -5 5 -7 -8 -9
leaf_value=-0.015390830675689334 -0.0068478446250783594 0.030165999894642977 0.012363895843610055 -0.0066811396923611138 -0.029306464532992269 0.0026066599823292729 0.015685255905158246 -0.0093751215791871411
leaf_weight=11.388297304511068 7.8866230994462994 11.456117957830427 38.965218931436539 36.720814317464828 17.256433412432674 13.100537627935408 8.7122271060943586 7.4036785364150992
leaf_count=46 32 46 157 148 70 53 35 30
internal_value=-0.000420711 0.00430368 0.00733332 0.00299656 -0.00909899 -0.0154207 0.00458749 -0.0250374
internal_weight=152.89 98.5304 87.1422 75.686 54.3595 37.7606 16.5989 24.6601
internal_count=617 397 351 305 220 153 67 100
is_linear=0
shrinkage=0.03


Tree=14
num_leaves=11
num_cat=0
split_feature=5 21 4 4 4 23 0 22 13 32
split_gain=6.34989 11.4466 8.36822 7.40567 4.84451 4.76462 4.39644 3.53447 1.8587 1.37113
threshold=-0.016155457016133131 0.0074152390679203132 0.022350234205094192 0.0093761348222579661 0.039292622713230758 0.74924843311886169 -0.0057510297602191831 -0.054017094403251247 2.5249745123957905 0.0023585384853829221
decision_type=2 2 2 2 2 2 2 2 2 2
left_child=1 -1 3 6 8 -3 -2 -7 -4 -5
right_child=2 5 4 9 -6 7 -8 -9 -10 -11
leaf_value=0.034759053338213761 -0.016519672112153307 0.016629111181385891 0.024752668578882923 -0.027180480678073077 -0.0042686369663665104 0.0048265072074750344 0.0020236761864189348 -0.018125941681665671 0.0027272145677000336 -0.0077349287649673163
leaf_weight=9.7245986014604551 13.07030329108238 7.9720697104930904 11.196514651179315 16.768102020025257 13.416043043136595 8.1856927424669284 43.574320286512375 11.618857592344282 7.6980775147676459 9.60428938269615
leaf_count=39 53 32 45 68 54 33 176 47 31 39
internal_value=-0.00041111 0.00989006 -0.00400009 -0.00907599 0.00837327 -6.26882e-05 -0.00241674 -0.00837868 0.0176169 -0.0216719
internal_weight=152.829 37.5012 115.328 83.017 32.3106 27.7766 56.6446 19.8046 18.8946 26.3724
internal_count=617 151 466 336 130 112 229 80 76 107
is_linear=0
shrinkage=0.03


Tree=15
num_leaves=9
num_cat=0
split_feature=37 3 5 5 28 3 37 40
split_gain=12.9167 9.05003 11.2519 7.10603 6.63373 6.58934 8.92416 9.66617
threshold=0.026345357259188521 -0.020648645325208822 0.012312145370720231 0.02969999839502158 8.5000000000000018 0.02909678038188657 0.058640146158953972 0.058384530303147171
decision_type=2 2 2 2 2 2 2 2
left_child=1 -1 4 -4 -3 6 7 -2
right_child=5 2 3 -5 -6 -7 -8 -9
leaf_value=-0.01335402848040668 -0.013628327882584515 0.030402941275701163 -0.016057253610146115 0.010837872680220916 0.0065546666444822833 0.013312633826499059 -0.031567928852019464 0.016543395241569153
leaf_weight=11.906441956758497 28.838095217943192 28.619940996170044 14.098937526345255 17.391683876514435 20.902146235108376 8.4384137243032438 13.994031324982641 11.636359915137289
leaf_count=48 117 115 57 70 84 34 57 47
internal_value=0.00181459 0.00892344 0.0126211 -0.000995506 0.0212734 -0.00840613 -0.0123888 -0.00423031
internal_weight=155.826 92.9192 81.0127 31.4906 49.5221 62.9069 54.4685 40.4745
internal_count=629 374 326 127 199 255 221 164
is_linear=0
shrinkage=0.03


Tree=16
num_leaves=10
num_cat=0
split_feature=37 7 28 3 12 16 14 28 14
split_gain=12.1889 9.296 10.2351 10.6911 6.78038 8.27395 5.52721 4.8461 4.78053
threshold=0.026345357259188521 -0.017586029665915524 8.5000000000000018 0.004956221373475179 66.178085623839962 -0.48285294970729858 3.1168891714660849 5.5000000000000009 0.45871400784191968
decision_type=2 2 2 2 2 2 2 2 2
left_child=1 -1 8 -4 5 -2 -6 -7 -3
right_child=4 2 3 -5 6 7 -8 -9 -10
leaf_value=-0.01416367049110598 0.010902700054310098 0.030803183648576357 0.013291261934075968 -0.020115121478953255 0.019807108447134975 -0.029683565917509397 -0.010440944696735942 -0.0062303869740883266 0.010195527178007551
leaf_weight=11.638691380620001 7.6390940994024268 22.404383972287178 17.901017755270008 13.138222917914389 10.197825953364374 20.131648704409599 7.4218517541885367 17.44195345044136 27.829108282923698
leaf_count=47 31 90 72 53 41 82 30 71 112
internal_value=0.00176191 0.00866792 0.0123793 -0.000756602 -0.00817114 -0.0142543 0.00653582 -0.0200406 0.0205013
internal_weight=155.744 92.9114 81.2727 31.0392 62.8324 45.2127 17.6197 37.5736 50.2335
internal_count=629 374 327 125 255 184 71 153 202
is_linear=0
shrinkage=0.03


Tree=17
num_leaves=12
num_cat=0
split_feature=40 28 3 33 12 4 12 33 40 11 38
split_gain=8.50514 9.4593 12.0165 7.15855 6.52303 12.8161 6.65139 4.83346 5.15352 3.57896 2.66922
threshold=0.035073714590360357 8.5000000000000018 -0.018491470822762309 0.68354718249209967 66.178085623839962 -0.0023682170498261486 40.72963361189953 0.36225651226982625 -0.003069857027893363 -0.003942947744132618 0.010352744729166133
decision_type=2 2 2 2 2 2 2 2 2 2 2
left_child=1 2 -1 -4 5 6 -2 10 -9 -7 -3
right_child=4 7 3 -5 -6 9 -8 8 -10 -11 -12
leaf_value=-0.014863232001245143 -0.010011355581735182 0.018514481437281342 0.03128736249887331 0.0079226194289902865 0.0096872338219080919 -0.0090131747001932563 0.022393023586983186 -0.028118056797833708 0 -0.036918995633933381 -0.0028494748666076414
leaf_weight=8.9081609696149808 10.168960034847261 7.4658056944608715 24.128732278943062 29.021308869123459 12.653985366225241 10.280891343951225 8.4004733562469465 9.1486287266016024 13.387890845537184 13.407753303647041 8.6763748079538328
leaf_count=36 41 30 97 117 51 42 34 37 54 55 35
internal_value=0.00170861 0.00691925 0.0140675 0.0195516 -0.00749405 -0.0131831 0.00467054 -0.0043088 -0.0130462 -0.0270364 0.00715638
internal_weight=155.649 100.737 62.0582 53.15 54.9121 42.2581 18.5694 38.6787 22.5365 23.6886 16.1422
internal_count=629 406 250 214 223 172 75 156 91 97 65
is_linear=0
shrinkage=0.03


Tree=18
num_leaves=12
num_cat=0
split_feature=40 28 23 20 16 5 4 10 23 9 40
split_gain=8.03938 8.95234 8.20325 7.41839 6.99529 10.8262 4.58443 8.00791 2.50232 2.17613 1.53363
threshold=0.035073714590360357 8.5000000000000018 1.04124183596189 0.010656358934718698 -0.68249169180736247 0.014454667085344266 -0.0023682170498261486 0.013751273053933312 1.043518431459681 0.00040507707540645739 1.0000000180025095e-35
decision_type=2 2 2 2 2 2 2 2 2 2 2
left_child=1 4 3 -3 -1 -6 8 9 -2 -8 -4
right_child=6 2 10 -5 5 -7 7 -9 -10 -11 -12
leaf_value=-0.010046718296809923 -0.0054067019069065697 -0.014473355951000202 -0.027986105524390969 0.018282160470097911 0.028880752371150658 0.0014760141594206959 -0.007961304347903455 0.0034052983269783187 0.014069938331307895 -0.031874912625082137 -0.0050142971663654588
leaf_weight=7.6511596888303748 9.6042637079954165 7.4353801310062435 8.3754046708345395 15.408962234854696 30.341809317469597 24.062868863344193 9.304366812109949 13.832488790154455 9.2200584560632688 12.877832159399984 7.4368840605020514
leaf_count=31 39 30 34 62 122 97 38 56 37 53 30
internal_value=0.00164644 0.00671377 -0.00420533 0.00671025 0.0136687 0.0175079 -0.00730463 -0.0134241 0.00384765 -0.0239526 -0.0198002
internal_weight=155.551 100.712 38.6566 22.8443 62.0558 54.4047 54.839 36.0147 18.8243 22.1822 15.8123
internal_count=629 406 156 92 250 219 223 147 76 91 64
is_linear=0
shrinkage=0.03


Tree=19
num_leaves=11
num_cat=0
split_feature=37 7 5 23 12 4 11 15 11 37
split_gain=10.8197 8.37448 9.58203 6.39837 6.12974 9.35235 6.13893 5.08927 4.69874 4.09466
threshold=0.026345357259188521 -0.017586029665915524 0.012312145370720231 1.0565115304047967 66.178085623839962 -0.0023682170498261486 -0.0031236709782597179 -0.6007423689820941 0.01888802775935872 -0.031385901948817622
decision_type=2 2 2 2 2 2 2 2 2 2
left_child=1 -1 9 -4 5 7 -7 -2 -6 -3
right_child=4 2 3 -5 8 6 -8 -9 -10 -11
leaf_value=-0.013579492641926909 -0.012665359589447121 0.034534562480669426 0.009450356308200028 -0.016250753896106779 0.01928543242654801 -0.0054057637813592621 -0.035780882125981739 0.01654610237621312 -0.008364493265406071 0.012752290978307842
leaf_weight=11.605523183941839 7.6657107323408153 12.391228333115576 18.891421869397167 12.832231715321539 9.4542508125305194 12.478744924068453 15.230640187859533 9.6444187164306623 8.1755976378917676 37.063399702310562
leaf_count=47 31 50 76 52 38 51 63 39 33 149
internal_value=0.00157542 0.00808981 0.0116201 -0.000848175 -0.00779218 -0.0136017 -0.0238913 0.00286119 0.0061532 0.0196317
internal_weight=155.433 92.7838 81.1783 31.7237 62.6494 45.0195 27.7094 17.3101 17.6298 49.4546
internal_count=629 374 327 128 255 184 114 70 71 199
is_linear=0
shrinkage=0.03


Tree=20
num_leaves=12
num_cat=0
split_feature=37 20 7 8 23 23 19 33 23 23 35
split_gain=11.0095 10.7904 10.8118 16.6721 6.95025 9.61849 4.87508 3.73202 2.64304 2.54531 1.44085
threshold=0.011909671831811243 0.014020284026277427 0.0037017695500871201 0.013843699648162176 1.0565115304047967 1.1605747767579075 0.090723585177030011 0.23232758425222816 0.83523666625740256 0.70090740202827428 0.019128282360766694
decision_type=2 2 2 2 2 2 2 2 2 2 2
left_child=4 2 7 -4 8 -6 -3 -2 9 -1 -10
right_child=1 6 3 -5 5 -7 -8 -9 10 -11 -12
leaf_value=0.018866579652597585 0 -0.030250586475496166 -0.028407319147809095 0.013314617922998104 -0.021405443169640596 0.014609273227942541 -0.003685226689712696 0.022874553599674885 0.011374262013745959 -0.0010268718156716677 0.030536598163684377
leaf_weight=7.4637442678213146 7.7083324939012554 13.306933179497721 15.5869607180357 14.661157950758932 9.8551788777112979 13.164353385567663 14.013177931308745 20.5652035176754 12.680887863039972 11.156894519925116 17.405123010277748
leaf_count=30 31 55 64 59 40 53 57 83 51 45 70
internal_value=0.00374934 -0.00334795 0.00376669 -0.00814812 0.0123072 -0.000688469 -0.018317 0.0167053 0.0185299 0.00727611 0.0241398
internal_weight=157.568 85.8418 58.5217 30.2481 71.7262 23.0195 27.3201 28.2735 48.7066 18.6206 30.086
internal_count=638 349 237 123 289 93 112 114 196 75 121
is_linear=0
shrinkage=0.03


Tree=21
num_leaves=9
num_cat=0
split_feature=37 20 19 4 18 19 27 21
split_gain=10.4657 10.2647 8.44677 6.92388 5.03119 4.65018 4.58309 1.95905
threshold=0.011909671831811243 0.014020284026277427 0.030010668457225841 -0.0032787357604472374 0.88881644220150813 0.090723585177030011 3.5000000000000004 0.0073614416743290707
decision_type=2 2 2 2 2 2 2 2
left_child=4 2 -2 -4 6 -3 7 -1
right_child=1 5 3 -5 -6 -7 -8 -9
leaf_value=0.029441868564616194 -0.018112145096968832 -0.029597025394318785 0.026043487842136916 0.0012673927687849368 -0.0084708648660382548 -0.0035897263084098893 0 0.013114174862877867
leaf_weight=13.880150645971296 10.537996664643286 13.237960651516916 13.438181921839712 34.50641542673111 7.4214607030153266 14.007695421576498 14.149027213454245 36.230933740735054
leaf_count=56 43 55 54 140 30 57 57 146
internal_value=0.00364815 -0.00327397 0.00365795 0.00927692 0.0119945 -0.0178988 0.0147687 0.018881
internal_weight=157.41 85.7283 58.4826 47.9446 71.6816 27.2457 64.2601 50.1111
internal_count=638 349 237 194 289 112 259 202
is_linear=0
shrinkage=0.03


Tree=22
num_leaves=10
num_cat=0
split_feature=40 4 12 20 11 16 2 28 20
split_gain=9.94093 5.9564 8.69362 8.01228 5.84849 5.79668 5.09923 6.36293 2.6049
threshold=0.021619436998289724 -0.0052211502552426672 66.178085623839962 0.014097177130004617 -0.0018702120256233188 0.56699623161382473 -0.019804415831345287 8.5000000000000018 0.012688515240910414
decision_type=2 2 2 2 2 2 2 2 2
left_child=5 3 4 -2 -3 6 -1 -8 -4
right_child=1 2 8 -5 -6 -7 7 -9 -10
leaf_value=-0.0056249639277416346 0.020668103560935593 -0.0030170726235821143 0.017475679115822443 -0.014086930789850896 -0.029147840559656173 -0.0072046425758571101 0.02483331796763575 0.0050435845103713193 -0.0037093355508015769
leaf_weight=8.846763074398039 13.9347480237484 15.375595256686209 7.9806594699621183 7.3109120577573767 18.621784657239914 12.12382450699806 35.42528510093689 29.751698657870293 7.9183549284934998
leaf_count=36 56 63 32 30 77 49 143 120 32
internal_value=0.00354116 -0.00454864 -0.0102295 0.00788013 -0.0185709 0.0103436 0.013529 0.0164422 0.00685112
internal_weight=157.29 71.1421 49.8964 21.2457 33.9974 86.1476 74.0237 65.177 15.899
internal_count=638 290 204 86 140 348 299 263 64
is_linear=0
shrinkage=0.03


Tree=23
num_leaves=13
num_cat=0
split_feature=40 7 8 21 23 23 24 5 28 0 23 36
split_gain=9.40056 6.68843 9.91157 7.12172 5.27691 15.7299 5.34087 5.16651 4.85599 4.31771 2.69358 0.148138
threshold=0.024671143710632618 0.0029006666471415548 0.018795328707603174 0.010857952413046485 1.0565115304047967 1.1846124798194337 0.61417334660679501 0.014454667085344266 6.5000000000000009 -0.0062613114390615556 1.2566360053626333 0.0060038208782324251
decision_type=2 2 2 2 2 2 2 2 2 2 2 2
left_child=4 3 11 8 6 7 9 -6 -2 -1 -7 -3
right_child=1 2 -4 -5 5 10 -8 -9 -10 -11 -12 -13
leaf_value=0 0.022350183858446511 -0.014946495354900568 0.0036872228917346284 -0.016051052457127898 -0.00074714701255366544 0.030166068237829975 -0.0043979847237497968 -0.034796429688103078 -0.0021129797134647405 0.023118464241039603 0.0029471339836290352 -0.034632451412962749
leaf_weight=9.1356771439313871 15.10445447266102 10.166342005133631 14.574604019522665 8.8985904604196531 8.6571113765239733 8.4529654830694181 8.6644681692123395 7.6060821264982215 10.403320416808127 39.152253538370132 7.4357840716838828 8.9037186056375486
leaf_count=37 61 42 59 37 35 34 35 31 42 158 30 37
internal_value=0.0034311 -0.00474235 -0.0139811 0.00415163 0.00980506 0 0.0151371 -0.0195595 0.0123994 0.0189762 0.02002 -0.0272646
internal_weight=157.155 68.051 33.6447 34.4064 89.1043 32.1519 56.9524 16.2632 25.5078 48.2879 15.8887 19.0701
internal_count=638 278 138 140 360 130 230 66 103 195 64 79
is_linear=0
shrinkage=0.03


Tree=24
num_leaves=12
num_cat=0
split_feature=37 20 7 8 28 23 23 40 34 23 20
split_gain=9.08829 9.29663 9.3155 15.0415 6.35971 6.2294 8.73 4.60518 4.46046 2.37226 1.12747
threshold=0.011909671831811243 0.014020284026277427 0.0037017695500871201 0.013843699648162176 6.5000000000000009 1.0565115304047967 1.1605747767579075 -0.036290878850428691 -0.0017128926264934339 0.76711117211300384 0.015745569256902781
decision_type=2 2 2 2 2 2 2 2 2 2 2
left_child=5 2 4 -4 -2 7 -7 -1 -3 -9 -10
right_child=1 8 3 -5 -6 6 -8 9 10 -11 -12
leaf_value=0.0012999314602196879 0.025155207315119259 0.0010065863412420332 -0.027043428569541204 0.012664005883158292 -0.0024507935982263098 -0.020906381382612419 0.013408716302458764 0.0055043507904701467 -0.010944836507693564 0.027443621215930403 -0.032344854227191723
leaf_weight=14.366132155060766 18.356736183166507 7.3171504437923458 15.41462364792824 14.660584881901739 9.9218559414148313 9.8209407329559344 13.150577634572981 8.9322251677513105 10.223815903067591 25.293517678976059 9.5361306071281415
leaf_count=58 74 30 64 59 40 40 53 36 42 102 40
internal_value=0.00331367 -0.00314128 0.00344466 -0.00763709 0.0154518 0.0110993 -0.00116065 0.0170083 -0.0171112 0.022752 -0.0239855
internal_weight=156.994 85.4309 58.3538 30.0752 28.2786 71.5634 22.9715 48.5919 27.0771 34.2257 19.7599
internal_count=638 349 237 123 114 289 93 196 112 138 82
is_linear=0
shrinkage=0.03


Tree=25
num_leaves=13
num_cat=0
split_feature=18 21 4 21 34 5 4 0 5 14 40 32
split_gain=6.50656 7.8928 5.60906 7.4455 4.74802 4.70923 4.54028 4.46975 4.42646 5.76215 3.92656 2.85482
threshold=0.56543765314890027 0.010550040020550861 0.022350234205094192 0.0080658984836410891 0.0050411954474858254 -0.04609448700193796 0.0019759947877308064 -0.0027703166088218207 -0.015523728007288294 0.095190770498788893 -0.0099178497705780227 0.0023585384853829221
decision_type=2 2 2 2 2 2 2 2 2 2 2 2
left_child=1 8 6 -4 -5 -3 -2 -7 10 -10 -1 -8
right_child=2 5 3 4 -6 7 11 -9 9 -11 -12 -13
leaf_value=0.0041080187555390677 0.0059996278428101823 0.010415553833009149 0.018723292879426898 0.0048961339357352692 -0.020787929464271913 0 -0.022579612792393788 -0.027516209098057128 -0.0074033270839256793 0.017343947972161627 0.033960653370151396 -0.0030848901879399733
leaf_weight=8.1843947172164935 7.6429851502180091 8.1297292113304156 14.156448453664778 10.927316024899485 10.316742792725561 9.6310850679874438 24.393753632903099 8.817553371191023 14.595831826329233 14.628844797611235 11.870161011815069 12.652311310172079
leaf_count=33 31 33 57 44 42 40 100 36 59 59 48 52
internal_value=0.000211775 0.00651189 -0.00558598 0.00293462 -0.00764693 -0.00599834 -0.0124934 -0.0142762 0.0135225 0.00482136 0.0239351 -0.0168048
internal_weight=155.947 75.8576 80.0896 35.4005 21.2441 26.5784 44.6891 18.4486 49.2792 29.2247 20.0546 37.0461
internal_count=634 308 326 143 86 109 183 76 199 118 81 152
is_linear=0
shrinkage=0.03


Tree=26
num_leaves=13
num_cat=0
split_feature=18 20 5 35 41 28 21 16 5 21 3 9
split_gain=6.16864 7.91688 5.63627 5.6314 5.31754 5.2313 4.79602 4.21548 5.56966 9.07868 7.35616 1.99817
threshold=0.56543765314890027 0.014097177130004617 -0.015523728007288294 0.043205065488108658 1.0000000180025095e-35 9.5000000000000018 0.0089811468415585179 0.11554398661915267 0.02969999839502158 0.0079368360721243699 0.0084211391742617953 0.029754107342029941
decision_type=2 2 2 2 2 2 2 2 2 2 2 2
left_child=1 2 3 -1 -3 -6 -4 11 10 -10 -9 -2
right_child=7 4 6 -5 5 -7 -8 8 9 -11 -12 -13
leaf_value=0.037313861842377602 -0.0048340154325111698 0.011480506605642381 -0.0038054146241480531 0.0049843788998499465 -0.029957619232526773 0 0.02133634281382888 0.0048440378647847991 0.025224376921398853 -0.0051397203330089177 -0.02296472182822289 -0.027997243034876201
leaf_weight=11.340573519468309 9.627991661429407 7.5582983940839794 21.035687282681469 10.653757736086844 8.5067422538995761 9.25216495990753 7.456446945667266 13.461611434817316 12.422372877597807 20.191251322627068 16.573629155755043 7.7248683571815482
leaf_count=46 39 31 85 43 35 38 30 55 50 82 68 32
internal_value=0.000214756 0.00635281 0.0131456 0.0239998 -0.00661462 -0.0154577 0.0032502 -0.00543138 -0.00134423 0.00678168 -0.0105085 -0.0177482
internal_weight=155.805 75.8037 50.4865 21.9943 25.3172 17.7589 28.4921 80.0017 62.6489 32.6136 30.0352 17.3529
internal_count=634 308 204 89 104 73 115 326 255 132 123 71
is_linear=0
shrinkage=0.03


Tree=27
num_leaves=11
num_cat=0
split_feature=8 21 19 21 19 21 34 35 7 9
split_gain=7.38584 8.04216 6.61645 6.39828 5.55791 7.76461 11.2469 8.28587 3.70907 3.18611
threshold=0.0030340934264442422 0.010550040020550861 0.036464445148295131 0.0069129118261734811 0.030807979116214485 0.0079368360721243699 0.0050411954474858254 0.033399540715166161 -0.0020337317782032171 -0.020974415628594142
decision_type=2 2 2 2 2 2 2 2 2 2
left_child=1 2 3 -1 -2 7 -7 -6 -4 -3
right_child=4 9 8 -5 5 6 -8 -9 -10 -11
leaf_value=0.015748891132576964 -0.02344111469560814 0.0044279703416853179 0.030928896199383368 -0.013789793757312411 -0.0084831765185227354 0.0045942223511168294 -0.025158369603414513 0.023382797530067834 0.005991207801921891 -0.014991268562141313
leaf_weight=11.144849076867105 11.925813078880308 11.263707518577577 17.520518898963932 11.161262497305868 10.571382224559786 20.945382758975029 20.356053501367569 15.100166246294974 11.353410691022871 14.305560007691382
leaf_count=45 49 46 71 45 43 85 84 61 46 59
internal_value=0.000211289 0.00683901 0.0136193 0.000433048 -0.00606014 -0.00215767 -0.0102081 0.0100538 0.0226324 -0.00619203
internal_weight=155.648 76.7493 51.18 22.3061 78.8988 66.973 41.3014 25.6715 28.8739 25.5693
internal_count=634 312 207 90 322 273 169 104 117 105
is_linear=0
shrinkage=0.03


Tree=28
num_leaves=12
num_cat=0
split_feature=32 17 14 22 3 6 24 28 37 21 1
split_gain=6.03058 8.75956 5.19582 4.66802 4.94588 7.33232 4.01561 1.98665 1.75176 1.0695 0.873863
threshold=0.0016772108000226995 0.050858203028016212 1.8810819010506779 0.16394643674049617 0.0072233583501021279 0.008944281355732225 0.44636044277050385 6.5000000000000009 0.036285298527826811 0.0091526995813090862 0.00055396592250389631
decision_type=2 2 2 2 2 2 2 2 2 2 2
left_child=1 2 6 4 10 -6 -1 -5 9 -3 -2
right_child=3 8 -4 7 5 -7 -8 -9 -10 -11 -12
leaf_value=0.0080513665879489004 0.029353661687940021 0 -0.014370724733779464 0.0048969916147478271 -0.014771722378811063 0.019324405396007143 -0.012728189031433992 -0.011966419318430154 -0.032001344143011812 -0.016662940400418533 0.0097726202642749501
leaf_weight=51.652234300971031 11.559994116425516 7.3961224555969265 13.938494190573691 9.7506792247295397 9.7618229389190692 8.8563321083784086 7.5983012318611136 10.267121762037275 7.1788038313388816 8.1606181263923627 9.3594656437635404
leaf_count=210 47 30 57 40 40 36 31 42 30 33 38
internal_value=0.000204659 -0.00432595 0.00067506 0.00764915 0.0134841 0.00102093 0.0048131 -0.0033723 -0.0197842 -0.0102889 0.0228647
internal_weight=155.48 95.9246 73.189 59.5554 39.5376 18.6182 59.2505 20.0178 22.7355 15.5567 20.9195
internal_count=634 391 298 243 161 76 241 82 93 63 85
is_linear=0
shrinkage=0.03


Tree=29
num_leaves=9
num_cat=0
split_feature=8 7 40 19 6 32 9 11
split_gain=6.8512 7.4047 5.899 5.31708 4.77024 4.50315 4.38762 3.8599
threshold=0.0030340934264442422 -0.017897941532934333 0.071665812940453169 0.030807979116214485 -0.0026058400876991772 0.0015435780603465512 0.028410775336214035 0.0017027211435021174
decision_type=2 2 2 2 2 2 2 2
left_child=1 -1 4 -2 -3 6 -5 -7
right_child=3 2 -4 5 -6 7 -8 -9
leaf_value=-0.011218072812766921 -0.022892306438478935 0.02364773476479683 -0.0099972350651859904 0.00020172015756258008 0.0048456484725791288 -0.0074236104657250373 -0.019622790008518201 0.012939791783114708
leaf_weight=14.447467431426047 11.881858408451079 26.416013911366459 8.012469068169592 18.508564710617065 27.77953934669495 10.507050573825838 16.687483429908752 21.157864451408386
leaf_count=59 49 107 33 76 113 43 68 86
internal_value=0.000178711 0.00656877 0.011154 -0.0058648 0.0147926 -0.00204402 -0.0093441 0.00569764
internal_weight=155.398 76.6555 62.208 78.7428 54.1956 66.861 35.196 31.6649
internal_count=634 312 253 322 220 273 144 129
is_linear=0
shrinkage=0.03


Tree=30
num_leaves=10
num_cat=0
split_feature=40 22 20 19 19 36 22 15 23
split_gain=9.28754 7.50401 6.77321 12.7613 11.143 5.70478 3.03445 2.15848 1.98923
threshold=0.078772876878322698 0.15839994343087463 0.013959169755896934 0.092828587835569756 0.042538550149687264 0.0067154193938737455 0.36437333636421837 0.29844449661959843 0.97783162402965174
decision_type=2 2 2 2 2 2 2 2 2
left_child=1 2 4 -4 -1 6 -3 -7 -2
right_child=8 5 3 -5 -6 7 -8 -9 -10
leaf_value=0 -0.0033946161281416458 -0.0069427885072337195 -0.018638561886560732 0.018152776727439236 0.025495384986381511 -0.0029393997816929535 0.012332737054823949 -0.026267057623374189 -0.028294751426326765
leaf_weight=27.228875011205673 7.1989587098360044 11.015881463885309 16.939119517803196 13.241969555616377 35.12524239718914 8.2940015345811862 13.789352655410765 9.6835702657699567 7.7474493235349655
leaf_count=111 30 45 70 54 142 34 56 40 32
internal_value=0.00181623 0.00446828 0.00927027 -0.00190528 0.0148037 -0.00553319 0.00333366 -0.0176273 -0.0190028
internal_weight=150.264 135.318 92.5352 30.1811 62.3541 42.7828 24.8052 17.9776 14.9464
internal_count=614 552 377 124 253 175 101 74 62
is_linear=0
shrinkage=0.03


Tree=31
num_leaves=9
num_cat=0
split_feature=40 36 5 21 25 23 34 23
split_gain=8.85854 5.88742 11.3571 7.01043 6.16795 3.79777 2.65823 1.89425
threshold=0.078772876878322698 0.0065992573228417662 -0.011637162188370851 0.0068902414623227054 0.037037525439014958 0.96838752773806858 -0.020564556758440319 0.97783162402965174
decision_type=2 2 2 2 2 2 2 2
left_child=1 3 6 -1 -4 -5 -3 -2
right_child=7 2 4 5 -6 -7 -8 -9
leaf_value=0.027213584604045039 -0.0033163536565579939 0.02628090423487325 0.0093128857264857708 0.012817160971809441 -0.01653906447249252 -0.0017386659790998519 0.0016701307496821925 -0.027713405045058086
leaf_weight=14.91677914559841 7.1950398087501508 9.058175131678583 8.5411088168621045 26.076097682118416 34.326262637972832 33.505601093173027 8.7982794940471631 7.7151114791631699
leaf_count=61 30 37 35 106 141 136 36 32
internal_value=0.00174043 0.00433245 -0.00237519 0.0099151 -0.0108683 0.00459753 0.0162997 -0.0186121
internal_weight=150.132 135.222 60.7238 74.4985 42.8674 59.5817 17.8565 14.9102
internal_count=614 552 249 303 176 242 73 62
is_linear=0
shrinkage=0.03


Tree=32
num_leaves=11
num_cat=0
split_feature=20 21 33 16 28 35 17 36 28 33
split_gain=7.78391 13.2561 10.5415 8.63602 5.46262 4.95198 4.43289 3.60671 3.45841 2.42348
threshold=0.014020284026277427 0.015382159349533901 0.52941202869890824 0.10716944041664346 3.5000000000000004 0.043205065488108658 0.025086110870141124 0.0046118762527031969 9.5000000000000018 0.66764420813354564
decision_type=2 2 2 2 2 2 2 2 2 2
left_child=2 4 6 9 -2 -5 8 -6 -1 -4
right_child=1 -3 3 5 7 -7 -8 -9 -10 -11
leaf_value=0.0022333415793137088 0.0035818539091991672 0.024242765557947847 -0.0028718284417405945 -0.0035080679938532195 -0.00098623536685566652 0.016859767442925826 0.030163911330067399 -0.026347198746456694 0.024632843124156447 -0.028365660198294215
leaf_weight=25.173510923981667 9.0683290809392911 7.3588249981403342 7.5837055742740658 21.856526985764503 8.0768083184957522 16.732767596840858 14.221071898937224 23.332073643803596 7.4144252240657798 9.1812016367912275
leaf_count=102 37 30 31 89 33 68 58 98 30 38
internal_value=0.00170066 -0.00794281 0.00642585 -0.00222382 -0.0150133 0.00534968 0.0166339 -0.020724 0.00889304 -0.019168
internal_weight=149.999 47.836 102.163 55.3542 40.4772 38.5893 46.809 31.4089 32.5879 16.7649
internal_count=614 198 416 226 168 157 190 131 132 69
is_linear=0
shrinkage=0.03


Tree=33
num_leaves=10
num_cat=0
split_feature=20 21 5 22 19 35 38 35 20
split_gain=7.352 12.6309 9.51576 7.76582 9.80477 6.60155 6.12267 3.81737 2.94021
threshold=0.014020284026277427 0.015382159349533901 -0.012000092968270646 0.15839994343087463 0.043287327658775292 0.051122905301416728 0.0081573184294964889 0.039027212967684639 0.015064394860144865
decision_type=2 2 2 2 2 2 2 2 2
left_child=2 6 5 4 -4 -1 -2 -5 -8
right_child=1 -3 3 7 -6 -7 8 -9 -10
leaf_value=0.030037590824069878 0.0021028408485465559 0.023701959142511046 -0.0049631455857050413 -0.020864992194854156 0.020234828133540422 0 -0.0028499121983010787 0.0017522531700895328 -0.027499126577251301
leaf_weight=18.584153145551685 11.967156097292898 7.3467431664466849 26.420079305768013 15.612471148371698 24.52895188331604 8.380371540784834 7.7928774058818844 8.5481212735176069 20.601567342877388
leaf_count=76 50 30 108 64 99 34 32 35 86
internal_value=0.00166739 -0.00771551 0.00626098 0.000411812 0.00719099 0.0208825 -0.0146373 -0.0127673 -0.0218603
internal_weight=149.782 47.7083 102.074 75.1096 50.949 26.9645 40.3616 24.1606 28.3944
internal_count=614 198 416 306 207 110 168 99 118
is_linear=0
shrinkage=0.03


Tree=34
num_leaves=8
num_cat=0
split_feature=40 7 5 36 35 4 23
split_gain=8.2238 5.42041 6.62481 6.97147 6.61348 2.9479 1.87007
threshold=0.078772876878322698 -0.017586029665915524 -0.011637162188370851 0.0065992573228417662 0.051122905301416728 -0.034609491180493161 0.97783162402965174
decision_type=2 2 2 2 2 2 2
left_child=1 5 4 -4 -3 -1 -2
right_child=6 2 3 -5 -6 -7 -8
leaf_value=9.8427776862538015e-05 -0.0029363208281113083 0.027062091705711257 0.0093941626841764006 -0.0070891453506511373 -0.0010299073872506955 -0.022715355234036116 -0.027060306274751495
leaf_weight=8.325961306691168 7.1578432172536832 20.601795181632045 49.614399760961533 39.162155866622925 9.610985726118086 7.4255642592906943 7.6607156246900558
leaf_count=34 30 85 202 161 39 31 32
internal_value=0.00162552 0.00412952 0.00642836 0.00196163 0.018151 -0.011159 -0.0180344
internal_weight=149.559 134.741 118.989 88.7766 30.2128 15.7515 14.8186
internal_count=614 552 487 363 124 65 62
is_linear=0
shrinkage=0.03


Tree=35
num_leaves=7
num_cat=0
split_feature=38 20 19 19 20 18
split_gain=5.91726 8.52971 9.65172 9.47314 7.57682 7.40989
threshold=0.021727433229992935 0.015668522909115353 0.041154249021023027 0.049816951487757798 0.017548710494298281 0.77081107543958072
decision_type=2 2 2 2 2 2
left_child=1 2 5 -4 -3 -1
right_child=-2 4 3 -5 -6 -7
leaf_value=-0.0027011399266999108 0.020838958207042669 -0.032012763623164103 0.02238376871309521 -9.319713392647532e-05 0 -0.029618173297759259
leaf_weight=40.994575202465057 7.7963007092475882 13.577160626649858 22.773652657866478 48.805076092481613 11.420005381107329 10.717061996459959
leaf_count=167 32 57 93 199 48 45
internal_value=-0.001586 -0.00312645 9.5796e-05 0.00726831 -0.0184045 -0.00945401
internal_weight=156.084 148.288 123.29 71.5787 24.9972 51.7116
internal_count=641 609 504 292 105 212
is_linear=0
shrinkage=0.03


Tree=36
num_leaves=10
num_cat=0
split_feature=34 20 17 24 20 33 17 7 28
split_gain=5.5006 11.3579 7.27847 11.4155 6.3391 5.69957 5.36647 8.16428 4.32066
threshold=-0.0038068581678278308 0.014782687894752624 0.064164715570757494 -0.68133772060213349 0.017548710494298281 0.26394418853222651 -0.077269007586083835 0.0048700668291370283 6.5000000000000009
decision_type=2 2 2 2 2 2 2 2 2
left_child=4 2 3 -2 6 -3 -1 -8 -4
right_child=1 5 8 -5 -6 -7 7 -9 -10
leaf_value=-0.0140044328542314 -0.0227931219360103 0 0 0.011634777176007801 0.025283003995851091 -0.033248857026459196 0.021309993992443238 -0.007243258760005207 -0.026222218725482516
leaf_weight=13.443536147475241 8.3717798441648466 7.5099928379058865 12.021097496151926 47.626547798514366 9.9418015182018262 14.960117280483244 16.150348216295246 15.365614116191862 10.517282158136366
leaf_count=55 34 31 50 194 41 64 66 63 43
internal_value=-0.00155108 -0.00574306 0 0.00562065 0.00582846 -0.0235919 0.000313509 0.00733979 -0.0138667
internal_weight=155.908 101.007 78.5367 55.9983 54.9013 22.4701 44.9595 31.516 22.5384
internal_count=641 416 321 228 225 95 184 129 93
is_linear=0
shrinkage=0.03


Tree=37
num_leaves=12
num_cat=0
split_feature=26 26 4 16 8 17 20 20 20 20 5
split_gain=6.66987 6.65515 7.05144 3.99268 5.44296 4.67319 4.15217 2.90184 2.46632 1.86745 0.656395
threshold=0.27271907588947691 0.0512850608988605 -0.01230736300185342 0.087848340833232244 0.0031340140151327384 -0.0015700775425322303 0.013456632495705615 0.012513596827471633 0.012012318538495945 0.012832302380202896 0.037224744271444295
decision_type=2 2 2 2 2 2 2 2 2 2 2
left_child=1 8 -3 4 6 10 -2 -7 -1 -4 -5
right_child=3 2 9 5 -6 7 -8 -9 -10 -11 -12
leaf_value=-0.0039403603986946558 0.012866702214805294 0.0068243853286815339 -0.0093642871871198203 0.0290522547125842 -0.02041786927752515 -0.010162204033698349 -0.0086652830462096344 0.012665486174489191 0.013158282266613582 -0.023937071274054679 0.0089770531533173593
leaf_weight=11.521719872951509 18.866378888487819 11.368908926844595 24.30110539495945 9.1338222026824969 8.3193781077861768 8.8033037930727023 10.589234441518782 7.3257861733436576 13.610117316246031 24.005673095583916 7.8444714546203604
leaf_count=47 77 47 100 37 35 36 44 30 56 100 32
internal_value=-0.00153196 -0.00720484 -0.0126072 0.00506103 -0.00128994 0.0123953 0.00459035 0 0.00505391 -0.017568 0.0224908
internal_weight=155.69 84.8075 59.6757 70.8824 37.775 33.1074 29.4556 16.1291 25.1318 48.3068 16.9783
internal_count=641 350 247 291 156 135 121 66 103 200 69
is_linear=0
shrinkage=0.03


Tree=38
num_leaves=11
num_cat=0
split_feature=26 11 37 5 26 4 8 25 25 35
split_gain=6.31698 7.50684 8.03779 6.35012 6.31451 6.05999 5.47728 4.01883 3.54554 0.825809
threshold=0.27271907588947691 0.018179145810030776 0.0046297321452277726 0.025012646852730417 0.048202604076436582 -0.014954545404598505 0.0095182977418124901 0.42105189188627795 0.13333299424913198 0.022589612287033049
decision_type=2 2 2 2 2 2 2 2 2 2
left_child=4 3 -3 6 8 -6 -2 -7 -1 -10
right_child=1 2 -4 -5 5 7 -8 -9 9 -11
leaf_value=-0.0077880220423658005 0.010862650814090772 0.012944532210426849 -0.021849676577386932 0.030690284452382723 0.0070948920447077872 -0.021644155353296762 -0.01373865266568906 -0.0020930515572661385 0.0028197040598981218 0.020400677464112397
leaf_weight=8.5477216243743914 30.973743245005608 7.3604319691658047 13.858472526073454 10.091671615839003 10.139351218938826 35.483629077672958 8.5320410728454572 15.672563403844832 7.3037110567092878 7.575063019990921
leaf_count=35 127 30 58 41 42 147 35 65 30 31
internal_value=-0.00148212 0.0049336 -0.00905883 0.0113297 -0.00700789 -0.0120413 0.00478213 -0.0162406 0.00548348 0.0140159
internal_weight=155.538 70.8164 21.2189 49.5975 84.722 61.2955 39.5058 51.1562 23.4265 14.8788
internal_count=641 291 88 203 350 254 162 212 96 61
is_linear=0
shrinkage=0.03


Tree=39
num_leaves=11
num_cat=0
split_feature=26 11 26 4 23 10 22 25 40 19
split_gain=5.96232 7.11867 5.99266 5.75928 4.54047 3.94016 4.13114 3.38987 2.54442 2.09718
threshold=0.27271907588947691 0.020661985083026638 0.048202604076436582 -0.014954545404598505 1.0013012150391842 0.013095219285169881 -0.10589513039680991 0.13333299424913198 0.020321626672549557 0.050105761715557896
decision_type=2 2 2 2 2 2 2 2 2 2
left_child=2 5 7 -4 -5 6 -2 -1 -3 -9
right_child=1 8 3 4 -6 -7 -8 9 -10 -11
leaf_value=-0.0076021734294105976 -0.005366397131540932 0.00042267186887208599 0.0069164411480752063 -0.0047438640915623189 -0.023886721297248666 0.023792960271180896 0.012841605796815739 0.022971778274065664 -0.019859160740229889 0
leaf_weight=8.5429520010948199 17.525700524449348 8.0610240995883959 10.140510365366934 23.656880304217339 27.413022264838219 13.028901621699331 22.780954509973526 7.5860171616077405 9.3645122051238996 7.2877822071313858
leaf_count=35 72 33 42 98 114 53 94 31 39 30
internal_value=-0.00142682 0.00480462 -0.00680104 -0.0117121 -0.0158149 0.0103193 0.00469062 0.00535748 -0.0106271 0.0137088
internal_weight=155.388 70.7611 84.6272 61.2104 51.0699 53.3356 40.3067 23.4168 17.4255 14.8738
internal_count=641 291 350 254 212 219 166 96 72 61
is_linear=0
shrinkage=0.03


Tree=40
num_leaves=9
num_cat=0
split_feature=35 3 4 10 4 21 37 35
split_gain=5.91948 7.63352 7.00532 13.3189 5.70706 5.56379 3.58036 3.12176
threshold=0.062741177410862395 0.0026446614473943923 0.022818205470514056 0.00386923146406204 0.046189264864456299 0.0066319093169714743 0.0025455640696723241 0.032225279626958543
decision_type=2 2 2 2 2 2 2 2
left_child=2 -2 3 5 7 -1 -5 -4
right_child=1 -3 4 6 -6 -7 -8 -9
leaf_value=0.019150095747522307 0.0010383773911634047 -0.035847113438923779 0.0074608373862687007 -0.0021411445580354952 -0.0039654381642012897 -0.00015624058746339272 -0.026770688922806801 0.032463572314428736
leaf_weight=14.918119043111799 9.0428240001201647 7.4180186092853537 12.95435766875744 9.5645866543054598 10.51905435323715 57.989308655261993 18.491461858153343 10.042315497994421
leaf_count=61 37 31 53 39 43 239 78 41
internal_value=-0.000863072 -0.0168542 0.0012027 -0.00265843 0.0127511 0.00399975 -0.0195745 0.0207031
internal_weight=150.94 16.4608 134.479 100.963 33.5157 72.9074 28.056 22.9967
internal_count=622 68 554 417 137 300 117 94
is_linear=0
shrinkage=0.03


Tree=41
num_leaves=11
num_cat=0
split_feature=4 10 21 32 24 37 11 36 37 37
split_gain=5.31761 13.3005 5.44586 4.23019 4.18205 3.94921 2.38795 1.29128 1.20578 0.931276
threshold=0.022818205470514056 0.00386923146406204 0.0066319093169714743 0.0052321512601024587 0.63060429052880107 0.0034504899962721773 0.0016216354112565947 0.0069262550178596869 0.042754989971413811 0.051416113956739069
decision_type=2 2 2 2 2 2 2 2 2 2
left_child=1 2 7 -4 6 -3 -2 -1 -8 -7
right_child=4 5 3 -5 -6 9 8 -9 -10 -11
leaf_value=0.026010744509890455 0 -0.0022914022240507095 -0.0047109677743021076 0.015221965130299029 -0.0069259541616747957 -0.030269820387748197 0.0252921627018339 0.0046465709735098084 0.0051666178756830834 -0.0089764452182508041
leaf_weight=7.3079630434513074 7.827202275395396 11.277930364012716 54.686366736888885 9.4034398049116117 9.0035358220338804 16.551481634378437 12.278599902987482 7.8412935435771942 7.4997186958789817 7.0917005240917197
leaf_count=30 32 46 225 39 37 70 50 32 31 30
internal_value=-0.000841891 -0.00412547 0.00257721 -0.00118725 0.00869228 -0.0190565 0.0144166 0.0176588 0.0195248 -0.0256661
internal_weight=150.769 114.16 79.2391 64.0898 36.6091 34.9211 27.6055 15.1493 19.7783 23.6432
internal_count=622 472 326 264 150 146 113 62 81 100
is_linear=0
shrinkage=0.03


Tree=42
num_leaves=6
num_cat=0
split_feature=38 38 0 19 1
split_gain=5.65882 7.81457 4.13422 4.33183 3.2081
threshold=0.014373776526546008 0.012683569007772974 -0.0070890891776915202 0.043287327658775292 -0.0069670039632787053
decision_type=2 2 2 2 2
left_child=1 2 4 -4 -1
right_child=-2 -3 3 -5 -6
leaf_value=-0.022175595777772238 0.017359523071783171 -0.026983882880159064 -0.0054806630259394062 0.0063910339009426963 0.00024477963680109898
leaf_weight=10.875721395015718 11.853247031569479 9.0103414803743345 42.848528951406479 68.03520105779171 7.9856495261192313
leaf_count=45 49 38 177 280 33
internal_value=-0.000805333 -0.00268826 -0.000503129 0.00165478 -0.0128507
internal_weight=150.609 138.755 129.745 110.884 18.8614
internal_count=622 573 535 457 78
is_linear=0
shrinkage=0.03


Tree=43
num_leaves=6
num_cat=0
split_feature=35 3 15 9 38
split_gain=5.48775 7.36934 4.57448 9.91453 4.68003
threshold=0.062741177410862395 0.0026446614473943923 3.4586626078211729 0.051596850598514925 0.014971226484999422
decision_type=2 2 2 2 2
left_child=2 -2 3 4 -1
right_child=1 -3 -4 -5 -6
leaf_value=-0.0022387694963683078 0.0012624174855680817 -0.035006606594642269 -0.018148013822923536 0.026215751452341084 0.017075017474338892
leaf_weight=103.02068316936493 9.0359127074480075 7.3473477065563193 8.0257136672735196 12.451955273747442 10.641843184828756
leaf_count=426 37 31 33 51 44
internal_value=-0.000790844 -0.016226 0.00119483 0.00280695 -3.68089e-05
internal_weight=150.523 16.3833 134.14 126.114 113.663
internal_count=622 68 554 521 470
is_linear=0
shrinkage=0.03


Tree=44
num_leaves=9
num_cat=0
split_feature=35 3 4 10 4 21 37 35
split_gain=5.23612 7.09258 6.03526 12.1941 5.46393 5.13692 3.13403 2.95222
threshold=0.062741177410862395 0.0026446614473943923 0.022818205470514056 0.00386923146406204 0.046189264864456299 0.0066319093169714743 0.0025455640696723241 0.032225279626958543
decision_type=2 2 2 2 2 2 2 2
left_child=2 -2 3 5 7 -1 -5 -4
right_child=1 -3 4 6 -6 -7 -8 -9
leaf_value=0.018504571607488425 0.0012313800353875631 -0.034376000674948906 0.0068923423617782715 -0.0021956637602836087 -0.0043876212593911973 -5.0118307565410264e-05 -0.025490702455387083 0.031160298150199234
leaf_weight=14.885363176465033 9.0361664742231387 7.2951428294181815 12.93197773396969 9.5482570379972476 10.509333252906798 57.935552626848221 18.283566832542419 9.9904893487691862
leaf_count=61 37 31 53 39 43 239 78 41
internal_value=-0.000769137 -0.0158712 0.00116627 -0.00241539 0.0119005 0.00393543 -0.0186847 0.0197229
internal_weight=150.416 16.3313 134.085 100.653 33.4318 72.8209 27.8318 22.9225
internal_count=622 68 554 417 137 300 117 94
is_linear=0
shrinkage=0.03


Tree=45
num_leaves=8
num_cat=0
split_feature=21 36 37 19 19 5 32
split_gain=9.45096 9.24124 6.06559 6.0191 8.99263 4.93602 0.570554
threshold=0.015382159349533901 0.0064025124615287952 -0.01091683714871222 0.063488506596101682 0.04286562011643117 0.02969999839502158 0.0014205729284449966
decision_type=2 2 2 2 2 2 2
left_child=1 2 -1 4 -3 -4 -5
right_child=-2 3 5 6 -6 -7 -8
leaf_value=0.020144910953466863 0.028036783872027845 -0.015558097826755438 -0.005661036059739227 -0.03181825777438238 0.0099584138217956829 0.010973924520838474 -0.010763586363546398
leaf_weight=14.222343534231184 7.4801173806190482 27.242509573698044 47.187401577830315 9.9449242949485797 19.170820221304893 21.799992755055428 7.6804488003253928
leaf_count=58 31 112 196 43 80 89 32
internal_value=-0.000880986 -0.00280651 0.00363251 -0.0112569 -0.00473279 -3.20103e-05 -0.0254397
internal_weight=154.729 147.248 83.2097 64.0387 46.4133 68.9874 17.6254
internal_count=641 610 343 267 192 285 75
is_linear=0
shrinkage=0.03


Tree=46
num_leaves=6
num_cat=0
split_feature=21 38 6 33 38
split_gain=9.03065 8.06533 6.3791 9.31944 4.90692
threshold=0.015382159349533901 0.012683569007772974 -0.010077416673038558 0.62922520537348603 0.014271086919056561
decision_type=2 2 2 2 2
left_child=1 2 -1 -4 -3
right_child=-2 4 3 -5 -6
leaf_value=-0.018888841703771551 0.027460238256629677 -0.035556962582325012 0.010589688982712163 -0.0058809855577885654 -0.00098520153835906653
leaf_weight=12.618832111358641 7.4504906386137 8.108238607645033 58.112600892782211 60.809652999043465 7.4809824079275122
leaf_count=53 31 34 239 253 31
internal_value=-0.000850602 -0.00273386 -6.69586e-05 0.00208556 -0.0218178
internal_weight=154.581 147.13 131.541 118.922 15.5892
internal_count=641 610 545 492 65
is_linear=0
shrinkage=0.03


Tree=47
num_leaves=8
num_cat=0
split_feature=21 36 38 18 37 38 13
split_gain=8.64175 8.78998 6.5467 8.15049 5.7437 5.52266 2.23957
threshold=0.015382159349533901 0.0064025124615287952 0.010285484321453283 0.53137153192459141 -0.01091683714871222 0.009082697589095412 -0.37976959951669181
decision_type=2 2 2 2 2 2 2
left_child=1 4 3 -3 -1 -6 -4
right_child=-2 2 6 -5 5 -7 -8
leaf_value=0.019675129787392543 0.026901901389821403 0.0099224699261192418 -0.0074269592753468203 -0.014973115800885822 0.0073986125412052834 -0.0091691471157533642 -0.03230603511730909
leaf_weight=14.196658566594122 7.4189541935920706 19.439481228590012 8.6302470564842242 23.771382376551628 37.6084004342556 31.331031396985054 12.036165207624434
leaf_count=58 31 80 36 101 155 130 50
internal_value=-0.000837802 -0.00268061 -0.0109377 -0.00349795 0.00359544 0 -0.0241504
internal_weight=154.432 147.013 63.8773 43.2109 83.1361 68.9394 20.6664
internal_count=641 610 267 181 343 285 86
is_linear=0
shrinkage=0.03


Tree=48
num_leaves=9
num_cat=0
split_feature=21 36 21 36 38 26 20 35
split_gain=8.26259 8.40387 6.83838 7.64948 6.13157 5.02163 4.09037 3.20401
threshold=0.015382159349533901 0.0065992573228417662 0.0067139864153448496 0.0048473441793030593 0.007508756479998188 0.0512850608988605 0.013959169755896934 -0.030004096651680131
decision_type=2 2 2 2 2 2 2 2
left_child=1 2 3 -1 7 -4 -6 -3
right_child=-2 4 5 -5 6 -7 -8 -9
leaf_value=-0.0020468570808337416 0.026360736223022672 0.011985630992214776 0.013215395538262252 0.033408135953360889 -0.0085665616910883188 -0.0054652422091187791 -0.03028440369023977 -0.010815333347575411
leaf_weight=8.1333598196506518 7.3856835812330237 11.184736073017122 14.511081665754316 10.311859041452406 25.284951090812683 56.014969438314438 14.18637280166149 7.2379297614097586
leaf_count=34 31 46 59 43 105 231 62 30
internal_value=-0.000810836 -0.00261382 0.00304172 0.0183698 -0.011367 -0.00115635 -0.0178179 0.00211119
internal_weight=154.251 146.865 88.9713 18.4452 57.894 70.5261 39.4713 18.4227
internal_count=641 610 367 77 243 290 167 76
is_linear=0
shrinkage=0.03


Tree=49
num_leaves=9
num_cat=0
split_feature=6 37 38 18 36 38 26 33
split_gain=5.24988 7.61015 9.12517 5.81345 5.29016 2.57171 1.35773 0.0408317
threshold=-0.0098400655769301255 -0.012269727836211773 0.011594251051787819 0.53137153192459141 0.0065073011054223176 0.011362102514801999 0.19433505533184744 0.5660460038468863
decision_type=2 2 2 2 2 2 2 2
left_child=6 4 3 -3 -2 -6 -1 -4
right_child=1 2 7 -5 5 -7 -8 -9
leaf_value=-0.023000687103134781 0.029372032496598772 0.01104878654209035 -0.010483537883777479 -0.0039693267752043421 -0.0084649921379541353 0.013577332927461709 -0.0024617279422521586 -0.028075226901292945
leaf_weight=8.993519529700281 10.954796716570856 33.652649119496346 7.8822555094957334 63.143450677394867 7.5964377671480161 7.0585127919912338 7.1397122442722312 7.6133860200643539
leaf_count=38 45 138 33 264 31 30 30 32
internal_value=-0.000777063 0.00110156 -0.002215 0.00121809 0.0152941 0.00160653 -0.0160125 -0.0222055
internal_weight=154.035 137.901 112.292 96.7961 25.6097 14.655 16.1332 15.4956
internal_count=641 573 467 402 106 61 68 65
is_linear=0
shrinkage=0.03


end of trees

feature_importances:
volatility=28
return_10d=27
atr_pct=27
vol_ratio=27
return_20d=25
macro_topix_ret_20=24
macro_topix_vol_20=22
bb_bandwidth=21
macro_usdjpy_vol_20=18
macro_nikkei_ret_20=17
month=14
macro_usdjpy_ret_60=14
return_5d=12
div_ma_10=12
price_position_20d=12
macd_hist=10
div_ma_20=9
ma_20_60_cross=9
macd_hist_change=9
return_1d=8
rsi=8
lower_shadow_pct=8
gap=8
div_ma_60=7
macd=7
vol_change=7
macro_usdjpy_ret_20=7
ma_5_20_cross=6
bb_pct_b=6
div_ma_5=5
candle_body_pct=5
macd_signal=4
upper_shadow_pct=4
return_3d=3
rsi_change=3
return_2d=2
day_of_week=1
is_month_start=1
macro_nikkei_above_200dma=1

parameters:
[boosting: gbdt]
[objective: binary]
[metric: binary_logloss]
[tree_learner: serial]
[device_type: cpu]
[data_sample_strategy: bagging]
[data: ]
[valid: ]
[num_iterations: 50]
[learning_rate: 0.03]
[num_leaves: 15]
[num_threads: 0]
[seed: 42]
[deterministic: 0]
[force_col_wise: 0]
[force_row_wise: 0]
[histogram_pool_size: -1]
[max_depth: 4]
[min_data_in_leaf: 30]
[min_sum_hessian_in_leaf: 0.001]
[bagging_fraction: 0.7]
[pos_bagging_fraction: 1]
[neg_bagging_fraction: 1]
[bagging_freq: 5]
[bagging_seed: 400]
[bagging_by_query: 0]
[feature_fraction: 0.6]
[feature_fraction_bynode: 1]
[feature_fraction_seed: 30056]
[extra_trees: 0]
[extra_seed: 12879]
[early_stopping_round: 0]
[early_stopping_min_delta: 0]
[first_metric_only: 0]
[max_delta_step: 0]
[lambda_l1: 0.5]
[lambda_l2: 2]
[linear_lambda: 0]
[min_gain_to_split: 0]
[drop_rate: 0.1]
[max_drop: 50]
[skip_drop: 0.5]
[xgboost_dart_mode: 0]
[uniform_drop: 0]
[drop_seed: 17869]
[top_rate: 0.2]
[other_rate: 0.1]
[min_data_per_group: 100]
[max_cat_threshold: 32]
[cat_l2: 10]
[cat_smooth: 10]
[max_cat_to_onehot: 4]
[top_k: 20]
[monotone_constraints: ]
[monotone_constraints_method: basic]
[monotone_penalty: 0]
[feature_contri: ]
[forcedsplits_filename: ]
[refit_decay_rate: 0.9]
[cegb_tradeoff: 1]
[cegb_penalty_split: 0]
[cegb_penalty_feature_lazy: ]
[cegb_penalty_feature_coupled: ]
[path_smooth: 0]
[interaction_constraints: ]
[verbosity: -1]
[saved_feature_importance_type: 0]
[use_quantized_grad: 0]
[num_grad_quant_bins: 4]
[quant_train_renew_leaf: 0]
[stochastic_rounding: 1]
[linear_tree: 0]
[max_bin: 255]
[max_bin_by_feature: ]
[min_data_in_bin: 5]
[bin_construct_sample_cnt: 200000]
[data_random_seed: 175]
[is_enable_sparse: 1]
[enable_bundle: 1]
[use_missing: 1]
[zero_as_missing: 0]
[feature_pre_filter: 1]
[pre_partition: 0]
[two_round: 0]
[header: 0]
[label_column: ]
[weight_column: ]
[group_column: ]
[ignore_column: ]
[categorical_feature: ]
[forcedbins_filename: ]
[precise_float_parser: 0]
[parser_config_file: ]
[objective_seed: 16083]
[num_class: 1]
[is_unbalance: 0]
[scale_pos_weight: 1]
[sigmoid: 1]
[boost_from_average: 1]
[reg_sqrt: 0]
[alpha: 0.9]
[fair_c: 1]
[poisson_max_delta_step: 0.7]
[tweedie_variance_power: 1.5]
[lambdarank_truncation_level: 30]
[lambdarank_norm: 1]
[label_gain: ]
[lambdarank_position_bias_regularization: 0]
[eval_at: ]
[multi_error_top_k: 1]
[auc_mu_weights: ]
[num_machines: 1]
[local_listen_port: 12400]
[time_out: 120]
[machine_list_filename: ]
[machines: ]
[gpu_platform_id: -1]
[gpu_device_id: -1]
[gpu_use_dp: 0]
[num_gpu: 1]

end of parameters

pandas_categorical:[]
