tree
version=v4
num_class=1
num_tree_per_iteration=1
label_index=0
max_feature_idx=44
objective=binary sigmoid:1
feature_names=return_1d return_2d return_3d return_5d return_10d return_20d div_ma_5 div_ma_10 div_ma_20 div_ma_60 ma_5_20_cross ma_20_60_cross rsi rsi_change macd macd_signal macd_hist macd_hist_change bb_pct_b bb_bandwidth atr_pct volatility vol_change vol_ratio candle_body_pct upper_shadow_pct lower_shadow_pct day_of_week month is_month_end is_month_start streak gap price_position_20d macro_usdjpy_ret_20 macro_usdjpy_ret_60 macro_usdjpy_vol_20 macro_topix_ret_20 macro_topix_vol_20 macro_topix_above_200dma macro_nikkei_ret_20 macro_nikkei_above_200dma macro_nikkei_vi macro_jgb10y macro_bias_score
feature_infos=[-0.051667718847868582:0.052317214399834944] [-0.069319658794679051:0.066069689312661994] [-0.096009940663856264:0.069174718964683857] [-0.092047571879455781:0.070473817828605734] [-0.10967740145596594:0.099482482225133451] [-0.1194895102902126:0.13136092868782367] [-0.061852987251565864:0.049809327865794582] [-0.075078129147269676:0.063726999260007064] [-0.085982633866199074:0.076091831493949921] [-0.13438507923268347:0.09550318536893021] [-0.065989223903184513:0.059657820281814322] [-0.084414034246299119:0.051608044180756041] [10.655758721113841:96.195590879236789] [-25.406515826902634:29.205926682074995] [-5.8053389389267238:4.6599523466051664] [-5.156269644217125:3.8344484740376403] [-1.700496780706211:1.7619812935939834] [-0.69962749708517058:0.63253549068901593] [-0.37090614118651299:1.4062862052998002] [0.021690225466767042:0.19175423333084149] [0.0090077006736973206:0.029443085972968373] [0.0053037422986870787:0.018369920703247718] [-0.80724210522414475:3.5759495490511313] [0.5312912747870332:1.849949462464394] [-1:1] [0:1] [0:1] [0:4] [1:12] none [0:1] [-12:8] [-0.038861942167391805:0.034482758620689724] [0:1] [-0.10288784967882303:0.08505611680078462] [-0.13986255140503889:0.13160084488587853] [0.0024251968629527628:0.011841457708833433] [-0.90806057657351702:0.19897857359448179] [0.0040695656242548776:0.20202552483846534] [0:1] [-0.22859537662338159:0.23022297972565586] [0:1] none none none
tree_sizes=1177 1093 971 1077 1292 1409 1079 1411 1392 1207 1079 1318 1075 1527 1417 1208 1176 1094 989 1203 1204 1082 1206 1170 1083 1288 891 893 780 780 1085 1284 1311 1189 1308 1095 992 969 979 1214 876 789 687 767 974 1394 1297 1207 1203 1190 1201 1290 1107 793 791 791 990 793 996 789 784 887 680 787 892 996 1103 998 988 1080 1292 1310 1316 1482 789 1185 1207

Tree=0
num_leaves=10
num_cat=0
split_feature=16 9 37 28 35 22 18 34 28
split_gain=15.285 9.40771 6.01579 5.92343 15.4974 8.45587 4.31819 2.23483 1.89046
threshold=-0.67774132273122834 0.020286243754368778 0.02593104727235929 7.5000000000000009 0.032225279626958543 -0.16221795052430846 0.88164972136889508 -0.00039914322828238363 9.5000000000000018
decision_type=2 2 2 2 2 2 2 2 2
left_child=7 3 8 5 -5 -2 -4 -1 -3
right_child=1 2 6 4 -6 -7 -8 -9 -10
leaf_value=-0.18943977565053977 -0.24946173091186163 -0.26217818417381011 -0.24026934786833393 -0.23310057053478739 -0.19845279448579745 -0.22411163808779339 -0.2169408626660467 -0.21675275362433163 -0.23524300814262977
leaf_weight=7.4057883024215725 14.3178573846817 10.614963233470919 14.317857384681703 22.217364907264709 19.995628416538239 39.003818392753601 10.121244013309477 8.640086352825163 7.6526479125022879
leaf_count=30 58 43 58 90 81 158 41 35 31
internal_value=-0.226633 -0.230048 -0.241412 -0.224891 -0.216565 -0.231282 -0.230154 -0.20076 -0.253749
internal_weight=154.287 138.241 42.7067 95.5347 42.213 53.3217 24.4391 16.0459 18.2676
internal_count=625 560 173 387 171 216 99 65 74
is_linear=0
shrinkage=1


Tree=1
num_leaves=9
num_cat=0
split_feature=16 20 5 28 35 12 38 34
split_gain=14.5649 9.40142 7.29949 9.3075 5.95917 5.51018 5.15798 2.09856
threshold=-0.67774132273122834 0.011928048248430337 -0.03309694965292425 7.5000000000000009 -0.04314303061066576 71.557622576145278 0.009082697589095412 -0.00039914322828238363
decision_type=2 2 2 2 2 2 2 2
left_child=7 4 3 -3 -2 -4 -6 -1
right_child=1 2 5 -5 6 -7 -8 -9
leaf_value=0.034717804772668122 -0.012146041705208608 -0.0096041442758321213 -0.016493641271728619 0.027974869649029135 0.0011374627509900372 0.0056481588441668973 0.026897562200693767 0.0081400868743067237
leaf_weight=7.4331115186214474 8.141093969345091 12.329895630478861 71.278474867343903 7.9051859080791465 16.039925217628483 9.626483812928198 12.847035780549048 8.6480268090963346
leaf_count=30 33 50 289 32 65 39 52 35
internal_value=-0.0014888 -0.00482846 -0.00958397 0.00559791 0.00760209 -0.0136055 0.0140794 0.0237359
internal_weight=154.249 138.168 101.14 20.2351 37.0281 80.905 28.887 16.0811
internal_count=625 560 410 82 150 328 117 65
is_linear=0
shrinkage=0.03


Tree=2
num_leaves=8
num_cat=0
split_feature=8 20 15 6 2 37 6
split_gain=10.6242 8.52976 6.18804 5.32769 3.68116 5.40749 3.36149
threshold=-0.022797304387869258 0.011928048248430337 0.60519765024709671 -0.008811025402946775 0.021468283993128948 -0.019512573158971865 0.0067157949420538331
decision_type=2 2 2 2 2 2 2
left_child=3 2 6 -1 5 -3 -2
right_child=1 4 -4 -5 -6 -7 -8
leaf_value=0.0025591311210787929 0.022051744835259471 0.003571233897236578 -0.0088947067926911129 0.032858333384314486 0.0049522353227160545 -0.01520174593799563 0
leaf_weight=13.349973976612093 17.302448853850368 14.792518451809881 12.08615869283676 8.6660626381635648 11.339825510978697 69.222917675971985 7.4183788895606986
leaf_count=54 70 60 49 35 46 281 30
internal_value=-0.00140829 -0.00476808 0.00700865 0.0168534 -0.00951855 -0.0117158 0.015429
internal_weight=154.178 132.162 36.807 22.016 95.3553 84.0154 24.7208
internal_count=625 536 149 89 387 341 100
is_linear=0
shrinkage=0.03


Tree=3
num_leaves=9
num_cat=0
split_feature=9 11 4 19 5 36 38 2
split_gain=12.3417 6.99789 7.13564 11.9335 6.17395 6.01775 5.84659 2.40847
threshold=0.022763137031807108 0.016288675822166757 -0.040538876966369479 0.061112688487274726 0.04049059063096417 0.006660659854349567 0.007793208369195284 -0.0027656319652019086
decision_type=2 2 2 2 2 2 2 2
left_child=1 2 -1 -4 7 -3 -6 -2
right_child=4 5 3 -5 6 -7 -8 -9
leaf_value=0.021910097738507592 -0.0072770913146203917 0.035616322891615884 0.0065623041924838315 -0.015231161276476625 0.012406007915004649 0 -0.018315846823942741 -0.033433760572437146
leaf_weight=10.158790722489355 7.8596725612878826 8.3971201479434985 51.081066012382507 36.98422572016716 9.854178339242937 8.1458587944507581 8.3597235679626447 13.274004772305487
leaf_count=41 32 34 207 150 40 33 34 54
internal_value=-0.00134191 0.00355931 0.000209125 -0.0025586 -0.015481 0.0204741 -0.00136956 -0.0258246
internal_weight=154.115 114.767 98.2241 88.0653 39.3476 16.543 18.2139 21.1337
internal_count=625 465 398 357 160 67 74 86
is_linear=0
shrinkage=0.03


Tree=4
num_leaves=11
num_cat=0
split_feature=9 21 28 40 0 22 35 22 4 19
split_gain=11.7709 7.49489 6.90557 15.1636 10.0195 7.00985 5.88343 5.37272 3.14543 2.39029
threshold=0.022763137031807108 0.0073399679432393861 7.5000000000000009 0.061692741754353804 -0.0012515943471680944 -0.16221795052430846 0.021037059262658756 0.16430466671522462 0.019383632701006185 0.065633093685710631
decision_type=2 2 2 2 2 2 2 2 2 2
left_child=2 -2 5 4 -4 6 -1 -7 9 -3
right_child=1 8 3 -5 -6 7 -8 -9 -10 -11
leaf_value=0 0.0074671298258987967 -0.019195497108843804 0.033868055837984239 -0.01920196394119357 0.0035277012958806627 0.011313507643437994 -0.033219001601395369 -0.0081421347089090015 -0.032221362666015302 0.00061099788726510791
leaf_weight=8.3634418547153491 8.3691268563270551 8.8135843425989204 20.052912458777428 9.3658778071403486 20.780105754733086 27.892432913184166 8.6019919067621213 19.72896671295166 13.989746704697607 8.1009048372507078
leaf_count=34 34 36 81 38 84 113 35 80 57 33
internal_value=-0.00129709 -0.0151232 0.00348298 0.011667 0.0196636 -0.00281199 -0.0183761 0.00294768 -0.0217787 -0.00985491
internal_weight=154.059 39.2734 114.786 50.1989 40.833 64.5868 16.9654 47.6214 30.9042 16.9145
internal_count=625 160 465 203 165 262 69 193 126 69
is_linear=0
shrinkage=0.03


Tree=5
num_leaves=12
num_cat=0
split_feature=5 21 15 37 2 20 37 20 8 37 33
split_gain=19.8023 17.2986 13.1497 9.28792 11.0404 4.7382 4.62394 4.38816 4.33847 2.91963 0.795338
threshold=-0.025697368735464628 0.0080838123682819077 -1.8683576010042666 0.0013610226357363422 -0.0017490949801238218 0.01399360793509191 0.0062929426744102743 0.014571452113521838 0.010253146753159564 0.013841137229762769 0.24571844527976502
decision_type=2 2 2 2 2 2 2 2 2 2 2
left_child=2 6 -1 4 -3 9 -2 -5 -8 -4 -7
right_child=1 3 5 7 -6 10 8 -9 -10 -11 -12
leaf_value=-0.0117869477765779 -0.00047968970922151419 0.020383894583405664 0.02217380101979359 -0.026548172311810701 -0.016843138285706011 0.04513866148214557 0.034942689238611595 -0.007972398549613631 0.005809467526961134 -0.00088554463007722362 0.018115492015267333
leaf_weight=8.1205641478300077 12.592296108603476 13.327295258641245 7.4239171147346479 29.280057772994041 11.292590320110319 10.908450707793238 9.1368358731269854 26.538474053144455 12.092068359255789 7.6512425392866135 8.4003911167383176
leaf_count=33 51 54 30 119 46 44 37 108 49 31 34
internal_value=0.00209 -0.00434707 0.0191487 -0.0119411 0.00276264 0.0271135 0.0129537 -0.0185572 0.020923 0.0108589 0.0368898
internal_weight=156.764 114.26 42.5046 80.4384 24.6199 34.384 33.8212 55.8185 21.2289 15.0752 19.3088
internal_count=636 464 172 327 100 139 137 227 86 61 78
is_linear=0
shrinkage=0.03


Tree=6
num_leaves=9
num_cat=0
split_feature=9 13 16 21 21 35 1 20
split_gain=18.778 10.576 7.33785 10.7017 7.11868 5.44571 8.14354 2.78819
threshold=0.026305295735762728 -2.4693147369473993 -0.65404086798466843 0.0078021040113232113 0.0074577583135853557 -0.034529714290515871 -0.015935534481639087 0.016203587694712928
decision_type=2 2 2 2 2 2 2 2
left_child=1 5 -3 -4 -2 -1 -7 -6
right_child=4 2 3 -5 7 6 -8 -9
leaf_value=0 0.0057554087559673279 0.023492184147854842 0.019059743877581199 -0.0082302454592927659 -0.031991728037426274 -0.00011019061586292237 0.033636784672095001 -0.0075844496133407654
leaf_weight=10.373245552182196 7.6365375965833655 9.4356431066989881 14.348702430725096 58.120765089988708 15.86776924133301 7.4173270761966696 23.498546004295353 10.03340709209442
leaf_count=42 31 38 58 236 65 30 95 41
internal_value=0.00205517 0.0075774 0.00101831 -0.00225873 -0.0170924 0.019594 0.0255698 -0.024296
internal_weight=156.732 123.194 81.9051 72.4695 33.5377 41.2891 30.9159 25.9012
internal_count=636 499 332 294 137 167 125 106
is_linear=0
shrinkage=0.03


Tree=7
num_leaves=12
num_cat=0
split_feature=5 15 9 36 32 28 16 20 40 37 33
split_gain=18.5859 12.4178 8.29905 8.56197 11.4126 8.00441 6.89014 4.53678 3.1052 2.76843 0.705174
threshold=-0.025697368735464628 -1.8683576010042666 0.026305295735762728 0.0073631023113726168 0.0033763094634693407 7.5000000000000009 0.51896202329398478 0.01399360793509191 0.0063620636606851475 0.013841137229762769 0.24571844527976502
decision_type=2 2 2 2 2 2 2 2 2 2 2
left_child=1 -1 3 4 -2 -5 8 9 -4 -3 -9
right_child=2 7 6 5 -6 -7 -8 10 -10 -11 -12
leaf_value=-0.011537275854479095 0.014549495946983597 0.02139645669253935 -0.0050480901539084588 0.0032042325214208392 -0.014981012495044138 -0.029436781371085123 0.0022197082947334216 0.043736612322931384 -0.032606012116031834 -0.00099821987152900159 0.017583120051269961
leaf_weight=8.1072519272565824 44.484395995736122 7.4421024024486524 7.5608475506305721 11.308254942297937 13.545554369688032 11.590130999684332 10.540150508284567 10.947753801941873 15.103588059544562 7.6533302962779999 8.4153006523847562
leaf_count=33 180 30 31 46 55 47 43 44 62 31 34
internal_value=0.0020046 0.0185166 -0.0042372 0.000856516 0.00713704 -0.0137522 -0.0164214 0.026244 -0.0251757 0.0103765 0.0357825
internal_weight=156.699 42.5657 114.133 80.9283 58.03 22.8984 33.2046 34.4585 22.6644 15.0954 19.3631
internal_count=636 172 464 328 235 93 136 139 93 61 78
is_linear=0
shrinkage=0.03


Tree=8
num_leaves=12
num_cat=0
split_feature=5 15 11 6 23 6 23 9 6 10 31
split_gain=17.678 11.8378 9.98272 8.25668 7.62045 5.95221 4.83192 8.42988 4.22142 3.97705 2.84803
threshold=-0.025697368735464628 -1.9656906490440786 0.010400588237084675 -0.0021587281461724569 1.0165600782745396 -0.0072995012387812698 1.0214240934357275 0.027591504840817137 0.0024466298887336653 0.010463684011115417 -2.4999999999999996
decision_type=2 2 2 2 2 2 2 2 2 2 2
left_child=1 -1 3 5 -5 -2 7 -4 10 -8 -3
right_child=2 8 6 4 -6 -7 9 -9 -10 -11 -12
leaf_value=-0.012231522579197653 0 0.011615872262415951 0.011954484477686086 -0.013176264302726656 0.0095057295975245308 0.032216422495544773 -0.034492250269441256 -0.020481470232305288 0.0028948472240025698 -0.0051441218509524593 0.038287175649489323
leaf_weight=7.6024399548768988 7.8991049528121975 9.6762472093105298 12.095027834177019 28.522064089775085 21.199203342199326 10.40515613555908 12.733188390731813 12.402223616838453 7.9255408793687812 8.7941490113735181 17.398740187287334
leaf_count=31 32 39 49 116 86 42 52 51 32 36 70
internal_value=0.00194458 0.0180399 -0.00414579 0.00298559 -0.00322191 0.0192427 -0.0146839 -0.00420723 0.0253263 -0.0245972 0.0307258
internal_weight=156.653 42.603 114.05 68.0255 49.7213 18.3043 46.0246 24.4973 35.0005 21.5273 27.075
internal_count=636 172 464 276 202 74 188 100 141 88 109
is_linear=0
shrinkage=0.03


Tree=9
num_leaves=10
num_cat=0
split_feature=7 21 15 15 1 12 20 16 17
split_gain=15.3929 11.3628 7.71042 7.95861 7.01226 6.60938 4.94037 4.71434 2.35542
threshold=0.0059239357739667769 0.0074577583135853557 0.38639436108280262 -1.9656906490440786 0.0079810917701015355 41.765200576182288 0.016203587694712928 -0.028782421276179023 0.14066257270847968
decision_type=2 2 2 2 2 2 2 2 2
left_child=2 -2 3 -1 -5 -4 8 -7 -3
right_child=1 6 5 4 -6 7 -8 -9 -10
leaf_value=-0.010937954262994381 0.011169409460334862 -0.029506740184250219 0.016320230415781841 0.023309350641826258 -0.0032797306493449131 -0.019050930923280193 -0.00018015846107275778 0.0051966750481587049 -0.0061855504386353309
leaf_weight=7.3471153974533072 14.079145029187201 21.706137686967853 10.16050139069557 48.112386673688889 9.1484247595071775 16.646459266543388 11.742845639586447 9.3255036622285861 8.3225696235895139
leaf_count=30 57 89 41 194 37 68 48 38 34
internal_value=0.00189258 -0.0103927 0.00891927 0.0150025 0.0188408 -0.00178104 -0.0181812 -0.0100593 -0.0243014
internal_weight=156.591 55.8507 100.74 64.6079 57.2608 36.1325 41.7716 25.972 30.0287
internal_count=636 228 408 261 231 147 171 106 123
is_linear=0
shrinkage=0.03


Tree=10
num_leaves=9
num_cat=0
split_feature=14 32 21 16 18 20 28 22
split_gain=13.4396 8.3221 7.86637 7.17919 4.81763 7.84817 3.26518 2.24987
threshold=0.66268390286390411 -0.0055841880212459385 0.0086793063940786667 -0.60835417933200164 0.9307254742432407 0.016310974757050959 2.5000000000000004 -0.13447203770642377
decision_type=2 2 2 2 2 2 2 2
left_child=1 -1 6 -4 5 7 -3 -2
right_child=4 2 3 -5 -6 -7 -8 -9
leaf_value=0.028237736481119893 -0.0070428347136019757 0 0.019315321663661712 -0.0075236476723916021 0.004800852996774756 0.0027535978185152339 0.021829286464135796 -0.029418633107993239
leaf_weight=12.650125429034231 9.2641846686601621 7.6930230557918575 8.7113301306962949 49.729814484715462 11.017074748873709 12.696927681565283 20.097645044326782 20.450800478458408
leaf_count=51 38 31 35 202 45 52 81 84
internal_value=0.000551433 0.00715622 0.0033236 -0.00276805 -0.0112187 -0.0157465 0.0159631 -0.0237996
internal_weight=152.311 98.8819 86.2318 58.4411 53.429 42.4119 27.7907 29.715
internal_count=619 400 349 237 219 174 112 122
is_linear=0
shrinkage=0.03


Tree=11
num_leaves=11
num_cat=0
split_feature=5 11 21 35 21 26 28 3 15 36
split_gain=14.1692 9.93992 6.39796 6.21776 6.13753 6.30127 5.27938 3.47079 3.2317 1.28578
threshold=-0.023159404701071192 -0.0038250323711165319 0.010231939973652021 -0.036433885771237344 0.0073399679432393861 0.023823462289785644 7.5000000000000009 -0.0011907522999694551 -0.57787989660098682 0.0060038208782324251
decision_type=2 2 2 2 2 2 2 2 2 2
left_child=6 2 3 -2 -3 -6 8 -8 9 -1
right_child=1 4 -4 -5 5 -7 7 -9 -10 -11
leaf_value=-0.012026421504993145 -0.0043516753823066986 0.005957126598561604 -0.0098905268507624728 0.024558783581934394 0.0029512585500586597 -0.020169921192221732 0.034980654094742762 0.0063073874360707908 0.017499189315256278 0.0030285810305381716
leaf_weight=7.3793056309223193 8.169784367084505 12.565879538655279 11.266147896647452 17.574711561203003 11.482870280742643 48.278510063886642 11.964153274893762 8.6854395270347577 7.4508446156978598 7.4171124547719955
leaf_count=30 33 51 46 71 47 198 48 35 30 30
internal_value=0.000549101 -0.00509517 0.00705618 0.0151913 -0.0115375 -0.0155327 0.0148557 0.0252045 0.00334484 -0.00412463
internal_weight=152.235 109.338 37.0106 25.7445 72.3273 59.7614 42.8969 20.6496 22.2473 14.7964
internal_count=619 446 150 104 296 245 173 83 90 60
is_linear=0
shrinkage=0.03


Tree=12
num_leaves=9
num_cat=0
split_feature=14 38 17 28 21 18 20 22
split_gain=12.1854 7.62067 8.5911 7.13191 4.76586 4.52375 7.55882 2.1634
threshold=0.66268390286390411 0.015777854885626691 0.12410312543083669 7.5000000000000009 0.01026145095307111 0.9307254742432407 0.016310974757050959 -0.13447203770642377
decision_type=2 2 2 2 2 2 2 2
left_child=1 2 3 -1 -4 6 7 -2
right_child=5 -3 4 -5 -6 -7 -8 -9
leaf_value=0 -0.0066351504137444305 0.032072516891415041 0.0021156869496151563 0.018460725115187433 -0.025478831598439545 0.0048106673685396582 0.0030305842142904328 -0.028541786315421997
leaf_weight=39.518633916974068 9.2381604462861997 7.9279292821884146 8.3415881246328372 33.05173359811306 10.044600158929823 11.011676341295241 12.676382333040236 20.317751511931423
leaf_count=160 38 32 34 133 41 45 52 84
internal_value=0.000557388 0.00684339 0.00384027 0.00860906 -0.0132444 -0.0106705 -0.0150812 -0.0230244
internal_weight=152.128 98.8845 90.9566 72.5704 18.3862 53.244 42.2323 29.5559
internal_count=619 400 368 293 75 219 174 122
is_linear=0
shrinkage=0.03


Tree=13
num_leaves=13
num_cat=0
split_feature=10 6 6 16 19 36 38 28 9 8 8 2
split_gain=14.013 9.98812 8.71042 7.25013 11.2037 5.47338 5.01295 6.01569 4.90468 4.90348 2.06554 0.818202
threshold=-0.0034676142547316875 0.0027582481845117969 -0.008811025402946775 0.12488083132592373 0.066444293262785684 0.0065992573228417662 0.0066132952462958595 9.5000000000000018 -0.031437258704358324 0.022081327511627405 -0.0057520722730438683 -0.006655723780525479
decision_type=2 2 2 2 2 2 2 2 2 2 2 2
left_child=1 2 8 6 5 -5 -2 -8 -1 -6 -3 -4
right_child=3 10 11 4 9 -7 7 -9 -10 -11 -12 -13
leaf_value=0.016621467433409219 0.0032692947325792155 -0.011881842822821575 0.014872112381447124 0.020999946927545764 0.0049753655618726749 -0.0061981724964443596 -0.030521803235009082 -0.00024382193357522409 -0.012836766097613896 -0.021100358276298012 0.0048303805152034255 0.037083936217267494
leaf_weight=8.1982573866844195 7.2662349939346305 12.29853440821171 9.4304346442222613 20.025576338171962 7.3475631177425411 7.4037372022867194 20.189452573657039 9.4735012203454954 7.9336776286363593 18.477013975381851 9.3372515588998777 14.658569574356077
leaf_count=33 30 50 38 81 30 30 83 39 32 76 38 59
internal_value=0.000542351 0.011426 0.0200079 -0.00684595 6.66951e-05 0.0132266 -0.016691 -0.0219518 0.00148874 -0.0133179 -0.00423636 0.0307701
internal_weight=152.04 61.8567 40.2209 90.1831 53.2539 27.4293 36.9292 29.663 16.1319 25.8246 21.6358 24.089
internal_count=619 250 162 369 217 111 152 122 65 106 88 97
is_linear=0
shrinkage=0.03


Tree=14
num_leaves=12
num_cat=0
split_feature=10 11 7 21 25 7 38 18 36 11 23
split_gain=13.2967 9.75935 6.63203 4.96763 9.03155 7.85962 4.79722 3.71887 6.5241 3.44187 0.21375
threshold=-0.0034676142547316875 0.023792483114348676 0.00086938989996797843 0.008407333875523176 0.16064683356499951 0.0057240467784131022 0.0092026033992191631 0.19876334095472534 0.0062389476842729021 0.002093484893470499 1.0015081257163592
decision_type=2 2 2 2 2 2 2 2 2 2 2
left_child=2 3 7 4 -2 -5 -4 8 -1 -9 -3
right_child=1 10 6 5 -6 -7 -8 9 -10 -11 -12
leaf_value=-0.0091356570533859382 0.028071923060175537 -0.014040391972673859 -0.01943154507815445 0.0032906980442131998 -0.0041841536991249336 -0.021030629109230453 0.0094889947203461895 0.011822400411447675 0.019809501594216281 0.04031779063233059 -0.033874732855884673
leaf_weight=10.398653939366342 10.175922691822054 10.303662344813349 7.8359625488519695 23.808509185910225 18.978143632411957 19.632752820849419 8.3789921551942808 13.618721514940264 13.431335195899008 8.2103327959775907 7.1575272381305686
leaf_count=42 41 43 32 97 77 81 34 55 54 33 30
internal_value=0.000533557 -0.00666931 0.0111326 -0.00135393 0.00767238 -0.00781278 -0.00426253 0.0168641 0.00686865 0.0256539 -0.0255872
internal_weight=151.931 90.0565 61.874 72.5953 29.1541 43.4413 16.215 45.659 23.83 21.8291 17.4612
internal_count=619 369 250 296 118 178 66 184 96 88 73
is_linear=0
shrinkage=0.03


Tree=15
num_leaves=10
num_cat=0
split_feature=2 20 18 38 6 13 11 36 35
split_gain=12.9968 5.39979 6.25726 7.34127 4.6759 4.37342 5.19369 4.74164 3.12475
threshold=-0.0019672519098841708 0.010757357920059883 0.35600452745126049 0.014271086919056561 0.0029268596974216326 1.0395989606811329 0.024078568150680661 0.0062086792255458163 0.035920908882282949
decision_type=2 2 2 2 2 2 2 2 2
left_child=5 -2 4 -4 -3 6 7 -1 -7
right_child=1 2 3 -5 -6 8 -8 -9 -10
leaf_value=0.0078294142335422236 0.013310262416657288 0.020651174890952237 -0.016994549260444091 0.011024463991341457 -0.0079183715717168011 -0.010993285094155095 -0.0025085911537613514 0.030332933500739352 0.011168621755681042
leaf_weight=20.068764373660088 9.3925518840551359 8.4595187306404132 53.247200846672058 7.8305000364780417 7.6486714035272589 10.335418552160265 9.2693976908922178 20.547678783535957 8.5962210744619352
leaf_count=81 38 34 219 32 31 42 38 83 35
internal_value=0.00182281 -0.00574957 -0.00853594 -0.0129289 0.00688084 0.0114547 0.0159668 0.0204551 -0.000108046
internal_weight=155.396 86.5784 77.1859 61.0777 16.1082 68.8175 49.8858 40.6164 18.9316
internal_count=633 354 316 251 65 279 202 164 77
is_linear=0
shrinkage=0.03


Tree=16
num_leaves=10
num_cat=0
split_feature=7 21 25 21 3 10 21 23 28
split_gain=13.3155 16.2043 13.9334 5.36083 4.99301 4.97354 5.50262 4.75579 4.10969
threshold=-0.0075819023167064473 0.0073399679432393861 0.46154167806765728 0.012336365716067556 -0.0032416712671916033 -0.021455559576651514 0.0092998198507338366 0.93267223138707223 2.5000000000000004
decision_type=2 2 2 2 2 2 2 2 2
left_child=3 8 4 5 -3 -1 -7 -4 -2
right_child=1 2 7 -5 -6 6 -8 -9 -10
leaf_value=0.024517536020483212 0.001112701481455242 -0.00022948299848438841 0.028154273351814942 0.031154378856063199 -0.01978329894319663 0.013798068007641733 -0.012504209291251138 0 0.029613014016244082
leaf_weight=8.701177895069117 8.8809363543987292 16.905944734811783 7.3922678083181408 12.17538847029209 54.174857914447784 11.673248529434209 13.024448350071905 10.992285534739493 11.399967551231383
leaf_count=35 36 69 30 49 223 47 53 45 46
internal_value=0.00179275 -0.00378314 -0.00942075 0.0151298 -0.0154714 0.00743419 0 0.0124599 0.0190262
internal_weight=155.321 109.746 89.4654 45.5743 71.0808 33.3989 24.6977 18.3846 20.2809
internal_count=633 449 367 184 292 135 100 75 82
is_linear=0
shrinkage=0.03


Tree=17
num_leaves=9
num_cat=0
split_feature=16 13 6 28 18 13 38 1
split_gain=11.8766 9.74476 8.65952 9.29549 8.71993 6.93233 10.5181 0.397128
threshold=-0.67774132273122834 -2.2699468082589003 -0.001947753514308831 7.5000000000000009 0.9307254742432407 -4.4896515703294702 0.009576285998540688 -0.0026212325309655777
decision_type=2 2 2 2 2 2 2 2
left_child=-1 5 3 -3 -4 6 -2 -7
right_child=1 2 4 -5 -6 7 -8 -9
leaf_value=0.025365964538118319 -0.012562251462149785 -0.0057162952119409385 -0.017483918611639469 0.028173079263174819 0.008000691493171742 0.011081784182481394 0.020894996601975444 0.032470783849089253
leaf_weight=15.169925525784491 18.381706565618519 16.7141387462616 54.658724159002304 9.6664549410343152 13.188085794448851 7.4021467566490173 12.374934062361715 7.6450118720531446
leaf_count=61 75 68 225 39 54 30 50 31
internal_value=0.00178009 -0.000990622 -0.0065719 0.0072833 -0.0122282 0.00997196 0.00089521 0.0253634
internal_weight=155.201 140.031 94.2274 26.3806 67.8468 45.8038 30.7566 15.0472
internal_count=633 572 386 107 279 186 125 61
is_linear=0
shrinkage=0.03


Tree=18
num_leaves=8
num_cat=0
split_feature=9 17 16 20 23 33 26
split_gain=13.0568 11.3702 6.8548 7.17494 5.91208 4.81146 2.25306
threshold=0.026305295735762728 0.12410312543083669 -0.67774132273122834 0.011275801373702703 1.0147504080500631 0.89365128757214929 0.11189793979453781
decision_type=2 2 2 2 2 2 2
left_child=1 2 -1 -4 -3 6 -2
right_child=5 4 3 -5 -6 -7 -8
leaf_value=0.030964745167081167 -0.0047901461712284727 -0.027428125827659588 0.022757503087332837 0.0023746350419139484 0.0022100416373311582 0.00050479815880943467 -0.029993768793712992
leaf_weight=11.207619220018385 7.1638598293066087 10.197410538792612 18.622670635581017 74.885302498936653 9.8099665492773038 10.129089400172232 13.068399041891096
leaf_count=45 30 42 75 304 40 42 55
internal_value=0.00176773 0.00617421 0.0102222 0.00698261 -0.0133342 -0.0151332 -0.0229781
internal_weight=155.084 124.723 104.716 93.508 20.0074 30.3613 20.2323
internal_count=633 506 424 379 82 127 85
is_linear=0
shrinkage=0.03


Tree=19
num_leaves=10
num_cat=0
split_feature=7 20 25 2 6 5 33 16 37
split_gain=11.6625 11.4864 8.21848 5.73086 4.62573 4.34404 5.06378 4.04241 1.77975
threshold=-0.0075819023167064473 0.010757357920059883 0.46154167806765728 -0.012055089752552315 0.0042189084529902056 -0.03309694965292425 0.22619845337203071 0.00514668121860866 0.02210808534461051
decision_type=2 2 2 2 2 2 2 2 2
left_child=3 -2 7 5 -4 -1 -7 -3 -5
right_child=1 2 4 8 -6 6 -8 -9 -10
leaf_value=0.017241194711754945 0.020652150311188212 -0.020321660196355902 0.021179708436449188 0.035026893803152818 -0.0055912117707425249 -0.021069320079377417 0.0088148124019593391 -0.0054895093417777138 0.0093670471739208654
leaf_weight=11.421056836843492 13.138944193720816 29.407763198018074 10.59681172668934 10.177366927266123 8.2791564762592298 7.4432647526264217 8.5788090080022794 47.995482638478279 7.9340460002422324
leaf_count=46 53 121 43 41 34 30 35 198 32
internal_value=0.0017171 -0.00350691 -0.00730963 0.0141999 0.0093085 0.00426864 -0.00503344 -0.0116835 0.0265813
internal_weight=154.973 109.418 96.2792 45.5545 18.876 27.4431 16.0221 77.4032 18.1114
internal_count=633 449 396 184 77 111 65 319 73
is_linear=0
shrinkage=0.03


Tree=20
num_leaves=10
num_cat=0
split_feature=4 11 37 21 23 37 41 32 2
split_gain=11.9697 15.7137 8.28428 7.72704 6.80328 6.78363 6.6007 5.53134 2.07848
threshold=-0.02785810974250091 -0.0038250323711165319 0.0078052303214100069 0.0088785727349418898 0.98199529392896456 0.012848795880383681 1.0000000180025095e-35 0.0019801990633548931 -0.0096304558020688363
decision_type=2 2 2 2 2 2 2 2 2
left_child=8 2 7 5 -4 -3 -5 -2 -1
right_child=1 3 4 6 -6 -7 -8 -9 -10
leaf_value=0.0082907483288118082 0.027177767025016671 -0.018801383718763279 -0.0145271814124611 0.0012525917947203784 0.013396995851338562 0.0088658637141591189 -0.025269412178074841 -8.0505861144189718e-05 0.029194645270615455
leaf_weight=14.148719266057016 21.093748420476917 9.8630200326442701 16.180698812007908 9.3996300101280195 11.581801772117613 22.321864292025566 34.258440613746643 7.8962975293397895 10.638457357883452
leaf_count=57 85 41 66 39 47 91 142 32 43
internal_value=0.000961107 -0.00259798 0.00901545 -0.0114893 -0.0022565 0 -0.0194259 0.0197431 0.0193324
internal_weight=157.383 132.596 56.7525 75.843 27.7625 32.1849 43.6581 28.99 24.7872
internal_count=643 543 230 313 113 132 181 117 100
is_linear=0
shrinkage=0.03


Tree=21
num_leaves=9
num_cat=0
split_feature=5 21 16 11 11 15 1 26
split_gain=12.4838 8.94308 8.93252 8.4941 5.77093 3.57609 2.69193 0.705012
threshold=-0.03309694965292425 0.007983322237536691 -0.67774132273122834 0.018230244432027257 -0.0093939265044842828 -1.5739401675684699 -1.0000000180025095e-35 0.27097449438170679
decision_type=2 2 2 2 2 2 2 2
left_child=5 3 -3 6 -4 -1 -2 -7
right_child=1 2 4 -5 -6 7 -8 -9
leaf_value=0 0.0021240176920837507 0.018886364014045826 0.0011750456281069651 -0.013456197978183301 -0.015942864969749018 0.028875350585769986 0.023917448513374635 0.0095172091402755451
leaf_weight=8.5961161404848117 9.6844933182001132 7.6976711601018897 22.112617284059525 8.9527980983257276 60.982121378183365 13.622818529605867 17.393931359052658 8.1939005106687528
leaf_count=35 39 31 90 37 253 55 70 33
internal_value=0.000946524 -0.00315423 -0.00821865 0.0089739 -0.0112907 0.0176492 0.0173211 0.0236444
internal_weight=157.236 126.824 90.7924 36.0312 83.0947 30.4128 27.0784 21.8167
internal_count=643 520 374 146 343 123 109 88
is_linear=0
shrinkage=0.03


Tree=22
num_leaves=10
num_cat=0
split_feature=5 11 36 4 32 20 28 10 37
split_gain=11.8376 8.45965 7.04599 6.59875 6.53144 6.42878 3.21059 2.66112 0.692686
threshold=-0.03309694965292425 -0.0038250323711165319 0.0072988205354130925 -0.02785810974250091 0.0026212430972870631 0.010894164057493414 7.5000000000000009 -0.017385237371447589 0.0047749277358498663
decision_type=2 2 2 2 2 2 2 2 2
left_child=6 2 4 -3 -2 -5 7 -1 -8
right_child=1 3 -4 5 -6 -7 8 -9 -10
leaf_value=0.016229679389673648 0.022253152575693901 0.01280668653249804 -0.0093831290152791135 0.010874892484816908 -0.0048421575779775588 -0.015459428987584838 0.034803310286683313 -0.0054145564641799992 0.011311115030209691
leaf_weight=7.900479257106781 23.54169873893261 8.6637143045663816 14.532936960458754 7.4435766339302054 9.5806056261062604 62.898343324661255 7.4241421073675138 7.6644971221685427 7.4223361611366272
leaf_count=32 95 35 59 30 39 262 30 31 30
internal_value=0.000949707 -0.0030456 0.00658898 -0.00906143 0.0141593 -0.0122418 0.0172137 0.0053147 0.0266862
internal_weight=157.072 126.661 47.6552 79.0056 33.1223 70.3419 30.4115 15.565 14.8465
internal_count=643 520 193 327 134 292 123 63 60
is_linear=0
shrinkage=0.03


Tree=23
num_leaves=10
num_cat=0
split_feature=5 21 17 23 11 7 11 15 13
split_gain=11.2674 8.32857 9.27664 7.93041 6.11174 5.71864 4.85878 3.40359 1.57393
threshold=-0.03309694965292425 0.007983322237536691 -0.060189374985362053 0.93441148432852483 0.012208938210994337 -0.0035019507763851391 -0.0081700322425253252 -1.5739401675684699 0.30187446959941516
decision_type=2 2 2 2 2 2 2 2 2
left_child=7 2 -2 5 -4 -3 -5 -1 -9
right_child=1 3 4 6 -6 -7 -8 8 -10
leaf_value=0 -0.016486825774346438 0.015478114007609909 0.024661176526060771 0 -0.0043160987873685662 -0.0070693055409118133 -0.020496138772342729 0.030679439531286257 0.0091572664169180303
leaf_weight=8.6017068326473254 7.8115255087614051 15.729030355811117 20.886620312929157 15.459840223193167 7.3001627326011649 20.912907257676125 38.38860921561718 11.395285323262216 10.405490800738333
leaf_count=35 32 64 84 63 30 87 160 46 42
internal_value=0.000952433 -0.0029475 0.00875064 -0.00785195 0.0168706 0.00252145 -0.0150168 0.0168213 0.0226699
internal_weight=156.891 126.489 35.9983 90.4904 28.1868 36.6419 53.8484 30.4025 21.8008
internal_count=643 520 146 374 114 151 223 123 88
is_linear=0
shrinkage=0.03


Tree=24
num_leaves=9
num_cat=0
split_feature=9 34 23 10 11 34 15 34
split_gain=9.54262 8.24885 5.8732 8.73987 7.95924 8.53796 5.49278 3.01132
threshold=-0.031437258704358324 -0.013474644528316036 0.83775833967763758 -0.0041224667394250672 -0.012832411869713399 -0.018521515752735914 -0.9874032363587143 0.011476410558069696
decision_type=2 2 2 2 2 2 2 2
left_child=1 -1 3 -2 6 -6 -4 -5
right_child=2 -3 4 7 5 -7 -8 -9
leaf_value=0.035446684843191682 0.030950133882974889 0 -0.0060157804163399019 -0.010959075714287595 -0.030869590020139896 -0.0049428614715865448 0.023769169957199621 0.010177397486996675
leaf_weight=10.36330531537533 8.8869440257549304 12.831378564238547 7.6505645811557796 12.160449787974359 12.413656294345854 73.482101768255234 10.647610336542128 8.2876781076192838
leaf_count=42 36 52 31 50 51 304 43 34
internal_value=0.000932603 0.0179415 -0.00213242 0.00914211 -0.00556033 -0.0094776 0.0112112 -0.0015807
internal_weight=156.724 23.1947 133.529 29.3351 104.194 85.8958 18.2982 20.4481
internal_count=643 94 549 120 429 355 74 84
is_linear=0
shrinkage=0.03


Tree=25
num_leaves=11
num_cat=0
split_feature=21 1 17 5 23 15 25 5 12 17
split_gain=6.22899 9.86936 7.10792 6.98165 6.81957 6.69355 4.57165 3.49867 2.60826 2.3611
threshold=0.0078814576891330472 0.0046727502687553555 -0.063891262796141587 -0.029980026935522094 1.0207689054607361 -1.5441405057408388 0.2307665220724181 -0.022095164169075084 64.451578995369289 0.023044633565165205
decision_type=2 2 2 2 2 2 2 2 2 2
left_child=2 3 -1 5 -5 -2 -4 -3 -9 -8
right_child=1 7 6 4 -6 -7 9 8 -10 -11
leaf_value=-0.01026489047466426 -0.0054760740797990095 0 0.031148036978428738 0.0055398209317135995 -0.015545962727663282 0.025368124542070099 0.015866447097711518 -0.024027890887519998 -0.0015254446654103179 -0.004595198982629633
leaf_weight=8.3155616670846921 7.413645043969157 10.091409951448439 12.134551018476488 32.694620653986931 20.520486131310463 17.536830589175224 7.4311355054378492 22.833221063017849 7.8656351417303076 7.9026036262512207
leaf_count=34 30 41 49 134 85 71 30 96 33 32
internal_value=0.000502789 -0.00272581 0.0112087 0.00338253 -0.00258807 0.0159204 0.018474 -0.0143926 -0.019167 0.00514224
internal_weight=154.74 118.956 35.7839 78.1656 53.2151 24.9505 27.4683 40.7903 30.6989 15.3337
internal_count=635 490 145 320 219 101 111 170 129 62
is_linear=0
shrinkage=0.03


Tree=26
num_leaves=7
num_cat=0
split_feature=9 18 16 23 32 22
split_gain=8.21376 8.76583 7.19172 6.7888 7.12626 6.45027
threshold=0.035706857879714206 0.88164972136889508 -0.67774132273122834 1.046885242515764 -0.0032549821001817687 -0.16221795052430846
decision_type=2 2 2 2 2 2
left_child=2 -2 -1 5 -5 -4
right_child=1 -3 3 4 -6 -7
leaf_value=0.022967936618930904 -0.033557873770995034 0.0019068794252527057 -0.0074625529894554515 0.010255326537087576 -0.015876606524822531 0.011185293998588584
leaf_weight=13.082066163420675 10.172990173101427 11.000703796744345 20.522869795560837 10.834091380238531 30.875830516219139 58.085943475365639
leaf_count=53 44 46 84 44 127 237
internal_value=0.000487672 -0.0159107 0.00339781 0.000806598 -0.00858704 0.00606634
internal_weight=154.574 21.1737 133.401 120.319 41.7099 78.6088
internal_count=635 90 545 492 171 321
is_linear=0
shrinkage=0.03


Tree=27
num_leaves=7
num_cat=0
split_feature=9 12 16 21 32 34
split_gain=7.81382 9.12385 6.83471 6.48812 5.69162 3.75648
threshold=0.035706857879714206 70.328697492293671 -0.67774132273122834 0.0086793063940786667 -0.00054701255187128417 0.010798732777574817
decision_type=2 2 2 2 2 2
left_child=2 -2 -1 5 -5 -4
right_child=1 -3 3 4 -6 -7
leaf_value=0.022397178446807803 -0.029889130168216857 0.0069646113363805214 0.001337806819696174 0.0043522796125199121 -0.011623440929235217 0.019303528085696738
leaf_weight=13.064212724566458 12.892625063657762 8.1921664923429471 25.830242067575455 33.608261719346046 42.108712241053581 18.752627357840538
leaf_count=53 56 34 105 137 174 76
internal_value=0.000468941 -0.0155576 0.00330596 0.000777699 -0.00440982 0.00972096
internal_weight=154.449 21.0848 133.364 120.3 75.717 44.5829
internal_count=635 90 545 492 311 181
is_linear=0
shrinkage=0.03


Tree=28
num_leaves=6
num_cat=0
split_feature=9 12 17 16 33
split_gain=7.43039 8.75294 7.2215 7.47905 6.589
threshold=0.035706857879714206 70.328697492293671 0.16916125062618789 -0.67774132273122834 0.64415245622577866
decision_type=2 2 2 2 2
left_child=2 -2 3 -1 -5
right_child=1 -3 -4 4 -6
leaf_value=0.027263423577238485 -0.029326168455982272 0.0067903112856819645 -0.016740973721274515 -0.0015535081494165602 0.014372073995489855
leaf_weight=11.056453078985212 12.785929083824159 8.2015696167945844 12.332016691565512 79.692403048276901 30.214939296245575
leaf_count=45 56 34 51 325 124
internal_value=0.000465658 -0.0151971 0.00323083 0.00562807 0.00286921
internal_weight=154.283 20.9875 133.296 120.964 109.907
internal_count=635 90 545 494 449
is_linear=0
shrinkage=0.03


Tree=29
num_leaves=6
num_cat=0
split_feature=9 12 0 16 6
split_gain=7.05409 8.39954 6.57074 5.31188 4.98328
threshold=0.035706857879714206 70.328697492293671 0.014289568804835564 -0.67774132273122834 -0.0080658020118826914
decision_type=2 2 2 2 2
left_child=2 -2 3 -1 -5
right_child=1 -3 -4 4 -6
leaf_value=0.022251255682265887 -0.028780415011348114 0.0066206102401933069 -0.020498835653726448 -0.0087843699387550097 0.0059790460780242459
leaf_weight=12.519088625907896 12.67711101472378 8.2105657309293729 7.6600812375545493 24.090619474649429 88.999483063817024
leaf_count=51 56 34 32 98 364
internal_value=0.00044913 -0.014847 0.0031415 0.00499939 0.00260579
internal_weight=154.157 20.8877 133.269 125.609 113.09
internal_count=635 90 545 513 462
is_linear=0
shrinkage=0.03


Tree=30
num_leaves=9
num_cat=0
split_feature=5 11 2 20 2 15 37 36
split_gain=14.9329 6.65936 4.85625 8.28917 5.33305 4.60076 3.9725 3.1173
threshold=-0.035975478440414647 0.023792483114348676 -0.0019672519098841708 0.013736595659915722 -0.0096304558020688363 -1.6108201623789216 0.019346925804325735 0.0065817846364864411
decision_type=2 2 2 2 2 2 2 2
left_child=5 2 4 -4 -2 -1 -7 -3
right_child=1 7 3 -5 -6 6 -8 -9
leaf_value=0 -0.0047044149458815854 -0.0064913112929571538 0.00023009247055286874 -0.021976239430275678 0.015937129440356537 0.03505309542129259 0.0045548184057007772 -0.031237125428250627
leaf_weight=8.3514682054519671 21.091880157589912 12.183546289801599 37.995283246040344 21.751094982028008 19.109458312392235 11.324573233723642 8.1233334392309171 10.825796738266943
leaf_count=34 86 52 155 91 78 46 33 47
internal_value=-0.00172605 -0.0063436 -0.00264809 -0.00806132 0.00504227 0.0172491 0.0246261 -0.0203008
internal_weight=150.756 122.957 99.9477 59.7464 40.2013 27.7994 19.4479 23.0093
internal_count=622 509 410 246 164 113 79 99
is_linear=0
shrinkage=0.03


Tree=31
num_leaves=11
num_cat=0
split_feature=5 21 14 0 40 23 15 33 15 23
split_gain=14.2554 10.068 7.11021 6.61985 6.13777 5.78564 3.92728 3.63759 3.13331 1.31712
threshold=-0.033798878310386631 0.0082459928414799575 0.76759228152332082 -0.0026357508304380435 -0.011929832476275602 0.88816177391272999 -1.6108201623789216 0.23437516608585812 1.0916176340101946 1.022613880343624
decision_type=2 2 2 2 2 2 2 2 2 2
left_child=6 2 9 4 -3 -5 -1 -8 -4 -2
right_child=1 3 8 5 -6 -7 7 -9 -10 -11
leaf_value=0 0.023207350935563541 0.014625819763197044 -0.020073786948263995 -0.003311483060121904 -0.010498389805315839 -0.025992036227107902 0.030439524394978358 0.0020667763705527632 0.003929089300573326 0.0047050291681909311
leaf_weight=8.3514682054519671 12.189952671527864 11.51816216111183 7.6246539801359159 17.511888891458511 22.348334386944771 32.74447013437748 14.194736838340761 7.439766287803649 7.1937732100486755 9.4254140555858594
leaf_count=34 49 47 31 73 93 139 58 30 30 38
internal_value=-0.00168021 -0.00640201 0.00627021 -0.0120827 -0.00119622 -0.0188052 0.0160478 0.0223178 -0.00844788 0.0168563
internal_weight=150.543 120.557 36.4338 84.1229 33.8665 50.2564 29.986 21.6345 14.8184 21.6154
internal_count=622 500 148 352 140 212 122 88 61 87
is_linear=0
shrinkage=0.03


Tree=32
num_leaves=11
num_cat=0
split_feature=7 21 35 21 20 2 2 17 11 19
split_gain=12.378 8.21055 7.98602 5.65584 8.82307 5.0019 4.70948 4.55212 3.37889 2.46787
threshold=0.0059239357739667769 0.008407333875523176 0.038397542527518043 0.012917894031773703 0.01207734630619023 0.012452576558420693 -0.0096304558020688363 0.072735274871878988 -0.00070694348476568736 0.057066242126536749
decision_type=2 2 2 2 2 2 2 2 2 2
left_child=2 7 3 4 -1 -3 -4 -2 -7 -8
right_child=1 5 6 -5 -6 8 9 -9 -10 -11
leaf_value=0.0086634306786593056 -0.0087227024213927043 -0.033907924152926781 0.00043854469950130174 0.017996721266870585 -0.01502111005202105 0.0038683970272735961 0.010032496752408008 0.017890021036948145 -0.020269693126455351 0.034965504064336482
leaf_weight=21.01512522995472 12.752428486943247 15.607368901371958 13.713176429271696 8.7340723276138288 33.527016028761864 8.396495997905733 11.872932240366938 7.3752738684415808 7.7316433340311042 9.5381038933992368
leaf_count=85 52 67 56 36 139 35 49 30 34 39
internal_value=-0.0016196 -0.0132749 0.00451611 -0.0017018 -0.0056465 -0.0223524 0.0156099 0.00108655 -0.00783531 0.0238185
internal_weight=150.264 51.8632 98.4004 63.2762 54.5421 31.7355 35.1242 20.1277 16.1281 21.411
internal_count=622 218 404 260 224 136 144 82 69 88
is_linear=0
shrinkage=0.03


Tree=33
num_leaves=10
num_cat=0
split_feature=5 21 6 2 28 37 3 35 13
split_gain=13.3025 9.27184 7.64612 5.69717 4.61975 4.46327 4.45012 3.50331 2.20919
threshold=-0.033798878310386631 0.0082459928414799575 -0.001947753514308831 -0.014371988287314117 2.5000000000000004 0.0083439093258940184 -0.0078946729675216081 0.027430432568370081 -3.4407166078574742
decision_type=2 2 2 2 2 2 2 2 2
left_child=5 4 3 -3 -2 -1 -7 -6 -4
right_child=1 2 8 -5 7 6 -8 -9 -10
leaf_value=0.026617043387329464 -0.0083892910942068039 -0.014028189024388625 -0.0022019598688623821 0.0086840533530666581 0 0.016758568174366932 -0.011704047166515135 0.021210159670187245 -0.022225193716581826
leaf_weight=14.447903007268907 11.074031785130499 15.298513591289518 8.1243468821048719 21.103575140237808 10.054098412394525 8.093911260366438 7.3701936602592459 15.293458089232443 39.193933933973312
leaf_count=59 45 63 34 87 41 33 30 62 168
internal_value=-0.00155572 -0.00613088 -0.011606 -0.000703976 0.0060131 0.015583 0.00254753 0.0130072 -0.0193201
internal_weight=150.054 120.142 83.7204 36.4021 36.4216 29.912 15.4641 25.3476 47.3183
internal_count=622 500 352 150 148 122 63 103 202
is_linear=0
shrinkage=0.03


Tree=34
num_leaves=11
num_cat=0
split_feature=5 21 6 14 40 37 33 15 13 23
split_gain=12.6245 8.77897 7.2705 6.63133 5.73638 4.23246 4.56862 2.94483 2.08894 1.21173
threshold=-0.033798878310386631 0.0082459928414799575 -0.001947753514308831 0.76759228152332082 -0.011929832476275602 0.0083439093258940184 0.13227868844103025 1.0916176340101946 -3.4407166078574742 1.022613880343624
decision_type=2 2 2 2 2 2 2 2 2 2
left_child=5 3 4 9 -3 -1 -7 -5 -4 -2
right_child=1 2 8 7 -6 6 -8 -9 -10 -11
leaf_value=0.025947852406188202 0.022176696174800989 0.01464656831775442 -0.0021495589222096036 -0.019634636723975661 -0.0091388286542309228 0.017638094678239416 -0.011208661010360294 0.003604599849598543 -0.021701427377377888 0.004382392274687695
leaf_weight=14.427774071693422 12.179614752531053 11.792244121432303 8.1215262711048108 7.606627553701399 24.601966574788094 7.5675896406173688 7.8801465928554535 7.2080952674150467 38.987115025520325 9.4228806346654874
leaf_count=59 49 48 34 31 102 31 32 30 168 38
internal_value=-0.00150845 -0.00597319 -0.0113135 0.00583294 -0.000679836 0.0151927 0.00246512 -0.00835168 -0.018861 0.0160795
internal_weight=149.796 119.92 83.5029 36.4172 36.3942 29.8755 15.4477 14.8147 47.1086 21.6025
internal_count=622 500 352 148 150 122 63 61 202 87
is_linear=0
shrinkage=0.03


Tree=35
num_leaves=9
num_cat=0
split_feature=5 15 11 18 34 32 21 16
split_gain=11.3825 13.1633 9.4459 8.13644 7.83686 7.92557 6.74133 2.36108
threshold=-0.03309694965292425 -1.8683576010042666 0.023792483114348676 0.399547865600615 0.010103050245114488 0.0070548920586017702 0.0069983113674824933 -0.24215248035192335
decision_type=2 2 2 2 2 2 2 2
left_child=1 -1 4 -4 6 -6 -2 -3
right_child=2 7 3 -5 5 -7 -8 -9
leaf_value=-0.01339197351131491 0.014553756572534082 0.035578939559621832 0.0039471507633818551 -0.030914425013647655 0.014834604722184896 -0.015903637114077225 -0.011685939571512288 0.0085233330747777943
leaf_weight=7.3845995068550137 8.7091324180364591 14.769321903586391 7.5742626488208797 15.158251479268072 42.253047227859497 6.9446505159139624 43.006891161203384 7.4328773915767643
leaf_count=30 35 61 31 68 174 30 179 30
internal_value=0.00130671 0.0174553 -0.00265437 -0.0193125 0.00125478 0.00975091 -0.0066105 0.0285939
internal_weight=153.233 29.5868 123.646 22.7325 100.914 49.1977 51.716 22.2022
internal_count=638 121 517 99 418 204 214 91
is_linear=0
shrinkage=0.03


Tree=36
num_leaves=8
num_cat=0
split_feature=5 15 21 34 15 20 20
split_gain=10.8137 12.5699 7.52951 9.0469 10.1718 6.09696 1.75418
threshold=-0.03309694965292425 -1.8683576010042666 0.0067423745174606644 0.010103050245114488 0.071712066974882763 0.015945879453821494 0.01399360793509191
decision_type=2 2 2 2 2 2 2
left_child=1 -1 -2 5 -5 -4 -3
right_child=2 6 3 4 -6 -7 -8
leaf_value=-0.013088306559834268 0.017888301383300019 0.011488165598078739 -0.018021019339538747 0.017902836693455854 -0.0073574843293198779 0.0052233043817503195 0.035778986595204204
leaf_weight=7.3757908046245602 12.127175331115721 9.3406495004892367 46.536735191941261 22.874568864703178 31.219059094786644 10.709324687719343 12.788693457841871
leaf_count=30 49 38 196 94 133 45 53
internal_value=0.00127136 0.0170351 -0.00258769 -0.00522659 0.0033144 -0.0133899 0.0279497
internal_weight=152.972 29.5051 123.467 111.34 54.0936 57.2461 22.1293
internal_count=638 121 517 468 227 241 91
is_linear=0
shrinkage=0.03


Tree=37
num_leaves=8
num_cat=0
split_feature=5 21 34 9 16 13 9
split_gain=10.2556 7.13508 8.547 9.46451 6.85905 6.38039 4.00888
threshold=-0.03309694965292425 0.0067423745174606644 0.010103050245114488 0.026305295735762728 -0.12438023105349082 -2.2699468082589003 -0.037115327514931788
decision_type=2 2 2 2 2 2 2
left_child=4 -2 5 -4 6 -3 -1
right_child=1 2 3 -5 -6 -7 -8
leaf_value=0.0072369893575953779 0.017424239611375288 0 0.011880147378145798 -0.013703126461708725 -0.0014772773041497904 -0.020159322875742562 0.03865440153046347
leaf_weight=8.8896589726209658 12.129874944686888 20.31835463643074 36.752298921346664 17.329590752720833 10.576068997383116 36.79878830909729 9.9635860621929186
leaf_count=37 49 84 151 76 43 157 41
internal_value=0.001257 -0.00249857 -0.00507377 0.00321864 0.0166302 -0.0130225 0.0266747
internal_weight=152.758 123.329 111.199 54.0819 29.4293 57.1171 18.8532
internal_count=638 517 468 227 121 241 78
is_linear=0
shrinkage=0.03


Tree=38
num_leaves=8
num_cat=0
split_feature=5 11 11 30 10 35 36
split_gain=9.75464 9.85735 8.63002 7.44155 5.69244 4.4505 0.252069
threshold=-0.03309694965292425 -0.018856473569156592 0.023792483114348676 1.0000000180025095e-35 0.00021868490090048989 0.031601579482375304 0.005918254689754157
decision_type=2 2 2 2 2 2 2
left_child=1 -1 3 5 -4 -2 -3
right_child=2 6 4 -5 -6 -7 -8
leaf_value=-0.0049475684384271317 -0.0020153993187951524 0.012890662380827537 0 -0.023744823275471522 -0.029009672691172605 0.010702354317365676 0.034249984239796645
leaf_weight=10.826628759503366 49.085625156760216 7.3138604313135174 8.4592574983835238 7.5622935295104972 13.985669806599615 44.063352793455124 11.228864639997481
leaf_count=44 203 30 35 32 64 183 47
internal_value=0.00123876 0.016248 -0.00242312 0.00129463 -0.0184595 0.00394149 0.0286306
internal_weight=152.526 29.3694 123.156 100.711 22.4449 93.149 18.5427
internal_count=638 121 517 418 99 386 77
is_linear=0
shrinkage=0.03


Tree=39
num_leaves=10
num_cat=0
split_feature=10 11 21 25 2 14 35 19 11
split_gain=8.99506 11.8972 6.34504 6.07534 4.93192 10.1581 5.90142 3.83972 2.57595
threshold=-0.0048085970443419992 0.023792483114348676 0.0084922630524383331 0.2307665220724181 0.0089488278917387882 -1.6886836833818391 -0.010530900344071279 0.039982718940830643 -0.0081700322425253252
decision_type=2 2 2 2 2 2 2 2 2
left_child=4 2 3 -2 5 -1 -7 -4 -6
right_child=1 -3 7 -5 8 6 -8 -9 -10
leaf_value=-0.0082896548392869772 0.023758766176601599 -0.026392698353636338 -0.023026636881152158 -0.00055868100723415696 0.0072277817903904839 0.0026201580427439525 0.032007998589660622 -0.0015285132127456401 -0.014190727671669975
leaf_weight=10.19094781577587 14.298452034592627 15.998680278658865 8.0954936444759351 18.514214634895325 7.7871007323265076 10.399857088923449 21.69927437603474 37.567668527364731 7.7622362077236158
leaf_count=42 58 73 34 75 32 43 89 159 33
internal_value=0.00119882 -0.00437637 0.00047002 0.0103632 0.0103979 0.015579 0.0236386 -0.00646086 -0.00300833
internal_weight=152.314 94.4745 78.4758 32.8127 57.8394 42.2901 32.0991 45.6632 15.5493
internal_count=638 399 326 133 239 174 132 193 65
is_linear=0
shrinkage=0.03


Tree=40
num_leaves=7
num_cat=0
split_feature=12 10 5 1 11 40
split_gain=7.93369 10.1847 6.15377 4.33027 3.51918 0.944308
threshold=73.453362204800513 0.015797403573774463 -0.030745107600010698 0.0062594288291688569 0.0055092638745938291 0.021125035640814142
decision_type=2 2 2 2 2 2
left_child=1 2 4 -4 -1 -3
right_child=-2 5 3 -5 -6 -7
leaf_value=0.0034305161245434136 0.020022507491008527 -0.0098087885122291069 0 -0.013594760162619112 0.02622164449146842 -0.032064929988458134
leaf_weight=25.944166749715805 11.846039384603499 8.0809144228696841 59.852769106626511 29.734163299202919 7.3543692231178275 8.6630433499813062
leaf_count=106 49 35 248 128 31 38
internal_value=-0.00151123 -0.00370099 -0.000427409 -0.00463524 0.0100896 -0.0243167
internal_weight=151.475 139.629 122.885 89.5869 33.2985 16.744
internal_count=635 586 513 376 137 73
is_linear=0
shrinkage=0.03


Tree=41
num_leaves=6
num_cat=0
split_feature=16 12 5 19 32
split_gain=10.9074 9.80057 7.3991 6.60887 2.82658
threshold=-0.67774132273122834 73.453362204800513 -0.030745107600010698 0.066156089864580089 0.00026578797130771831
decision_type=2 2 2 2 2
left_child=-1 2 4 -4 -2
right_child=1 -3 3 -5 -6
leaf_value=0.021306792074117679 0.014050723913148745 0.019466588591964585 -0.0050535515490046151 -0.022251985942984446 -0.004337244587424194
leaf_weight=14.708369269967077 15.880861774086954 11.875459492206572 69.072182431817055 29.712892413139343 10.041287645697592
leaf_count=61 65 49 289 130 41
internal_value=-0.00146596 -0.00429867 -0.00695169 -0.0107143 0.00659022
internal_weight=151.291 136.583 124.707 98.7851 25.9221
internal_count=635 574 525 419 106
is_linear=0
shrinkage=0.03


Tree=42
num_leaves=5
num_cat=0
split_feature=16 38 32 15
split_gain=10.3462 6.94659 6.48487 5.80889
threshold=-0.67774132273122834 0.0066132952462958595 0.0084958173918164865 0.77637573341364818
decision_type=2 2 2 2
left_child=-1 -2 3 -3
right_child=1 2 -4 -5
leaf_value=0.020785161102489805 0.015851791907969513 -0.00028482565852547417 -0.02876049626321471 -0.016350268493891547
leaf_weight=14.675855144858359 11.787160530686377 90.741829589009285 8.9646109044551832 24.885819464921951
leaf_count=61 50 374 40 110
internal_value=-0.00141251 -0.00417549 -0.00640919 -0.00408922
internal_weight=151.055 136.379 124.592 115.628
internal_count=635 574 524 484
is_linear=0
shrinkage=0.03


Tree=43
num_leaves=6
num_cat=0
split_feature=12 10 1 10 34
split_gain=7.13905 9.3009 5.10011 4.71731 3.73199
threshold=73.453362204800513 0.015797403573774463 0.0050681225197622979 -0.0048085970443419992 0.0068838647110685
decision_type=2 2 2 2 2
left_child=1 2 3 -1 -4
right_child=-2 -3 4 -5 -6
leaf_value=0.011349505838077936 0.018999979309191801 -0.023301834104944366 -0.017742831827549085 -0.0026392241879318952 0
leaf_weight=38.233192831277847 11.89520415663719 16.517125308513641 19.323860958218575 43.047618523240089 21.85212542116642
leaf_count=157 49 73 83 180 93
internal_value=-0.00137561 -0.00347083 -0.000344002 0.00387528 -0.00881392
internal_weight=150.869 138.974 122.457 81.2808 41.176
internal_count=635 586 513 337 176
is_linear=0
shrinkage=0.03


Tree=44
num_leaves=8
num_cat=0
split_feature=12 4 17 35 10 34 19
split_gain=6.77264 8.90473 8.70898 5.8263 5.54915 5.5304 5.44599
threshold=73.453362204800513 0.0064647320271398198 0.10152589338478892 0.051901207225685038 0.018527905846582596 0.011641043650135631 0.072257700505243008
decision_type=2 2 2 2 2 2 2
left_child=1 2 3 -1 5 -3 -4
right_child=-2 4 6 -5 -6 -7 -8
leaf_value=0.0026255960908401466 0.018479470286326426 -0.017316588547439282 -0.032933038186424221 0.025006096357682479 -0.031478944858442798 0.0031549633189107357 0
leaf_weight=59.497951000928879 11.919304564595221 21.057269841432571 6.8828309625387183 11.493950128555296 10.052609786391256 21.383036091923714 8.4140083193778974
leaf_count=247 49 90 30 48 45 91 35
internal_value=-0.00134183 -0.00338908 0.00241009 0.0070405 -0.0129357 -0.00698691 -0.0165415
internal_weight=150.701 138.782 86.2887 70.9919 52.4929 42.4403 15.2968
internal_count=635 586 360 295 226 181 65
is_linear=0
shrinkage=0.03


Tree=45
num_leaves=12
num_cat=0
split_feature=18 2 2 2 9 32 2 15 11 35 16
split_gain=4.75132 9.16877 3.79305 3.89897 3.67369 6.70322 5.1129 3.70655 3.46092 2.85241 2.63636
threshold=0.39297104226849267 -0.018113316950518762 0.0065423625578640019 -0.0068176407601394087 0.018906010332030796 0.0027529578275519166 0.011665299229860262 1.252155839685043 0.013460789214578829 -0.045350674663298611 0.27975077653558894
decision_type=2 2 2 2 2 2 2 2 2 2 2
left_child=1 -1 3 -3 5 9 7 -6 -8 -2 -7
right_child=4 2 -4 -5 6 10 8 -9 -10 -11 -12
leaf_value=-0.01363757503444259 -0.0041126438955598017 0.0047685313393938632 -0.0019527426537567689 0.025873363519854028 -0.029729970721203289 -0.021074341410085479 0.013914855154228824 -0.0048213929451115488 -0.010755410783831954 0.01408810335396616 0
leaf_weight=12.43208836019039 8.067620322108267 16.826045885682102 9.4504385739564878 20.749947771430019 11.33320924639702 9.9547589868307131 9.0881378501653689 13.48722383379936 7.1562921702861777 26.375545710325241 7.9118469953536978
leaf_count=52 33 69 39 86 49 42 38 61 33 108 33
internal_value=0.000650809 0.00722783 0.0133812 0.0175205 -0.00344373 0.00159844 -0.00999088 -0.018123 0.00223686 0.0094216 -0.0121582
internal_weight=152.833 59.4585 47.0264 37.576 93.3746 52.3098 41.0649 24.8204 16.2444 34.4432 17.8666
internal_count=643 246 194 155 397 216 181 110 71 141 75
is_linear=0
shrinkage=0.03


Tree=46
num_leaves=11
num_cat=0
split_feature=7 17 6 28 39 21 16 8 16 21
split_gain=5.6855 8.63993 6.47637 5.58687 7.13331 4.05449 3.65443 8.43314 3.52276 2.3102
threshold=0.0074356541584229977 -0.082536517664551987 0.011362428306360774 2.5000000000000004 1.0000000180025095e-35 0.012409168483060066 0.34149443639838095 0.023403583322096522 -0.017391952278847125 0.0090122175302689445
decision_type=2 2 2 2 2 2 2 2 2 2
left_child=1 5 6 -3 -5 8 -2 -8 -1 -4
right_child=2 3 9 4 -6 -7 7 -9 -10 -11
leaf_value=-0.020502894437885482 -0.027780611402917262 -0.0050215959827876284 0.016557105598507756 -0.0051482955065464417 0.020124054497073947 0.0087478063640077063 0.015146896353449445 -0.021351368212202525 0 -0.0027936470343288403
leaf_weight=16.609046146273613 11.88821664452553 13.771297112107275 7.8558206260204342 10.790137588977812 44.767945557832718 8.4980782568454725 7.9030853658914593 10.99026547372341 10.320746362209322 9.2881177216768247
leaf_count=70 53 57 32 45 186 36 33 47 43 41
internal_value=0.000611302 0.00460007 -0.00764205 0.0107405 0.0149469 -0.00694737 -0.0156546 -0.00537774 -0.0126811 0.00609325
internal_weight=152.683 104.757 47.9255 69.3294 55.5581 35.4279 30.7816 18.8934 26.9298 17.1439
internal_count=643 437 206 288 231 149 133 80 113 73
is_linear=0
shrinkage=0.03


Tree=47
num_leaves=10
num_cat=0
split_feature=7 2 11 15 23 23 15 2 36
split_gain=5.37558 9.40612 7.68968 8.31661 6.58955 5.14191 4.36672 1.66621 1.43096
threshold=0.0074356541584229977 0.011038234501032142 -0.032120480140670531 0.38639436108280262 1.0214240934357275 1.0290306807779366 0.08706789005724104 0.018268557079945572 0.005159720709247047
decision_type=2 2 2 2 2 2 2 2 2
left_child=2 8 -1 6 -5 7 -4 -3 -2
right_child=1 5 3 4 -6 -7 -8 -9 -10
leaf_value=-0.020929199686375629 -0.0058854094217491134 0.00077501590196764542 0.0095126279665352434 0.0061623347200059648 -0.018102936146292107 0.016463489477796394 0.033586790737651612 -0.016560781703981571 -0.027917210797439564
leaf_weight=7.6128398329019538 7.1836049705743816 7.5642138570547122 52.871597051620483 21.648768231272697 15.10113751888275 12.970094218850134 7.4930160194635382 6.9203245490789413 13.168112054467199
leaf_count=31 31 32 218 92 65 55 31 30 58
internal_value=0.000578638 -0.00745599 0.00445785 0.00698146 -0.00384128 0.00360367 0.0137227 -0.00760198 -0.0220341
internal_weight=152.534 47.8063 104.727 97.1145 36.7499 27.4546 60.3646 14.4845 20.3517
internal_count=643 206 437 406 157 117 249 62 89
is_linear=0
shrinkage=0.03


Tree=48
num_leaves=10
num_cat=0
split_feature=7 2 11 14 4 34 35 26 36
split_gain=5.11048 9.26581 7.30461 5.79111 5.54972 8.42889 4.93472 4.57345 1.23899
threshold=0.007798891478224758 0.011038234501032142 -0.032120480140670531 0.54440180375171121 0.016536384636447247 0.024257073114636766 0.01729069766411007 0.058825773339662844 0.0055537524095247833
decision_type=2 2 2 2 2 2 2 2 2
left_child=2 8 -1 6 -3 -6 -4 -5 -2
right_child=1 4 3 7 5 -7 -8 -9 -10
leaf_value=-0.020461687025555668 -0.0065158020352829157 -0.016237442131352205 0.0019556603444686681 0.012922607632105542 0.02548824090846602 -0.010149279097889619 0.0185188007533163 -0.011609042122416893 -0.028103971360341502
leaf_weight=7.5990794599056235 7.2081002295017269 6.8402007073164013 32.109231993556023 7.4911493062973049 12.770512476563455 7.8474910855293265 37.483658283948898 20.639985829591751 12.391109541058539
leaf_count=31 31 30 133 32 54 33 155 89 55
internal_value=0.000549592 -0.00736807 0.00429828 0.0067458 0.00349604 0.0115629 0.0113544 -0.00415445 -0.0221974
internal_weight=152.381 47.0574 105.323 97.724 27.4582 20.618 69.5929 28.1311 19.5992
internal_count=643 203 440 409 117 87 288 121 86
is_linear=0
shrinkage=0.03


Tree=49
num_leaves=10
num_cat=0
split_feature=18 17 15 38 32 35 38 9 35
split_gain=4.1766 11.036 4.61706 4.46549 4.74384 5.27959 5.16789 4.27755 1.74369
threshold=0.34362489152579895 -0.089404864272983761 -0.49103825853970473 0.014271086919056561 0.0033763094634693407 0.02950493322693826 0.007566951312943845 -0.030189737194410374 0.020265083482714833
decision_type=2 2 2 2 2 2 2 2 2
left_child=1 8 7 4 5 -2 -6 -3 -1
right_child=3 2 -4 -5 6 -7 -8 -9 -10
leaf_value=0 -0.0099741836923105519 0.015113721939098233 0.028721406563001185 0.013824480448432102 0.003286698507027958 0.0066126583229010084 -0.023750909680580641 -0.0098363611410095721 -0.02148352037108885
leaf_weight=7.3395216166973096 29.017151176929474 14.249906986951826 14.366734549403189 10.336560413241385 7.3528186082839992 36.613106444478035 18.078748226165771 7.5442930757999447 7.3193047344684601
leaf_count=31 124 59 60 43 32 154 79 31 30
internal_value=0.000511102 0.00744908 0.0162939 -0.00289789 -0.00521357 -0.00057719 -0.0157172 0.00574575 -0.012806
internal_weight=152.218 50.8198 36.1609 101.398 91.0618 65.6303 25.4316 21.7942 14.6588
internal_count=643 211 150 432 389 278 111 90 61
is_linear=0
shrinkage=0.03


Tree=50
num_leaves=10
num_cat=0
split_feature=10 37 6 35 21 6 33 21 31
split_gain=6.42534 8.86027 6.58283 6.57436 5.02763 3.60952 6.63172 4.105 3.45013
threshold=-0.0029472595720867463 -0.023883302913021928 0.011362428306360774 0.032225279626958543 0.012231488857000082 0.0026373949332001915 0.19310460422088452 0.0092720760515660368 -1.4999999999999998
decision_type=2 2 2 2 2 2 2 2 2
left_child=1 -1 3 4 -2 6 -3 -7 -5
right_child=2 5 -4 8 -6 7 -8 -9 -10
leaf_value=0.027431576893227238 -0.022357543840756177 -0.0038639695866347821 0.01268369127638976 0.013299354104463432 0.0029649275743991056 0.0046011394342841943 0.020458055287417325 -0.020583371264599904 -0.0062541449973710517
leaf_weight=11.638210803270338 33.527072906494141 22.7635128647089 11.422755554318426 10.083686351776121 7.0150289684534064 8.1594927608966845 14.518393725156782 10.781912088394163 22.743843227624893
leaf_count=49 144 94 49 42 31 34 59 46 98
internal_value=-0.000946298 0.00572585 -0.00646791 -0.00990605 -0.01769 0.000187196 0.00578507 -0.0096149 0
internal_weight=152.654 67.8615 84.7924 73.3696 40.5421 56.2233 37.2819 18.9414 32.8275
internal_count=646 282 364 315 175 233 153 80 140
is_linear=0
shrinkage=0.03


Tree=51
num_leaves=11
num_cat=0
split_feature=10 2 20 35 15 38 10 23 22 13
split_gain=6.06891 7.1357 7.13037 6.41832 5.29609 3.99705 3.52527 5.29846 4.50428 2.64408
threshold=-0.0029472595720867463 0.01344496655098937 0.018084283462580925 0.032225279626958543 0.43497961214152492 0.0064437642039240038 -0.014024138761059899 1.0240628522645838 -0.12336704335872938 2.5737995563173972
decision_type=2 2 2 2 2 2 2 2 2 2
left_child=2 3 6 5 -5 -2 7 -1 -8 -3
right_child=1 9 -4 4 -6 -7 8 -9 -10 -11
leaf_value=-0.019591617505227695 0 -0.0021247823713842016 0.029116932388777196 0.011978451889244889 -0.011839392896011013 -0.023442358756496771 -0.0080642601721218014 0.0051450805877922131 0.014514730875150327 0.018200122562453552
leaf_weight=12.179030522704126 6.9822067469358435 7.9943448901176479 8.0034671276807767 14.252624318003656 15.368051022291182 29.822894737124443 8.9706859588623029 14.445441544055937 24.185667529702187 10.236458271741865
leaf_count=51 30 35 34 59 67 129 37 60 100 44
internal_value=-0.000899786 -0.00627378 0.00558436 -0.0108897 0 -0.0189199 0.00135043 -0.00622464 0.00786792 0.00921709
internal_weight=152.441 84.6566 67.7843 66.4258 29.6207 36.8051 59.7808 26.6245 33.1564 18.2308
internal_count=646 364 282 285 126 159 248 111 137 79
is_linear=0
shrinkage=0.03


Tree=52
num_leaves=9
num_cat=0
split_feature=10 37 2 20 21 26 40 21
split_gain=5.7383 8.27521 6.80681 4.60189 4.99133 4.31953 5.34498 4.50634
threshold=-0.0029472595720867463 -0.023883302913021928 0.024115629390775498 0.010669960912603233 0.012360602339888236 0.14285688334902505 0.025287881130586446 0.008954675546880864
decision_type=2 2 2 2 2 2 2 2
left_child=1 -1 3 -2 -5 6 -3 -7
right_child=2 5 -4 4 -6 7 -8 -9
leaf_value=0.026468011240440528 0.0066463737343131993 -0.0043801321521124937 0.017890734272512591 -0.016141472746960536 0.0033434647156715667 0.0073656652770828848 0.021426180682443237 -0.014576549934614064
leaf_weight=11.574828833341597 11.80591471493244 11.334766641259195 7.3295567482709876 52.559634476900101 12.804507076740263 10.68832887709141 13.02505876123905 21.119133770465851
leaf_count=49 48 47 31 228 57 44 54 88
internal_value=-0.000863719 0.00543834 -0.00609832 -0.00896065 -0.0121159 8.56557e-05 0.00942804 -0.00676002
internal_weight=152.242 67.7421 84.4996 77.1701 65.3641 56.1673 24.3598 31.8075
internal_count=646 282 364 333 285 233 101 132
is_linear=0
shrinkage=0.03


Tree=53
num_leaves=6
num_cat=0
split_feature=16 2 14 21 35
split_gain=8.69484 7.81921 6.7711 5.39334 3.94484
threshold=-0.67774132273122834 0.024115629390775498 0.82574358346244037 0.0086793063940786667 0.036955013395850507
decision_type=2 2 2 2 2
left_child=-1 2 3 -2 -4
right_child=1 -3 4 -5 -6
leaf_value=0.019940084857154851 0.0084826889632134122 0.020083813286819879 -0.023232595863007681 -0.0062995249261897576 -0.0015818712840697899
leaf_weight=14.11543497443199 32.560846239328384 9.6311367452144605 22.835410580039024 59.277382418513298 13.601520061492918
leaf_count=60 133 41 103 249 60
internal_value=-0.000808843 -0.00329451 -0.00544632 -0.000829614 -0.0160437
internal_weight=152.022 137.906 128.275 91.8382 36.4369
internal_count=646 586 545 382 163
is_linear=0
shrinkage=0.03


Tree=54
num_leaves=6
num_cat=0
split_feature=16 6 19 0 35
split_gain=8.25739 6.28875 6.52262 6.91431 6.31867
threshold=-0.67774132273122834 0.013457500295717828 0.061112688487274726 -0.011534927119793146 0.031601579482375304
decision_type=2 2 2 2 2
left_child=-1 2 4 -4 -2
right_child=1 -3 3 -5 -6
leaf_value=0.019470011925065121 -0.0072894625676520582 0.01654960561114234 0.0095376465265052963 -0.017594442919200075 0.0099177180263816389
leaf_weight=14.071498721837996 39.700258404016495 10.928800106048582 8.1747152060270292 45.500438868999481 33.430592626333237
leaf_count=60 167 46 35 197 141
internal_value=-0.000776327 -0.00320118 -0.0052504 -0.0129986 0.000431489
internal_weight=151.806 137.735 126.806 53.6752 73.1309
internal_count=646 586 540 232 308
is_linear=0
shrinkage=0.03


Tree=55
num_leaves=6
num_cat=0
split_feature=38 16 21 16 24
split_gain=7.23081 5.97404 5.65158 8.23514 6.52611
threshold=0.014271086919056561 -0.67774132273122834 0.011570951712654239 -0.24215248035192335 0.35294381639949185
decision_type=2 2 2 2 2
left_child=1 -1 4 -4 -3
right_child=-2 2 3 -5 -6
leaf_value=0.014876505431960866 0.019429592858007393 -0.0062444756459456687 0.0073704182797027576 -0.026661335952007245 0.010146865790344718
leaf_weight=13.609347641468046 13.017481744289396 69.180451586842537 7.3644188940525082 18.588249251246452 29.299217149615288
leaf_count=58 55 293 31 83 124
internal_value=-0.000246899 -0.00246051 -0.00468066 -0.0166313 -0.00111361
internal_weight=151.059 138.042 124.432 25.9527 98.4797
internal_count=644 589 531 114 417
is_linear=0
shrinkage=0.03


Tree=56
num_leaves=8
num_cat=0
split_feature=16 19 3 9 20 19 18
split_gain=5.04971 4.67603 6.9861 6.59115 5.4363 4.62852 0.127703
threshold=-0.67774132273122834 0.065256185624020371 -0.015911482182221767 0.020286243754368778 0.018527838705748655 0.0740803015409182 0.1650512335648604
decision_type=2 2 2 2 2 2 2
left_child=6 2 -2 -4 5 -3 -1
right_child=1 4 3 -5 -6 -7 -8
leaf_value=0.0056210095641648751 -0.015989426340823638 -0.024974493402293876 0.012718817090719262 -0.0074537448933351298 0.011844873703552014 -0.0050106802961362535 0.019509053476555197
leaf_weight=7.2956356257200223 12.757856309413908 15.90385492146015 46.211737349629402 18.338056892156601 7.7573807388544074 34.911203801631927 7.7083863615989685
leaf_count=32 53 70 191 82 33 150 33
internal_value=-0.0002239 -0.00221847 0.00246675 0.00671079 -0.00852723 -0.012252 0.0150936
internal_weight=150.884 135.88 77.3077 64.5498 58.5724 50.8151 15.004
internal_count=644 579 326 273 253 220 65
is_linear=0
shrinkage=0.03


Tree=57
num_leaves=6
num_cat=0
split_feature=38 16 19 11 26
split_gain=6.82301 5.44614 5.80444 5.03263 4.86665
threshold=0.014271086919056561 -0.67774132273122834 0.065256185624020371 0.0092145338632978486 0.19999847412109378
decision_type=2 2 2 2 2
left_child=1 -1 3 -3 -4
right_child=-2 2 4 -5 -6
leaf_value=0.014201412733631914 0.018898453636693284 0.0064813355338893966 -0.0013317104804716081 -0.0093973556671408283 -0.020630288313398623
leaf_weight=13.549832716584204 13.008908987045286 48.471437931060791 23.628152370452881 25.682542219758034 26.373205810785294
leaf_count=58 55 200 103 113 115
internal_value=-0.000216236 -0.00237405 -0.0044984 0.00068256 -0.0122012
internal_weight=150.714 137.705 124.155 74.154 50.0014
internal_count=644 589 531 313 218
is_linear=0
shrinkage=0.03


Tree=58
num_leaves=8
num_cat=0
split_feature=38 7 16 15 24 7 40
split_gain=6.46921 5.40585 8.24843 7.49188 6.50477 5.89976 2.66988
threshold=0.014271086919056561 0.0059239357739667769 0.40718615774250727 -1.8683576010042666 -0.10000228881835936 0.0034004726932025595 0.040036700403983001
decision_type=2 2 2 2 2 2 2
left_child=1 3 6 -1 -4 -5 -3
right_child=-2 2 4 5 -6 -7 -8
leaf_value=-0.023875831276305774 0.018401088899693031 -0.029640088177305311 -0.018285777998905996 0.0014532947022389173 0.013395562401885918 0.026597313647073614 -0.0032964846347926144
leaf_weight=7.2546054720878592 13.013691157102583 15.08887240290642 6.9008903801441219 79.347486764192581 14.479936420917509 7.6893924772739402 6.7515622377395621
leaf_count=30 55 68 31 336 61 32 31
internal_value=-0.000204071 -0.00231086 -0.0108879 0.00160941 0.00183904 0.00439069 -0.0230854
internal_weight=150.526 137.513 43.2213 94.2915 21.3808 87.0369 21.8404
internal_count=644 589 191 398 92 368 99
is_linear=0
shrinkage=0.03


Tree=59
num_leaves=6
num_cat=0
split_feature=38 16 38 24 19
split_gain=6.14079 5.14245 5.58733 5.48697 5.30413
threshold=0.014271086919056561 -0.67774132273122834 0.010782881054116357 0.35294381639949185 0.066591711560160097
decision_type=2 2 2 2 2
left_child=1 -1 3 -3 -4
right_child=-2 2 4 -5 -6
leaf_value=0.01385951487116467 0.017919252680488256 -0.0054049639668129661 -0.0048512248258071756 0.0098571468485090935 -0.03262414439591179
leaf_weight=13.516354426741598 13.01644344627857 66.094847500324249 20.22951772809029 28.628924503922462 8.9091509431600553
leaf_count=58 55 283 87 122 39
internal_value=-0.000201751 -0.0022588 -0.00432916 -0.000528685 -0.0153745
internal_weight=150.395 137.379 123.862 94.7238 29.1387
internal_count=644 589 531 405 126
is_linear=0
shrinkage=0.03


Tree=60
num_leaves=6
num_cat=0
split_feature=8 3 9 33 40
split_gain=5.04574 6.23746 9.18149 5.0039 0.472955
threshold=-0.02832820343382177 0.03016463430304284 0.036623826026080608 0.15640795171987348 0.0041938850390261804
decision_type=2 2 2 2 2
left_child=4 2 3 -2 -1
right_child=1 -3 -4 -5 -6
leaf_value=0.0053191298438148571 -0.017404085162303313 0.016946736021812011 -0.027217250077493229 0.0016131721842180726 0.022460641991667248
leaf_weight=7.1472008526325208 12.083832681179045 13.059221670031546 11.107821762561796 102.07076074182987 7.0532854944467545
leaf_count=31 50 56 53 432 30
internal_value=0.000570866 -0.00116722 -0.00341021 -0.00053577 0.0164808
internal_weight=152.522 138.322 125.262 114.155 14.2005
internal_count=652 591 535 482 61
is_linear=0
shrinkage=0.03


Tree=61
num_leaves=7
num_cat=0
split_feature=16 3 11 38 13 23
split_gain=5.6581 6.03886 5.18324 7.27938 2.47564 1.68343
threshold=-0.67774132273122834 0.03016463430304284 0.023792483114348676 0.0073522421485820453 -1.2174394898159233 0.94612308797792333
decision_type=2 2 2 2 2 2
left_child=4 2 3 -2 -1 -4
right_child=1 -3 5 -5 -6 -7
leaf_value=0.028576452337443162 0.015898583494098648 0.016465951456001771 -0.0047458380372545194 -0.004503375795030495 0.0023304011686599677 -0.029119074178864474
leaf_weight=6.6575422883033744 16.730056717991829 13.095156788825987 7.4167186170816404 93.74625489115715 8.0193704068660718 6.7621334195137024
leaf_count=30 70 56 35 394 34 33
internal_value=0.000557361 -0.00132149 -0.00353902 -0.00105267 0.0171345 -0.0194597
internal_weight=152.427 137.75 124.655 110.476 14.6769 14.1789
internal_count=652 588 532 464 64 68
is_linear=0
shrinkage=0.03


Tree=62
num_leaves=5
num_cat=0
split_feature=3 9 4 26
split_gain=4.41102 10.3597 4.06165 3.61949
threshold=0.03016463430304284 0.036623826026080608 -0.045045946945898634 0.023823462289785644
decision_type=2 2 2 2
left_child=1 2 -1 -4
right_child=-2 -3 3 -5
leaf_value=0.019028246306446461 0.016001426791358613 -0.026645860015699976 0.011609149322996131 -0.0023926321689387445
leaf_weight=8.8450731188058835 13.128592655062674 10.951367631554602 17.770311892032623 101.6114017367363
leaf_count=39 56 53 74 430
internal_value=0.000550553 -0.00100671 0.00144345 -2.79076e-05
internal_weight=152.307 139.178 128.227 119.382
internal_count=652 596 543 504
is_linear=0
shrinkage=0.03


Tree=63
num_leaves=6
num_cat=0
split_feature=16 3 9 38 26
split_gain=5.32825 5.4384 6.86593 5.43187 0.503883
threshold=-0.67774132273122834 0.03016463430304284 0.036623826026080608 0.0079967412262659156 0.15384942680606398
decision_type=2 2 2 2 2
left_child=4 2 3 -2 -1
right_child=1 -3 -4 -5 -6
leaf_value=0.0059353322225141128 0.0086215878261805528 0.015552397112016562 -0.024907372091128768 -0.0053097421601534201 0.023227365762620349
leaf_weight=7.8337287455797178 33.992850944399834 13.159673899412153 10.133238360285757 80.310329452157021 6.7490894198417664
leaf_count=34 144 56 50 338 30
internal_value=0.000541033 -0.00127632 -0.00339252 -0.000960688 0.016679
internal_weight=152.179 137.596 124.436 114.303 14.5828
internal_count=652 588 532 482 64
is_linear=0
shrinkage=0.03


Tree=64
num_leaves=7
num_cat=0
split_feature=16 3 15 17 24 13
split_gain=5.10488 5.15189 6.0093 6.11462 4.97856 2.41113
threshold=-0.67774132273122834 0.03016463430304284 0.86903738817703291 0.051261957488074737 -0.21825364148212342 -1.2174394898159233
decision_type=2 2 2 2 2 2
left_child=5 2 3 -2 -4 -1
right_child=1 -3 4 -5 -6 -7
leaf_value=0.027699502970966426 0.0061920339061642604 0.015118147513839247 -0.00017599880095625823 -0.0087955927100671714 -0.026790673276137881 0.0018702232243513436
leaf_weight=6.5497268736362457 59.267181485891342 13.188537195324896 12.585156977176668 38.774617269635201 13.698624491691588 7.9867542088031751
leaf_count=30 245 56 57 165 65 34
internal_value=0.000536908 -0.00123851 -0.00330426 5.72914e-05 -0.015491 0.0163578
internal_weight=152.051 137.514 124.326 98.0418 26.2838 14.5365
internal_count=652 588 532 410 122 64
is_linear=0
shrinkage=0.03


Tree=65
num_leaves=8
num_cat=0
split_feature=8 20 40 40 20 6 2
split_gain=5.41752 7.40301 6.69618 5.08518 4.94442 4.65243 4.4344
threshold=-0.02832820343382177 0.011837273413366973 0.033994729897033234 0.011670962323188651 0.015097630047842694 0.0028076468994307105 0.019973924601461305
decision_type=2 2 2 2 2 2 2
left_child=-1 2 3 -2 6 -6 -3
right_child=1 4 -4 -5 5 -7 -8
leaf_value=0.017027415027166173 0.0052540441541362014 -0.014824830466715771 -0.0090582729949103546 0.032904117768109753 0.0095780727890766425 -0.0096908074518028443 0.0071208970735565221
leaf_weight=13.577177986502646 18.047634556889538 50.266236484050751 10.565926864743231 9.4624775350093824 25.54101899266243 16.760836735367775 7.6119020432233802
leaf_count=58 74 218 44 39 110 76 32
internal_value=0.000159243 -0.0016095 0.00919922 0.0168584 -0.00596409 0.00151195 -0.0115467
internal_weight=151.833 138.256 38.076 27.5101 100.18 42.3019 57.8781
internal_count=651 593 157 113 436 186 250
is_linear=0
shrinkage=0.03


Tree=66
num_leaves=9
num_cat=0
split_feature=8 21 41 7 37 28 6 36
split_gain=5.13802 5.40953 6.55239 8.27127 5.47705 4.9912 6.72455 3.37397
threshold=-0.02832820343382177 0.0082459928414799575 1.0000000180025095e-35 0.0059239357739667769 -0.023883302913021928 2.5000000000000004 0.0018307429654940653 0.0048357208400702225
decision_type=2 2 2 2 2 2 2 2
left_child=-1 5 3 -3 -4 6 -2 -7
right_child=1 2 4 -5 -6 7 -8 -9
leaf_value=0.016620070116676128 -0.023567937294595272 0.023954347339858351 0.011094313541515941 -0.012960345522224522 -0.012293654296214991 0.027857758829280314 0.010982072851443907 0.0045515384923013498
leaf_weight=13.542197346687315 7.4597706794738761 11.513867825269701 8.0631534755229932 6.9527490735054007 69.368202120065689 9.4148852676153201 8.5351375639438611 16.779334425926208
leaf_count=58 31 48 35 33 302 39 35 70
internal_value=0.000172387 -0.00154781 -0.00554707 0.00941461 -0.00945133 0.00704287 -0.00512643 0.0148423
internal_weight=151.629 138.087 95.898 18.4666 77.4314 42.1891 15.9949 26.1942
internal_count=651 593 418 81 337 175 66 109
is_linear=0
shrinkage=0.03


Tree=67
num_leaves=8
num_cat=0
split_feature=8 20 40 40 20 6 2
split_gain=4.86968 6.86705 6.25167 4.80371 4.63346 4.30913 4.20195
threshold=-0.02832820343382177 0.011837273413366973 0.033994729897033234 0.011670962323188651 0.015097630047842694 0.0028076468994307105 0.019973924601461305
decision_type=2 2 2 2 2 2 2
left_child=-1 2 3 -2 6 -6 -3
right_child=1 4 -4 -5 5 -7 -8
leaf_value=0.016223460704441996 0.0050364365697316065 -0.014313587906462755 -0.0087054708840972137 0.031951579273617879 0.0092981437723318565 -0.0092622679295379772 0.0070318510207448802
leaf_weight=13.506499424576758 18.024725392460827 50.07020890712738 10.541117534041403 9.4432455450296384 25.549159944057465 16.670240700244904 7.6039790362119666
leaf_count=58 74 218 44 39 110 76 32
internal_value=0.000191157 -0.00148134 0.00893064 0.0163392 -0.0056878 0.00154293 -0.0111066
internal_weight=151.409 137.903 38.0091 27.468 99.8936 42.2194 57.6742
internal_count=651 593 157 113 436 186 250
is_linear=0
shrinkage=0.03


Tree=68
num_leaves=8
num_cat=0
split_feature=8 10 28 11 37 12 38
split_gain=4.67495 7.07947 6.32354 5.98931 5.30097 4.73514 4.01131
threshold=-0.013052063843444499 -0.0083140231083883558 6.5000000000000009 0.027189584165135398 0.021192709261482538 33.967918444574067 0.0075516974502015761
decision_type=2 2 2 2 2 2 2
left_child=2 -2 5 6 -4 -1 -3
right_child=1 3 4 -5 -6 -7 -8
leaf_value=0.0089041342617448456 -0.022701980111079673 0.0124830601261512 0.027914933409350935 -0.022540275055857012 -0.00048530953808067741 -0.019401201343034195 -0.0012731955703416183
leaf_weight=9.0643419772386569 12.149305984377859 23.594494119286537 15.244491055607797 7.6410545706748954 7.3596459180116645 7.828817516565322 68.314504235982895
leaf_count=37 52 101 66 39 31 33 292
internal_value=0.000203061 -0.00284571 0.00890815 0 0.0187707 -0.00408468 0.00228917
internal_weight=151.197 111.699 39.4973 99.5501 22.6041 16.8932 91.909
internal_count=651 484 167 432 97 70 393
is_linear=0
shrinkage=0.03


Tree=69
num_leaves=9
num_cat=0
split_feature=5 11 0 12 12 34 11 20
split_gain=4.16258 4.33217 8.45715 3.75612 7.09408 3.21663 3.21238 2.45683
threshold=-0.033798878310386631 0.022847143999076173 -0.0036603928936244086 47.145007558700684 54.480166045579381 0.013821019345783616 -0.0079173657924825874 0.015836916713950693
decision_type=2 2 2 2 2 2 2 2
left_child=5 3 -3 7 -5 6 -1 -2
right_child=1 2 -4 4 -6 -7 -8 -9
leaf_value=0.024850968873254681 -0.012183045695894328 0.0099192661146586952 -0.026252603827257623 0.018241269880294477 -0.001740587173850794 -0.004296650838162247 0 0.0052971449995787975
leaf_weight=12.222635880112652 24.67351979017258 6.996012523770335 14.23299929499626 20.898268848657608 48.508983477950096 7.5825653523206702 8.6435772627592087 7.2505518198013297
leaf_count=51 103 32 69 87 208 32 38 31
internal_value=0.000181563 -0.00215245 -0.0138587 0.000375637 0.00440821 0.0102103 0.0160527 -0.00769257
internal_weight=151.009 122.56 21.229 101.331 69.4073 28.4488 20.8662 31.9241
internal_count=651 530 101 429 295 121 89 134
is_linear=0
shrinkage=0.03


Tree=70
num_leaves=11
num_cat=0
split_feature=21 25 14 25 14 2 38 2 22 32
split_gain=4.5692 5.38448 5.0795 5.55767 6.88987 5.03025 3.82822 5.88092 3.66455 1.3658
threshold=0.0091429875429096998 0.082646026260164138 0.80378766972401661 0.30368679803921556 -0.26172284500496795 0.0099933777954556175 0.014183804913245536 0.0084203702165061029 0.11326179552016825 0.0026212430972870631
decision_type=2 2 2 2 2 2 2 2 2 2
left_child=2 8 3 9 -5 -4 7 -3 -2 -1
right_child=1 6 5 4 -6 -7 -8 -9 -10 -11
leaf_value=0.025742112448618126 -0.0034822296837535151 0.0023638501572064473 -0.017676323772818504 -0.016171847947295048 0.015540295041751211 0.0097490236200375568 0.018485829070180284 -0.018937766597728858 -0.030829284380281326 0.0050456525775038298
leaf_weight=16.746624484658245 11.476716667413713 45.216089487075806 11.487224444746973 9.9938824921846408 10.687916979193686 8.4206947684288007 6.8147066831588736 13.230282559990881 8.066365107893942 7.113099291920661
leaf_count=69 51 198 51 41 44 36 30 60 36 30
internal_value=0.000157488 -0.00427556 0.00616946 0.011748 0 -0.00556022 0 -0.00267701 -0.0172802 0.0210195
internal_weight=149.254 84.8042 64.4494 44.5415 20.6818 19.9079 65.2611 58.4464 19.5431 23.8597
internal_count=646 375 271 184 85 87 288 258 87 99
is_linear=0
shrinkage=0.03


Tree=71
num_leaves=11
num_cat=0
split_feature=17 33 16 13 20 32 28 15 9 28
split_gain=3.7331 5.55961 5.55831 6.06356 3.86236 3.3434 2.68813 2.49129 1.89123 1.02791
threshold=-0.068068904596996702 0.2628137163006935 0.54648160238716403 -2.1670093123635641 0.013462418431097767 -0.0032958315777151799 6.5000000000000009 0.38639436108280262 0.0084607253431205984 5.5000000000000009
decision_type=2 2 2 2 2 2 2 2 2 2
left_child=5 6 3 -3 -4 8 -2 -7 -1 -9
right_child=1 2 4 -5 -6 7 -8 9 -10 -11
leaf_value=0.010572871891017497 0.0015536404052721023 0.011297019648339223 0.025397283614869905 -0.0094398907954490029 -0.0010439618458226389 -0.00052957316407231886 0.022898584557277734 -0.0067560955818266348 -0.0072800332789517766 -0.028671345242662377
leaf_weight=9.8904404789209384 10.761959329247476 14.229729652404783 8.9761773049831373 51.79800195991993 6.938949227333068 10.37988965213299 14.220927730202673 7.2334005683660489 7.0436061471700659 7.580770269036293
leaf_count=42 45 60 37 230 30 43 61 32 31 35
internal_value=0.000148584 0.00322419 -0.000477307 -0.00454961 0.0142021 -0.00711005 0.0150563 -0.0137394 0.00237025 -0.0209392
internal_weight=149.054 106.926 81.9429 66.0277 15.9151 42.1281 24.9829 25.1941 16.934 14.8142
internal_count=646 463 357 290 67 183 106 110 73 67
is_linear=0
shrinkage=0.03


Tree=72
num_leaves=11
num_cat=0
split_feature=17 7 12 9 14 11 17 33 26 2
split_gain=3.58763 7.30733 5.19262 4.52032 2.82773 2.76453 4.07604 2.80639 1.0839 1.00458
threshold=-0.068068904596996702 -0.0046418804218531949 70.328697492293671 0.025617649424234036 -1.5463599730807116 -0.0038250323711165319 -0.17745242479058851 0.10012188978083762 0.1250029802151858 -0.0097618531842983951
decision_type=2 2 2 2 2 2 2 2 2 2
left_child=5 4 3 -3 -2 7 -7 -1 -8 -6
right_child=1 2 -4 -5 9 6 8 -9 -10 -11
leaf_value=-0.0082645723514499034 0.00049777323326361108 -0.00035275369089484326 0.013814658642737704 -0.018716182710435698 0.0073830209880688096 0.0023623548758509392 -0.0063854680440270086 0.014693308444712323 -0.026573084054851773 0.028849365183618372
leaf_weight=7.4366457313299161 9.1452855020761508 51.278842404484749 14.080310270190237 14.573104217648504 7.1213274151086834 9.1246291548013669 7.9441980272531572 7.2133115082979202 10.320485994219778 10.586049690842627
leaf_count=31 39 216 59 74 30 41 34 30 47 45
internal_value=0.000145385 0.00316363 -0.00130395 -0.00506956 0.0161507 -0.00697621 -0.0124063 0.0025456 -0.0200295 0.0226028
internal_weight=148.824 106.785 79.9323 65.8519 26.8527 42.0393 27.3893 14.65 18.2647 17.7074
internal_count=646 463 349 290 114 183 122 61 81 75
is_linear=0
shrinkage=0.03


Tree=73
num_leaves=13
num_cat=0
split_feature=21 20 37 40 14 23 25 14 37 32 40 0
split_gain=4.20072 5.35779 4.93162 5.44156 4.73179 5.65876 5.29779 6.57098 3.52225 3.86923 2.79051 2.44402
threshold=0.0091429875429096998 0.015738367309740865 -0.03388035386854326 0.037079180436868649 0.80378766972401661 1.054250056470569 0.30368679803921556 -0.26172284500496795 0.0013610226357363422 0.0025023577672066426 -0.026827170582612966 0.0058083358489260392
decision_type=2 2 2 2 2 2 2 2 2 2 2 2
left_child=4 8 -3 -4 6 -6 11 -8 10 -10 -2 -1
right_child=1 2 3 -5 5 -7 7 -9 9 -11 -12 -13
leaf_value=0.026432610605350144 -0.011191760996745117 0.022734546303521116 -0.013095981996613364 0.010491311898640426 -0.02152155162696278 0.0075786312000852771 -0.015941817018338772 0.01504296207512317 -0.023649769624371212 0 0.01146599637788012 0.0026143099410021486
leaf_weight=16.38089227676392 7.3192747682332984 7.5515686869621268 16.295865789055828 14.668040692806242 8.766420856118204 11.007071137428282 9.9797280728817004 10.679859459400175 20.104521080851558 10.216325402259825 8.2241949737071973 7.404793679714202
leaf_count=68 31 34 72 67 39 48 41 44 90 46 35 31
internal_value=0.000143815 -0.00411454 0.00376197 -0.0015087 0.00592086 -0.0054256 0.0113081 0 -0.0109232 -0.0165764 0 0.0203773
internal_weight=148.599 84.3798 38.5155 30.9639 64.2188 19.7735 44.4453 20.6596 45.8643 30.3208 15.5435 23.7857
internal_count=646 375 173 139 271 87 184 85 202 136 66 99
is_linear=0
shrinkage=0.03


Tree=74
num_leaves=6
num_cat=0
split_feature=26 26 17 6 20
split_gain=3.41116 8.46583 3.65484 4.54086 2.76749
threshold=0.57143869209809273 0.45644168290334142 -0.082536517664551987 -0.00025612014257140025 0.01637496726819997
decision_type=2 2 2 2 2
left_child=1 2 4 -4 -1
right_child=-2 -3 3 -5 -6
leaf_value=-0.013614372851327165 0.014125783084556717 -0.022966659974865789 0.013396500779395415 -0.00024596706243916163 0.0029518458659907551
leaf_weight=19.909862697124481 12.39298167824745 12.48215366899967 30.645292326807976 60.60854260623455 12.340047419071196
leaf_count=87 54 56 129 266 54
internal_value=0.000144163 -0.00120761 0.00120294 0.00436371 -0.00703533
internal_weight=148.379 135.986 123.504 91.2538 32.2499
internal_count=646 592 536 395 141
is_linear=0
shrinkage=0.03


Tree=75
num_leaves=10
num_cat=0
split_feature=17 13 6 7 21 15 21 17 37
split_gain=5.11603 5.08135 3.80056 3.5203 3.13123 2.94631 2.90492 2.63666 1.54279
threshold=-0.10461263819735699 -2.090162553931957 -0.001947753514308831 -0.012104698588613872 0.0068203802611225021 -1.0164992444959495 0.012409168483060066 -0.068068904596996702 0.031417333377046892
decision_type=2 2 2 2 2 2 2 2 2
left_child=6 5 3 -3 -4 -2 8 -7 -1
right_child=1 2 4 -5 -6 7 -8 -9 -10
leaf_value=-0.02322484505774481 -0.0034808312114255474 -0.0056652886206821134 0.008854947745606254 0.018319913896687561 -0.0085035782660642396 0 0.0010802183963251201 0.021017265401877566 -0.0029639514075408394
leaf_weight=13.867262467741972 7.4984927326440802 6.8796603232622173 8.5748085081577283 11.25334784388542 58.274127915501595 7.6470079720020321 8.5475059300661069 18.822082087397575 7.4952790439128867
leaf_count=61 31 30 35 47 259 33 38 81 33
internal_value=-0.00135195 0.00137504 -0.00243053 0.00881609 -0.00586656 0.0109188 -0.0120735 0.0154829 -0.0176204
internal_weight=148.86 118.95 84.9819 18.133 66.8489 33.9676 29.91 26.4691 21.3625
internal_count=648 516 371 77 294 145 132 114 94
is_linear=0
shrinkage=0.03


Tree=76
num_leaves=10
num_cat=0
split_feature=17 13 6 2 22 24 19 12 40
split_gain=4.86689 4.78666 3.58499 5.68812 3.49865 3.35533 3.16203 2.82292 1.93274
threshold=-0.10461263819735699 -2.090162553931957 -0.001947753514308831 -0.0090395845222461784 -0.095708715743379066 0.072079313474252851 0.055099477537584728 72.389764160492334 0.029552630041328468
decision_type=2 2 2 2 2 2 2 2 2
left_child=4 5 3 -3 -1 6 -2 -4 -6
right_child=1 2 7 -5 8 -7 -8 -9 -10
leaf_value=0.00160896111382093 -0.0047341581057365615 -0.0040233176609166289 -0.0083682382215993448 0.026581237366774486 -0.025630378418356043 0.024696291812867449 0.015013137781723342 0.0073643378831739666 -0.0036310623313928671
leaf_weight=9.6662966758012789 14.484066218137743 11.101282745599748 56.945640474557877 7.0360709875822058 11.91683539748192 9.0564383715391141 10.430568501353262 9.805619925260542 8.2743512690067273
leaf_count=43 61 47 253 30 53 39 45 41 36
internal_value=-0.00131003 0.0013469 -0.00234612 0.00856514 -0.0117784 0.0106095 0.00347705 -0.00569198 -0.0184308
internal_weight=148.717 118.86 84.8886 18.1374 29.8575 33.9711 24.9146 66.7513 20.1912
internal_count=648 516 371 77 132 145 106 294 89
is_linear=0
shrinkage=0.03


end of trees

feature_importances:
volatility=40
macd_hist=34
ma_20_60_cross=30
return_3d=29
macd_signal=28
atr_pct=28
return_20d=23
div_ma_5=23
div_ma_60=23
macro_topix_ret_20=20
macro_topix_vol_20=20
macd_hist_change=19
macro_usdjpy_ret_60=19
vol_ratio=18
month=18
ma_5_20_cross=17
div_ma_10=15
rsi=15
macro_nikkei_ret_20=15
rsi_change=14
gap=14
bb_bandwidth=13
macro_usdjpy_ret_20=13
macd=12
macro_usdjpy_vol_20=12
bb_pct_b=11
lower_shadow_pct=11
price_position_20d=11
div_ma_20=10
return_5d=9
vol_change=9
upper_shadow_pct=8
return_2d=7
return_10d=7
return_1d=6
candle_body_pct=5
streak=2
macro_nikkei_above_200dma=2
is_month_start=1
macro_topix_above_200dma=1

parameters:
[boosting: gbdt]
[objective: binary]
[metric: binary_logloss]
[tree_learner: serial]
[device_type: cpu]
[data_sample_strategy: bagging]
[data: ]
[valid: ]
[num_iterations: 500]
[learning_rate: 0.03]
[num_leaves: 15]
[num_threads: 0]
[seed: 42]
[deterministic: 0]
[force_col_wise: 0]
[force_row_wise: 0]
[histogram_pool_size: -1]
[max_depth: 4]
[min_data_in_leaf: 30]
[min_sum_hessian_in_leaf: 0.001]
[bagging_fraction: 0.7]
[pos_bagging_fraction: 1]
[neg_bagging_fraction: 1]
[bagging_freq: 5]
[bagging_seed: 400]
[bagging_by_query: 0]
[feature_fraction: 0.6]
[feature_fraction_bynode: 1]
[feature_fraction_seed: 30056]
[extra_trees: 0]
[extra_seed: 12879]
[early_stopping_round: 0]
[early_stopping_min_delta: 0]
[first_metric_only: 0]
[max_delta_step: 0]
[lambda_l1: 0.5]
[lambda_l2: 2]
[linear_lambda: 0]
[min_gain_to_split: 0]
[drop_rate: 0.1]
[max_drop: 50]
[skip_drop: 0.5]
[xgboost_dart_mode: 0]
[uniform_drop: 0]
[drop_seed: 17869]
[top_rate: 0.2]
[other_rate: 0.1]
[min_data_per_group: 100]
[max_cat_threshold: 32]
[cat_l2: 10]
[cat_smooth: 10]
[max_cat_to_onehot: 4]
[top_k: 20]
[monotone_constraints: ]
[monotone_constraints_method: basic]
[monotone_penalty: 0]
[feature_contri: ]
[forcedsplits_filename: ]
[refit_decay_rate: 0.9]
[cegb_tradeoff: 1]
[cegb_penalty_split: 0]
[cegb_penalty_feature_lazy: ]
[cegb_penalty_feature_coupled: ]
[path_smooth: 0]
[interaction_constraints: ]
[verbosity: -1]
[saved_feature_importance_type: 0]
[use_quantized_grad: 0]
[num_grad_quant_bins: 4]
[quant_train_renew_leaf: 0]
[stochastic_rounding: 1]
[linear_tree: 0]
[max_bin: 255]
[max_bin_by_feature: ]
[min_data_in_bin: 5]
[bin_construct_sample_cnt: 200000]
[data_random_seed: 175]
[is_enable_sparse: 1]
[enable_bundle: 1]
[use_missing: 1]
[zero_as_missing: 0]
[feature_pre_filter: 1]
[pre_partition: 0]
[two_round: 0]
[header: 0]
[label_column: ]
[weight_column: ]
[group_column: ]
[ignore_column: ]
[categorical_feature: ]
[forcedbins_filename: ]
[precise_float_parser: 0]
[parser_config_file: ]
[objective_seed: 16083]
[num_class: 1]
[is_unbalance: 0]
[scale_pos_weight: 1]
[sigmoid: 1]
[boost_from_average: 1]
[reg_sqrt: 0]
[alpha: 0.9]
[fair_c: 1]
[poisson_max_delta_step: 0.7]
[tweedie_variance_power: 1.5]
[lambdarank_truncation_level: 30]
[lambdarank_norm: 1]
[label_gain: ]
[lambdarank_position_bias_regularization: 0]
[eval_at: ]
[multi_error_top_k: 1]
[auc_mu_weights: ]
[num_machines: 1]
[local_listen_port: 12400]
[time_out: 120]
[machine_list_filename: ]
[machines: ]
[gpu_platform_id: -1]
[gpu_device_id: -1]
[gpu_use_dp: 0]
[num_gpu: 1]

end of parameters

pandas_categorical:[]
