tree
version=v4
num_class=1
num_tree_per_iteration=1
label_index=0
max_feature_idx=44
objective=binary sigmoid:1
feature_names=return_1d return_2d return_3d return_5d return_10d return_20d div_ma_5 div_ma_10 div_ma_20 div_ma_60 ma_5_20_cross ma_20_60_cross rsi rsi_change macd macd_signal macd_hist macd_hist_change bb_pct_b bb_bandwidth atr_pct volatility vol_change vol_ratio candle_body_pct upper_shadow_pct lower_shadow_pct day_of_week month is_month_end is_month_start streak gap price_position_20d macro_usdjpy_ret_20 macro_usdjpy_ret_60 macro_usdjpy_vol_20 macro_topix_ret_20 macro_topix_vol_20 macro_topix_above_200dma macro_nikkei_ret_20 macro_nikkei_above_200dma macro_nikkei_vi macro_jgb10y macro_bias_score
feature_infos=[-0.051667718847868582:0.052317214399834944] [-0.069319658794679051:0.066069689312661994] [-0.096009940663856264:0.069174718964683857] [-0.092047571879455781:0.070473817828605734] [-0.10967740145596594:0.099482482225133451] [-0.1194895102902126:0.13136092868782367] [-0.061852987251565864:0.049809327865794582] [-0.075078129147269676:0.063726999260007064] [-0.085982633866199074:0.076091831493949921] [-0.13438507923268347:0.09550318536893021] [-0.065989223903184513:0.059657820281814322] [-0.084414034246299119:0.051608044180756041] [10.655758721113841:96.195590879236789] [-25.406515826902634:29.205926682074995] [-5.8053389389267238:4.6599523466051664] [-5.156269644217125:3.8344484740376403] [-1.700496780706211:1.7619812935939834] [-0.69962749708517058:0.63253549068901593] [-0.37090614118651299:1.4062862052998002] [0.021690225466767042:0.19175423333084149] [0.0090077006736973206:0.029443085972968373] [0.0053037422986870787:0.018369920703247718] [-0.80724210522414475:3.5759495490511313] [0.5312912747870332:1.849949462464394] [-1:1] [0:1] [0:0.97436323799835678] [0:4] [1:12] none [0:1] [-12:8] [-0.038861942167391805:0.034482758620689724] [0:1] [-0.10288784967882303:0.08505611680078462] [-0.13986255140503889:0.13160084488587853] [0.0024251968629527628:0.011841457708833433] [-0.22586491944566001:0.19897857359448179] [0.0040695656242548776:0.036437272436454948] [0:1] [-0.22859537662338159:0.23022297972565586] [0:1] none none none
tree_sizes=1188 1098 1294 990 976 995 1102 996 987 997 1298 1006 1161 1391 1404 1309 1101 880 885 992 1192 1051 1088 1209 893 1352 1103 1307 1107 1190 1087 1083 976 979 1210 784 1073 1099 894 1294 1288 1312 1187 1100 1203 1309 1091 1196 1094 991

Tree=0
num_leaves=10
num_cat=0
split_feature=9 5 15 21 23 20 3 32 0
split_gain=27.273 10.721 14.6443 8.67219 7.85406 7.11336 6.12186 5.11408 0.204935
threshold=0.025149744789826133 -0.025899364288567813 -1.8978383229660878 0.0083533758472065147 0.94169909532176255 0.013547729650249809 1.0000000180025095e-35 0.0043059326914732807 -0.003521092358432953
decision_type=2 2 2 2 2 2 2 2 2
left_child=1 2 -1 6 -5 -4 -3 8 -2
right_child=7 3 5 4 -6 -7 -8 -9 -10
leaf_value=-0.22610062801590189 -0.22867492941051101 -0.21784037616125185 -0.20841618085111882 -0.20967717222838295 -0.23269667278541989 -0.17389984954470036 -0.18805253228626082 -0.21792094904744763 -0.24811321618157262
leaf_weight=8.8955515623092634 7.4129596352577236 8.8955515623092669 10.625242143869402 22.238878905773163 26.686654686927795 17.296905815601349 12.602031379938124 10.625242143869398 18.285300433635712
leaf_count=36 30 36 43 90 108 70 51 43 74
internal_value=-0.215823 -0.208091 -0.195409 -0.215322 -0.22209 -0.185128 -0.200099 -0.237496 -0.244346
internal_weight=143.564 107.241 36.8177 70.4231 48.9255 27.9221 21.4976 36.3235 25.6983
internal_count=581 434 149 285 198 113 87 147 104
is_linear=0
shrinkage=1


Tree=1
num_leaves=9
num_cat=0
split_feature=10 17 6 11 13 38 13 16
split_gain=23.375 11.2512 11.0344 9.06024 6.11546 7.6352 6.81018 1.67182
threshold=-0.0028445374397377816 0.12052925402990257 -0.01021060411157654 0.027189584165135398 -3.2245899172428056 0.0099653960024427557 -5.5961453943057462 -0.073363082567648966
decision_type=2 2 2 2 2 2 2 2
left_child=1 2 -1 4 6 -6 -2 -4
right_child=3 -3 7 -5 5 -7 -8 -9
leaf_value=-0.00027202409295592545 -0.005009120695880713 -0.0070978804432277253 0.035341248835372929 -0.035004502838782203 -0.001329521631139068 -0.025311187653529479 0.025906479150680627 0.012133006260940608
leaf_weight=13.599677100777624 14.57171878218651 14.58736804127693 23.7532774657011 9.3680935353040677 31.612525954842567 19.011370807886124 8.1545905619859678 8.8984261602163333
leaf_count=55 59 59 96 38 128 77 33 36
internal_value=0.000453562 0.0144084 0.0215152 -0.00973091 -0.00546052 -0.0112404 0.00667548 0.0305146
internal_weight=143.557 60.8387 46.2514 82.7183 73.3502 50.6239 22.7263 32.6517
internal_count=581 246 187 335 297 205 92 132
is_linear=0
shrinkage=0.03


Tree=2
num_leaves=11
num_cat=0
split_feature=18 2 11 21 33 21 34 21 5 17
split_gain=21.9281 12.9457 12.476 10.9909 10.4817 9.52001 9.08141 5.25526 3.50281 2.71151
threshold=0.41177773009990887 -0.0072380703237329138 0.013806395718516497 0.011570951712654239 0.24458527311959274 0.011735586290168002 0.01422297721804733 0.012586071655175559 -0.025899364288567813 0.063613803815483108
decision_type=2 2 2 2 2 2 2 2 2 2
left_child=1 5 3 6 -3 8 -2 -4 -1 -6
right_child=2 4 7 -5 9 -7 -8 -9 -10 -11
leaf_value=0 -0.0056417497912433431 0.046321897903644209 -0.031018974655897685 -0.02230852922199994 0.019029009563944429 0.021373862254200612 0.020989318575240477 -0.00029512037938937957 -0.024195036842414929 -0.0031991946333588088
leaf_weight=12.132579118013384 21.505056008696556 13.140456438064577 22.157489910721782 13.319252714514731 7.4251420497894269 10.653062745928763 20.008130103349686 7.6315161436796179 8.1490276753902453 7.4234746545553207
leaf_count=49 87 53 90 54 30 43 81 31 33 30
internal_value=0.000426693 0.0143082 -0.00917333 -0.000218607 0.0283616 0.000187396 0.0072237 -0.0241336 -0.0111874 0.00796526
internal_weight=143.545 58.9237 84.6214 54.8324 27.9891 30.9347 41.5132 29.789 20.2816 14.8486
internal_count=581 238 343 222 113 125 168 121 82 60
is_linear=0
shrinkage=0.03


Tree=3
num_leaves=8
num_cat=0
split_feature=9 20 17 17 36 1 0
split_gain=23.9196 10.2018 8.61375 12.5612 4.31567 4.05275 3.25804
threshold=0.025149744789826133 0.017951064734722636 -0.068628489164233253 0.12052925402990257 0.0048922641903527452 0.011440315370238598 -0.0044374587141023372
decision_type=2 2 2 2 2 2 2
left_child=1 2 4 -4 -1 6 -2
right_child=5 -3 3 -5 -6 -7 -8
leaf_value=0.006458021497032662 -0.0050845118965657365 0.030683038840983539 0.016311634517624646 -0.01352982661126333 -0.017192704650030644 -0.0025738402925988353 -0.033006202286747326
leaf_weight=7.9140559732913998 7.376127943396571 13.128061100840567 52.775311201810837 14.326514899730681 19.255928948521614 11.063691213726996 17.66646833717823
leaf_count=32 30 53 213 58 78 45 72
internal_value=0.000411809 0.00763559 0.00369951 0.0095161 -0.00981906 -0.019955 -0.026321
internal_weight=143.506 107.4 94.2718 67.1018 27.17 36.1063 25.0426
internal_count=581 434 381 271 110 147 102
is_linear=0
shrinkage=0.03


Tree=4
num_leaves=8
num_cat=0
split_feature=9 16 17 17 32 7 16
split_gain=22.7108 16.1597 9.06736 10.6322 4.78381 2.79745 0.314804
threshold=0.025149744789826133 -0.68181796171751874 -0.068628489164233253 0.11645370663349354 0.0043059326914732807 -0.008723290232879195 0.50484380752218461
decision_type=2 2 2 2 2 2 2
left_child=1 -1 5 -4 6 -3 -2
right_child=4 2 3 -5 -6 -7 -8
leaf_value=0.035970672916051889 -0.029856426707034159 -0.01915127553129263 0.015003535930152309 -0.011591895856786561 -0.00070618584635989549 0 -0.010954145952032363
leaf_weight=13.420275196433066 18.084549531340603 15.301232606172563 51.84404544532299 15.789902478456495 10.577794313430784 11.100063160061834 7.3522263020277014
leaf_count=54 74 62 209 64 43 45 30
internal_value=0.000382254 0.00741477 0.00251897 0.00842452 -0.019492 -0.0116094 -0.0261364
internal_weight=143.47 107.456 94.0352 67.6339 36.0146 26.4013 25.4368
internal_count=581 434 380 273 147 107 104
is_linear=0
shrinkage=0.03


Tree=5
num_leaves=8
num_cat=0
split_feature=16 11 21 6 35 26 26
split_gain=15.158 12.4822 11.0194 15.4004 9.40533 2.0269 0.118231
threshold=-0.68181796171751874 0.023792483114348676 0.0082067895317544971 1.0000000180025095e-35 -0.044006006125471057 0.10582550899328928 0.11189793979453781
decision_type=2 2 2 2 2 2 2
left_child=6 2 4 -4 -2 -3 -1
right_child=1 5 3 -5 -6 -7 -8
leaf_value=0.011329939533909667 -0.012756799440714801 -0.0078517165236956128 0.007017630362354697 -0.018122830955773352 0.021999894611224299 -0.032547058313103713 0.03093733427289324
leaf_weight=7.4538073539733869 7.4228772968053809 8.0697857588529605 37.365880653262138 46.617713958024979 24.713812455534935 13.188912391662596 7.7099364846944809
leaf_count=30 30 33 151 189 100 54 31
internal_value=-0.00186517 -0.0052071 -0.00103572 -0.00685986 0.0132554 -0.0252989 0.0246165
internal_weight=152.543 137.379 116.12 83.9836 32.1367 21.2587 15.1637
internal_count=618 557 470 340 130 87 61
is_linear=0
shrinkage=0.03


Tree=6
num_leaves=9
num_cat=0
split_feature=8 21 9 11 35 15 2 15
split_gain=17.0237 10.6986 7.55277 7.43996 11.5967 6.22951 3.71385 1.77142
threshold=-0.022699149720135755 0.0082067895317544971 0.022763137031807108 0.015250168964701995 -0.044006006125471057 -0.053293343276862408 -0.016124545889936445 1.5960868017115704
decision_type=2 2 2 2 2 2 2 2
left_child=6 3 5 4 -2 -3 -1 -4
right_child=1 2 7 -5 -6 -7 -8 -9
leaf_value=0.0054112016696170372 -0.012468369764862984 -0.012165050300353352 -0.014063050329829673 -0.012301524803273206 0.027744812705886621 0.0061949586644915013 0.032404509779983076 -0.034822581336186813
leaf_weight=10.914512544870378 7.4131662100553539 41.285301432013512 18.337134540081028 10.010508522391317 18.610481202602386 24.222312614321709 11.207008868455885 10.454158782958983
leaf_count=44 30 167 75 41 75 98 45 43
internal_value=-0.00180791 -0.00609893 -0.0114104 0.00727555 0.015682 -0.00517159 0.0212611 -0.0238603
internal_weight=152.455 130.333 94.2989 36.0342 26.0236 65.5076 22.1215 28.7913
internal_count=618 529 383 146 105 265 89 118
is_linear=0
shrinkage=0.03


Tree=7
num_leaves=8
num_cat=0
split_feature=8 12 7 2 6 7 2
split_gain=16.1864 8.89236 10.9275 7.15885 6.97755 5.64246 3.50028
threshold=-0.022699149720135755 70.735628040203537 0.0075964130019188243 0.013225480617521825 -0.0082299896146542564 0.019993835057100177 -0.016124545889936445
decision_type=2 2 2 2 2 2 2
left_child=6 2 4 -3 -2 -4 -1
right_child=1 3 5 -5 -6 -7 -8
leaf_value=0.0052720051436001211 -0.018824355618723514 -0.0056898379986750711 -0.02937486604771871 0.029230019870243398 0.0021246816972301167 -0.00077407798510095228 0.031537167214899742
leaf_weight=10.919337734580042 16.221097707748413 8.0995445698499697 25.765385299921036 8.8695702552795392 61.695074856281281 9.553474694490431 11.224490001797674
leaf_count=44 66 33 105 36 250 39 45
internal_value=-0.00176089 -0.00595264 -0.00908766 0.0129291 -0.00241088 -0.0224966 0.0207164
internal_weight=152.348 130.204 113.235 16.9691 77.9162 35.3189 22.1438
internal_count=618 529 460 69 316 144 89
is_linear=0
shrinkage=0.03


Tree=8
num_leaves=8
num_cat=0
split_feature=8 12 7 14 2 7 5
split_gain=15.3741 8.43712 10.3759 8.67829 6.80218 5.35 3.79207
threshold=-0.022699149720135755 70.735628040203537 0.0075964130019188243 0.73258912109919561 0.013225480617521825 0.019993835057100177 -0.035612211496424288
decision_type=2 2 2 2 2 2 2
left_child=6 2 3 -2 -3 -4 -1
right_child=1 4 5 -5 -6 -7 -8
leaf_value=0.029699872811398669 0.003960206392845657 -0.0055562182043354521 -0.028665187123862609 -0.017184490997905484 0.028439437953070152 -0.00075494343317004855 0.0025649108372221749
leaf_weight=12.952054470777513 54.978843346238136 8.0936854183673876 25.66224779188633 22.911988705396652 8.8978024572134 9.5524505674839002 9.207718148827551
leaf_count=52 222 33 105 94 36 39 37
internal_value=-0.00170139 -0.00579326 -0.00885376 -0.00234635 0.0125764 -0.0219447 0.0201915
internal_weight=152.257 130.097 113.106 77.8908 16.9915 35.2147 22.1598
internal_count=618 529 460 316 69 144 89
is_linear=0
shrinkage=0.03


Tree=9
num_leaves=8
num_cat=0
split_feature=8 12 14 17 2 41 5
split_gain=14.5916 8.00552 7.87289 8.50076 6.46644 6.38913 3.57121
threshold=-0.022699149720135755 70.735628040203537 0.79560033524852269 0.028612667885392021 0.013225480617521825 1.0000000180025095e-35 -0.035612211496424288
decision_type=2 2 2 2 2 2 2
left_child=6 2 3 -2 -3 -4 -1
right_child=1 4 5 -5 -6 -7 -8
leaf_value=0.028895859413256075 0.0071810402322529249 -0.0054257473111682768 0.00058590047613492032 -0.011896096752986085 0.027681052371465027 -0.027759509391750033 0.0025014219315581351
leaf_weight=12.968447878956797 36.149612903594971 8.0878446400165576 8.2743247449398023 43.812083706259727 8.9217474013566953 24.71533177793026 9.2089215368032438
leaf_count=52 146 33 34 178 36 102 37
internal_value=-0.00164437 -0.00563822 -0.0086264 -0.00312379 0.0122355 -0.0205942 0.0196698
internal_weight=152.138 129.961 112.951 79.9617 17.0096 32.9897 22.1774
internal_count=618 529 460 324 69 136 89
is_linear=0
shrinkage=0.03


Tree=10
num_leaves=11
num_cat=0
split_feature=18 21 37 6 28 11 11 34 37 37
split_gain=16.888 11.4143 8.06447 8.52423 7.4684 8.13826 7.10622 9.46003 4.87756 3.1203
threshold=0.32464906204705618 0.009036913717266868 0.0016130792065699453 0.0050779412149781341 6.5000000000000009 0.0031032540340891761 0.02314584664011066 -0.0017296141054319312 0.019969696753908254 0.027168432813158842
decision_type=2 2 2 2 2 2 2 2 2 2
left_child=4 6 3 -3 5 -1 7 -2 -6 -4
right_child=1 2 9 -5 8 -7 -8 -9 -10 -11
leaf_value=-0.010601879489480907 -0.0086278566125341429 0.014848190734399531 -0.034827024674452575 -0.021365328749859205 0.037725643821165084 0.022805711865561303 -0.01816201890550944 0.02240867907634133 0.0055094761095471007 -0.013577498221868297
leaf_weight=14.641511753201486 11.850622937083243 12.530120328068735 13.626204326748846 7.7888020277023307 12.934491202235224 8.6953316479921323 7.2082580327987662 21.748637199401855 8.695773705840109 24.709379628300667
leaf_count=59 48 51 56 32 52 35 30 88 35 101
internal_value=3.41658e-05 -0.00674954 -0.0150897 0 0.0150068 0.00207142 0.00503262 0.0111709 0.0269714 -0.0228548
internal_weight=144.429 99.462 58.6545 20.3189 44.9671 23.3368 40.8075 33.5993 21.6303 38.3356
internal_count=587 406 240 83 181 94 166 136 87 157
is_linear=0
shrinkage=0.03


Tree=11
num_leaves=8
num_cat=0
split_feature=9 32 21 30 14 40 40
split_gain=14.2287 9.24238 7.27551 3.93008 4.37441 2.10988 1.25869
threshold=0.025149744789826133 0.0060195154003922511 0.0084178694956153644 1.0000000180025095e-35 -1.7739761201513458 1.0000000180025095e-35 0.0045212096463873594
decision_type=2 2 2 2 2 2 2
left_child=1 3 -2 4 -1 -3 -4
right_child=2 5 6 -5 -6 -7 -8
leaf_value=-0.0046061382487827176 0.0008335320235508337 -0.024468028394995966 -0.0085304160937031189 -0.0081120401081481146 0.013759379041117001 -0.00056410284736434463 -0.031184010405278167
leaf_weight=11.415995165705679 13.153447136282919 7.3692595362663251 7.2149043679237392 8.3917315453290922 74.480468347668648 7.4015682488679886 14.902451545000075
leaf_count=46 54 30 30 34 301 30 62
internal_value=2.47155e-05 0.00550769 -0.0159122 0.00910007 0.0110986 -0.0148801 -0.0257364
internal_weight=144.33 109.059 35.2708 94.2882 85.8965 14.7708 22.1174
internal_count=587 441 146 381 347 60 92
is_linear=0
shrinkage=0.03


Tree=12
num_leaves=10
num_cat=0
split_feature=9 12 1 2 12 1 19 34 15
split_gain=13.4566 6.75523 6.66429 6.34733 6.9261 4.10285 3.99374 1.59301 1.58414
threshold=0.025149744789826133 65.341518836089023 0.0062594288291688569 -0.0072380703237329138 43.78331117933903 -0.018737511290327077 0.05154572754523809 0.0099806677244137516 1.2285149703251317
decision_type=2 2 2 2 2 2 2 2 2
left_child=2 8 3 5 -5 -1 -4 -8 -2
right_child=1 -3 6 4 -6 -7 7 -9 -10
leaf_value=0.017190255238961196 -0.037686868546457759 0 0.0076723287437092287 0.030940204189942283 0.0062029535564846429 -0.0055191962054975171 -0.021022854936179808 -0.0015123028063577224 -0.014004816140744595
leaf_weight=7.4564681053161612 7.4183594882488277 13.914918199181555 9.1403051465749758 17.421955242753029 28.44277012348175 27.4841278642416 10.811682537198068 8.353009030222891 13.835455432534216
leaf_count=30 31 57 37 70 115 111 44 34 58
internal_value=0 -0.0155412 0.00531059 0.00971658 0.0168131 0 -0.00658383 -0.0141743 -0.0254462
internal_weight=144.279 35.1687 109.11 80.8053 45.8647 34.9406 28.305 19.1647 21.2538
internal_count=587 146 441 326 185 141 115 78 89
is_linear=0
shrinkage=0.03


Tree=13
num_leaves=12
num_cat=0
split_feature=18 21 37 6 28 14 34 15 37 6 37
split_gain=15.3916 10.4492 7.58219 7.7873 6.99728 7.287 5.93519 6.07949 4.599 3.64491 3.05819
threshold=0.32464906204705618 0.009036913717266868 0.0016130792065699453 0.0050779412149781341 6.5000000000000009 -1.6587779010804409 -0.0017296141054319312 0.71088792562858949 0.019969696753908254 0.0022135184693451112 0.027168432813158842
decision_type=2 2 2 2 2 2 2 2 2 2 2
left_child=4 6 3 -3 5 -1 9 -8 -6 -2 -4
right_child=1 2 10 -5 8 -7 7 -9 -10 -11 -12
leaf_value=-0.015369858187544983 -0.021646441789107865 0.014241291819507293 -0.033923564730029332 -0.020418874232201234 0.036243976204360498 0.015739013761787338 0.02596271485001354 -0.00099882040776190333 0.0050372220792478072 0.0042401237392075608 -0.012955652731947225
leaf_weight=9.9273844361305255 7.5794134438037855 12.55678476393223 13.512276843190191 7.7288334518671027 12.954635173082353 13.412636309862135 13.404118627309801 12.459628164768217 8.7011683434247953 7.3574014902114868 24.592450454831123
leaf_count=40 31 51 56 32 52 54 54 51 35 30 101
internal_value=0 -0.00651533 -0.0145238 0 0.0142604 0.00174655 0.00473841 0.0132965 0.0258254 -0.0090149 -0.022086
internal_weight=144.187 99.1909 58.3903 20.2856 44.9958 23.34 40.8006 25.8637 21.6558 14.9368 38.1047
internal_count=587 406 240 83 181 94 166 105 87 61 157
is_linear=0
shrinkage=0.03


Tree=14
num_leaves=12
num_cat=0
split_feature=18 16 19 3 14 37 20 8 34 12 33
split_gain=14.623 7.69968 9.39051 7.74824 5.95097 4.05754 3.96473 14.2881 2.74101 4.87429 0.140872
threshold=0.32464906204705618 1.0000000180025095e-35 0.065887972535550912 0.0093194219233947457 -2.3196447162096514 -0.0020099993361910591 0.013970051281917119 -0.018728849376700246 -0.0078933473678629001 49.312055520338795 0.20717455897811274
decision_type=2 2 2 2 2 2 2 2 2 2 2
left_child=4 8 3 -3 -1 -4 7 -6 -2 -10 -8
right_child=1 2 5 -5 6 -7 10 -9 9 -11 -12
leaf_value=-0.007042259731300275 -0.033435148248497998 0.021989443168837015 0.0049275310584524622 -0.0037883178697326681 -0.018735226558246228 -0.017776997909008205 0.034508966174794743 0.028431451878280035 0.00351561680477301 -0.02241996030954229 0.013398453002644044
leaf_weight=7.9284226298332205 7.7433307617902782 18.759841606020927 7.3506183028221121 18.575925081968307 8.4377493113279343 25.021412774920464 10.478216141462328 10.703247576951981 10.055150985717775 11.543764144182203 7.456418275833129
leaf_count=32 32 76 30 76 34 103 42 43 41 48 30
internal_value=0 -0.00636095 -0.000568068 0.0092422 0.0138927 -0.0121984 0.0188847 0.00712446 -0.01873 -0.0104356 0.0287094
internal_weight=144.054 99.05 69.7078 37.3358 45.0041 32.372 37.0756 19.141 29.3422 21.5989 17.9346
internal_count=587 406 285 152 181 133 149 77 121 89 72
is_linear=0
shrinkage=0.03


Tree=15
num_leaves=11
num_cat=0
split_feature=5 28 11 28 7 11 5 2 8 40
split_gain=16.5747 13.4346 7.98948 5.30879 7.53039 4.95869 4.58623 6.63026 4.91009 4.54256
threshold=-0.029956181051583205 7.5000000000000009 -0.0014441644711925548 8.5000000000000018 0.0027691686075299619 -0.012177076638037519 0.019598894959528271 -0.00063412181898259135 0.0089651786112812087 -0.0052914954046285869
decision_type=2 2 2 2 2 2 2 2 2 2
left_child=1 9 3 5 -5 -2 7 -4 -8 -1
right_child=2 -3 6 4 -6 -7 8 -9 -10 -11
leaf_value=-0.013548301596027835 0.00054733391529418094 0.037041751254729187 -0.0050227170615784848 0.0094142136439401662 -0.023620197380698316 0.02731713517659649 0.016140678639893682 -0.031427779133672368 -0.0087394390320537935 0.014114310167717484
leaf_weight=8.6791566312313098 14.033328384160997 16.614495441317558 22.108284384012222 11.662168800830843 9.0742368698120099 11.388206541538237 8.0317955464124697 15.290305256843565 22.103747263550758 8.6823763698339445
leaf_count=35 57 67 90 47 37 46 33 63 92 35
internal_value=0.00149618 0.0193352 -0.00394731 0.00532718 -0.00518803 0.0142043 -0.0104728 -0.0172464 -0.00104972 0
internal_weight=147.668 33.976 113.692 46.1579 20.7364 25.4215 67.5341 37.3986 30.1355 17.3615
internal_count=602 137 465 187 84 103 278 153 125 70
is_linear=0
shrinkage=0.03


Tree=16
num_leaves=9
num_cat=0
split_feature=16 11 37 21 15 1 2 37
split_gain=23.1307 12.2779 10.3855 8.84655 6.00269 5.44593 3.79543 2.98947
threshold=-0.68181796171751874 -0.0014441644711925548 0.021728360223960855 0.0080962954349128955 -1.5806109708705931 0.0033381046004469232 0.010419958702662326 -0.0091291859652340972
decision_type=2 2 2 2 2 2 2 2
left_child=-1 2 4 5 -2 -3 -4 -5
right_child=1 3 6 7 -6 -7 -8 -9
leaf_value=0.03377945819172145 -0.004322300321618287 -0.0071581153022033045 -0.017934184433685683 -0.0026757031132399007 0.020747423260756036 0.022515780108024238 0.0050789553225488327 -0.022267218307109257
leaf_weight=15.661010488867758 9.3589086979627591 10.98714590072632 14.307448685169222 11.496341735124586 33.16746261715889 7.3927098512649527 8.1290595084428769 37.072647988796234
leaf_count=63 38 45 58 47 134 30 33 154
internal_value=0.00146063 -0.00271155 0.00633966 -0.011641 0.014947 0.00507956 -0.0092491 -0.0182157
internal_weight=147.573 131.912 64.9629 66.9488 42.5264 18.3799 22.4365 48.569
internal_count=602 539 263 276 172 75 91 201
is_linear=0
shrinkage=0.03


Tree=17
num_leaves=7
num_cat=0
split_feature=16 5 28 20 34 33
split_gain=21.9232 7.75818 12.0984 6.76336 7.10988 4.86052
threshold=-0.68181796171751874 -0.029956181051583205 7.5000000000000009 0.013920313164573124 0.01422297721804733 0.65860529813028734
decision_type=2 2 2 2 2 2
left_child=-1 2 -2 4 -3 -5
right_child=1 3 -4 5 -6 -7
leaf_value=0.032893146292173533 -0.0076521286458468979 -0.007792413129513686 0.030456138450379002 -0.024279100798393936 0.012187626798721877 -0.0029732579571392975
leaf_weight=15.654477834701536 13.113419085741045 39.320611909031868 12.651856139302252 22.761731699109077 24.187431558966637 19.752452567219734
leaf_count=63 53 161 51 94 98 82
internal_value=0.00142268 -0.00263929 0.0113663 -0.00632919 0 -0.0152955
internal_weight=147.442 131.788 25.7653 106.022 63.508 42.5142
internal_count=602 539 104 435 259 176
is_linear=0
shrinkage=0.03


Tree=18
num_leaves=7
num_cat=0
split_feature=16 5 14 16 12 34
split_gain=20.7853 7.34844 7.6337 6.65742 4.42745 1.60344
threshold=-0.68181796171751874 -0.029956181051583205 -1.7390542922868517 -0.42738637676216845 71.740777555959696 -0.010616597967966821
decision_type=2 2 2 2 2 2
left_child=-1 2 -2 -3 -5 -4
right_child=1 3 5 4 -6 -7
leaf_value=0.032045359589195924 -0.008742425291219956 -0.029649661318389281 0.0083149196807120272 -0.006343715241991418 0.010363281920821544 0.032269380381708124
leaf_weight=15.639689207077025 9.1090534180402774 8.0707818716764432 8.9570756852626818 83.102399364113808 14.733644410967825 7.701039806008338
leaf_count=63 37 33 36 342 60 31
internal_value=0.00138808 -0.00256603 0.0110574 -0.00616314 -0.00352027 0.022465
internal_weight=147.314 131.674 25.7672 105.907 97.836 16.6581
internal_count=602 539 104 435 402 67
is_linear=0
shrinkage=0.03


Tree=19
num_leaves=8
num_cat=0
split_feature=16 11 37 23 15 12 23
split_gain=19.704 11.181 9.74226 8.24823 5.53109 4.29019 7.45842
threshold=-0.68181796171751874 -0.0014441644711925548 0.021728360223960855 0.97844605872133661 -1.5806109708705931 71.740777555959696 1.0235264258622181
decision_type=2 2 2 2 2 2 2
left_child=-1 2 4 -4 -2 6 -3
right_child=1 5 3 -5 -6 -7 -8
leaf_value=0.031233187348525634 -0.0040064149906731891 -0.0039894465336607629 -0.027692280649083401 0.00585282467617929 0.020035731681353215 0.0060160623459246691 -0.026350517769477465
leaf_weight=15.617315754294394 9.3439650535583478 33.697329118847847 9.573810741305353 12.829752027988432 33.188956409692764 9.0684465765953046 23.881085649132729
leaf_count=63 38 140 39 52 134 37 99
internal_value=0.00136272 -0.00248478 0.00613834 -0.00896219 0.0144744 -0.0110392 -0.0140889
internal_weight=147.201 131.583 64.9365 22.4036 42.5329 66.6469 57.5784
internal_count=602 539 263 91 172 276 239
is_linear=0
shrinkage=0.03


Tree=20
num_leaves=10
num_cat=0
split_feature=9 7 34 28 40 40 11 9 7
split_gain=13.6337 9.54388 11.6194 8.09436 12.0169 10.1598 4.21606 4.20885 1.00797
threshold=0.025149744789826133 0.0075964130019188243 0.014670077654009185 7.5000000000000009 0.055317667280566869 0.040631213741467061 0.027686910509339805 0.042764312709195916 0.011810514262347164
decision_type=2 2 2 2 2 2 2 2 2
left_child=1 3 -3 5 -5 -1 7 8 -2
right_child=6 2 -4 4 -6 -7 -8 -9 -10
leaf_value=-0.008554693895232177 -0.0046101682345991313 -0.029692892074605202 0.0088941897922237122 0.02629401362923631 -0.011041737459795798 0.020872270675715527 -0.03314745597967475 0.006814575430289729 -0.024864542389794523
leaf_weight=33.36403426527977 7.3186194896698016 12.650400415062906 11.291888266801832 32.683201044797897 8.1281073987483961 13.048214688897131 9.3350031077861768 8.2030422985553724 7.1604172438383102
leaf_count=135 31 52 46 132 33 53 40 34 30
internal_value=-0.00066832 0.00424066 -0.0116332 0.00892915 0.0183393 0 -0.0174009 -0.00815169 -0.017339
internal_weight=143.183 111.166 23.9423 87.2236 40.8113 46.4122 32.0171 22.6821 14.479
internal_count=586 451 98 353 165 188 135 95 61
is_linear=0
shrinkage=0.03


Tree=21
num_leaves=9
num_cat=0
split_feature=9 7 34 28 17 37 21 25
split_gain=13.0038 9.03032 11.0862 7.61179 17.1305 6.9351 2.70808 1.91941
threshold=0.025149744789826133 0.0075964130019188243 0.014670077654009185 7.5000000000000009 -0.027076740146784347 0.022720123845072163 0.0075134624163194124 0.38549085418225199
decision_type=2 2 2 2 2 2 2 2
left_child=1 3 -3 4 -1 -5 -2 -8
right_child=6 2 -4 5 -6 -7 7 -9
leaf_value=-0.016776591866153358 0 -0.029044399528237209 0.0086606867818438873 0.026252167321838032 0.018208227002854564 0 -0.026927159074382929 -0.0043179319973106678
leaf_weight=23.897531777620316 7.545428320765498 12.590430006384851 11.302203848958014 26.738735988736153 22.517278268933296 14.071518197655676 17.096377283334736 7.2632656991481772
leaf_count=97 31 52 46 108 91 57 73 31
internal_value=-0.000673034 0.00411444 -0.0113377 0.00867446 0 0.0178003 -0.0170482 -0.021594
internal_weight=143.023 111.118 23.8926 87.2251 46.4148 40.8103 31.9051 24.3596
internal_count=586 451 98 353 188 165 135 104
is_linear=0
shrinkage=0.03


Tree=22
num_leaves=9
num_cat=0
split_feature=9 7 28 3 40 12 32 20
split_gain=12.374 8.55362 7.19732 12.8442 11.1111 4.8981 4.01332 3.03139
threshold=0.025149744789826133 0.0075964130019188243 7.5000000000000009 -0.0050662309083959736 0.055317667280566869 73.774607871617022 0.0018645295083945526 0.016422999818830879
decision_type=2 2 2 2 2 2 2 2
left_child=1 2 3 -1 -4 7 -3 -2
right_child=5 6 4 -5 -6 -7 -8 -9
leaf_value=-0.012452839127091204 -0.030045564384795498 0.0011871470787774877 0.0249739894647741 0.018309551924787653 -0.010879722647439407 0.0011143316249315471 -0.021356453287442297 -0.0031251176581875264
leaf_weight=27.618889734148979 16.19763924181462 11.040421023964884 32.679951593279839 18.781197607517242 8.1212673783302289 8.5329979956150037 12.798320993781088 7.0537410378456107
leaf_count=112 70 45 132 76 33 35 53 30
internal_value=-0.000664519 0.00399926 0.00843749 0 0.0173121 -0.0166738 -0.0110516 -0.0233671
internal_weight=142.824 111.04 87.2013 46.4001 40.8012 31.7844 23.8387 23.2514
internal_count=586 451 353 188 165 135 98 100
is_linear=0
shrinkage=0.03


Tree=23
num_leaves=10
num_cat=0
split_feature=9 5 15 35 41 20 12 9 20
split_gain=11.7476 5.94349 8.21249 6.82315 7.29762 5.65923 4.70268 3.00149 2.89461
threshold=0.025149744789826133 -0.025899364288567813 -1.5806109708705931 0.026155196546490126 1.0000000180025095e-35 0.011386143602548058 73.774607871617022 -0.031934134188231114 0.016422999818830879
decision_type=2 2 2 2 2 2 2 2 2
left_child=1 2 -1 4 -3 -5 8 -4 -2
right_child=6 3 7 5 -6 -7 -8 -9 -10
leaf_value=-0.0082223640221625871 -0.0294581002416778 0.0058571177995464466 0.035156280236249809 0.027757068495558698 -0.020539476896890913 0.00082288267970953512 0.001087114903802577 0.010881480050799466 -0.0030538584219570236
leaf_weight=9.348122909665106 16.066908985376365 13.261010512709616 9.3782369792461378 7.4699110239744178 21.722366333007812 32.702101528644562 8.5342793911695463 17.093479946255687 7.0485307276248923
leaf_count=38 70 54 38 30 89 133 35 69 30
internal_value=-0.000659437 0.00387719 0.0136033 -0.000796402 -0.0103522 0.00726578 -0.0162972 0.0218737 -0.0228883
internal_weight=142.625 110.975 35.8198 75.1554 34.9834 40.172 31.6497 26.4717 23.1154
internal_count=586 451 145 306 143 163 135 107 100
is_linear=0
shrinkage=0.03


Tree=24
num_leaves=7
num_cat=0
split_feature=9 16 32 20 12 20
split_gain=11.1985 8.41949 6.59453 7.77402 4.51652 2.76521
threshold=0.025149744789826133 -0.68181796171751874 0.0060195154003922511 0.011386143602548058 73.774607871617022 0.016422999818830879
decision_type=2 2 2 2 2 2
left_child=1 -1 3 -3 5 -2
right_child=4 2 -4 -5 -6 -7
leaf_value=0.024703033492635584 -0.02888891466577332 0.019706135157382208 -0.018069671241183839 -0.0010947783361960487 0.0010605660265655052 -0.0029842070128643164
leaf_weight=13.058335125446318 15.933398231863981 18.847372815012932 12.613903239369391 66.378614962100983 8.5355247557163221 7.0434119850397101
leaf_count=53 70 76 52 270 35 30
internal_value=-0.000623295 0.00379882 0.000419605 0.00367966 -0.0159312 -0.0224234
internal_weight=142.411 110.898 97.8399 85.226 31.5123 22.9768
internal_count=586 451 398 346 135 100
is_linear=0
shrinkage=0.03


Tree=25
num_leaves=12
num_cat=0
split_feature=21 5 14 35 38 35 19 7 33 12 26
split_gain=9.99998 9.19646 8.88231 7.038 10.7465 6.98895 6.17536 6.78477 3.99569 3.55315 0.638687
threshold=0.009036913717266868 -0.025115285694973229 -1.6587779010804409 0.026155196546490126 0.007042224791347502 0.052076279981205349 0.047438312628642294 0.0072976870868024903 0.2924093978540549 47.255133153182392 0.15384942680606398
decision_type=2 2 2 2 2 2 2 2 2 2 2
left_child=3 2 -2 4 -1 10 -3 -8 -4 -6 -5
right_child=1 6 8 5 9 -7 7 -9 -10 -11 -12
leaf_value=0.020670267214693599 -0.012802985293648228 -0.034094071412779953 0.026761537909516537 0.011780131211052638 0 -0.0010096019452163676 0 -0.02110236468194953 0 -0.027099147151180069 0.033531312913242406
leaf_weight=9.2942494153976458 12.297342434525488 9.6266190111637098 12.34740459918976 7.6697028279304567 7.91022761166096 9.941419839859007 32.638632729649544 20.621178895235062 8.0820631384849531 9.1216508448123914 12.401026651263235
leaf_count=38 50 40 50 31 32 41 135 88 33 38 50
internal_value=-0.000973996 -0.00692125 0.00544264 0.00875339 -0.00208577 0.0182662 -0.0135562 -0.00847293 0.0172565 -0.016159 0.0277198
internal_weight=151.952 95.6132 32.7268 56.3383 26.3261 30.0121 62.8864 53.2598 20.4295 17.0319 20.0707
internal_count=626 396 133 230 108 122 263 223 83 70 81
is_linear=0
shrinkage=0.03


Tree=26
num_leaves=9
num_cat=0
split_feature=5 11 12 7 35 6 7 34
split_gain=6.72519 7.93773 6.91962 9.09534 8.18491 5.86836 3.73981 1.73264
threshold=-0.029956181051583205 -0.016611162462945136 71.740777555959696 0.0075964130019188243 0.031615162604528686 0.008499396388240028 0.017760911366665903 -0.014951503035297685
decision_type=2 2 2 2 2 2 2 2
left_child=1 -1 3 4 -2 -4 -5 -3
right_child=2 7 5 6 -6 -7 -8 -9
leaf_value=-0.0050839464112334221 -0.010327609002842075 0.0077292080007683806 -0.0051975757642358806 -0.028292822497968089 0.0094083809946374341 0.026820829267497796 -0.0039217987208156292 0.031111011168449349
leaf_weight=14.544855058193205 39.648444294929504 8.848234236240387 7.524414703249934 19.206177905201915 32.331440731883049 8.9039546847343427 10.864045873284338 9.8711112290620804
leaf_count=59 164 36 31 82 132 36 46 40
internal_value=-0.000946723 0.0104655 -0.00439588 -0.00742487 -0.00124528 0.0123695 -0.0207492 0.0225958
internal_weight=151.743 33.2642 118.478 102.05 71.9799 16.4284 30.0702 18.7193
internal_count=626 135 491 424 296 67 128 76
is_linear=0
shrinkage=0.03


Tree=27
num_leaves=11
num_cat=0
split_feature=18 6 6 12 18 23 34 10 3 7
split_gain=5.79561 12.8449 9.21181 8.08805 5.59155 5.39878 7.69359 4.40313 4.19888 2.01695
threshold=0.40640425404794628 -0.0099548293510110641 0.002424331802160094 71.740777555959696 0.9307254742432407 1.0544687169994007 0.01422297721804733 -0.0039525778973142902 -0.032379537193492285 0.0039237258651273
decision_type=2 2 2 2 2 2 2 2 2 2
left_child=1 8 7 5 -5 6 -2 -3 -1 -7
right_child=3 2 -4 4 -6 9 -8 -9 -10 -11
leaf_value=0.0015589636239234776 -0.013435438350856086 0.028539092256536329 -0.0079854423024775887 -0.0050811989142573498 0.026139581123770642 -0.0058596127343839618 0.0087141004931080915 0.00043504108853908573 -0.025092374240864013 -0.028564787488924295
leaf_weight=7.3798372596502331 31.158428981900215 24.478523373603817 9.8460653722286207 7.5215077847242382 8.9157153666019422 8.5791384875774401 22.028811514377594 7.6254896372556713 10.0311431735754 13.99046830832958
leaf_count=30 131 99 40 31 36 36 91 31 41 60
internal_value=-0.000911162 0.00616021 0.0151368 -0.00565759 0.0120382 -0.0099009 -0.00400652 0.0227205 -0.0140264 -0.0217242
internal_weight=151.555 59.3611 41.9501 92.1941 16.4372 75.7568 53.1872 32.104 17.411 22.5696
internal_count=626 241 170 385 67 318 222 130 71 96
is_linear=0
shrinkage=0.03


Tree=28
num_leaves=9
num_cat=0
split_feature=17 7 12 9 1 11 38 13
split_gain=6.36509 12.6006 9.77352 8.69571 3.3211 4.73416 1.54175 0.172186
threshold=-0.068628489164233253 -0.007537489078687727 71.740777555959696 0.026207791643142582 -0.021734658600829956 -0.0090393870219837007 0.0068199048966485227 -0.79374511978523177
decision_type=2 2 2 2 2 2 2 2
left_child=4 7 3 -3 -1 -6 -7 -2
right_child=1 2 -4 -5 5 6 -8 -9
leaf_value=0.0048674246714165582 0.032490415016849412 -0.00017390032032410933 0.021681537411359642 -0.024372867985698165 0.0037212422512010422 -0.0036626053743695633 -0.024092380619438823 0.01243238684481259
leaf_weight=7.9975719898939124 8.1206462830305117 64.278655961155891 11.864452019333838 15.326624810695646 8.1256536543369275 7.0333111882209804 20.480773374438286 8.1138443499803525
leaf_count=33 33 263 48 68 33 30 85 33
internal_value=-0.000893547 0.00292915 -0.0014253 -0.00549996 -0.0103722 -0.0142674 -0.0199803 0.0257514
internal_weight=151.342 107.704 91.4697 79.6053 43.6373 35.6397 27.5141 16.2345
internal_count=626 445 379 331 181 148 115 66
is_linear=0
shrinkage=0.03


Tree=29
num_leaves=10
num_cat=0
split_feature=21 16 38 34 4 7 9 35 0
split_gain=9.36789 9.66054 8.31425 6.76613 8.61162 6.25033 3.84081 2.29957 1.96088
threshold=0.009036913717266868 -0.81680854405025771 0.014294866342531709 0.0093242001049839169 0.0068864858195381027 0.0079058998948746319 0.026698149765312634 0.027840685008895142 0.0018868101410572937
decision_type=2 2 2 2 2 2 2 2 2
left_child=3 -2 5 4 7 -3 8 -1 -5
right_child=1 2 -4 6 -6 -7 -8 -9 -10
leaf_value=0 0.021064261813351491 -0.0071039896503451829 0.015534668016949197 0.035813702113307373 -0.022035862147682089 -0.026763678359439033 0.002214161304246229 0.020994843069852095 0.0091690894529446523
leaf_weight=10.725314810872083 8.0372231155633909 58.197101205587387 8.2551950067281705 9.3961035162210518 9.8855197727680189 20.492241397500038 10.901186063885687 7.3344339877367011 7.9082396924495688
leaf_count=44 33 240 34 38 41 89 45 30 32
internal_value=-0.000853516 -0.00663916 -0.00978479 0.00856697 -0.00148189 -0.0129461 0.0184586 0.0100964 0.0266254
internal_weight=151.133 94.9818 86.9445 56.1508 27.9453 78.6893 28.2055 18.0597 17.3043
internal_count=626 396 363 230 115 329 115 74 70
is_linear=0
shrinkage=0.03


Tree=30
num_leaves=9
num_cat=0
split_feature=16 21 6 6 40 38 11 36
split_gain=11.6615 12.3494 9.01246 6.90465 4.04727 3.87918 1.68311 1.46374
threshold=-0.68181796171751874 0.0082067895317544971 -0.00025994331271369229 -0.0076829415707884109 0.0039381340697518539 0.0081154101840768007 0.012111382260421523 0.0060349393816393213
decision_type=2 2 2 2 2 2 2 2
left_child=7 4 3 -3 -2 -4 -6 -1
right_child=1 2 5 -5 6 -7 -8 -9
leaf_value=0.033893811692748431 0 -0.0095105764034013225 -0.028935688541258348 0.013559731405103729 0.028791495430423759 -0.0087454948272058936 0.0055998291786258179 0.0085772977412357163
leaf_weight=8.1038502603769285 12.005470842123033 18.82689505815506 12.865866854786871 23.852352678775787 12.356253996491434 36.516804620623589 7.2274449765682212 7.3371790945529929
leaf_count=33 49 78 56 98 50 153 30 30
internal_value=0.00208405 -0.00102269 -0.00669269 0.00307694 0.0144697 -0.0152192 0.0222395 0.0250872
internal_weight=139.092 123.651 92.0619 42.6792 31.5892 49.3827 19.5837 15.441
internal_count=577 514 385 176 129 209 80 63
is_linear=0
shrinkage=0.03


Tree=31
num_leaves=9
num_cat=0
split_feature=8 21 2 6 34 11 34 2
split_gain=8.99908 11.2971 6.9756 7.92081 6.90069 5.13831 3.29862 2.77134
threshold=-0.022699149720135755 0.0082067895317544971 -0.0012828545770956488 -0.0076829415707884109 -0.0078933473678629001 0.014001235927042168 0.023515593029373009 -0.021269556924162655
decision_type=2 2 2 2 2 2 2 2
left_child=7 4 3 -3 -2 -6 -4 -1
right_child=1 2 6 -5 5 -7 -8 -9
leaf_value=0.0035758578221898162 -0.0064473152714575694 -0.014191411231917948 -0.0071398247649160649 0.013132957300933164 0.031619809651156718 0 -0.024590757504048644 0.028160109029221114
leaf_weight=9.0850927680730837 8.7346431016922015 12.96626330912113 34.408075124025345 23.658692926168442 14.638716563582422 7.2454888820648184 16.452884465456009 11.725162237882612
leaf_count=37 36 54 146 98 59 30 69 48
internal_value=0.00204665 -0.00114681 -0.00675118 0.00283708 0.0138386 0.0224252 -0.0137856 0.0193396
internal_weight=138.915 118.105 87.4859 36.625 30.6188 21.8842 50.861 20.8103
internal_count=577 492 367 152 125 89 215 85
is_linear=0
shrinkage=0.03


Tree=32
num_leaves=8
num_cat=0
split_feature=16 21 6 14 34 11 23
split_gain=10.9153 11.2009 8.23924 7.32724 6.36054 4.96446 4.9413
threshold=-0.68181796171751874 0.0082067895317544971 -0.00025994331271369229 0.035682548158732182 -0.0078933473678629001 0.014001235927042168 0.78216796930703369
decision_type=2 2 2 2 2 2 2
left_child=-1 4 3 -3 -2 -6 -4
right_child=1 2 6 -5 5 -7 -8
leaf_value=0.024297708769064376 -0.0049409646968512008 0.013435020449820935 0.0055686789789666739 -0.010422450874811817 0.03104411518302461 0 -0.018529550683492681
leaf_weight=15.375099480152128 9.4673949331045169 24.44021800160408 7.2377960979938498 18.225791856646538 14.862111747264864 7.2454888820648184 41.893895000219345
leaf_count=63 39 99 30 77 60 30 179
internal_value=0.00199655 -0.00100632 -0.00642307 0.00289756 0.0137395 0.0221077 -0.0146072
internal_weight=138.748 123.373 91.7977 42.666 31.575 22.1076 49.1317
internal_count=577 514 385 176 129 90 209
is_linear=0
shrinkage=0.03


Tree=33
num_leaves=8
num_cat=0
split_feature=16 21 2 6 5 40 11
split_gain=10.3615 10.6003 9.60925 6.58473 5.09576 3.72544 1.38179
threshold=-0.68181796171751874 0.0082067895317544971 -0.0012828545770956488 -0.0076829415707884109 -0.034111108692842777 0.0039381340697518539 0.012111382260421523
decision_type=2 2 2 2 2 2 2
left_child=-1 5 3 -3 -4 -2 -7
right_child=1 2 4 -5 -6 6 -8
leaf_value=0.02371938366860122 0 -0.0088687464144232599 0.0039581309555118561 0.013523563912455626 -0.019619919564800192 0.026859840510882377 0.0053388820218409653
leaf_weight=15.326967954635618 11.988730981945993 18.56387922167778 8.2839434891939145 24.881982162594795 39.868989199399948 12.330696702003481 7.2311426103115073
leaf_count=63 49 77 34 103 171 50 30
internal_value=0.0019595 -0.000964626 -0.00624577 0.00365631 -0.0152685 0.013379 0.0208333
internal_weight=138.476 123.149 91.5988 43.4459 48.1529 31.5506 19.5618
internal_count=577 514 385 180 205 129 80
is_linear=0
shrinkage=0.03


Tree=34
num_leaves=10
num_cat=0
split_feature=7 21 38 28 17 35 17 21 33
split_gain=8.69783 9.31774 7.15363 5.45918 4.91149 4.53568 4.51076 3.69041 2.44606
threshold=-0.0027098368408452382 0.0082067895317544971 0.0080681754353311725 8.5000000000000018 -0.068628489164233253 0.028409734978965377 0.05418685348534192 0.012039016834595679 0.19310460422088452
decision_type=2 2 2 2 2 2 2 2 2
left_child=4 5 -3 -4 7 -2 -6 8 -1
right_child=1 2 3 -5 6 -7 -8 -9 -10
leaf_value=-0.015610053924934577 -0.0012491113176035969 -0.028654060659941281 0.0050564367955577994 -0.015284754354213583 0.027004227785008439 0.023418661158340456 0.00030136480718274587 0.015236175138900089 0.0027905211549107073
leaf_weight=9.0728376507759148 11.479639112949373 13.506185457110403 23.640691012144089 19.377460613846779 18.790418565273288 10.784302085638044 9.4985120147466642 10.013514459133146 12.091864332556723
leaf_count=37 47 60 99 82 77 44 39 41 51
internal_value=0.00192898 -0.00444198 -0.0109598 -0.00404501 0.0104838 0.0110268 0.0191454 0.00149243 -0.00511658
internal_weight=138.255 78.7883 56.5243 43.0182 59.4671 22.2639 28.2889 31.1782 21.1647
internal_count=577 332 241 181 245 91 116 129 88
is_linear=0
shrinkage=0.03


Tree=35
num_leaves=6
num_cat=0
split_feature=16 5 28 10 40
split_gain=7.73705 4.06231 8.31639 7.85214 4.65896
threshold=-0.68181796171751874 -0.035612211496424288 7.5000000000000009 -0.015394782580952558 0.04721672586585391
decision_type=2 2 2 2 2
left_child=-1 2 -2 -3 -5
right_child=1 3 -4 4 -6
leaf_value=0.016352152913721801 -0.0116900762897516 -0.033420260067251815 0.022123157662991947 -0.00080924845727265739 -0.015618505446797817
leaf_weight=14.261064156889914 10.56350113451481 8.1661062240600568 11.273180499672888 72.188979953527451 25.408603861927986
leaf_count=59 43 34 46 302 108
internal_value=-0.00299033 -0.00548684 0.0055283 -0.00796068 -0.00505152
internal_weight=141.861 127.6 21.8367 105.764 97.5976
internal_count=592 533 89 444 410
is_linear=0
shrinkage=0.03


Tree=36
num_leaves=9
num_cat=0
split_feature=21 16 22 26 20 12 10 22
split_gain=7.47345 9.65599 4.21714 3.5581 3.52322 6.89178 3.30291 2.86877
threshold=0.0082067895317544971 -0.67231667092630321 -0.18722250392107534 0.023823462289785644 0.011339508827631415 55.395714299639245 0.0059060503025644149 -0.25214353514237847
decision_type=2 2 2 2 2 2 2 2
left_child=4 -2 7 -4 5 -1 -6 -3
right_child=1 2 3 -5 6 -7 -8 -9
leaf_value=0.017964417922959358 0.014360518997336404 -0.0064587394294282957 0 -0.017144107488710487 0.0023944728704037954 -0.016600756558499331 0.029688169061349592 0.014003739876735281
leaf_weight=7.3879650086164501 14.220944106578825 16.332446649670604 11.830662548542021 57.603752836585045 9.4777995795011538 9.5246497839689237 8.0383052527904493 7.2662139832973471
leaf_count=30 59 69 49 244 39 39 33 30
internal_value=-0.00291718 -0.00688288 -0.0105218 -0.0141568 0.00872481 -0.000405474 0.0174472 0
internal_weight=141.683 107.254 93.0331 69.4344 34.4287 16.9126 17.5161 23.5987
internal_count=592 451 392 293 141 69 72 99
is_linear=0
shrinkage=0.03


Tree=37
num_leaves=9
num_cat=0
split_feature=21 16 36 35 20 12 18 18
split_gain=7.09626 9.15141 5.27478 3.98459 3.35384 6.56642 1.86889 1.41249
threshold=0.0082067895317544971 -0.67231667092630321 0.0081816851456304966 -0.033111463885304497 0.011339508827631415 55.395714299639245 0.54261020938988502 0.55801188175672645
decision_type=2 2 2 2 2 2 2 2
left_child=4 -2 3 -3 5 -1 -6 -4
right_child=1 2 7 -5 6 -7 -8 -9
leaf_value=0.017539534351021558 0.014008655658452393 -0.031351584882624899 0.013084390025186526 -0.0099781590192996265 0.0036247298447655762 -0.016208335124044782 0.025862787681989203 -0.0028284100107947578
leaf_weight=7.3883652836084392 14.191480427980421 8.8950246125459653 7.5379636287689191 69.471963778138161 8.7526424974203128 9.5112197399139387 8.775385305285452 6.9441273510456085
leaf_count=30 59 37 31 294 36 39 36 30
internal_value=-0.00280666 -0.0066802 -0.0102292 -0.0133106 0.00853053 -0.000365625 0.0170348 0.00512682
internal_weight=141.468 107.041 92.8491 78.367 34.4276 16.8996 17.528 14.4821
internal_count=592 451 392 331 141 69 72 61
is_linear=0
shrinkage=0.03


Tree=38
num_leaves=7
num_cat=0
split_feature=16 20 19 36 36 27
split_gain=6.67356 3.2338 7.71409 6.49856 5.98876 5.37833
threshold=-0.68181796171751874 0.012782856157651108 0.065573822298019294 0.0081816851456304966 0.005675065902724148 1.5000000000000002
decision_type=2 2 2 2 2 2
left_child=-1 2 5 4 -3 -2
right_child=1 3 -4 -5 -6 -7
leaf_value=0.01528762205443848 0.021563679219494793 -0.0014908788891690669 -0.019186088401228756 0.0083948886327206776 -0.02051077969094308 -0.00050455567315671034
leaf_weight=14.167651146650313 13.189792245626448 27.776294827461243 10.876568436622618 13.787754535675047 36.571489170193672 24.90261098742485
leaf_count=59 54 118 45 58 156 102
internal_value=-0.00271441 -0.00504293 0.00072442 -0.00877248 -0.0128192 0.00745712
internal_weight=141.272 127.105 48.969 78.1355 64.3478 38.0924
internal_count=592 533 201 332 274 156
is_linear=0
shrinkage=0.03


Tree=39
num_leaves=11
num_cat=0
split_feature=21 5 15 3 19 28 20 12 26 18
split_gain=6.62715 10.0285 7.62245 4.75292 6.10911 4.15887 3.21709 6.17627 2.9554 1.78847
threshold=0.0082067895317544971 -0.035612211496424288 -1.753788477176413 -0.010298401290885826 0.07962653362449755 6.5000000000000009 0.011339508827631415 55.395714299639245 0.28939300282590247 0.54261020938988502
decision_type=2 2 2 2 2 2 2 2 2 2
left_child=6 2 -2 4 -3 -5 7 -1 -4 -8
right_child=1 3 8 5 -6 -7 9 -9 -10 -11
leaf_value=0.016951040310098732 -0.011375890954634383 -0.0099989551879067756 0.030931838980566301 -0.0038877630479551336 0.019947278089079649 -0.021938999121890006 0.0034929262729564065 -0.015786361094461802 0.0032448492764954569 0.025274796162465009
leaf_weight=7.386149317026141 8.2646151334047335 16.614968881011013 8.9372183382511157 20.901720553636551 7.140858367085456 36.988060265779495 8.7538924813270587 9.4944072961807233 7.824527218937873 8.7811230570077878
leaf_count=30 34 69 37 91 30 158 36 39 32 36
internal_value=-0.00263523 -0.0063933 0.00937671 -0.0115151 0 -0.0160194 0.00831247 -0.000389282 0.0205305 0.0166395
internal_weight=141.088 106.672 25.0264 81.6456 23.7558 57.8898 34.4156 16.8806 16.7617 17.535
internal_count=592 451 103 348 99 249 141 69 69 72
is_linear=0
shrinkage=0.03


Tree=40
num_leaves=11
num_cat=0
split_feature=7 13 6 33 16 36 24 36 31 34
split_gain=8.43434 7.54134 9.93241 5.62429 5.49942 7.42147 4.13142 3.9728 3.57977 2.41791
threshold=0.0059239357739667769 2.2805683321104202 -0.0086566485934892207 0.53813841437009013 0.34074975391474827 0.0072115767005135499 0.052781187470578292 0.0070260705870346567 1.5000000000000002 0.0085086567538424935
decision_type=2 2 2 2 2 2 2 2 2 2
left_child=1 2 7 -4 8 6 -6 -1 -2 -3
right_child=4 9 3 -5 5 -7 -8 -9 -10 -11
leaf_value=-0.012982362102877638 -0.02737993804290979 -0.015434057904958602 0.02689762722026192 0.0022502768672924512 -0.0041753561341425485 -0.019254507558329755 0.021506539183616145 0.0099871813992252756 0 0.0030590950910376787
leaf_weight=13.874616086483003 13.133027464151384 12.185974270105364 31.231923654675484 13.497625604271887 7.3259219378233018 8.838175952434538 11.45098641514778 9.3937159627675992 7.0479679405689231 8.5004444271326047
leaf_count=58 58 51 128 57 31 38 48 39 31 35
internal_value=0.00181833 0.00732883 0.0121637 0.0201957 -0.00798871 0.000393765 0.0113272 -0.00305912 -0.0191365 -0.00757393
internal_weight=136.48 88.6843 67.9979 44.7295 47.7961 27.6151 18.7769 23.2683 20.181 20.6864
internal_count=574 368 282 185 206 117 79 97 89 86
is_linear=0
shrinkage=0.03


Tree=41
num_leaves=11
num_cat=0
split_feature=7 13 6 5 3 16 10 20 5 6
split_gain=8.01713 7.13689 9.39074 6.20568 5.73165 3.72784 8.36166 3.67987 2.66032 0.707254
threshold=0.0059239357739667769 2.2805683321104202 -0.0086566485934892207 0.0054840417424710805 0.030147232187089371 0.34074975391474827 0.022893447704525952 0.015502650127270494 -0.023530926277409766 0.0091867565087684049
decision_type=2 2 2 2 2 2 2 2 2 2
left_child=1 2 7 -4 5 9 -7 -1 -3 -2
right_child=4 8 3 -5 -6 6 -8 -9 -10 -11
leaf_value=-0.013370948791837674 -0.028706659620249968 0.0040250195090042696 0.026842512883930931 0.0015215779033534954 0.0083448692521888961 0.013967972424833082 -0.023137733836341962 0.0084935208212945298 -0.015489514888416905 -0.0082960193925136014
leaf_weight=12.690967455506327 10.675684705376627 8.2555162906646746 30.720642820000648 13.987546995282171 12.077130153775213 9.813489109277727 8.000610947608946 10.564744248986242 12.412735059857367 7.1197854876518241
leaf_count=53 47 34 126 59 52 41 34 44 52 32
internal_value=0.00175324 0.00712716 0.0118335 0.019646 -0.00781786 -0.0138506 -0.00259315 -0.00295827 -0.0073657 -0.0229615
internal_weight=136.319 88.6322 67.9639 44.7082 47.6867 35.6096 17.8141 23.2557 20.6683 17.7955
internal_count=574 368 282 185 206 154 75 97 86 79
is_linear=0
shrinkage=0.03


Tree=42
num_leaves=10
num_cat=0
split_feature=7 13 2 3 38 16 10 36 5
split_gain=7.61679 6.75357 6.66892 5.47688 4.76302 3.57226 7.98241 3.3365 2.53843
threshold=0.0059239357739667769 2.2805683321104202 -0.0094520367552184941 0.030147232187089371 0.010984740229491788 0.34074975391474827 0.022893447704525952 0.0076234703947987209 -0.023530926277409766
decision_type=2 2 2 2 2 2 2 2 2
left_child=1 2 7 5 -4 -2 -7 -1 -3
right_child=3 8 4 -5 -6 6 -8 -9 -10
leaf_value=-0.004432558345860549 -0.022514287488568378 0.0039278929623614975 0.025586082897072777 0.0081184650431941098 0 0.013601830564486625 -0.02267774981697257 0.016026303490962474 -0.015120747675624113
leaf_weight=23.940640151500705 17.703160241246223 8.2553223222494143 27.84066204726696 12.096982151269911 8.3405290395021421 9.8289219886064547 7.9592007100582114 7.7907123714685431 12.383221954107283
leaf_count=100 79 34 115 52 35 41 34 32 52
internal_value=0.00169126 0.00693248 0.0115136 -0.00764524 0.0199842 -0.0135648 -0.00252461 0.000798234 -0.00716492
internal_weight=136.139 88.5511 67.9125 47.5883 36.1812 35.4913 17.7881 31.7314 20.6385
internal_count=574 368 282 206 150 154 75 132 86
is_linear=0
shrinkage=0.03


Tree=43
num_leaves=9
num_cat=0
split_feature=5 13 24 34 10 38 15 20
split_gain=7.36765 9.89332 4.96768 4.69511 6.4121 5.85478 4.69486 2.63819
threshold=-0.024391020118699754 5.5284679744949203 0.60922959392571607 -0.0076138816404777146 0.00092474765653771673 0.01083547765593572 -1.8978383229660878 0.014224334118295903
decision_type=2 2 2 2 2 2 2 2
left_child=6 3 -3 4 -2 -5 -1 -8
right_child=1 2 -4 5 -6 -7 7 -9
leaf_value=-0.0061155153694019086 0.0063496910394954375 -0.034587143801632213 -0.0021495127064031986 0.011768148191457219 -0.022814969527405658 -0.0095307174397492832 0.0056650883431757912 0.026040192137437246
leaf_weight=7.2821015715599051 10.850807756185533 9.413766562938692 8.9129153788089734 45.051606401801109 11.809361740946768 12.994962289929388 13.832335457205774 15.843698382377623
leaf_count=30 45 41 38 189 52 56 57 66
internal_value=0.00164277 -0.00253274 -0.0213132 0.00196279 -0.00885888 0.00659151 0.0127722 0.017974
internal_weight=135.992 99.0334 18.3267 80.7067 22.6602 58.0466 36.9581 29.676
internal_count=574 421 79 342 97 245 153 123
is_linear=0
shrinkage=0.03


Tree=44
num_leaves=10
num_cat=0
split_feature=5 7 2 6 24 23 2 16 23
split_gain=7.0375 4.69334 5.32544 4.9959 4.87913 4.25811 4.15925 4.14451 1.0911
threshold=-0.034111108692842777 0.0059239357739667769 0.011220813599698178 -0.0082299896146542564 -0.14119678211018719 1.0110095595109119 -0.0096719545649028831 0.41774176628078141 0.94169909532176255
decision_type=2 2 2 2 2 2 2 2 2
left_child=6 3 8 5 -5 -2 -1 -4 -3
right_child=1 2 7 4 -6 -7 -8 -9 -10
leaf_value=0.00017554179999452636 0.0045368618091621658 -0.0055588917311003329 -0.011550756738068673 0.017930009313698102 -0.00015576260467840689 -0.022358129395918462 0.02496440075145228 0.012435302442389976 -0.023931117952957468
leaf_weight=11.808462455868723 7.83055151998997 8.4199065715074557 9.8451330810785311 22.272000953555107 26.384802401065826 8.8413678705692273 14.203427299857138 12.042197138071058 14.187644600868223
leaf_count=49 33 36 45 92 110 37 59 51 62
internal_value=0.00157726 -0.0016949 -0.0090873 0.00323759 0.0082077 -0.00978972 0.0150626 0.000954427 -0.0187061
internal_weight=135.835 109.824 44.4949 65.3287 48.6568 16.6719 26.0119 21.8873 22.6076
internal_count=574 466 194 272 202 70 108 96 98
is_linear=0
shrinkage=0.03


Tree=45
num_leaves=11
num_cat=0
split_feature=11 21 7 21 16 18 5 18 40 23
split_gain=7.27772 5.54712 7.24553 6.70541 6.08472 5.24513 3.30973 1.24864 0.925779 0.919168
threshold=0.023792483114348676 0.0082929931830771231 -0.007537489078687727 0.011818193410817669 -0.0081882994073501619 0.40640425404794628 0.0069091744353471105 0.41455661759113754 0.020781569388482305 0.91696407629158505
decision_type=2 2 2 2 2 2 2 2 2 2
left_child=1 6 3 -3 -4 -2 7 -1 -8 -7
right_child=5 2 4 -5 -6 9 8 -9 -10 -11
leaf_value=0.0097737427759015671 0.0017881858851540957 -0.0012481866823382871 -0.018482664565081828 0.025969493103125921 0.00034244576269637771 -0.0072076006114912732 0.029770604104442898 -0.0054303187802323535 0.0086728578031173304 -0.02924632245474322
leaf_weight=7.3156411349773425 10.522666558623316 15.74059519171715 21.805254176259041 12.674512103199957 39.601026996970177 6.4259263575077084 8.3488506376743334 7.2778844684362411 8.3396520018577558 10.165473327040671
leaf_count=30 44 65 91 53 169 30 34 30 34 47
internal_value=0 0.00314078 -0.000564056 0.0113084 -0.00647788 -0.0135376 0.0136239 0.0015468 0.0220866 -0.0232111
internal_weight=148.217 121.103 89.8214 28.4151 61.4063 27.1141 31.282 14.5935 16.6885 16.5914
internal_count=627 506 378 118 260 121 128 60 68 77
is_linear=0
shrinkage=0.03


Tree=46
num_leaves=9
num_cat=0
split_feature=9 12 2 34 20 36 34 40
split_gain=6.72749 8.34656 6.43299 3.28385 5.31303 3.49704 5.0853 2.22665
threshold=0.022763137031807108 65.594920689014785 0.011777319043546843 0.031231176503199291 0.013753675888699952 0.0043345422201390886 0.023515593029373009 0.00059720521097250689
decision_type=2 2 2 2 2 2 2 2
left_child=3 7 -3 5 -5 -1 -7 -2
right_child=1 2 -4 4 -6 6 -8 -9
leaf_value=0.020609413139779327 -0.0023618365657987164 -0.011130541805694142 0.024129496664068956 0.0058151100146993338 -0.024205962690134898 0.00056800270157837977 0.024403523079151064 -0.025642875740211121
leaf_weight=11.444228276610373 6.9020428806543377 7.0277563035488111 7.2446865737438202 9.8319349288940447 7.2163635790348044 72.980224996805191 7.2957437336444846 18.074616923928261
leaf_count=47 31 30 30 40 30 304 30 85
internal_value=0 -0.0103811 0.00661153 0.00381181 -0.0073123 0.00615145 0.00345712 -0.0204175
internal_weight=148.018 39.2491 14.2724 108.768 17.0483 91.7202 80.276 24.9767
internal_count=627 176 60 451 70 381 334 116
is_linear=0
shrinkage=0.03


Tree=47
num_leaves=10
num_cat=0
split_feature=5 21 11 14 38 16 16 8 35
split_gain=6.78342 10.28 9.9148 6.06835 4.08155 4.06987 6.12316 3.62183 2.74667
threshold=-0.029956181051583205 0.0082067895317544971 0.017643256381085218 -1.5205623462844071 0.0087014458550849043 -0.68181796171751874 1.0000000180025095e-35 -0.027739270478035646 -0.044006006125471057
decision_type=2 2 2 2 2 2 2 2 2
left_child=3 2 8 7 -5 -3 -7 -1 -2
right_child=1 5 -4 4 -6 6 -8 -9 -10
leaf_value=0.010078437272615615 0.0022422618102348334 0.0086724552343413457 -0.013686035029309219 0.0016754370195925122 0.032072112136639769 -0.020992804331426723 -0.0030904615968020978 -0.015884668586127731 0.026474975258152882
leaf_weight=7.7157049477100372 7.8721478879451778 7.717889040708541 9.2041262686252576 7.5689441114664104 11.294539883732794 32.743282690644264 40.299857452511787 7.2863094508647901 16.110831573605537
leaf_count=32 32 32 39 31 47 142 176 30 66
internal_value=0 -0.00355786 0.00989794 0.011371 0.0219242 -0.00937406 -0.0116611 -0.00203451 0.019883
internal_weight=147.814 113.948 33.1871 33.8655 18.8635 80.761 73.0431 15.002 23.983
internal_count=627 487 137 140 78 350 318 62 98
is_linear=0
shrinkage=0.03


Tree=48
num_leaves=9
num_cat=0
split_feature=11 25 21 3 18 22 2 11
split_gain=6.52734 5.32392 5.01949 7.64848 4.76824 4.37475 4.06775 0.533282
threshold=0.023792483114348676 0.046536139193056644 0.00850306224932291 -0.0069439147107642199 0.40640425404794628 -0.13736739592955324 -0.0048265772860163749 0.029870436616282751
decision_type=2 2 2 2 2 2 2 2
left_child=1 5 6 -4 -2 -1 -3 -6
right_child=4 2 3 -5 7 -7 -8 -9
leaf_value=0.0048928894520110285 0.0016728212122717686 -0.0015133525442072872 0.012933434044095853 -0.0067464514516424609 -0.010072432240354817 -0.020411058048960335 0.021480697258480314 -0.029779808506220407
leaf_weight=8.3192107081413287 10.469460129737856 7.5695955902338055 27.880436614155769 41.349581003189087 8.7879897505044955 12.286253228783606 23.364067897200584 7.4854224473237982
leaf_count=35 44 31 116 176 41 52 96 36
internal_value=0 0.00299953 0.00596451 0.00110909 -0.0128824 -0.0100023 0.0156483 -0.0222255
internal_weight=147.512 120.769 100.164 69.23 26.7429 20.6055 30.9337 16.2734
internal_count=627 506 419 292 121 87 127 77
is_linear=0
shrinkage=0.03


Tree=49
num_leaves=8
num_cat=0
split_feature=11 36 38 36 28 7 11
split_gain=6.22937 5.95547 4.25154 4.23187 8.43689 6.76998 1.76927
threshold=0.023792483114348676 0.005142851287573272 0.0066337295957452358 0.007438277372536343 7.5000000000000009 -0.0098885739353439459 0.026710497690838778
decision_type=2 2 2 2 2 2 2
left_child=2 -2 -1 4 -4 -5 -3
right_child=1 6 3 5 -6 -7 -8
leaf_value=0.018927474699040374 0.0029889275857112882 -0.0060452795438223714 -0.0040238952631980792 0.012932440404092924 0.015320104664696873 -0.015680320401620415 -0.031847371949466109
leaf_weight=11.388226747512816 11.029249593615534 6.6670344322919837 41.833920389413834 8.0879788398742658 34.888431444764137 24.481733500957489 8.9287049025297147
leaf_count=47 49 30 175 34 147 103 42
internal_value=0 -0.0126289 0.00291308 0.000799443 0.00474772 -0.00780394 -0.0236106
internal_weight=147.305 26.625 120.68 109.292 76.7224 32.5697 15.5957
internal_count=627 121 506 459 322 137 72
is_linear=0
shrinkage=0.03


end of trees

feature_importances:
macd_hist=26
volatility=26
div_ma_10=23
ma_20_60_cross=23
return_20d=21
rsi=19
macro_usdjpy_ret_20=19
div_ma_5=18
return_3d=17
div_ma_60=16
atr_pct=16
bb_pct_b=12
month=12
macd_hist_change=11
macro_usdjpy_vol_20=11
macro_topix_ret_20=11
macro_nikkei_ret_20=11
macd_signal=10
macro_usdjpy_ret_60=10
macro_topix_vol_20=10
macd=9
return_5d=8
div_ma_20=8
vol_ratio=8
ma_5_20_cross=7
rsi_change=7
price_position_20d=6
return_2d=5
bb_bandwidth=5
lower_shadow_pct=5
gap=5
return_1d=3
vol_change=3
candle_body_pct=3
upper_shadow_pct=2
macro_nikkei_above_200dma=2
return_10d=1
day_of_week=1
is_month_start=1
streak=1

parameters:
[boosting: gbdt]
[objective: binary]
[metric: binary_logloss]
[tree_learner: serial]
[device_type: cpu]
[data_sample_strategy: bagging]
[data: ]
[valid: ]
[num_iterations: 50]
[learning_rate: 0.03]
[num_leaves: 15]
[num_threads: 0]
[seed: 43]
[deterministic: 0]
[force_col_wise: 0]
[force_row_wise: 0]
[histogram_pool_size: -1]
[max_depth: 4]
[min_data_in_leaf: 30]
[min_sum_hessian_in_leaf: 0.001]
[bagging_fraction: 0.7]
[pos_bagging_fraction: 1]
[neg_bagging_fraction: 1]
[bagging_freq: 5]
[bagging_seed: 11149]
[bagging_by_query: 0]
[feature_fraction: 0.6]
[feature_fraction_bynode: 1]
[feature_fraction_seed: 21351]
[extra_trees: 0]
[extra_seed: 16806]
[early_stopping_round: 0]
[early_stopping_min_delta: 0]
[first_metric_only: 0]
[max_delta_step: 0]
[lambda_l1: 0.5]
[lambda_l2: 2]
[linear_lambda: 0]
[min_gain_to_split: 0]
[drop_rate: 0.1]
[max_drop: 50]
[skip_drop: 0.5]
[xgboost_dart_mode: 0]
[uniform_drop: 0]
[drop_seed: 2965]
[top_rate: 0.2]
[other_rate: 0.1]
[min_data_per_group: 100]
[max_cat_threshold: 32]
[cat_l2: 10]
[cat_smooth: 10]
[max_cat_to_onehot: 4]
[top_k: 20]
[monotone_constraints: ]
[monotone_constraints_method: basic]
[monotone_penalty: 0]
[feature_contri: ]
[forcedsplits_filename: ]
[refit_decay_rate: 0.9]
[cegb_tradeoff: 1]
[cegb_penalty_split: 0]
[cegb_penalty_feature_lazy: ]
[cegb_penalty_feature_coupled: ]
[path_smooth: 0]
[interaction_constraints: ]
[verbosity: -1]
[saved_feature_importance_type: 0]
[use_quantized_grad: 0]
[num_grad_quant_bins: 4]
[quant_train_renew_leaf: 0]
[stochastic_rounding: 1]
[linear_tree: 0]
[max_bin: 255]
[max_bin_by_feature: ]
[min_data_in_bin: 5]
[bin_construct_sample_cnt: 200000]
[data_random_seed: 179]
[is_enable_sparse: 1]
[enable_bundle: 1]
[use_missing: 1]
[zero_as_missing: 0]
[feature_pre_filter: 1]
[pre_partition: 0]
[two_round: 0]
[header: 0]
[label_column: ]
[weight_column: ]
[group_column: ]
[ignore_column: ]
[categorical_feature: ]
[forcedbins_filename: ]
[precise_float_parser: 0]
[parser_config_file: ]
[objective_seed: 26397]
[num_class: 1]
[is_unbalance: 0]
[scale_pos_weight: 1]
[sigmoid: 1]
[boost_from_average: 1]
[reg_sqrt: 0]
[alpha: 0.9]
[fair_c: 1]
[poisson_max_delta_step: 0.7]
[tweedie_variance_power: 1.5]
[lambdarank_truncation_level: 30]
[lambdarank_norm: 1]
[label_gain: ]
[lambdarank_position_bias_regularization: 0]
[eval_at: ]
[multi_error_top_k: 1]
[auc_mu_weights: ]
[num_machines: 1]
[local_listen_port: 12400]
[time_out: 120]
[machine_list_filename: ]
[machines: ]
[gpu_platform_id: -1]
[gpu_device_id: -1]
[gpu_use_dp: 0]
[num_gpu: 1]

end of parameters

pandas_categorical:[]
