tree
version=v4
num_class=1
num_tree_per_iteration=1
label_index=0
max_feature_idx=44
objective=binary sigmoid:1
feature_names=return_1d return_2d return_3d return_5d return_10d return_20d div_ma_5 div_ma_10 div_ma_20 div_ma_60 ma_5_20_cross ma_20_60_cross rsi rsi_change macd macd_signal macd_hist macd_hist_change bb_pct_b bb_bandwidth atr_pct volatility vol_change vol_ratio candle_body_pct upper_shadow_pct lower_shadow_pct day_of_week month is_month_end is_month_start streak gap price_position_20d macro_usdjpy_ret_20 macro_usdjpy_ret_60 macro_usdjpy_vol_20 macro_topix_ret_20 macro_topix_vol_20 macro_topix_above_200dma macro_nikkei_ret_20 macro_nikkei_above_200dma macro_nikkei_vi macro_jgb10y macro_bias_score
feature_infos=[-0.1986842105263158:0.10426929392446627] [-0.28331862312444833:0.18596059113300489] [-0.309915014164306:0.15640394088669951] [-0.30558722919042192:0.20792282430213471] [-0.33132034037880864:0.26559934318555012] [-0.36694386694386694:0.31194940140049687] [-0.2339622641509434:0.093144658217873724] [-0.27255352823483736:0.11215031315240083] [-0.31256349475110057:0.17054097809817634] [-0.35206734669450618:0.30282528133818387] [-0.18382440653703913:0.12777591104866048] [-0.14095711322302096:0.15310564175943275] [7.3838319541693096:94.418604651162795] [-22.023359653135508:26.666666666666671] [-250.00084180208432:236.18164626982343] [-203.60769813939754:212.70676925964594] [-104.44497813992439:57.605156763243805] [-50.055189065930492:38.17502483991089] [-0.36867323341037544:1.3243115832186951] [0.043703893731507022:0.49342412957975867] [0.015138441235438924:0.069438105380597401] [0.0096362724368107139:0.06287762450603894] [-0.86534071720085781:4.1833002910532757] [0.51456591978209343:1.9557604414062348] [-1:1] [0:0.93617021276595747] [0:0.98148148148148151] [0:4] [1:12] none [0:1] [-9:11] [-0.10526315789473684:0.11268472906403937] [0:1] [-0.10288784967882303:0.08505611680078462] [-0.13986255140503889:0.13160084488587853] [0.0024251968629527628:0.011841457708833433] [-0.21871130063915301:0.21255327098343968] [0.0039190687430325395:0.040640984327119524] [0:1] [-0.22859537662338159:0.23022297972565586] [0:1] none none none
tree_sizes=1190 1298 1079 989 1289 1311 1307 881 1085 1312 1262 1307 1240 1085 1314 1176 1192 1065 878 1192 1316 1303 893 1204 1419 1628 1410 1420 1312 1204 1399 1184 1198 1184 1284 1426 1208 1208 999 1629 889 898 885 890 891 1210 1206 1209 1097 991

Tree=0
num_leaves=10
num_cat=0
split_feature=37 36 9 9 34 22 0 34 26
split_gain=12.0956 8.27708 9.543 8.10112 7.50764 7.05469 6.09457 5.57973 0.769131
threshold=0.026645078323578101 0.0074077736295704681 -0.030125211736032574 0.020891324144862913 1.0000000180025095e-35 -0.31687751846693157 0.017162758081881394 0.023752065802994719 0.19471803364420817
decision_type=2 2 2 2 2 2 2 2 2
left_child=1 2 8 -3 -4 -2 7 -7 -1
right_child=5 3 4 -5 -6 6 -8 -9 -10
leaf_value=0.025173559380116659 0.044124438420315652 0.063864384104709529 0.056640167140527123 0.030636969461889801 0.030636969461889801 0.020611542425303934 0.034215964218716345 -0.003406729740284057 0.0066986158733221488
leaf_weight=7.4982404708862331 7.4982404708862296 14.746539592742922 11.997184753417967 9.9976539611816388 37.741143703460693 30.742785930633545 11.747243404388426 14.246656894683836 8.9978885650634748
leaf_count=30 30 59 48 40 151 123 47 57 36
internal_value=0.0301111 0.0369972 0.0310636 0.0510995 0.037871 0.0202339 0.0164694 0.0115613 0.0127865
internal_weight=155.214 90.9787 66.2345 24.7442 49.7383 64.2349 56.7367 44.9894 16.4961
internal_count=621 364 265 99 199 257 227 180 66
is_linear=0
shrinkage=1


Tree=1
num_leaves=11
num_cat=0
split_feature=38 25 40 4 40 7 7 20 7 9
split_gain=19.1547 12.6297 8.07156 7.16706 5.61118 8.87224 5.77565 4.86148 4.12129 1.62258
threshold=0.0081630537966705819 0.066180048661800508 0.025951588478657198 0.046976469334573341 0.036788652824195307 0.019826351573214909 -0.0095437415000618163 0.022580198383982415 0.025508228196942175 0.0333696151980327
decision_type=2 2 2 2 2 2 2 2 2 2
left_child=4 7 8 -4 6 -6 -1 -2 -3 -8
right_child=1 2 3 -5 5 -7 9 -9 -10 -11
leaf_value=-0.0047667024476310783 0.0037959174953595136 0.02340854930758373 -0.013800128715608283 0.014063415525792003 0.011933511474679751 -0.023920856270886012 -0.014539811671406909 -0.023104520740285878 0.00036819582734887011 -0.041992063875779806
leaf_weight=13.245612055063249 7.9979556798934963 41.481625437736511 14.997350037097933 14.246975779533384 13.496460363268854 8.2486080527305585 8.747872546315195 12.746460765600203 9.996365547180174 9.9971772134304029
leaf_count=53 32 166 60 57 54 33 35 51 40 40
internal_value=-0.000505941 0.00704016 0.0124656 0 -0.0147654 -0.00190474 -0.0224394 -0.0126518 0.019396 -0.0325407
internal_weight=155.202 101.467 80.7223 29.2443 53.7357 21.7451 31.9907 20.7444 51.478 18.745
internal_count=621 406 323 117 215 87 128 83 206 75
is_linear=0
shrinkage=0.03


Tree=2
num_leaves=9
num_cat=0
split_feature=38 37 36 35 14 14 3 3
split_gain=18.1992 16.3277 8.54275 9.27328 7.35295 13.8527 6.24812 5.86255
threshold=0.0081630537966705819 0.052374069621060067 0.0069348330391099935 0.037607981997207725 -8.8972375512732906 8.2618517710662918 0.019718830229938814 0.033559977591498431
decision_type=2 2 2 2 2 2 2 2
left_child=4 2 3 -2 -1 -6 -7 -4
right_child=1 -3 7 -5 5 6 -8 -9
leaf_value=-0.037046073139810447 -0.0098130721264575362 -0.020214844458702363 0.029249850014438521 0.014763579609612375 0.023719806935450723 -0.0051937376854385795 -0.03138522011916365 0
leaf_weight=8.9990246146917325 22.992029100656509 14.746453270316122 27.223095953464508 28.235461860895157 7.7464264482259741 23.744238242506981 13.24816259741783 8.245601534843443
leaf_count=36 92 59 109 113 31 95 53 33
internal_value=-0.000516917 0.00683774 0.0119604 0.00349697 -0.0144168 -0.00815366 -0.0160871 0.0229446
internal_weight=155.18 101.443 86.6962 51.2275 53.7379 44.7388 36.9924 35.4687
internal_count=621 406 347 205 215 179 148 142
is_linear=0
shrinkage=0.03


Tree=3
num_leaves=8
num_cat=0
split_feature=38 9 40 19 14 14 3
split_gain=17.2399 11.7116 12.0984 7.56258 7.0035 13.1884 5.92147
threshold=0.0081630537966705819 0.16035493164531892 0.056446742234636312 0.076922798984368809 -8.8972375512732906 8.2618517710662918 0.019718830229938814
decision_type=2 2 2 2 2 2 2
left_child=4 2 3 -2 -1 -6 -7
right_child=1 -3 -4 -5 5 6 -8
leaf_value=-0.036141936469322844 -0.0085254988385165091 -0.018763515176934167 -0.01294333315501313 0.018842549184991508 0.023165251698492505 -0.0050498260514643227 -0.030575291697664986
leaf_weight=8.997462794184683 8.4900085180997831 11.997038945555685 14.247361347079275 66.674736842513084 7.74185587465763 23.745264306664467 13.244152963161467
leaf_count=36 34 48 57 267 31 95 53
internal_value=-0.000517092 0.00664009 0.0105487 0.015416 -0.0140484 -0.00792683 -0.0156736
internal_weight=155.138 101.409 89.4121 75.1647 53.7287 44.7313 36.9894
internal_count=621 406 358 301 215 179 148
is_linear=0
shrinkage=0.03


Tree=4
num_leaves=11
num_cat=0
split_feature=21 5 20 10 22 10 33 11 3 9
split_gain=28.3488 22.1779 11.2212 6.10239 6.08171 4.3675 10.6065 10.8083 4.07237 1.60531
threshold=0.016500969016681025 0.094755604728028034 0.022437026736992959 0.052426819160012801 0.3708556195033797 0.029609537972738135 0.61357859956792493 0.0089030946733067457 0.047592905274811644 0.04677277025004644
decision_type=2 2 2 2 2 2 2 2 2 2
left_child=5 4 -3 -4 8 6 7 -1 -2 -8
right_child=1 2 3 -5 -6 -7 9 -9 -10 -11
leaf_value=-0.025805856482297256 0.030363412987019469 0.014447903039294677 -0.037958067325129172 -0.0013582197327038587 0 0.00017041970198785434 -0.015323273657364304 0.0059763002179536832 0.0035259110622499466 -0.04087738801880398
leaf_weight=13.485325887799261 37.677830740809441 8.4908354133367556 9.4969556331634539 7.9963850975036612 10.48534509539604 13.742096170783041 9.7410870194435137 22.725890144705772 7.9919504672288886 13.241107299923895
leaf_count=54 151 34 38 32 42 55 39 91 32 53
internal_value=-0.000537069 0.0113232 -0.0106635 -0.0238532 0.0217717 -0.0140399 -0.0174818 -0.00619825 0.0263266 -0.0327405
internal_weight=155.075 82.1393 25.9842 17.4933 56.1551 72.9355 59.1934 36.2112 45.6698 22.9822
internal_count=621 329 104 70 225 292 237 145 183 92
is_linear=0
shrinkage=0.03


Tree=5
num_leaves=11
num_cat=0
split_feature=21 5 15 36 37 37 33 15 34 10
split_gain=14.5504 15.5005 7.80675 9.67172 5.69348 5.64216 7.20671 6.69035 3.79467 2.87041
threshold=0.015983867322236001 0.10743423546826537 27.789033494842929 0.0062086792255458163 0.032097536030206826 0.061282708919279123 0.68325363095793079 -16.131212857480779 0.023372289972194763 0.025371981434413108
decision_type=2 2 2 2 2 2 2 2 2 2
left_child=5 2 3 -2 -4 6 7 -1 -3 -8
right_child=1 8 4 -5 -6 -7 9 -9 -10 -11
leaf_value=-0.023895883035742652 -0.012942941500039745 -0.0014628832901380877 0.035351463323004588 0.015914791575267793 0.0037275828891685206 0.0097916991307713998 -0.036011699652181595 0.0030429185968633646 -0.026631578736461534 -0.0097122985737534175
leaf_weight=9.4876412451267225 14.224260583519934 14.489052832126619 18.702823251485828 26.420564949512482 8.994623050093649 8.2423923760652524 12.736845940351488 26.219646602869034 8.4937995523214322 10.241132915019987
leaf_count=38 57 58 75 106 36 33 51 105 34 41
internal_value=-0.000164409 0.0074641 0.0146452 0.00533049 0.0265295 -0.0107059 -0.0140598 -0.00460487 -0.0127523 -0.026607
internal_weight=158.253 91.3251 68.3423 40.6448 27.6974 66.9277 58.6853 35.7073 22.9829 22.978
internal_count=634 366 274 163 111 268 235 143 92 92
is_linear=0
shrinkage=0.03


Tree=6
num_leaves=11
num_cat=0
split_feature=21 5 11 11 11 10 10 37 38 2
split_gain=13.7801 14.7402 13.141 9.22589 5.94316 7.2429 9.66844 5.11031 3.64121 3.04351
threshold=0.015983867322236001 0.10743423546826537 0.015801459741955796 -0.017006319823658963 0.070655571771948603 0.025371981434413108 0.0097743291453549225 0.032097536030206826 0.011338807274870138 0.023936310322657087
decision_type=2 2 2 2 2 2 2 2 2 2
left_child=4 2 3 -2 5 6 -1 -4 9 -3
right_child=1 8 7 -5 -6 -7 -8 -9 -10 -11
leaf_value=-0.00016070971687604535 0.011278955655497132 -0.014479864278674304 0.032906060303223399 -0.020387520498394991 -0.028475105738286492 0.013389168276006627 -0.029410689751069394 0.0045731685292131532 -0.026972081765159917 0.0091393414096701282
leaf_weight=28.701797991991043 21.678805023431778 7.4898169934749621 26.141042724251747 10.729441314935682 11.741918101906775 11.740963712334631 14.727054744958876 9.7436527162790281 7.7441597878932944 7.7451350688934326
leaf_count=115 87 30 105 43 47 47 59 39 31 31
internal_value=-0.000175493 0.00724868 0.0142584 0 -0.0104367 -0.00547331 -0.0112679 0.0262564 -0.0124571 -0.00193486
internal_weight=158.184 91.2721 68.2929 32.4082 66.9117 55.1698 43.4289 35.8847 22.9791 15.235
internal_count=634 366 274 130 268 221 174 144 92 61
is_linear=0
shrinkage=0.03


Tree=7
num_leaves=7
num_cat=0
split_feature=23 28 37 28 19 15
split_gain=6.6427 5.07867 8.06345 5.99647 6.7266 4.13941
threshold=1.3323858447297201 8.5000000000000018 0.045152770236200131 7.5000000000000009 0.1721642818238199 68.480687826817146
decision_type=2 2 2 2 2 2
left_child=1 3 5 4 -1 -3
right_child=-2 2 -4 -5 -6 -7
leaf_value=-0.0061566418629157528 0.018581315650136411 -0.0093512699269973736 -0.034909840716519286 0.019747049646160527 0.013518419538240135 0.0095000411384866031
leaf_weight=60.619032055139542 13.21274174749851 33.16889400780201 7.4856429100036612 12.46468862891197 18.693852320313454 12.455092757940291
leaf_count=243 53 133 30 50 75 50
internal_value=-0.000188377 -0.00223186 -0.00948459 0.00191794 -0.00111636 -0.00370716
internal_weight=158.1 144.887 53.1096 91.7776 79.3129 45.624
internal_count=634 581 213 368 318 183
is_linear=0
shrinkage=0.03


Tree=8
num_leaves=9
num_cat=0
split_feature=23 11 18 28 23 23 13 11
split_gain=6.29804 7.85653 13.8768 6.84233 6.68562 7.84234 6.60746 5.76025
threshold=1.3323858447297201 0.0060357526430292472 0.74413702578038998 3.5000000000000004 0.88791907911537649 1.0684709564294048 2.8065265605671574 0.037069041951858346
decision_type=2 2 2 2 2 2 2 2
left_child=1 4 3 -3 6 -6 -1 -4
right_child=-2 2 7 -5 5 -7 -8 -9
leaf_value=-0.011902190380310674 0.01810497207734638 0.030749345044537999 -0.030509202925846003 0.0056660843681185687 -0.037862045365163223 -0.0034137887840875792 0.019753436489679442 -0.0035453035139854372
leaf_weight=13.214790388941767 13.206273168325422 11.955277815461157 7.9836536198854438 45.367138400673866 11.975572898983957 12.966177821159361 7.7164751887321463 33.687446430325508
leaf_count=53 53 48 32 182 48 52 31 135
internal_value=-0.00017302 -0.00216527 0.00248913 0.0120107 -0.0122071 -0.0220934 0 -0.0102154
internal_weight=158.073 144.867 98.9935 57.3224 45.873 24.9418 20.9313 41.6711
internal_count=634 581 397 230 184 100 84 167
is_linear=0
shrinkage=0.03


Tree=9
num_leaves=11
num_cat=0
split_feature=21 19 34 19 15 20 40 33 7 19
split_gain=12.7406 12.1431 6.70681 9.66429 4.85098 11.318 3.98648 3.89382 5.78244 3.08019
threshold=0.015983867322236001 0.12488668334918983 0.023372289972194763 0.13989032190118705 27.789033494842929 0.023696984363641749 0.065369400399097902 0.63516864005266227 -0.010947752213852009 0.099776525354729473
decision_type=2 2 2 2 2 2 2 2 2 2
left_child=6 4 3 -3 5 -2 7 8 -1 -9
right_child=1 2 -4 -5 -6 -7 -8 9 -10 -11
leaf_value=-0.016596431747923551 0.024721844886233049 -0.021824159527412148 -0.019926529903723407 0.010892971043547832 0.032887153427434923 -0.016619524245270717 0.0041805459965133648 -0.032769057928559199 0.0078888215022182694 -0.0083039337065676701
leaf_weight=16.221691817045212 12.950408384203913 8.2365473657846433 11.961037218570707 35.599669441580772 14.672025457024573 7.7331657111644736 11.977906823158262 11.714198440313341 13.97503747045994 12.978949740529059
leaf_count=65 52 33 48 143 59 31 48 47 56 52
internal_value=-0.000172675 0.00696822 -0.00159224 0.00373434 0.0202416 0.00850135 -0.0100445 -0.0134501 -0.00501265 -0.0220576
internal_weight=158.021 91.1529 55.7973 43.8362 35.3556 20.6836 66.8678 54.8899 30.1967 24.6931
internal_count=634 366 224 176 142 83 268 220 121 99
is_linear=0
shrinkage=0.03


Tree=10
num_leaves=11
num_cat=0
split_feature=21 21 11 9 15 11 0 28 0 32
split_gain=11.2065 7.753 7.35082 15.9682 8.81531 6.64807 5.54235 9.23823 3.07952 2.29773
threshold=0.016500969016681025 0.018757268250580258 0.0068353667394873705 0.034496559880653775 31.310043310259736 0.017999880618370327 0.0069776495434199512 8.5000000000000018 0.028157220527993746 0.0044078349554030902
decision_type=2 2 2 2 2 2 2 2 2 2
left_child=2 5 9 -4 -5 -2 7 -3 -8 -1
right_child=1 6 3 4 -6 -7 8 -9 -10 -11
leaf_value=-0.02716058016074047 0 0.0062672350310518299 0.024544844440670639 -0.032160813653787756 -0.00034249229006929591 0.030728594402716039 0.021793559491097233 -0.024794839160894838 0 -0.0032693611039133464
leaf_weight=13.960753723978998 9.9665703922510165 20.408744722604752 14.470304548740385 9.9686302095651609 25.707962930202484 19.375468045473099 12.689511314034464 11.718527331948279 7.9756677150726309 7.4829459935426703
leaf_count=56 40 82 58 40 103 78 51 47 32 30
internal_value=0.00187191 0.00940351 -0.00658584 0 -0.0108664 0.0212857 0.00198975 -0.00541232 0.0136214 -0.0204535
internal_weight=153.725 82.1345 71.5906 50.1469 35.6766 29.342 52.7925 32.1273 20.6652 21.4437
internal_count=617 330 287 201 143 118 212 129 83 86
is_linear=0
shrinkage=0.03


Tree=11
num_leaves=11
num_cat=0
split_feature=21 5 1 7 11 15 24 22 14 26
split_gain=10.6527 9.97393 9.60966 7.86091 9.41503 10.7791 7.12515 6.36927 6.36883 2.4735
threshold=0.016500969016681025 0.11002228093018208 0.014171858849473808 0.029765116631887665 0.0068353667394873705 11.734467607562868 -0.12390350877192981 -0.10904429858388413 8.2618517710662918 0.19292803970223329
decision_type=2 2 2 2 2 2 2 2 2 2
left_child=3 6 -3 4 9 -6 7 -2 -8 -1
right_child=1 2 -4 -5 5 -7 8 -9 -10 -11
leaf_value=-0.0037933347613786036 -0.014111127513540832 -0.026588868513054888 0.010583780663088802 -0.029687501789481405 0.034016312883326794 -0.0015367596474421077 0.0078754951590442011 0.013705276032934139 0.035780004409024548 -0.028408384281571882
leaf_weight=8.7303741723299044 9.9485370367765444 10.22725221514702 10.486312478780745 9.2051317989826185 7.4616025835275641 36.434674456715584 16.648230135440826 16.901771977543831 17.858956605195999 9.7132587134838086
leaf_count=35 40 41 42 37 30 146 67 68 72 39
internal_value=0.00180946 0.00915782 -0.00783481 -0.00643588 -0.00195329 0.00539878 0.0151973 0.00261511 0.0238971 -0.0190014
internal_weight=153.616 82.0711 20.7136 71.545 62.3399 43.8963 61.3575 26.8503 34.5072 18.4436
internal_count=617 330 83 287 250 176 247 108 139 74
is_linear=0
shrinkage=0.03


Tree=12
num_leaves=11
num_cat=0
split_feature=21 37 28 19 3 40 9 19 20 16
split_gain=10.1143 7.80089 6.88852 7.95489 6.50029 8.6041 8.3304 3.43945 3.12936 5.04126
threshold=0.016500969016681025 0.022621121569868733 8.5000000000000018 0.1508604738905058 0.027527637858630775 0.028337890950555725 0.0333696151980327 0.076922798984368809 0.023493720257911591 -5.6794273151131014
decision_type=2 2 2 2 2 2 2 2 2 2
left_child=4 8 3 -3 5 6 -1 -7 -2 -10
right_child=1 2 -4 -5 -6 7 -8 -9 9 -11
leaf_value=0 0.029304788119806746 0.025674776648964785 -0.016954979793499362 -0.0059954120129551806 -0.022655265089052499 0 -0.029175542095286416 0.022467920799691499 0.023365944947600564 0
leaf_weight=23.15070578455925 13.350891426205633 10.702859133481981 13.455464139580725 13.725459367036818 14.917075186967848 10.219579175114633 11.4793843626976 11.731279253959654 12.371204957365991 18.390502914786339
leaf_count=93 54 43 54 55 60 41 46 47 50 74
internal_value=0.0017501 0.00891619 -0.000756814 0.00820569 -0.00628312 -0.00108459 -0.0104191 0.0126557 0.0172212 0.0100501
internal_weight=153.494 81.9964 37.8838 24.4283 71.498 56.5809 34.6301 21.9509 44.1126 30.7617
internal_count=617 330 152 98 287 227 139 88 178 124
is_linear=0
shrinkage=0.03


Tree=13
num_leaves=9
num_cat=0
split_feature=38 40 16 19 38 7 10 17
split_gain=7.05161 9.35779 8.27024 7.72676 6.21298 6.1029 2.89593 0.922467
threshold=0.0077162593061995705 0.036788652824195307 23.856294163164453 0.074942344219841542 0.011779164630147125 0.016288727954418148 1.0000000180025095e-35 1.0000000180025095e-35
decision_type=2 2 2 2 2 2 2 2
left_child=1 6 3 7 -5 -3 -1 -2
right_child=2 5 -4 4 -6 -7 -8 -9
leaf_value=-0.0057244824070957108 -0.00014784599622289941 0.020708189363082451 -0.016144315881172627 0.017429261242706232 0 -0.010757211857691625 -0.030867865823937669 -0.016019035193054657
leaf_weight=9.9525029957294482 8.2148941159248334 9.9795979410409945 11.709483101963995 58.604514315724373 27.812517836689949 7.95395204424858 11.691018313169478 7.4663365334272376
leaf_count=40 33 40 47 236 112 32 47 30
internal_value=0.00170603 -0.00877973 0.00557067 0.00846755 0.0120408 0.00632095 -0.0214027 -0.00951019
internal_weight=153.385 39.5771 113.808 102.098 86.417 17.9335 21.6435 15.6812
internal_count=617 159 458 411 348 72 87 63
is_linear=0
shrinkage=0.03


Tree=14
num_leaves=11
num_cat=0
split_feature=21 5 7 11 11 13 11 36 38 26
split_gain=9.39975 9.12358 7.20182 8.93877 8.11935 6.76223 5.8232 12.7655 9.05675 2.37894
threshold=0.016500969016681025 0.11002228093018208 0.029765116631887665 0.0068353667394873705 0.074630646966957662 -0.10334286780802414 0.015801459741955796 0.0060975328082584759 0.012340047444366146 0.19292803970223329
decision_type=2 2 2 2 2 2 2 2 2 2
left_child=2 6 3 9 -5 -3 7 -2 -8 -1
right_child=1 5 -4 4 -6 -7 8 -9 -10 -11
leaf_value=-0.0035496609802366454 -0.019652408632714002 -0.022760617802143172 -0.028412237921226914 0.011934086650996694 -0.017727180274504196 0.0083544352992032441 0.031312367400612696 0.01850804226655655 -0.0032819395624728584 -0.027670233380632115
leaf_weight=8.7247272878885287 10.735584273934366 10.718884706497194 9.1684734523296338 35.357381582260132 8.4866190105676633 9.9834401905536634 24.401747390627861 18.342177182435989 7.6930348873138419 9.6952134519815427
leaf_count=35 43 43 37 142 34 40 99 74 31 39
internal_value=0.00162679 0.00854515 -0.00611544 -0.00181673 0.00534264 -0.00768092 0.0143432 0.00357841 0.0228742 -0.0184466
internal_weight=153.307 81.8749 71.4324 62.2639 43.844 20.7023 61.1725 29.0778 32.0948 18.4199
internal_count=617 330 287 250 176 83 247 117 130 74
is_linear=0
shrinkage=0.03


Tree=15
num_leaves=10
num_cat=0
split_feature=3 22 40 37 3 20 10 18 5
split_gain=8.66227 7.09376 5.69762 8.48452 5.3543 5.19326 3.75952 4.63722 0.674891
threshold=0.033559977591498431 0.1035436825715086 0.065369400399097902 0.016692894508729132 -0.034218901428966823 0.01929172711541487 0.030733662663625986 0.67787388668407955 0.096172824514548574
decision_type=2 2 2 2 2 2 2 2 2
left_child=1 4 3 -2 -1 -6 7 -3 -5
right_child=2 6 -4 8 5 -7 -8 -9 -10
leaf_value=-0.0069900601879549105 0 -0.0026488901314589823 0.0062056993465874448 -0.013835169122454858 -0.0011069252560641256 0.01767598896913072 0.010408103285365509 -0.028515112042136782 -0.038803190127335484
leaf_weight=12.395449027419088 13.404145568609239 24.590086847543716 9.7160922288894636 7.4251106530427959 15.666940242052076 48.590872541069984 7.6943176537752143 7.4598691165447226 9.2148202210664731
leaf_count=50 54 99 39 30 63 196 31 30 37
internal_value=0 0.00413673 -0.0117545 -0.0180557 0.00946004 0.0129749 -0.00573214 -0.0104312 -0.0311465
internal_weight=156.158 116.398 39.7602 30.0441 76.6533 64.2578 39.7443 32.05 16.6399
internal_count=629 469 160 121 309 259 160 129 67
is_linear=0
shrinkage=0.03


Tree=16
num_leaves=10
num_cat=0
split_feature=21 37 7 10 14 28 3 15 36
split_gain=12.2572 10.3606 8.02152 9.43776 8.7994 7.72601 6.70562 6.46116 4.5116
threshold=0.016500969016681025 0.030424026446467359 0.030588721177584304 0.029609537972738135 43.695114653877233 8.5000000000000018 0.03996120320395103 92.31878720713722 0.0068094986502908574
decision_type=2 2 2 2 2 2 2 2 2
left_child=2 6 3 4 -1 7 8 -3 -2
right_child=1 5 -4 -5 -6 -7 -8 -9 -10
leaf_value=-0.0038299867840455261 0.010119221152208436 0.020263676505837137 -0.032555400877430855 0.017293986888717656 -0.035545754627877291 -0.024948548921361221 -0.0025304103708919212 -0.011187557533645337 0.033293926734230872
leaf_weight=48.507116392254829 20.743511766195297 10.208138138055807 8.8970156610012037 12.465568929910658 7.9679940789937964 9.7166604995727521 11.18615038692951 8.9584938734769803 17.441869005560875
leaf_count=195 84 41 36 50 32 39 45 36 71
internal_value=0 0.00824306 -0.00835884 -0.00419497 -0.00962395 -0.00542464 0.0164308 0.00518661 0.0222081
internal_weight=156.093 78.2548 77.8377 68.9407 56.4751 28.8833 49.3715 19.1666 38.1854
internal_count=629 316 313 277 227 116 200 77 155
is_linear=0
shrinkage=0.03


Tree=17
num_leaves=9
num_cat=0
split_feature=16 10 10 33 11 4 36 3
split_gain=8.14347 5.49655 10.821 6.73653 5.97504 4.79944 4.17058 4.07316
threshold=25.578444416350148 0.024410380826438208 0.0053213971453695006 0.85971842014694699 0.082783181531542974 0.0018599382614635787 0.0045390298556665471 0.033559977591498431
decision_type=2 2 2 2 2 2 2 2
left_child=1 2 5 4 -3 -1 -4 -5
right_child=-2 3 6 7 -6 -7 -8 -9
leaf_value=0.0008130431659908831 -0.021552218609437224 0.03167049513944193 0.0037802495693040408 0.012178420700137482 0 0.020407185527467484 -0.017923002303202342 -0.012204598267729842
leaf_weight=43.816102132201195 12.424033984541891 14.622252911329271 8.1496732980012876 8.698311924934389 8.9531499147415143 14.123241558670996 32.965682819485664 12.185888350009916
leaf_count=177 50 59 33 35 36 57 133 49
internal_value=0 0.0020794 -0.00175193 0.0106463 0.021015 0.0063611 -0.0132974 -0.00121676
internal_weight=155.938 143.514 99.0547 44.4596 23.5754 57.9393 41.1154 20.8842
internal_count=629 579 400 179 95 234 166 84
is_linear=0
shrinkage=0.03


Tree=18
num_leaves=7
num_cat=0
split_feature=16 20 36 5 9 35
split_gain=7.74023 6.31378 7.41733 6.96467 4.69263 0.908489
threshold=25.578444416350148 0.027084545888198818 0.0037357669776730451 0.072369389993420477 -0.034298176249099803 0.019128282360766694
decision_type=2 2 2 2 2 2
left_child=1 2 -1 5 -4 -3
right_child=-2 3 4 -5 -6 -7
leaf_value=-0.023635398123601162 -0.020999613880934923 0.01115194995201339 -0.014036331738342159 -0.0044374408314472617 0.0039494150330242617 0.034078694913628381
leaf_weight=9.684583976864813 12.421111047267912 8.3821772336959892 12.909729734063147 8.9550579488277418 95.377497926354408 8.1461217552423459
leaf_count=39 50 34 52 36 385 33
internal_value=0 0.00204236 -0.000840727 0.0150249 0.00145353 0.02572
internal_weight=155.876 143.455 117.972 25.4834 108.287 16.5283
internal_count=629 579 476 103 437 67
is_linear=0
shrinkage=0.03


Tree=19
num_leaves=10
num_cat=0
split_feature=7 22 19 22 19 3 11 16 24
split_gain=9.81835 9.88657 8.92441 7.42013 5.7976 5.6232 4.14092 4.0295 3.03343
threshold=0.027747019920377678 0.17150456649143012 0.076922798984368809 0.1035436825715086 0.059211782571616862 -0.034218901428966823 0.022489903802760062 2.7089226459121254 0.4129437574790587
decision_type=2 2 2 2 2 2 2 2 2
left_child=2 8 4 5 -1 -4 -6 -5 -2
right_child=1 -3 3 7 6 -7 -8 -9 -10
leaf_value=0.0076370960154889958 -0.034169517672271617 0.0054954346249101718 -0.0030797276557598804 -0.011697718836149324 -0.0024607993889126413 0.019080698368318386 -0.029157717700759381 0.009748150757906698 -0.0063050444010495487
leaf_weight=10.714698091149328 13.136308625340464 12.910831987857817 10.879095137119291 17.827341899275783 11.901288494467737 49.182933077216148 10.694123178720472 10.64357954263687 7.9330554455518714
leaf_count=43 53 52 44 72 48 199 43 43 32
internal_value=0 -0.0138378 0.00396488 0.00898302 -0.00870109 0.0148552 -0.0170495 -0.00307451 -0.0257844
internal_weight=155.823 33.9802 121.843 88.5329 33.3101 60.062 22.5954 28.4709 21.0694
internal_count=629 137 492 358 134 243 91 115 85
is_linear=0
shrinkage=0.03


Tree=20
num_leaves=11
num_cat=0
split_feature=21 19 37 33 11 10 35 15 20 10
split_gain=13.958 9.03634 8.81004 8.47686 7.09956 6.13503 8.82226 5.2729 7.51111 4.59036
threshold=0.016500969016681025 0.12488668334918983 0.062606667236926997 0.61357859956792493 0.0068353667394873705 -0.027211160479404747 0.01824368907605212 28.689915745097505 0.023696984363641749 0.030051281190692562
decision_type=2 2 2 2 2 2 2 2 2 2
left_child=2 7 3 4 -1 -3 -7 8 -2 -5
right_child=1 5 -4 9 -6 6 -8 -9 -10 -11
leaf_value=-0.018277209384392486 0.023221213852671032 0.020093085987784993 0.018548816227435226 -0.030052516525349151 0.0087755385708344971 -0.020092746431957034 0.0067792244660569391 0.036714841144719963 -0.010175776478520445 -0.0050691813892126316
leaf_weight=11.669178098440169 12.336118027567869 9.8042165338993055 7.4397708177566519 21.975378379225731 21.905500873923302 16.646232649683952 24.048626005649567 11.228296682238577 8.2197182923555356 12.669546440243719
leaf_count=47 50 40 30 89 88 67 97 46 33 51
internal_value=0.000586865 0.00912046 -0.00849656 -0.0121039 -0.000704175 0.000745129 -0.00428774 0.0211514 0.00948351 -0.0221008
internal_weight=157.943 82.2832 75.6594 68.2196 33.5747 50.4991 40.6949 31.7841 20.5558 34.6449
internal_count=638 333 305 275 135 204 164 129 83 140
is_linear=0
shrinkage=0.03


Tree=21
num_leaves=11
num_cat=0
split_feature=21 5 37 4 38 8 11 9 11 15
split_gain=13.2537 9.40079 8.41289 8.06946 7.77539 8.89628 8.27073 7.16517 18.4029 3.99703
threshold=0.016500969016681025 0.11002228093018208 0.059808211939741292 0.070599453033872731 0.011779164630147125 0.016756802718104358 0.015801459741955796 0.04172968249350309 0.0060357526430292472 31.310043310259736
decision_type=2 2 2 2 2 2 2 2 2 2
left_child=2 4 7 -3 6 -6 -2 8 -1 -9
right_child=1 3 -4 -5 5 -7 -8 9 -10 -11
leaf_value=-0.021889224018267869 0.0042400580921979261 -0.023540874431165627 0.01667649005513536 0.011228286685941604 0.015063150075779739 -0.018432173658977563 0.034473759138749199 -0.037983010855643387 0.019608734432643968 -0.012334890755869792
leaf_weight=18.036053583025932 15.356412857770918 11.18659344315529 8.4313256591558439 8.726045608520506 15.512935012578966 9.9571067392826063 21.424456238746643 9.1027153432369214 16.391001597046852 23.612927317619324
leaf_count=73 62 45 34 35 63 40 88 37 66 95
internal_value=0.000581568 0.00890572 -0.00827131 -0.00798575 0.0146228 0.00103402 0.0231073 -0.0120128 -0.00172809 -0.0216803
internal_weight=157.738 82.1635 75.574 19.9126 62.2509 25.47 36.7809 67.1427 34.4271 32.7156
internal_count=638 333 305 80 253 103 150 271 139 132
is_linear=0
shrinkage=0.03


Tree=22
num_leaves=7
num_cat=0
split_feature=10 38 38 37 11 0
split_gain=5.72251 4.65796 10.0159 8.76831 7.49777 7.3464
threshold=-0.044166066929449958 0.012371641132510885 0.0098228212797160149 -0.0073968816235162596 0.015801459741955796 0.013032522245846058
decision_type=2 2 2 2 2 2
left_child=-1 2 5 -3 -4 -2
right_child=1 3 4 -5 -6 -7
leaf_value=0.020535413586742546 -0.0080072105620532415 0.0086421661955621495 -0.005131626823086227 -0.025745374526360651 0.025006187587669208 0.011424246572803207
leaf_weight=10.01063786447048 72.979187294840813 8.894728899002077 8.9530185759067553 14.869019210338591 21.296861782670021 20.486082851886749
leaf_count=41 295 36 36 60 87 83
internal_value=0.000560347 -0.000951799 0.00133533 -0.0126203 0.0158561 -0.00344091
internal_weight=157.49 147.479 123.715 23.7637 30.2499 93.4653
internal_count=638 597 501 96 123 378
is_linear=0
shrinkage=0.03


Tree=23
num_leaves=10
num_cat=0
split_feature=21 5 11 4 40 11 11 21 23
split_gain=12.3293 8.82379 8.26828 7.60645 7.08167 8.08577 5.86388 6.5451 3.96815
threshold=0.016500969016681025 0.11002228093018208 0.074630646966957662 0.070599453033872731 0.065369400399097902 0.0060357526430292472 0.015801459741955796 0.020610258056203399 1.113818209323701
decision_type=2 2 2 2 2 2 2 2 2
left_child=2 6 4 -3 5 -1 8 -8 -2
right_child=1 3 -4 -5 -6 -7 7 -9 -10
leaf_value=-0.022709493541578786 -0.0021952951965306527 -0.022881508764994125 -0.028198216441193639 0.010871944605135934 0.018119795450277205 0.00080102312231029459 0.032599503878130175 0.0024635258810562738 0.020176491578041411
leaf_weight=17.990793585777283 23.042306482791904 11.168417423963549 12.917994260787962 8.7226194590330106 9.6808011531829816 34.865871921181679 20.06112024188042 11.291512385010718 7.6428520977497092
leaf_count=73 93 45 52 35 39 141 83 46 31
internal_value=0.000554096 0.00859981 -0.00798469 -0.00775375 -0.00283241 -0.007464 0.0141558 0.0229945 0.00381163
internal_weight=157.384 81.9288 75.4555 19.891 62.5375 52.8567 62.0378 31.3526 30.6852
internal_count=638 333 305 80 253 214 253 129 124
is_linear=0
shrinkage=0.03


Tree=24
num_leaves=12
num_cat=0
split_feature=23 32 10 32 25 40 20 11 8 1 15
split_gain=7.22756 6.13955 7.27844 6.55214 6.39908 5.93259 7.63738 6.12141 5.30143 4.18073 1.8182
threshold=1.1060234226743326 0.0020734530830859303 0.0044162347374384634 -0.0071089160896531381 0.29128787878787882 0.043897211128385856 0.025994609735557048 0.037069041951858346 0.044145301696091203 -0.008220426046071037 8.9529174755682295
decision_type=2 2 2 2 2 2 2 2 2 2 2
left_child=1 3 10 4 -1 6 7 -2 -4 -5 -3
right_child=5 2 8 9 -6 -7 -8 -9 -10 -11 -12
leaf_value=-0.023507493479743964 -0.020072691940459044 0.012826737166778547 -0.027125767262644478 -0.0021927874976548209 0.0061666930790718723 0.025036138456955084 0.021009299030955539 0.010355955441296649 -0.0022324430724716634 0.017283173650915359 -0.0045836531661200908
leaf_weight=11.351938858628275 12.778174966573721 9.0918516069650668 21.428485319018364 13.112800493836401 10.366104096174238 14.574171662330626 10.527274295687674 7.6268502771854392 14.133566424250601 24.814400568604469 7.3672283738851538
leaf_count=46 52 37 87 53 42 59 43 31 57 101 30
internal_value=0.000544624 -0.00347078 -0.0108698 0.0028824 -0.00938579 0.0104449 0.0020116 -0.00812061 -0.0182773 0.0104014 0.00456882
internal_weight=157.173 111.666 52.0211 59.6452 21.718 45.5065 30.9323 20.405 35.5621 37.9272 16.4591
internal_count=638 453 211 242 88 185 126 83 144 154 67
is_linear=0
shrinkage=0.03


Tree=25
num_leaves=14
num_cat=0
split_feature=21 5 11 11 25 23 0 36 6 25 25 1 24
split_gain=12.2212 7.5491 7.26547 5.8102 5.39046 5.20439 8.94314 6.40005 4.90289 3.57384 3.06395 2.91194 0.776669
threshold=0.016500969016681025 0.094755604728028034 0.015801459741955796 -0.01881043867498244 0.14326765188834156 0.94332951813316657 -0.003990560996748326 0.0056120213692363559 0.012756550629954592 0.10540935672514622 0.15581245985870265 0.015229664825754609 -0.54257246376811585
decision_type=2 2 2 2 2 2 2 2 2 2 2 2 2
left_child=5 2 3 -2 -3 7 12 -1 -8 -9 -4 -6 -7
right_child=1 4 10 -5 11 6 8 9 -10 -11 -12 -13 -14
leaf_value=0.0020356708689360328 0.011617967109411431 -0.021462793521365809 0.0055251163646638192 -0.013442272226819568 -0.0065673720012435792 -0.0061100820497704995 0.019695397070788264 -0.0061720774840829202 -0.0063367676931338881 -0.033648067038064972 0.030836286866740701 0.015200021422417274 -0.025623788702379694
leaf_weight=8.6390095055103284 19.982297986745838 10.164233997464182 8.9598027467727679 11.18441069126129 8.9351865947246569 7.4368636757135391 13.911945804953577 8.8850500583648699 8.5827584117650968 16.323686629533768 17.079240739345551 8.4677540212869626 7.6706502586603147
leaf_count=35 81 41 37 45 36 30 56 36 35 66 71 34 31
internal_value=-0.00115625 0.006376 0.0125334 0.00190435 -0.00587759 -0.0102275 -0.00187179 -0.0184693 0.00944415 -0.0256807 0.0236772 0.00372596 -0.018732
internal_weight=156.223 84.7729 57.2058 31.1667 27.5672 71.45 37.6022 33.8477 22.4947 25.2087 26.039 17.4029 15.1075
internal_count=634 345 234 126 111 289 152 137 91 102 108 70 61
is_linear=0
shrinkage=0.03


Tree=26
num_leaves=12
num_cat=0
split_feature=21 5 9 28 25 22 23 0 21 40 21
split_gain=11.6179 7.1785 5.76061 6.7842 5.1243 6.22087 4.97013 9.61608 5.63181 4.16332 0.539995
threshold=0.016500969016681025 0.094755604728028034 0.057829887320407704 9.5000000000000018 0.14326765188834156 -0.016205397413593444 1.0382080281752293 -0.003990560996748326 0.015460535878330428 0.013216210570279887 0.01997119552846725
decision_type=2 2 2 2 2 2 2 2 2 2 2
left_child=6 2 3 -2 -3 -6 8 -8 9 -1 -4
right_child=1 4 10 -5 5 -7 7 -9 -10 -11 -12
leaf_value=-0.032299850375325984 0.014770215930181059 -0.020932211931578019 0.032209035532486309 -0.0090545458132075679 -0.012459390892670997 0.019652057547304962 -0.018267088995023602 0.016031470937504639 0.0036912875387984773 -0.0096030603871643614 0.01077006576751909
leaf_weight=15.556588858366011 23.992366343736649 10.159971639513971 9.9482481926679629 15.843850865960119 8.4439648836851156 8.9565914720296824 11.3756610006094 14.308254107832907 8.9026243686676008 21.247334614396095 7.301006779074668
leaf_count=63 98 41 42 64 34 36 46 58 36 86 30
internal_value=-0.00113864 0.00620938 0.0122257 0.00495611 -0.00572862 0.00361815 -0.0099872 7.62505e-05 -0.0157227 -0.0207536 0.0259758
internal_weight=156.036 84.646 57.0855 39.8362 27.5605 17.4006 71.3905 25.6839 45.7065 36.8039 17.2493
internal_count=634 345 234 162 111 70 289 104 185 149 72
is_linear=0
shrinkage=0.03


Tree=27
num_leaves=12
num_cat=0
split_feature=21 8 11 11 7 40 38 19 21 21 34
split_gain=11.0236 6.29637 5.70918 6.95832 5.23519 7.95739 5.28016 5.27246 4.81012 2.346 2.02084
threshold=0.016500969016681025 0.0647575573074992 0.015801459741955796 -0.01881043867498244 0.0072095463348811313 0.017056543961786134 0.0076580992802792588 0.081730089423809035 0.018800890505747826 0.013446926899286863 0.0055645920638930377
decision_type=2 2 2 2 2 2 2 2 2 2 2
left_child=4 2 3 -2 5 6 -1 -6 -4 -7 -9
right_child=1 -3 8 -5 7 9 -8 10 -10 -11 -12
leaf_value=-0.030147786930185619 0.011241369297839266 -0.010356597044719765 0.029431840582350502 -0.015435094834832535 -0.033135683778383024 1.8126728299580636e-05 -0.00010339730625078497 0.0034942704125650935 0.0063246836980418303 0.023725823750435214 -0.013316813996359396
leaf_weight=7.6562649458646801 19.914708435535431 14.678109526634215 15.995037689805029 12.66525976359844 11.703502580523489 8.4130812734365445 13.878139883279799 7.4195994883775738 21.262895882129669 7.4520168155431739 14.817537382245062
leaf_count=31 81 59 67 51 48 34 56 30 87 30 60
internal_value=-0.00110485 0.00605692 0.00990771 0.000144351 -0.00972765 -0.00135309 -0.0130769 -0.0179495 0.0176208 0.013403 -0.00726329
internal_weight=155.856 84.516 69.8379 32.58 71.3401 37.3995 21.5344 33.9406 37.2579 15.8651 22.2371
internal_count=634 345 286 132 289 151 87 138 154 64 90
is_linear=0
shrinkage=0.03


Tree=28
num_leaves=11
num_cat=0
split_feature=21 28 37 3 14 9 34 3 34 34
split_gain=10.4632 5.14989 9.75206 6.28911 6.10494 5.27083 4.48152 6.89497 5.67437 1.35894
threshold=0.016500969016681025 9.5000000000000018 0.021034436601869214 0.054707822860112783 12.788284694960455 0.13561913028953126 -0.0069598439455990082 0.028420219446497311 0.022225591593769137 -0.025306108678657287
decision_type=2 2 2 2 2 2 2 2 2 2
left_child=6 3 4 5 -3 -2 9 8 -8 -1
right_child=1 2 -4 -5 -6 -7 7 -9 -10 -11
leaf_value=-0.0063363584738001843 0.021818380092254567 -0.0037299692831295728 -0.021658510166616341 -0.0070852878232755649 0.028432314366043657 -0.0016992371548706863 0.012550317329296876 -0.021496655850058274 -0.0091298525017055356 -0.02807111433426657
leaf_weight=7.6457839012146023 33.655961632728577 10.132619604468351 13.121373340487478 10.902576148509977 7.153610184788703 9.4268560856580716 20.59213899075985 13.194935992360113 18.506717100739479 11.308616816997526
leaf_count=31 139 41 53 44 30 38 83 54 75 46
internal_value=-0.00108103 0.00589883 -0.00347148 0.0113801 0.0103703 0.0164927 -0.00948872 -0.0042422 0.00197853 -0.0214612
internal_weight=155.641 84.393 30.4076 53.9854 17.2862 43.0828 71.2482 52.2938 39.0989 18.9544
internal_count=634 345 124 221 71 177 289 212 158 77
is_linear=0
shrinkage=0.03


Tree=29
num_leaves=10
num_cat=0
split_feature=38 40 19 7 22 22 7 20 40
split_gain=6.01057 9.3807 7.86591 8.33211 9.21976 5.54133 5.2217 5.02025 4.50061
threshold=0.0078396606620955937 0.012101394667606515 0.075637187981485957 0.027747019920377678 0.15883641941325091 0.15122344841536653 0.015689597356838839 0.021508722867462148 0.036788652824195307
decision_type=2 2 2 2 2 2 2 2 2
left_child=1 -1 7 4 -4 -5 8 -2 -3
right_child=2 6 3 5 -6 -7 -8 -9 -10
leaf_value=-0.03020323424325878 -0.028057707952752663 -0.0044762140277607816 0.019032859678122339 -0.017438513440332808 -0.0046283095610840071 0.0074704096422801214 -0.014597770286538225 0.0015297083988148477 0.021419930442119175
leaf_weight=12.534916639328001 9.075087711215021 9.8700601607561129 46.451416566967964 16.532716736197475 19.082520142197609 11.642472594976423 12.972660794854162 7.625169724225997 9.6309205889701825
leaf_count=51 37 40 191 67 78 47 53 31 39
internal_value=-0.00107524 -0.0101379 0.00260037 0.006147 0.0119879 -0.00683569 -0.000654613 -0.0150275 0.00841825
internal_weight=155.418 45.0086 110.409 93.7091 65.5339 28.1752 32.4736 16.7003 19.501
internal_count=634 183 451 383 269 114 132 68 79
is_linear=0
shrinkage=0.03


Tree=30
num_leaves=12
num_cat=0
split_feature=3 38 23 0 24 13 34 10 25 34 38
split_gain=8.77137 7.36393 8.65073 7.23824 5.70306 4.26397 6.73071 3.82006 3.1993 2.56251 0.967825
threshold=0.033239719615660974 0.010213637633080827 0.96147014875896064 -0.0064673775841821426 -0.28821194075431361 6.611083567990069 0.013821019345783616 0.017263595251993728 0.21132376395534294 -0.0052845714783318334 0.013103527234789593
decision_type=2 2 2 2 2 2 2 2 2 2 2
left_child=1 3 4 7 -3 6 9 -1 -5 -2 -4
right_child=5 2 10 8 -6 -7 -8 -9 -10 -11 -12
leaf_value=-0.02369239378201805 -0.0079341019344830645 -0.015113580301717798 0.03625389444730822 0.012678786214031096 0.012844337897139509 0.0055546195916337613 0 0.00066181630407719807 -0.0019947125697251022 -0.036423799535703558 0.013011161872439055
leaf_weight=13.044235900044443 7.6258384585380581 8.7664913386106509 10.636136606335642 24.827907487750053 14.482358291745184 8.7898719459772092 12.995952740311621 7.3822883814573279 22.789704203605652 10.106947809457781 8.8008086681365949
leaf_count=53 31 36 44 101 60 36 53 30 93 41 36
internal_value=0.000930704 0.00534993 0.0148285 -0.000635708 0.00134599 -0.0107518 -0.0159289 -0.0149477 0.00555643 -0.0269781 0.0286254
internal_weight=150.249 110.73 42.6858 68.0441 23.2488 39.5186 30.7287 20.4265 47.6176 17.7328 19.4369
internal_count=614 453 176 277 96 161 125 83 194 72 80
is_linear=0
shrinkage=0.03


Tree=31
num_leaves=10
num_cat=0
split_feature=21 5 21 3 36 21 17 25 34
split_gain=10.7014 13.0044 9.92161 6.62751 6.94085 4.90217 10.5839 4.70219 2.4972
threshold=0.016500969016681025 0.11002228093018208 0.01193852249743811 0.047592905274811644 0.0070432854719026826 0.013633537675612721 2.1015709740027266 0.19274475524475529 0.0067477665603434831
decision_type=2 2 2 2 2 2 2 2 2
left_child=2 3 8 4 -2 -4 -7 -3 -1
right_child=1 7 5 -5 -6 6 -8 -9 -10
leaf_value=0.023202759500439766 0.0094969451257513413 -0.024685100511758859 -0.025862222408763808 -0.0038331098264017629 0.034225415045893784 0.0037567985046033812 -0.027909266081959056 0.0021527897769248899 0
leaf_weight=7.3954444229602796 30.059711992740631 9.619778051972391 17.219410941004753 11.093025371432303 18.315897732973099 27.878950476646423 11.695129737257956 9.4410761892795545 7.385812446475029
leaf_count=30 124 39 70 45 77 113 48 38 30
internal_value=0.000904311 0.00853597 -0.00726945 0.0154486 0.0201445 -0.0130461 -0.00613295 -0.0117377 0.0129419
internal_weight=150.104 78.5295 71.5747 59.4686 48.3756 56.7935 39.5741 19.0609 14.7813
internal_count=614 323 291 246 201 231 161 77 60
is_linear=0
shrinkage=0.03


Tree=32
num_leaves=10
num_cat=0
split_feature=21 9 21 11 11 20 28 15 26
split_gain=10.1277 9.51816 9.44977 6.25414 10.0827 5.19145 4.06393 2.97449 1.53865
threshold=0.016500969016681025 0.16035493164531892 0.01193852249743811 0.015801459741955796 -0.014442231524962211 0.023696984363641749 7.5000000000000009 96.087873572275413 0.25661984803131482
decision_type=2 2 2 2 2 2 2 2 2
left_child=2 3 8 4 -2 6 -4 -5 -1
right_child=1 -3 5 7 -6 -7 -8 -9 -10
leaf_value=0.00018830796948721297 0.014938550997967927 -0.015183902498563205 -0.024019291720517841 0.026829451220443546 -0.017033994004836038 0.0071726432658071101 -0.0051752426157184693 0.0040293858271381417 0.020813361983144849
leaf_weight=7.3959184736013395 21.4415452927351 10.931598931550978 26.919485285878181 24.401186674833298 12.115326106548308 7.9200178682804099 21.87847888469696 9.4563291966915113 7.3817079812288284
leaf_count=30 88 44 110 103 49 32 89 39 30
internal_value=0.00087503 0.00831257 -0.00707546 0.0126664 0.00266453 -0.0127227 -0.0164023 0.0214597 0.0126379
internal_weight=149.842 78.346 71.4956 67.4144 33.5569 56.718 48.798 33.8575 14.7776
internal_count=614 323 291 279 137 231 199 142 60
is_linear=0
shrinkage=0.03


Tree=33
num_leaves=10
num_cat=0
split_feature=21 5 21 3 36 20 25 34 34
split_gain=9.5469 11.9525 8.99613 6.31324 6.69665 4.94134 4.47989 3.8696 2.36724
threshold=0.016500969016681025 0.11002228093018208 0.01193852249743811 0.047592905274811644 0.0070432854719026826 0.023696984363641749 0.19274475524475529 -0.0082294837784580559 0.0067477665603434831
decision_type=2 2 2 2 2 2 2 2 2
left_child=2 3 8 4 -2 7 -3 -4 -1
right_child=1 6 5 -5 -6 -7 -8 -9 -10
leaf_value=0.022361467856870855 0.0089341560207522406 -0.023993733108307689 -0.03018591081730387 -0.0040205472981342406 0.033257041946164453 0.0070012573183238494 0.0021850531887426783 -0.0095210942277204735 0
leaf_weight=7.387408033013342 29.932795897126198 9.5962854772806185 12.19947938621044 11.074580967426298 18.123302340507507 7.9194445461034766 9.4369619935750944 36.525776609778404 7.3894970864057541
leaf_count=30 124 39 50 45 77 32 38 149 30
internal_value=0.00085839 0.00809241 -0.00685901 0.0147547 0.019369 -0.0123793 -0.0113272 -0.0159769 0.0123612
internal_weight=149.586 78.1639 71.4216 59.1307 48.0561 56.6447 19.0332 48.7253 14.7769
internal_count=614 323 291 246 201 231 77 199 60
is_linear=0
shrinkage=0.03


Tree=34
num_leaves=11
num_cat=0
split_feature=21 5 21 3 36 21 17 23 2 40
split_gain=9.02163 11.3535 8.55684 6.02481 6.42684 4.60412 9.97373 2.32826 1.18392 0.326246
threshold=0.016500969016681025 0.11002228093018208 0.01193852249743811 0.047592905274811644 0.0070432854719026826 0.013633537675612721 2.1015709740027266 1.0107835799159426 -0.0035191429819743654 0.03080676383107073
decision_type=2 2 2 2 2 2 2 2 2 2
left_child=2 3 9 4 -2 8 -7 -3 -4 -1
right_child=1 7 5 -5 -6 6 -8 -9 -10 -11
leaf_value=0.003184518627392482 0.0086935134117076523 -0.019841004814983534 -0.033225909344427242 -0.003917360044884086 0.032585454709108855 0.0041704680538838159 -0.026637999735827159 0 -0.010171916510604638 0.016765436398468281
leaf_weight=7.3710129857063276 29.894465908408165 9.8279477655887622 8.3325483202934283 11.077938377857206 17.985232353210449 27.836712166666985 11.612216994166372 9.1842470616102201 8.7859987020492536 7.399547353386879
leaf_count=30 124 40 34 45 77 113 48 37 36 30
internal_value=0.00083633 0.00788179 -0.00666451 0.0143915 0.0189156 -0.0120577 -0.0053842 -0.0110396 -0.02448 0.0120705
internal_weight=149.308 77.9698 71.338 58.9576 47.8797 56.5675 39.4489 19.0122 17.1185 14.7706
internal_count=614 323 291 246 201 231 161 77 70 60
is_linear=0
shrinkage=0.03


Tree=35
num_leaves=12
num_cat=0
split_feature=21 19 38 21 19 32 11 35 35 34 15
split_gain=7.68825 6.29756 6.13086 4.3385 4.2494 5.43202 4.86595 2.97377 7.97756 5.61173 2.26781
threshold=0.015890153470240635 0.11470241277741479 0.0077763333943780396 0.018510013781784535 0.059211782571616862 0.0026805329271294425 0.0020952163107013093 0.01824368907605212 0.031891721255214008 -0.002991407225890141 31.815318938931501
decision_type=2 2 2 2 2 2 2 2 2 2 2
left_child=4 2 -2 -4 -1 6 -6 9 -9 -3 -7
right_child=1 7 3 -5 5 10 -8 8 -10 -11 -12
leaf_value=0.0086391658625314966 -0.0062011939698792522 0.001265695557915726 0.03178747813643628 0.0055718194674377643 -0.020600447543701782 -0.0081712902398622875 0.0033127409871587759 0.027416087666874207 -0.0045068097001709348 -0.024877459668475228 -0.031482533109396693
leaf_weight=8.3767875581979734 8.1157998889684659 17.284005448222164 13.84490577876568 13.011835619807242 8.486056908965109 10.644842699170114 24.615591511130333 7.7981196492910412 21.916402503848076 9.5624325722455961 12.047093659639357
leaf_count=34 33 72 59 54 35 44 100 32 90 39 49
internal_value=-0.000929444 0.00451374 0.0141884 0.0208725 -0.00882212 -0.0119115 -0.00321486 -0.00149241 0.00459851 -0.00860544 -0.0227023
internal_weight=155.704 91.5335 34.9725 26.8567 64.1704 55.7936 33.1016 56.561 29.7145 26.8464 22.6919
internal_count=641 379 146 113 262 228 135 233 122 111 93
is_linear=0
shrinkage=0.03


Tree=36
num_leaves=10
num_cat=0
split_feature=21 19 36 28 7 12 19 22 37
split_gain=7.31531 5.98349 5.92349 5.84619 4.73987 5.08443 5.59225 3.68459 2.75337
threshold=0.015890153470240635 0.11470241277741479 0.004366907809785772 8.5000000000000018 0.029765116631887665 63.309908192376867 0.059211782571616862 -0.12537020998847567 0.0088491565792749877
decision_type=2 2 2 2 2 2 2 2 2
left_child=4 3 -3 -2 5 6 -1 -4 -5
right_child=1 2 7 8 -6 -7 -8 -9 -10
leaf_value=0.0097256986163578481 0.025410913167109334 -0.022225787379744934 -0.007355807612732094 0.011206693665490939 -0.026853860655696626 0.0099754727487453634 -0.015290723667190706 0.0089281717603301274 -0.010058887911343484
leaf_weight=8.1448131054639799 17.097540691494942 8.3495172560214979 17.667476400732994 9.4965367615222949 9.1237715333700162 13.558075770735739 33.271344020962715 30.519112884998322 8.2759461104869825
leaf_count=33 72 34 73 40 38 55 136 126 34
internal_value=-0.000906494 0.00440442 -0.00144116 0.013853 -0.00861109 -0.00448378 -0.00980416 0.0026036 0.000529705
internal_weight=155.504 91.4061 56.5361 34.87 64.098 54.9742 41.4162 48.1866 17.7725
internal_count=641 379 233 146 262 224 169 199 74
is_linear=0
shrinkage=0.03


Tree=37
num_leaves=10
num_cat=0
split_feature=21 19 38 36 38 7 12 19 21
split_gain=6.90748 5.69888 5.82807 5.63146 4.59295 4.55565 4.80915 5.31408 4.12082
threshold=0.015890153470240635 0.11470241277741479 0.0077763333943780396 0.004366907809785772 0.015129116403883548 0.029765116631887665 63.309908192376867 0.059211782571616862 0.018510013781784535
decision_type=2 2 2 2 2 2 2 2 2
left_child=5 2 -2 -3 -5 6 7 -1 -4
right_child=1 3 8 4 -6 -7 -8 -9 -10
leaf_value=0.0094903059526623441 -0.006296284960356874 -0.02168686792721565 0.030773236134035913 0.0086461267450096673 -0.01042755809402059 -0.026305182568234563 0.0097113185115245346 -0.014879327255527481 0.0051820297723859021
leaf_weight=8.1460156887769681 8.1119596660137159 8.3499810099601728 13.700761839747431 33.936818212270737 14.237659603357313 9.0770783573389036 13.56337685883045 33.221576362848282 12.968459844589232
leaf_count=33 33 34 59 140 59 38 55 136 54
internal_value=-0.000883771 0.00427626 0.013514 -0.0014193 0.00251911 -0.00837819 -0.00433233 -0.00951827 0.0200818
internal_weight=155.314 91.3056 34.7812 56.5245 48.1745 64.008 54.931 41.3676 26.6692
internal_count=641 379 146 233 199 262 224 169 113
is_linear=0
shrinkage=0.03


Tree=38
num_leaves=8
num_cat=0
split_feature=36 32 35 13 5 12 37
split_gain=4.77088 5.99251 6.24 4.91576 4.3427 3.89721 8.56817
threshold=0.0037357669776730451 0.0018868075655043006 0.016006689504870945 1.1042051758461435 0.11067865475214679 72.265832033237459 0.011524983477861685
decision_type=2 2 2 2 2 2 2
left_child=-1 2 3 -2 -4 6 -3
right_child=1 5 4 -5 -6 -7 -8
leaf_value=-0.017840322590863246 -0.0099213059279097855 0.0045183848774885925 0.018924305790111749 0.013258982561895668 -0.0029027544884217111 0.0074452311717847115 -0.018714608800940093
leaf_weight=11.668153420090674 24.612912878394127 21.809545248746872 32.707222878932953 9.6625131368637067 8.6376409828662855 13.483046516776083 32.511920556426048
leaf_count=48 102 91 136 40 35 55 134
internal_value=-0.000861502 0.000643001 0.00646132 -0.00260236 0.0140947 -0.00563032 -0.00929124
internal_weight=155.093 143.425 75.6203 34.2754 41.3449 67.8045 54.3215
internal_count=641 593 313 142 171 280 225
is_linear=0
shrinkage=0.03


Tree=39
num_leaves=14
num_cat=0
split_feature=21 11 36 14 19 40 3 14 35 11 14 35 22
split_gain=6.45425 6.08785 8.76268 7.44571 5.51438 5.06796 6.95232 5.14999 3.40002 2.85016 2.71303 2.69369 2.62167
threshold=0.015890153470240635 0.015801459741955796 0.0064361885678310355 100.43827618154684 0.13590004277499698 0.028019578847365393 0.027527637858630775 5.408214236801542 0.02950493322693826 0.026472807406517144 -4.82944937364607 0.0061985279760172771 0.19452105974690873
decision_type=2 2 2 2 2 2 2 2 2 2 2 2 2
left_child=5 2 10 11 -4 7 9 -1 -5 -7 -2 -3 -9
right_child=1 3 4 8 -6 6 -8 12 -10 -11 -12 -13 -14
leaf_value=-4.2270094937123877e-05 -0.00391093987555741 0.00079054963687545166 0.024195229115923183 0.0075762319372272855 -0.0039066944780748025 -0.0019837400640346776 -0.019240474229033036 -0.031851577525939735 -0.014228279113892451 0.018264335613896909 -0.032130878453001506 0.02358233431896643 -0.0052000051055285049
leaf_weight=13.850252360105513 7.4336325526237488 7.4846229553222647 7.8976136147975948 10.924879238009455 14.197326123714445 8.12217321991921 8.3932384699583036 13.378366082906725 10.255519345402716 12.835170745849608 7.6814712733030301 25.247164487838745 7.2999304533004752
leaf_count=57 30 32 33 45 59 33 35 55 42 52 31 107 30
internal_value=-0.000835189 0.00415395 -0.00476336 0.0105272 0.00669008 -0.00808983 0.00066678 -0.0155729 -0.00265108 0.0102745 -0.0212075 0.0191482 -0.0243927
internal_weight=155.001 91.1222 37.21 53.9122 22.0949 63.8791 29.3506 34.5285 21.1804 20.9573 15.1151 32.7318 20.6783
internal_count=641 379 153 226 92 262 120 142 87 85 61 139 85
is_linear=0
shrinkage=0.03


Tree=40
num_leaves=7
num_cat=0
split_feature=34 13 21 3 4 26
split_gain=6.06849 7.37678 6.11406 7.49136 4.11668 2.46641
threshold=0.034551093974205867 -9.6252191735795858 0.014582185987422629 0.025475105422068881 0.0018599382614635787 0.24681708299758262
decision_type=2 2 2 2 2 2
left_child=1 -1 5 -4 -2 -3
right_child=4 2 3 -5 -6 -7
leaf_value=-0.022050172562113418 0.00082529755551051553 -0.012228689028554141 0.016998716855481433 -0.00057500216356733613 -0.024302190691879593 0.0019899728233244637
leaf_weight=7.4666938334703437 8.3258852958679217 17.078499630093575 49.778432130813599 34.763605400919914 11.266370624303816 21.470489114522934
leaf_count=31 35 70 208 143 47 88
internal_value=0.000787422 0.00327168 0.0052556 0.00975281 -0.013842 -0.0042319
internal_weight=150.15 130.558 123.091 84.542 19.5923 38.549
internal_count=622 540 509 351 82 158
is_linear=0
shrinkage=0.03


Tree=41
num_leaves=7
num_cat=0
split_feature=34 13 21 3 4 11
split_gain=5.73842 7.01951 5.77455 7.09845 3.93308 1.84584
threshold=0.034551093974205867 -9.6252191735795858 0.014582185987422629 0.025475105422068881 0.0018599382614635787 0.06980353531848639
decision_type=2 2 2 2 2 2
left_child=1 -1 5 -4 -2 -3
right_child=4 2 3 -5 -6 -7
leaf_value=-0.021532892071274654 0.00080538378108119051 -0.00010513510952010043 0.016545325075761549 -0.00055868397725496752 -0.023732878713121689 -0.015836371242554992
leaf_weight=7.4647540599107733 8.3252550810575503 31.175558656454086 49.664777547121048 34.764029443264008 11.238923758268355 7.3539095669984809
leaf_count=31 35 128 208 143 47 30
internal_value=0.000743258 0.00316295 0.00510291 0.00947914 -0.0134891 -0.00411108
internal_weight=149.987 130.423 122.958 84.4288 19.5642 38.5295
internal_count=622 540 509 351 82 158
is_linear=0
shrinkage=0.03


Tree=42
num_leaves=7
num_cat=0
split_feature=34 13 17 11 1 16
split_gain=5.41978 6.675 4.91964 8.31065 7.73886 3.64789
threshold=0.034551093974205867 -9.6252191735795858 2.8908521314164832 0.079261887856045168 0.033474084759824503 -2.9395037731071798
decision_type=2 2 2 2 2 2
left_child=1 -1 3 -3 -4 -2
right_child=5 2 4 -5 -6 -7
leaf_value=-0.021031208282549917 0.0020629384861756165 0.013536005538399988 -0.01640055279130332 -0.0075749318692847588 0.010678089218383464 -0.021981396325509495
leaf_weight=7.4612931907176963 7.1172303110361126 69.280456990003586 19.253336548805237 19.531230121850967 14.764380320906637 12.416728422045706
leaf_count=31 30 287 80 81 61 52
internal_value=0.000692418 0.00304797 0.00494435 0.00866359 -0.00429108 -0.0131463
internal_weight=149.825 130.291 122.829 88.8117 34.0177 19.534
internal_count=622 540 509 368 141 82
is_linear=0
shrinkage=0.03


Tree=43
num_leaves=7
num_cat=0
split_feature=34 13 21 3 23 20
split_gain=5.11836 6.35053 5.48685 6.67658 3.95494 2.71502
threshold=0.034551093974205867 -9.6252191735795858 0.014582185987422629 0.025475105422068881 1.0346288212827306 0.021013424687195515
decision_type=2 2 2 2 2 2
left_child=1 -1 4 -4 -3 -2
right_child=5 2 3 -5 -6 -7
leaf_value=-0.020544375788847012 -0.024803936902999139 -0.01218797100983815 0.015944392727756503 -0.00064380597874848905 0.0060490859569347051 -0.0015126096300688402
leaf_weight=7.4564220905303946 7.6519451141357449 22.209402605891228 49.503091633319855 34.74787063896656 16.316197007894516 11.848808109760283
leaf_count=31 32 91 208 143 67 50
internal_value=0.000650016 0.00294165 0.00479465 0.00907268 -0.0041768 -0.0128067
internal_weight=149.734 130.233 122.777 84.251 38.5256 19.5008
internal_count=622 540 509 351 158 82
is_linear=0
shrinkage=0.03


Tree=44
num_leaves=7
num_cat=0
split_feature=34 13 21 2 37 35
split_gain=4.87439 6.04599 5.17767 7.96897 3.75022 2.40436
threshold=0.034551093974205867 -9.6252191735795858 0.014582185987422629 0.034787944804283828 0.015485414207445427 0.023238875742619961
decision_type=2 2 2 2 2 2
left_child=1 -1 5 -4 -2 -3
right_child=4 2 3 -5 -6 -7
leaf_value=-0.020071699907316082 4.7490755647550176e-05 0.0022292570684531604 0.013882254053035408 -0.0069448745980073591 -0.023706132889750899 -0.011786751725547375
leaf_weight=7.4502455145120612 9.4628864973783511 20.968120828270912 64.577079519629478 19.554340451955795 10.008616805076597 17.540125623345375
leaf_count=31 40 86 271 80 42 72
internal_value=0.000604501 0.00284467 0.0046569 0.00881847 -0.0125345 -0.00405134
internal_weight=149.561 130.09 122.64 84.1314 19.4715 38.5082
internal_count=622 540 509 351 82 158
is_linear=0
shrinkage=0.03


Tree=45
num_leaves=10
num_cat=0
split_feature=36 25 32 13 11 9 13 8 35
split_gain=8.20547 6.73776 6.99065 7.80421 3.76929 2.14339 2.08168 1.52913 0.636771
threshold=0.0088352077389240637 0.36451048951048953 0.010653728892282667 -2.0774928953191956 0.039173065605994102 0.023608057761347761 0.87609422307477314 0.024228644505891836 0.030774233617286265
decision_type=2 2 2 2 2 2 2 2 2
left_child=1 2 3 -1 6 -2 -3 -4 -6
right_child=5 4 7 -5 8 -7 -8 -9 -10
leaf_value=-0.012814086403261645 0.027962677177710428 0.0069278939943280254 -0.0058796482185207687 0.0049356258363801022 0.02556318329922665 0.0030232121302984998 -0.011607023825959493 -0.028392641039575346 0.0062355308391124336
leaf_weight=36.709582388401031 8.2973291277885419 11.099052712321283 7.3066929280757931 49.436920091509819 7.3188067823648435 7.3829701095819464 7.2406588047742835 12.333222776651381 6.9835127145051956
leaf_count=152 35 46 31 205 30 31 30 51 30
internal_value=-0.000415079 -0.00292751 -0.00666905 -0.00257701 0.00845007 0.0187388 -7.41258e-05 -0.0220277 0.0189688
internal_weight=154.109 138.428 105.786 86.1465 32.642 15.6803 18.3397 19.6399 14.3023
internal_count=641 575 439 357 136 66 76 82 60
is_linear=0
shrinkage=0.03


Tree=46
num_leaves=10
num_cat=0
split_feature=16 21 12 0 32 6 37 34 20
split_gain=6.00944 6.79799 7.24077 6.74917 5.8287 4.74508 7.1061 4.52992 1.87416
threshold=15.711682964146359 0.016265472723262054 53.335737982865858 -0.0075389728922328194 0.010438521525478086 0.01456340783271442 0.049272999115988932 0.0015859725736107058 0.025143008380985404
decision_type=2 2 2 2 2 2 2 2 2
left_child=1 5 3 -3 -4 6 -1 -2 -9
right_child=7 2 4 -5 -6 -7 -8 8 -10
leaf_value=-0.0054561892203312074 0.003254168905108826 -0.01703522171725021 0.024525281731240741 0.009419367665368902 -0.0014193797292389951 -0.022082113556755354 0.0230218495481881 -0.031176508323931124 -0.0060369936562192266
leaf_weight=46.789120495319366 7.5981889963150051 12.856477975845339 26.154946506023407 18.540949329733849 9.0242185294628126 9.6722608506679517 7.3687692731618872 8.4595049768686312 7.5531606227159491
leaf_count=192 31 54 110 79 38 41 30 35 31
internal_value=-0.000387993 0.002092 0.00875313 -0.00133545 0.0177481 -0.00468272 -0.000632436 -0.0137648 -0.0221379
internal_weight=154.018 130.407 66.5766 31.3974 35.1792 63.8302 54.1579 23.6109 16.0127
internal_count=641 544 281 133 148 263 222 97 66
is_linear=0
shrinkage=0.03


Tree=47
num_leaves=10
num_cat=0
split_feature=36 25 11 7 0 11 40 9 23
split_gain=7.73502 6.35839 5.15626 8.33218 6.93481 3.57635 2.54313 2.09997 1.62351
threshold=0.0088352077389240637 0.36451048951048953 0.011350167301586779 0.018984547722492414 -0.0083910918320838617 0.039173065605994102 0.005172090982740519 0.023608057761347761 0.97891265373756131
decision_type=2 2 2 2 2 2 2 2 2
left_child=1 2 4 -4 -1 6 -3 -2 -7
right_child=7 5 3 -5 -6 8 -8 -9 -10
leaf_value=-0.033392895245971749 0.027376405905118074 0.010069295619923329 0.0065569502063454457 -0.013951421150233402 -0.00484843154878512 0.0039274691968307351 -0.010178365605706945 0.0027508212378399895 0.027561797872016115
leaf_weight=11.119087085127829 8.2482378929853422 8.4153894931077975 42.813983589410782 27.348913446068764 24.324601173400879 7.2165954709053022 9.900406286120413 7.3662646859884253 7.053535133600235
leaf_count=46 35 35 178 114 101 30 41 31 30
internal_value=-0.000388493 -0.00283078 -0.0064711 -0.00139429 -0.0155091 0.00822527 -6.15802e-05 0.0182421 0.0184835
internal_weight=153.807 138.193 105.607 70.1629 35.4437 32.5859 18.3158 15.6145 14.2701
internal_count=641 575 439 292 147 136 76 66 60
is_linear=0
shrinkage=0.03


Tree=48
num_leaves=9
num_cat=0
split_feature=36 11 33 0 37 21 2 2
split_gain=7.3903 5.98117 8.3694 6.67888 6.44336 5.76414 4.32054 1.74918
threshold=0.0088352077389240637 0.011350167301586779 0.62332130198679814 -0.0083910918320838617 0.021034436601869214 0.016265472723262054 0.0031553320731474437 0.01023258561766527
decision_type=2 2 2 2 2 2 2 2
left_child=1 3 6 -1 -5 -4 -3 -2
right_child=7 2 5 4 -6 -7 -8 -9
leaf_value=-0.028305924605455876 0.026402875218609848 0.0051708272923148514 -0.013625981801325557 0.0088892609400464152 -0.015662058833229752 0.003985437955186113 0.030731156482763665 0.0032516300205126026
leaf_weight=12.77225126326084 8.1653496474027616 21.314494490623478 30.068183690309525 16.853963240981102 17.111494719982147 31.644512221217155 8.3095376789569837 7.4006769061088553
leaf_count=53 35 89 125 70 71 132 35 31
internal_value=-0.00036238 -0.00275113 0.0016018 -0.0112822 -0.00324555 -0.00451829 0.0143049 0.0178732
internal_weight=153.64 138.074 91.3367 46.7377 33.9655 61.7127 29.624 15.566
internal_count=641 575 381 194 141 257 124 66
is_linear=0
shrinkage=0.03


Tree=49
num_leaves=8
num_cat=0
split_feature=36 10 35 14 14 20 9
split_gain=7.05523 5.34765 4.90046 8.0744 7.31905 4.72923 2.03742
threshold=0.0088352077389240637 0.040918417127674196 -0.020838955077919438 1.0000000180025095e-35 -8.8972375512732906 0.02537394738022386 0.023608057761347761
decision_type=2 2 2 2 2 2 2
left_child=1 2 3 -1 -4 -3 -2
right_child=6 5 4 -5 -6 -7 -8
leaf_value=0.0072170111455815422 0.026521456377915437 -0.027373631620572748 -0.012769801376992209 -0.026345910841532396 0.0075106608438297905 -0.00035003922465611642 0.0023656253088665488
leaf_weight=9.3575845062732714 8.1671149581670743 11.431146159768106 17.986725673079491 12.580183461308478 74.113397777080536 12.443635076284407 7.3591622412204734
leaf_count=39 35 47 75 52 311 51 31
internal_value=-0.000332305 -0.00266909 0 -0.0119961 0.00320335 -0.0149843 0.0175044
internal_weight=153.439 137.913 114.038 21.9378 92.1001 23.8748 15.5263
internal_count=641 575 477 91 386 98 66
is_linear=0
shrinkage=0.03


end of trees

feature_importances:
volatility=44
ma_20_60_cross=37
return_5d=20
bb_bandwidth=20
macro_usdjpy_ret_20=20
macro_usdjpy_vol_20=19
macro_topix_ret_20=18
macro_topix_vol_20=17
ma_5_20_cross=16
macro_nikkei_ret_20=16
return_20d=15
div_ma_10=15
div_ma_60=15
atr_pct=14
macd=12
macd_signal=12
vol_ratio=12
rsi_change=11
vol_change=11
upper_shadow_pct=11
macro_usdjpy_ret_60=11
return_1d=10
month=10
macd_hist=7
gap=7
return_10d=6
price_position_20d=6
return_3d=5
lower_shadow_pct=5
return_2d=4
div_ma_20=4
rsi=4
macd_hist_change=4
candle_body_pct=4
div_ma_5=2
bb_pct_b=2

parameters:
[boosting: gbdt]
[objective: binary]
[metric: binary_logloss]
[tree_learner: serial]
[device_type: cpu]
[data_sample_strategy: bagging]
[data: ]
[valid: ]
[num_iterations: 50]
[learning_rate: 0.03]
[num_leaves: 15]
[num_threads: 0]
[seed: 42]
[deterministic: 0]
[force_col_wise: 0]
[force_row_wise: 0]
[histogram_pool_size: -1]
[max_depth: 4]
[min_data_in_leaf: 30]
[min_sum_hessian_in_leaf: 0.001]
[bagging_fraction: 0.7]
[pos_bagging_fraction: 1]
[neg_bagging_fraction: 1]
[bagging_freq: 5]
[bagging_seed: 400]
[bagging_by_query: 0]
[feature_fraction: 0.6]
[feature_fraction_bynode: 1]
[feature_fraction_seed: 30056]
[extra_trees: 0]
[extra_seed: 12879]
[early_stopping_round: 0]
[early_stopping_min_delta: 0]
[first_metric_only: 0]
[max_delta_step: 0]
[lambda_l1: 0.5]
[lambda_l2: 2]
[linear_lambda: 0]
[min_gain_to_split: 0]
[drop_rate: 0.1]
[max_drop: 50]
[skip_drop: 0.5]
[xgboost_dart_mode: 0]
[uniform_drop: 0]
[drop_seed: 17869]
[top_rate: 0.2]
[other_rate: 0.1]
[min_data_per_group: 100]
[max_cat_threshold: 32]
[cat_l2: 10]
[cat_smooth: 10]
[max_cat_to_onehot: 4]
[top_k: 20]
[monotone_constraints: ]
[monotone_constraints_method: basic]
[monotone_penalty: 0]
[feature_contri: ]
[forcedsplits_filename: ]
[refit_decay_rate: 0.9]
[cegb_tradeoff: 1]
[cegb_penalty_split: 0]
[cegb_penalty_feature_lazy: ]
[cegb_penalty_feature_coupled: ]
[path_smooth: 0]
[interaction_constraints: ]
[verbosity: -1]
[saved_feature_importance_type: 0]
[use_quantized_grad: 0]
[num_grad_quant_bins: 4]
[quant_train_renew_leaf: 0]
[stochastic_rounding: 1]
[linear_tree: 0]
[max_bin: 255]
[max_bin_by_feature: ]
[min_data_in_bin: 5]
[bin_construct_sample_cnt: 200000]
[data_random_seed: 175]
[is_enable_sparse: 1]
[enable_bundle: 1]
[use_missing: 1]
[zero_as_missing: 0]
[feature_pre_filter: 1]
[pre_partition: 0]
[two_round: 0]
[header: 0]
[label_column: ]
[weight_column: ]
[group_column: ]
[ignore_column: ]
[categorical_feature: ]
[forcedbins_filename: ]
[precise_float_parser: 0]
[parser_config_file: ]
[objective_seed: 16083]
[num_class: 1]
[is_unbalance: 0]
[scale_pos_weight: 1]
[sigmoid: 1]
[boost_from_average: 1]
[reg_sqrt: 0]
[alpha: 0.9]
[fair_c: 1]
[poisson_max_delta_step: 0.7]
[tweedie_variance_power: 1.5]
[lambdarank_truncation_level: 30]
[lambdarank_norm: 1]
[label_gain: ]
[lambdarank_position_bias_regularization: 0]
[eval_at: ]
[multi_error_top_k: 1]
[auc_mu_weights: ]
[num_machines: 1]
[local_listen_port: 12400]
[time_out: 120]
[machine_list_filename: ]
[machines: ]
[gpu_platform_id: -1]
[gpu_device_id: -1]
[gpu_use_dp: 0]
[num_gpu: 1]

end of parameters

pandas_categorical:[]
