tree
version=v4
num_class=1
num_tree_per_iteration=1
label_index=0
max_feature_idx=44
objective=binary sigmoid:1
feature_names=return_1d return_2d return_3d return_5d return_10d return_20d div_ma_5 div_ma_10 div_ma_20 div_ma_60 ma_5_20_cross ma_20_60_cross rsi rsi_change macd macd_signal macd_hist macd_hist_change bb_pct_b bb_bandwidth atr_pct volatility vol_change vol_ratio candle_body_pct upper_shadow_pct lower_shadow_pct day_of_week month is_month_end is_month_start streak gap price_position_20d macro_usdjpy_ret_20 macro_usdjpy_ret_60 macro_usdjpy_vol_20 macro_topix_ret_20 macro_topix_vol_20 macro_topix_above_200dma macro_nikkei_ret_20 macro_nikkei_above_200dma macro_nikkei_vi macro_jgb10y macro_bias_score
feature_infos=[-0.092175777063236874:0.05887300252312877] [-0.087612208258527779:0.07222987600865971] [-0.075999999999999956:0.088159031979256675] [-0.092626447288238878:0.1065699846187651] [-0.083652762119503898:0.12390177968010807] [-0.10703953712632597:0.16192253849743343] [-0.065087015710659002:0.052191717855501273] [-0.0611996132991467:0.071290530384367612] [-0.080854741303922839:0.096110116333996062] [-0.078317529075587367:0.11153406928054825] [-0.059104452819219166:0.073237597911227192] [-0.042959315434176193:0.063612352364657232] [9.5238095238095184:96.185737976782747] [-30.399603996039957:32.655576093653721] [-52.232901527136164:67.510275948619437] [-43.048875639360233:60.441132044570502] [-32.147804779361195:30.325410441969133] [-14.794621553313974:11.056882830134782] [-0.24308585929544066:1.3025328044327678] [0.024907570753843877:0.2101969626993013] [0.0092061899985671301:0.034267737767541148] [0.0063799594876531914:0.025612508757306626] [-0.8982052355718555:4.8757793200799906] [0.53104141619838496:2.1349005121316429] [-1:1] [0:0.96226415094339623] [0:0.9838709677419355] [0:4] [1:12] none [0:1] [-9:10] [-0.099678456591639875:0.045836837678721709] [0:1] [-0.10288784967882303:0.071219898375910473] [-0.13986255140503889:0.13160084488587853] [0.0013477040299661059:0.011841457708833433] [-0.21871130063915301:0.21255316252998058] [0.0039190401412919932:0.040640975235326532] [0:1] [-0.22859537662338159:0.23022297972565586] [0:1] none none none
tree_sizes=1276 1097 1176 1195 1101 1303 1310 1264 1311 1282 1415 1098 1311 953 1099 997 1524 1394 994 1210 1282 875 872 1204 1303 1300 995 1426 1202 1394 1282 1100 1282 1314 1158 1418 1161 1306 1289 1416 1189 1296 972 1418 1398 1400 1098 1318 1484 1312

Tree=0
num_leaves=11
num_cat=0
split_feature=37 7 27 1 31 34 15 5 28 17
split_gain=17.5088 7.77183 6.6865 6.74693 6.28955 7.1721 5.57425 11.659 3.84016 3.02671
threshold=0.025963254658036065 -0.016775139922287862 1.5000000000000002 0.004472331831973376 1.5000000000000002 0.017866425470434603 29.088539615387525 0.039200084770932959 9.5000000000000018 1.9434446267959802
decision_type=2 2 2 2 2 2 2 2 2 2
left_child=2 -2 4 8 5 -1 7 -3 -4 -5
right_child=1 6 3 9 -6 -7 -8 -9 -10 -11
leaf_value=-0.30213214895382773 -0.27138791106585664 -0.30253622108101957 -0.27310477792172905 -0.2963891858067364 -0.26565487497573514 -0.27138791106585664 -0.31777168577463882 -0.27045896239625161 -0.24863185051332962 -0.27287553562702016
leaf_weight=20.335756078362468 7.5952823907136908 37.976411953568459 19.110710531473163 8.330309718847273 8.085300609469412 7.5952823907136908 12.005446359515188 11.515428140759466 12.250455468893049 7.3502732813358298
leaf_count=83 31 155 78 34 33 31 49 47 50 30
internal_value=-0.285486 -0.296548 -0.276394 -0.269156 -0.285763 -0.292954 -0.300206 -0.294526 -0.261519 -0.284488
internal_weight=152.151 69.0926 83.0581 47.0417 36.0163 27.931 61.4973 49.4918 31.3612 15.6806
internal_count=621 282 339 192 147 114 251 202 128 64
is_linear=0
shrinkage=1


Tree=1
num_leaves=9
num_cat=0
split_feature=20 38 4 7 40 35 3 25
split_gain=13.6983 21.1282 9.40966 9.40951 7.74023 5.87998 3.44434 2.90662
threshold=0.012643422889640004 0.011248583763073984 0.0072855168146415137 -0.021790083833561371 0.020047743730173265 0.02922560759812565 0.01614651541692114 0.15919147224456962
decision_type=2 2 2 2 2 2 2 2
left_child=5 3 7 -2 -5 -1 -4 -3
right_child=1 2 6 4 -6 -7 -8 -9
leaf_value=0.0023102456543756689 0.013484612654509513 0.0037577360737182327 -0.016713068872170122 -0.0032062556770585077 -0.022589513990791246 0.040467201005849732 0.007185163651519496 0.029242754965643505
leaf_weight=7.8398685455322248 9.3230158388614637 7.5930054336786297 8.0767031908035296 32.596415102481842 51.380020782351494 7.3506281971931458 9.0595459789037687 18.87664070725441
leaf_count=32 38 31 33 133 210 30 37 77
internal_value=-0.000943247 -0.00415014 0.0125552 -0.0122148 -0.0154898 0.0242068 -0.00386429 0.0232366
internal_weight=152.096 136.905 43.6059 93.2995 83.9764 15.1905 17.1362 26.4696
internal_count=621 559 178 381 343 62 70 108
is_linear=0
shrinkage=0.03


Tree=2
num_leaves=10
num_cat=0
split_feature=37 20 38 38 3 38 14 3 32
split_gain=15.999 18.9836 11.3135 8.3587 8.29828 8.14385 4.29524 8.32937 4.2784
threshold=0.025963254658036065 0.013126218280358594 0.0099095805390758147 0.012820528176182655 -0.020905353030155668 0.011976796542530409 -19.740908009250003 -0.0026876290927887454 0.0023909910984618592
decision_type=2 2 2 2 2 2 2 2 2
left_child=5 -2 4 -4 -3 6 -1 -8 -7
right_child=1 2 3 -5 -6 8 7 -9 -10
leaf_value=0.014699846364605564 0.020631355574050908 0 0.015655074690701778 -0.019678724874544692 -0.034765240409675616 0.031055291137298831 -0.016246170601448812 0.0083874386903890503 0.0025374073659710818
leaf_weight=14.467605486512182 11.515660837292669 7.3431742638349524 11.245528504252436 9.0434492826461774 29.720480144023895 14.751612797379495 21.078466191887856 24.027330249547958 8.8369583487510663
leaf_count=59 47 30 46 37 122 60 86 98 36
internal_value=-0.000883459 -0.0114895 -0.0186696 0 -0.0281112 0.00778706 0.00138757 -0.00300672 0.0219912
internal_weight=152.03 68.8683 57.3526 20.289 37.0637 83.162 59.5734 45.1058 23.5886
internal_count=621 282 235 83 152 339 243 184 96
is_linear=0
shrinkage=0.03


Tree=3
num_leaves=10
num_cat=0
split_feature=20 38 4 9 27 3 35 3 17
split_gain=12.5574 19.1593 8.74728 8.33996 6.40107 5.691 5.55143 3.2358 2.41026
threshold=0.012643422889640004 0.011248583763073984 0.0072855168146415137 -0.025523693711573217 1.5000000000000002 0.026720775062847871 0.02922560759812565 0.01614651541692114 0.68567082656522171
decision_type=2 2 2 2 2 2 2 2 2
left_child=6 3 8 4 -2 -5 -1 -4 -3
right_child=1 2 7 5 -6 -7 -8 -9 -10
leaf_value=0.0019538414635700643 -0.014258188230367796 0.028154045334972084 -0.016343294018516485 -0.020215307195531825 0.015938852347250902 0.0014184828943261099 0.038906385456256916 0.0068021392230240823 0.0048878430910778304
leaf_weight=7.8559379279613477 8.2980828434228915 18.223061159253124 8.0551424622535723 59.487745180726051 13.730389460921286 11.464329108595846 7.4037061780691147 9.0774926096200925 8.356646925210951
leaf_count=32 34 74 33 244 56 47 30 37 34
internal_value=-0.000837155 -0.00392236 0.0119442 -0.011634 0.00369946 -0.0165711 0.0231825 -0.00386687 0.022218
internal_weight=151.953 136.693 43.7123 92.9805 22.0285 70.9521 15.2596 17.1326 26.5797
internal_count=621 559 178 381 90 291 62 70 108
is_linear=0
shrinkage=0.03


Tree=4
num_leaves=9
num_cat=0
split_feature=20 38 4 28 3 11 35 10
split_gain=11.9388 18.1199 8.43761 8.91857 8.07234 7.71542 5.24455 2.61322
threshold=0.012643422889640004 0.011248583763073984 -0.0067724924827293189 7.5000000000000009 -0.030264364760074432 0.0027279709575988025 0.02922560759812565 -0.0096207426933797562
decision_type=2 2 2 2 2 2 2 2
left_child=6 4 7 -4 -2 -6 -1 -3
right_child=1 2 3 -5 5 -7 -8 -9
leaf_value=0.0019067185191572126 0.014364653569199045 0.010038326516746186 -0.016083906200927863 0.015989090130458641 -0.0043580222012594783 -0.02302145886206931 0.037865349939121183 0.039439445781926874
leaf_weight=7.8579852879047376 7.8438749611377707 8.8695401996374148 12.745458066463472 14.494184657931326 42.686717078089714 42.269852623343468 7.4335515946149826 7.6546309292316428
leaf_count=32 32 36 52 59 175 174 30 31
internal_value=-0.000780273 -0.00379644 0.0116128 0.000395437 -0.0113132 -0.0141324 0.0226123 0.0272555
internal_weight=151.856 136.564 43.7638 27.2396 92.8004 84.9566 15.2915 16.5242
internal_count=621 559 178 111 381 349 62 67
is_linear=0
shrinkage=0.03


Tree=5
num_leaves=11
num_cat=0
split_feature=23 37 34 16 20 4 19 2 23 12
split_gain=14.8788 14.3171 11.6572 9.2941 5.9201 5.69509 8.86413 4.2216 3.76166 2.49627
threshold=1.1052927961062198 0.029455473707383776 0.018946996336555836 -4.2088922976382142 0.013429471938410391 0.032709818499890637 0.052036696864199185 -0.015029187902689976 0.94915211686390066 38.218897839151005
decision_type=2 2 2 2 2 2 2 2 2 2
left_child=1 2 3 -1 -3 6 -2 -6 -4 -8
right_child=5 4 8 -5 7 -7 9 -9 -10 -11
leaf_value=0.011747904776861474 -0.0021327166894690016 0.0030901348176171563 0.032414479383185334 -0.013934883500135395 -0.0011290622408084237 -0.0023006576743144647 0.011045613602171661 -0.028016465987776455 0.0032023824396959135 0.038669127212760515
leaf_weight=18.400329917669296 8.780114486813547 8.2958498299121839 11.307630658149721 30.601760849356651 8.0316079407930356 10.007540062069891 8.3367601484060305 27.840794712305069 8.1111500561237317 14.71034552156925
leaf_count=75 36 34 46 125 33 41 34 115 33 60
internal_value=0.00091603 -0.00468147 0.0037503 -0.00391436 -0.0176646 0.0158489 0.0217978 -0.0227701 0.0223514 0.0309557
internal_weight=154.424 112.589 68.4209 49.0021 44.1683 41.8348 31.8272 35.8724 19.4188 23.0471
internal_count=632 461 279 200 182 171 130 148 79 94
is_linear=0
shrinkage=0.03


Tree=6
num_leaves=11
num_cat=0
split_feature=34 37 38 1 3 13 21 16 13 24
split_gain=12.6009 15.1417 10.9905 10.9657 8.80887 8.02083 6.94479 9.00074 5.16341 4.49159
threshold=0.018946996336555836 0.059064285178783378 0.010318862220186997 0.011298854736802923 -0.015881801700808326 7.2399161471039806 0.011744106747569477 -2.7770585173764757 -2.2334736477050785 -0.53434343434343423
decision_type=2 2 2 2 2 2 2 2 2 2
left_child=2 6 4 9 8 -6 7 -2 -1 -4
right_child=1 -3 3 -5 5 -7 -8 -9 -10 -11
leaf_value=0.021180793158768075 -0.013845790171570284 -0.019166099419586389 -0.0013936162054349259 -0.016215493499072513 -0.025303031359065174 0.0060649774335191815 0.040000735409427342 0.020814381525114382 -0.0088000153168752079 0.021393373754234619
leaf_weight=7.3485073745250729 7.3291866779327384 8.4274515211582166 9.0742803514003736 12.000035479664801 37.105277106165886 7.3043869882822028 11.260526135563849 21.405027702450756 9.0345568805932981 24.084497034549713
leaf_count=30 30 35 37 49 153 30 46 87 37 98
internal_value=0.000908122 0.0133586 -0.00478513 0.00605581 -0.0130134 -0.0197815 0.0211556 0.0111599 0.00467303 0.0150063
internal_weight=154.374 48.4222 105.952 45.1588 60.7927 44.4097 39.9947 28.7342 16.3831 33.1588
internal_count=632 198 434 184 250 183 163 117 67 135
is_linear=0
shrinkage=0.03


Tree=7
num_leaves=11
num_cat=0
split_feature=23 37 34 16 20 3 19 6 23 33
split_gain=13.996 13.3315 10.4273 8.69014 5.6211 5.2277 4.53119 5.31832 3.59163 2.18108
threshold=1.1052927961062198 0.029455473707383776 0.018946996336555836 -4.2088922976382142 0.013429471938410391 -0.017948865913812836 0.046689877222038302 0.013913546390276791 0.94915211686390066 0.19803274472827023
decision_type=2 2 2 2 2 2 2 2 2 2
left_child=1 2 3 -1 -3 -6 -2 9 -4 -8
right_child=6 4 8 -5 5 -7 7 -9 -10 -11
leaf_value=0.011420697499392779 -0.0025467772098556702 0.0030544957005076445 0.030878133559862731 -0.013416537558639146 0 -0.028049279977570708 0.0076133616549443209 0 0.0025782788235088586 0.033150758434397853
leaf_weight=18.41953806579113 8.2812493890523893 8.2943379580974561 11.374773666262628 30.505489066243172 8.2699366211891157 27.413469895720482 7.3742755353450802 9.5374043583869916 8.1357349604368192 16.712822884321213
leaf_count=75 34 34 46 125 34 114 30 39 33 68
internal_value=0.000883888 -0.00455242 0.0035666 -0.00368985 -0.0171185 -0.0221189 0.0153516 0.0200763 0.0211116 0.0270906
internal_weight=154.319 112.413 68.4355 48.925 43.9777 35.6834 41.9058 33.6245 19.5105 24.0871
internal_count=632 461 279 200 182 148 171 137 79 98
is_linear=0
shrinkage=0.03


Tree=8
num_leaves=11
num_cat=0
split_feature=23 37 23 38 1 27 17 11 40 24
split_gain=13.2186 12.6683 9.25183 7.5807 9.05751 6.61106 5.21845 4.30836 3.48422 0.618478
threshold=1.1052927961062198 0.029455473707383776 0.85299106785321255 0.0072728863065724203 0.0069696642919816485 1.5000000000000002 0.29855188618210354 0.014106249276271578 -0.0075819762415798566 0.11679454390451834
decision_type=2 2 2 2 2 2 2 2 2 2
left_child=1 2 8 -2 -5 -4 7 -3 -1 -8
right_child=3 6 5 4 -6 -7 9 -9 -10 -11
leaf_value=0.0022176655730128834 -0.0061782487671116233 0.0043093377929626841 -0.017444791951589964 0.034610735771886419 0.0017267146832568897 0.0049816701512714395 -0.013231277900516749 -0.018300279519775052 0.026366628911456965 -0.035677551955330532
leaf_weight=10.834828808903696 9.749166935682295 13.569884598255159 18.572570368647575 18.263970866799355 13.959722474217413 24.795939564704895 8.4027472436428088 11.995118737220762 14.229460269212721 9.8608975112438184
leaf_count=44 40 56 76 74 57 101 35 50 58 41
internal_value=0.00087993 -0.00440957 0.00349246 0.0149256 0.0217367 -0.00463748 -0.0166889 -0.00631303 0.017417 -0.0284159
internal_weight=154.234 112.261 68.4328 41.9729 32.2237 43.3685 43.8286 25.565 25.0643 18.2636
internal_count=632 461 279 171 131 177 182 106 102 76
is_linear=0
shrinkage=0.03


Tree=9
num_leaves=11
num_cat=0
split_feature=23 34 25 13 8 12 20 25 40 22
split_gain=12.5094 11.4429 10.996 10.765 8.53635 8.06134 5.67492 5.65282 3.2671 3.48508
threshold=1.1052927961062198 0.018946996336555836 0.46247654784240161 -2.3364029621068982 0.0047085423881058569 44.074200572087271 0.014173246638739383 0.42933947772657455 0.059297355042664097 0.037287683827642588
decision_type=2 2 2 2 2 2 2 2 2 2
left_child=1 2 3 -1 5 -3 -6 8 9 -2
right_child=7 4 -4 -5 6 -7 -8 -9 -10 -11
leaf_value=0.00024331437297925535 0.034547474853223618 0 0.013085709309367912 -0.02458928047633404 0.012596023054868137 0.0382704115957644 -0.017898587903001566 -0.0039229827747817268 0.00059067567089288241 0.0079701771382081413
leaf_weight=22.639060497283936 14.287867471575739 7.5742859393358257 12.194130539894102 41.654605403542519 7.4087484627962139 10.073892921209334 10.606848150491713 9.5614261329174024 7.5816626846790305 10.596588581800459
leaf_count=93 58 31 50 172 30 41 44 39 31 43
internal_value=0.000846684 -0.0043028 -0.0108514 -0.0158754 0.00917402 0.0230383 -0.00460301 0.0145002 0.0202739 0.0252228
internal_weight=154.179 112.152 76.4878 64.2937 35.6638 17.6482 18.0156 42.0275 32.4661 24.8845
internal_count=632 461 315 265 146 72 74 171 132 101
is_linear=0
shrinkage=0.03


Tree=10
num_leaves=12
num_cat=0
split_feature=15 28 15 21 4 20 19 11 19 35 19
split_gain=11.4321 10.2688 10.0764 12.7045 8.77481 7.51658 7.43272 8.71339 7.32313 5.00702 2.86033
threshold=8.0424258299424878 7.5000000000000009 -15.312294090968981 0.0096719170716792983 0.013860858878541384 0.017222786032576421 0.05514722187826928 -0.013627285529055009 0.060682899203750272 0.017194092612075277 0.12598720684207226
decision_type=2 2 2 2 2 2 2 2 2 2 2
left_child=2 9 6 -4 -5 8 -1 -8 -3 10 -2
right_child=1 5 3 4 -6 -7 7 -9 -10 -11 -12
leaf_value=-0.026519755156793414 -0.039964887188370553 0.0087832904024044093 0.036883732812032249 0.014010296860266289 -0.013287920887133778 0.019212486675142162 0.014701899142970839 -0.02031892009450386 -0.02487647968271308 -0.001577478258871691 -0.0092982139780204733
leaf_weight=8.9372749924659711 11.347986310720449 8.7788981497287804 14.518231078982351 30.608657747507095 13.401764392852781 11.725136324763296 16.944239646196365 7.5247351229190853 10.200290769338606 8.9036912322044355 7.2454401701688758
leaf_count=37 47 36 59 125 55 48 69 31 42 37 30
internal_value=0.000194788 -0.00991254 0.00682796 0.0142322 0.00515534 0.0016777 -0.00579191 0.002644 -0.00923897 -0.0225994 -0.0308068
internal_weight=150.136 58.2014 91.9349 58.5287 44.0104 30.7043 33.4062 24.469 18.9792 27.4971 18.5934
internal_count=616 240 376 239 180 126 137 100 78 114 77
is_linear=0
shrinkage=0.03


Tree=11
num_leaves=9
num_cat=0
split_feature=7 34 14 22 21 35 12 32
split_gain=10.8883 11.9941 6.92383 6.48901 5.80362 5.77842 5.20898 5.14291
threshold=-0.017979055976356923 0.021068302365709671 24.269859325504289 0.020493186175877257 0.0096719170716792983 0.045086611813054851 34.357223770015004 -0.0015538366959190195
decision_type=2 2 2 2 2 2 2 2
left_child=6 3 4 7 -3 -5 -1 -2
right_child=1 2 -4 5 -6 -7 -8 -9
leaf_value=0.035577899889334914 -0.014471376569523076 0.033227926226548535 -0.012097479147815615 -0.022233799153272692 0.0055768788143930334 0.0029183077061733904 0.0010190260834698208 0.0049923323663231649
leaf_weight=8.6648427844047564 15.748564839363096 10.895126998424532 7.2045442461967459 34.117827892303467 20.344313755631447 8.788610026240347 7.8832046687602988 36.43070250749588
leaf_count=35 65 44 30 141 83 36 32 150
internal_value=0.000162434 -0.00269167 0.0109222 -0.008462 0.0170908 -0.0168473 0.0218084 -0.000922628
internal_weight=150.078 133.53 38.444 95.0857 31.2394 42.9064 16.548 52.1793
internal_count=616 549 157 392 127 177 67 215
is_linear=0
shrinkage=0.03


Tree=12
num_leaves=11
num_cat=0
split_feature=37 20 28 12 3 38 38 23 22 9
split_gain=14.0805 12.091 8.48264 9.07089 7.91119 6.36869 5.66018 4.17051 4.03518 1.26189
threshold=0.026234603403083815 0.013179594674887071 7.5000000000000009 34.099718111346029 -0.022400087803870313 0.011248583763073984 0.0095976292058590398 0.98264531651710396 -0.09831644232165275 0.021013994497781022
decision_type=2 2 2 2 2 2 2 2 2 2
left_child=2 -2 3 -1 -3 7 -6 -4 -5 -7
right_child=1 4 5 8 6 9 -8 -9 -10 -11
leaf_value=0.025226374429154524 0.019481546323525872 0.0069067159643798771 0.017555958683006186 0.0055256035701141196 -0.028933719375546715 0.041061343783832811 -0.0062404269652325669 -0.0068129896799417966 -0.013661735165736216 0.015067203344470953
leaf_weight=7.8768222779035559 8.6014774590730649 10.03262013196945 10.283554449677469 12.767905995249746 27.096860691905022 8.2078655511140841 20.049896851181984 10.308311387896536 25.117112815380096 9.6447511017322523
leaf_count=32 35 41 42 52 114 33 83 42 103 39
internal_value=0.000176625 -0.00995623 0.00831362 -0.000203275 -0.0151468 0.0183312 -0.0202349 0.0051697 -0.00686637 0.0307064
internal_weight=149.987 65.7809 84.2063 45.7618 57.1794 38.4445 47.1468 20.5919 37.885 17.8526
internal_count=616 273 343 187 238 156 197 84 155 72
is_linear=0
shrinkage=0.03


Tree=13
num_leaves=8
num_cat=0
split_feature=40 34 7 23 16 9 0
split_gain=10.4511 9.27667 10.308 5.79059 3.09671 4.97354 2.56407
threshold=0.07418991112433472 0.021068302365709671 -0.017854859844446808 0.76027675264625816 -2.9888965996146299 0.026727449062703513 -0.0018859901445789082
decision_type=2 2 2 2 2 2 2
left_child=1 2 -1 -4 -3 -6 -2
right_child=6 4 3 -5 5 -7 -8
leaf_value=0.021680031292159986 -0.0032117223612915273 0 0.01208808247144574 -0.0088424036486505261 0.028383751177333758 0 -0.026471841185245079
leaf_weight=12.87319904565811 9.3509250730276126 7.3647121042013159 11.930564641952513 69.514164105057716 19.336492195725445 7.3432524800300589 12.122864887118338
leaf_count=52 39 30 49 287 78 30 51
internal_value=0.000206317 0.00361792 -0.00115775 -0.00538037 0.0165949 0.0210543 -0.0181187
internal_weight=149.836 128.362 94.3179 81.4447 34.0445 26.6797 21.4738
internal_count=616 526 388 336 138 108 90
is_linear=0
shrinkage=0.03


Tree=14
num_leaves=9
num_cat=0
split_feature=7 34 22 3 7 35 31 5
split_gain=9.78792 10.6335 6.16434 5.424 7.3568 5.31372 4.93344 3.70515
threshold=-0.017979055976356923 0.021068302365709671 0.020493186175877257 -0.0023992330955575065 0.015227223369504198 0.045086611813054851 2.5000000000000004 -0.040492662993771404
decision_type=2 2 2 2 2 2 2 2
left_child=7 2 6 -3 -5 -4 -2 -1
right_child=1 3 5 4 -6 -7 -8 -9
leaf_value=0.032075221919173925 -0.0048207530835932075 -0.0060796152850000331 -0.021355301165126839 0.02873909017572232 -0.00070611464502291158 0.0027348926193581677 0.019066963790135196 0.0019377867492860494
leaf_weight=8.9488656818866747 44.76117280125618 10.701662033796309 33.87720613181591 16.540709912776951 11.187699839472769 8.7879321575164777 7.2810000628232947 7.6468142718076697
leaf_count=36 185 44 141 67 46 36 30 31
internal_value=0.000204717 -0.00250721 -0.0079635 0.010297 0.0171059 -0.0161572 -0.000619212 0.0206973
internal_weight=149.733 133.137 94.7073 38.4301 27.7284 42.6651 52.0422 16.5957
internal_count=616 549 392 157 113 177 215 67
is_linear=0
shrinkage=0.03


Tree=15
num_leaves=8
num_cat=0
split_feature=20 38 28 5 17 3 35
split_gain=10.5904 14.9415 9.40119 8.73663 8.02285 7.46701 7.49412
threshold=0.012388861961504837 0.0099852428188363287 7.5000000000000009 0.035535590213594655 -1.8407010211993124 -0.022400087803870313 0.016635913035497277
decision_type=2 2 2 2 2 2 2
left_child=-1 5 4 -4 -3 -2 -7
right_child=1 2 3 -5 -6 6 -8
leaf_value=0.025396696057464203 0.0062027359248216767 0.019415692166930263 0.028066833193563585 -0.0016710418111393797 -0.011948599730721616 -0.027832278263861244 -0.0054237046198783914
leaf_weight=11.633817330002783 14.494982093572615 7.8539326041936866 23.213769063353539 11.99607080221176 25.536391049623489 26.428882017731667 31.692226529121399
leaf_count=47 59 32 94 49 105 111 132
internal_value=3.98639e-05 -0.00226986 0.00752948 0.0179867 -0.00346706 -0.011682 -0.0164498
internal_weight=152.85 141.216 68.6002 35.2098 33.3903 72.6161 58.1211
internal_count=629 582 280 143 137 302 243
is_linear=0
shrinkage=0.03


Tree=16
num_leaves=13
num_cat=0
split_feature=28 38 35 35 35 35 36 3 3 10 38 12
split_gain=9.10372 11.4185 17.6947 11.3838 7.38746 20.8357 8.16562 4.77421 4.66914 4.19165 4.17424 3.5309
threshold=7.5000000000000009 0.0094367620122603035 0.037489248010916583 0.062461460225692551 0.011228178378254518 0.037808450226165975 0.0075939025374576917 0.01061219471493269 -0.016847679222515951 0.01622077615752571 0.010858242968315694 36.706307146592053
decision_type=2 2 2 2 2 2 2 2 2 2 2 2
left_child=4 2 11 9 6 10 8 -7 -1 -3 -6 -2
right_child=1 3 -4 -5 5 7 -8 -9 -10 -11 -12 -13
leaf_value=-0.0013294579115478761 -0.0055763319011541013 0.033856367499316947 0.022819770499692579 -0.010094076086107509 0.02999695913793651 -0.026771627689506319 0.0021202192854198059 0.00033218777037433703 -0.031823523631561032 0.0068350783019979619 0.0026824980318060883 -0.036189298671940581
leaf_weight=7.327042460441592 8.2530777603387886 21.044985830783848 9.5766180604696256 8.1396103203296644 14.338313460350038 14.978368476033213 14.188915073871611 7.2197802513837805 19.077287957072258 10.218757435679434 9.7770793139934522 8.5670604407787305
leaf_count=30 34 85 39 33 59 62 59 30 80 42 40 36
internal_value=4.7566e-05 0.00842141 -0.00617723 0.0183895 -0.00617066 0.00176381 -0.0152332 -0.0180376 -0.0245791 0.0264172 0.0205508 -0.0241544
internal_weight=152.707 65.8001 26.3968 39.4034 86.9068 46.3135 40.5932 22.1981 26.4043 31.2637 24.1154 16.8201
internal_count=629 269 109 160 360 191 169 92 110 127 99 70
is_linear=0
shrinkage=0.03


Tree=17
num_leaves=12
num_cat=0
split_feature=28 38 11 11 10 17 34 16 6 4 10
split_gain=8.58425 10.8131 9.87785 11.6865 7.87997 7.32542 6.04291 5.71768 5.03849 5.00957 1.36449
threshold=7.5000000000000009 0.0094367620122603035 0.011827362948552135 -0.0045853156595429536 0.01622077615752571 1.3864937373487438 0.011630323368040931 -3.9396603271714254 -0.005591140063282274 -0.015412528975018934 -0.0096207426933797562
decision_type=2 2 2 2 2 2 2 2 2 2 2
left_child=2 6 3 9 10 -5 8 -4 -2 -1 -3
right_child=1 4 7 5 -6 -7 -8 -9 -10 -11 -12
leaf_value=0.0066727776315117678 0.0020545762757624522 0.010206384953234305 -0.0046375908500050512 0.023296307592015807 0 -0.007517049766235892 0.01261714421562782 -0.035691116413246592 -0.026905418791731844 -0.017289429666367446 0.032313119261235083
leaf_weight=8.5532820373773557 7.3065772801637676 8.4357248544693011 12.21224617958069 20.269090339541439 13.422340542078016 8.0240611732006055 8.1037243455648404 11.288668245077131 10.931657865643503 26.428710073232651 17.59192830324173
leaf_count=35 30 34 51 83 55 33 33 48 46 110 71
internal_value=3.98893e-05 0.00817241 -0.00600227 0.000112443 0.0178614 0.014143 -0.00604512 -0.0217717 -0.0155058 -0.0109809 0.026923
internal_weight=152.568 65.792 86.7761 63.2751 39.45 28.2932 26.342 23.5009 18.2382 34.982 26.0277
internal_count=629 269 360 261 160 116 109 99 76 145 105
is_linear=0
shrinkage=0.03


Tree=18
num_leaves=8
num_cat=0
split_feature=20 28 36 1 36 15 23
split_gain=9.59939 8.5028 10.9994 11.1359 6.21259 3.96673 2.56332
threshold=0.012388861961504837 9.5000000000000018 0.0090119377851323717 -0.020272720839304367 0.0065766509884510908 3.6469549905071248 0.89220429757641706
decision_type=2 2 2 2 2 2 2
left_child=-1 2 3 -2 5 -3 -6
right_child=1 4 -4 -5 6 -7 -8
leaf_value=0.024167057319380236 0.017063190328042706 0.031416835940741128 0.023061424637585318 -0.013903564611662747 0.0059056045102513386 0.0058655279090864586 -0.015361408788685478
leaf_weight=11.643186926841734 9.8058452755212766 9.6277228891849536 7.8119760751724234 81.819795444607735 7.2552159279584876 16.140715360641479 8.3045276552438718
leaf_count=47 40 39 32 341 30 66 34
internal_value=3.31716e-05 -0.00216854 -0.00697641 -0.0101356 0.00884128 0.0175275 -0.00504759
internal_weight=152.409 140.766 99.4376 91.6256 41.3282 25.7684 15.5597
internal_count=629 582 413 381 169 105 64
is_linear=0
shrinkage=0.03


Tree=19
num_leaves=10
num_cat=0
split_feature=20 37 26 23 25 11 11 36 17
split_gain=9.08139 8.41924 8.05239 7.90612 5.84189 5.55141 4.75083 2.0643 1.36979
threshold=0.012643422889640004 0.0045847695145240239 0.3469444444444445 1.1115743547203341 0.32865278868813835 0.0038462617430361505 -0.0072533194962994809 0.0063686658033927151 -0.01263495111201429
decision_type=2 2 2 2 2 2 2 2 2
left_child=7 2 6 4 -3 -5 -2 -1 -4
right_child=1 3 8 5 -6 -7 -8 -9 -10
leaf_value=0.03044555016413841 -0.020055242225921671 -0.018374045713928762 0.0081443838505054038 0.017143052766833974 0.00019378177412309437 -0.0092952737161469418 0.0053041207937099431 0.0048610420575336396 0.03133155569284618
leaf_weight=7.7225571125745756 7.2925874441862133 47.789863958954811 8.0966312289237994 14.920734494924547 19.648417636752129 9.9158917367458326 20.419336766004562 7.6165294498205185 8.8433152884244901
leaf_count=31 30 201 33 61 82 41 83 31 36
internal_value=7.09095e-05 -0.00238842 0.00792077 -0.00759836 -0.0128984 0.00612266 -0.00176529 0.0206329 0.0230713
internal_weight=152.266 136.927 44.6519 92.2749 67.4383 24.8366 27.7119 15.3391 16.9399
internal_count=629 567 182 385 283 102 113 62 69
is_linear=0
shrinkage=0.03


Tree=20
num_leaves=11
num_cat=0
split_feature=23 37 23 35 21 20 11 12 13 10
split_gain=11.1878 11.4609 9.39597 7.52581 7.3059 6.46232 9.06263 4.52535 3.343 1.42804
threshold=1.1052927961062198 0.033019277655432784 0.84797928949997281 0.0048024344774864067 0.0093382222000746497 0.015774472904134456 0.0038462617430361505 48.032916942627345 1.1175252147352632 0.019321924718693765
decision_type=2 2 2 2 2 2 2 2 2 2
left_child=1 2 7 -4 -3 6 -2 -1 -7 -6
right_child=5 4 3 -5 9 8 -8 -9 -10 -11
leaf_value=0 0.015571508599624528 0.0060902364161135271 -0.019694779237780222 0.0030594255904240072 -0.027968237991404934 0.032292710430142951 -0.022865556310545196 0.024931670284632907 0.0048458696781301788 -0.0067515496872604108
leaf_weight=10.717988252639772 11.257227912545206 7.2328071296215048 19.732697129249573 29.566813766956329 24.515008896589283 12.615940928459169 7.4520710855722418 15.220447212457655 8.6056688129901868 7.2173170596361151
leaf_count=44 46 30 82 121 104 51 31 62 35 31
internal_value=-0.000575841 -0.00545251 0.0012815 -0.00616856 -0.0182492 0.0126086 0 0.0154062 0.0231845 -0.0242737
internal_weight=154.134 114.203 75.2379 49.2995 38.9651 39.9309 18.7093 25.9384 21.2216 31.7323
internal_count=637 474 309 203 165 163 77 106 86 135
is_linear=0
shrinkage=0.03


Tree=21
num_leaves=7
num_cat=0
split_feature=4 20 38 4 21 36
split_gain=9.92364 10.2434 10.2863 6.46497 6.117 4.17366
threshold=-0.041219499086808602 0.012867148168803111 0.0099852428188363287 0.011116000386276916 0.0096719170716792983 0.0067321795170828909
decision_type=2 2 2 2 2 2
left_child=-1 5 4 -4 -3 -2
right_child=1 2 3 -5 -6 -7
leaf_value=0.022934355453701281 0.027749376609263667 -0.00040570037750490938 0.011767459976227196 -0.0075862951597276311 -0.020489663277881008 0
leaf_weight=12.566363349556921 10.180015832185747 21.770125836133957 31.43705578148365 26.381128266453743 43.796902641654015 7.8258882611989966
leaf_count=51 41 91 128 109 185 32
internal_value=-0.00054749 -0.00302986 -0.00625947 0.00272763 -0.0142526 0.0167645
internal_weight=153.957 141.391 123.385 57.8182 65.567 18.0059
internal_count=637 586 513 237 276 73
is_linear=0
shrinkage=0.03


Tree=22
num_leaves=7
num_cat=0
split_feature=4 20 38 4 20 36
split_gain=9.3939 9.72505 9.74428 6.1069 5.61132 3.96848
threshold=-0.041219499086808602 0.012867148168803111 0.0099852428188363287 0.011116000386276916 0.013669072424583645 0.0067321795170828909
decision_type=2 2 2 2 2 2
left_child=-1 5 4 -4 -3 -2
right_child=1 2 3 -5 -6 -7
leaf_value=0.022306510333215644 0.027049870477400959 0.00072704323084240186 0.011424882167852169 -0.0073832996607050318 -0.01871719589127457 0
leaf_weight=12.588402479887007 10.181656166911127 15.876146629452704 31.467802032828331 26.3487399071455 49.496798917651176 7.8258882611989966
leaf_count=51 41 66 128 109 210 32
internal_value=-0.000516672 -0.00293935 -0.00609333 0.00264239 -0.013891 0.0163395
internal_weight=153.785 141.197 123.189 57.8165 65.3729 18.0075
internal_count=637 586 513 237 276 73
is_linear=0
shrinkage=0.03


Tree=23
num_leaves=10
num_cat=0
split_feature=23 23 21 11 13 11 34 21 21
split_gain=10.4846 10.5613 5.8403 9.20092 7.28907 5.03383 4.70348 6.20786 3.58413
threshold=1.1052927961062198 0.84797928949997281 0.011710080710723183 0.0038462617430361505 0.65566751493346598 0.03228073363535023 0.037229768693591632 0.0098572139646524951 0.015447117868750795
decision_type=2 2 2 2 2 2 2 2 2
left_child=1 5 3 -2 -4 8 7 -3 -1
right_child=2 6 4 -5 -6 -7 -8 -9 -10
leaf_value=0.019009683439401206 0.017571975239641147 -0.0033609406428637017 0.04164312834416297 -0.017647322964711498 0.001862132498658879 -0.011498969888866511 0.006739378581648402 -0.022394325578462954 -0.0019527546555933822
leaf_weight=21.654009863734249 12.75032050907612 30.384605929255486 8.4145891517400759 10.088377609848974 8.6059524863958341 7.6202150136232367 8.7782541513442975 36.921973124146461 8.3743256926536542
leaf_count=89 52 126 34 42 35 32 36 156 35
internal_value=-0.000480425 -0.00521942 0.0122867 0.00124261 0.0246284 0.00728335 -0.0116263 -0.0143633 0.0129384
internal_weight=153.593 113.733 39.8592 22.8387 17.0205 37.6486 76.0848 67.3066 30.0283
internal_count=637 474 163 94 69 156 318 282 124
is_linear=0
shrinkage=0.03


Tree=24
num_leaves=11
num_cat=0
split_feature=23 37 34 23 7 20 11 20 2 1
split_gain=9.96638 10.3813 9.9079 8.14571 5.98663 5.85729 8.15802 5.45007 1.64724 1.02098
threshold=1.1052927961062198 0.033019277655432784 0.018946996336555836 0.82560083196744427 0.0019594459185623089 0.015774472904134456 0.0038462617430361505 0.013835345622330882 0.0036001987058801315 -0.003166470459027126
decision_type=2 2 2 2 2 2 2 2 2 2
left_child=1 2 3 -1 -4 6 -2 -3 -7 -9
right_child=5 7 4 -5 -6 8 -8 9 -10 -11
leaf_value=0.010109912421300599 0.014680094759497549 0.00049047700912064284 0.032061514506951258 -0.013666452186839127 0.00057920431608263071 0.029101878712785943 -0.021877796955069657 -0.011607949244171297 0.0071493546292194805 -0.029669365494755236
leaf_weight=17.340245366096497 11.264745622873308 9.8817275762557966 10.399373173713686 35.697531849145889 11.608645439147947 12.427886292338373 7.3674042522907248 12.379797086119654 8.8046218007802945 16.266019314527512
leaf_count=71 46 41 42 149 47 50 31 53 36 71
internal_value=-0.000452641 -0.00508138 0.00130781 -0.00553553 0.0175119 0.011989 0 -0.0173471 0.0220435 -0.0236202
internal_weight=153.438 113.573 75.0458 53.0378 22.008 39.8647 18.6321 38.5275 21.2325 28.6458
internal_count=637 474 309 220 89 163 77 165 86 124
is_linear=0
shrinkage=0.03


Tree=25
num_leaves=11
num_cat=0
split_feature=11 18 11 34 23 23 25 21 17 34
split_gain=11.018 11.254 8.67808 13.1379 7.94362 6.17365 3.8377 3.40217 2.98436 2.4673
threshold=0.0027279709575988025 0.15132265970478923 -0.0042745979160295757 0.018248331341993222 1.0708765301499825 0.84797928949997281 0.18257575757575759 0.0095993616320934755 0.76607443664203168 0.01604608136170205
decision_type=2 2 2 2 2 2 2 2 2 2
left_child=2 -2 3 4 -1 6 -3 -7 -5 -4
right_child=1 5 9 8 -6 7 -8 -9 -10 -11
leaf_value=-0.020137380501866753 0.013822665819956432 -0.01360184887988072 0.031486596739817165 0.030433711980231083 0.0060824331628497761 -0.0064051135393915701 0.012550661816797435 -0.026352739244411526 0.0036052414075008867 0.0071434839324675294
leaf_weight=24.710393309593201 12.265379518270491 7.4010594487190273 9.9775160849094409 8.8823063671588915 14.647895157337187 14.937317013740538 8.8852527588605863 31.782271012663841 8.8079689741134626 10.595147311687468
leaf_count=105 50 31 41 36 60 62 37 135 36 43
internal_value=-0.00214451 -0.0102601 0.00559701 -0.000363486 -0.0101943 -0.0154601 0 -0.0208077 0.0195606 0.0213579
internal_weight=152.893 75.2713 77.6212 57.0486 39.3583 63.0059 16.2863 46.7196 17.6903 20.5727
internal_count=636 315 321 237 165 265 68 197 72 84
is_linear=0
shrinkage=0.03


Tree=26
num_leaves=8
num_cat=0
split_feature=20 38 3 9 9 3 24
split_gain=8.4191 8.62591 10.1112 9.0434 8.38555 6.67989 3.90109
threshold=0.012388861961504837 0.012087594053510023 -0.022400087803870313 0.0032337155757870364 -0.012860104042990759 0.016827249197072573 -0.30151515151515146
decision_type=2 2 2 2 2 2 2
left_child=-1 2 4 -3 -2 -4 -5
right_child=1 3 5 6 -6 -7 -8
leaf_value=0.019664033010331615 0.025337778456750622 0.026644722284449113 -0.017911080813767553 -0.017765776228411048 -0.01049263375075892 0.00024972953788305577 0.0058779473007641424
leaf_weight=12.387994185090063 11.168461546301844 12.572507798671721 63.603930816054344 8.2016596645116806 8.3595239967107755 22.936316266655922 13.423743769526482
leaf_count=50 45 51 269 34 35 97 55
internal_value=-0.00205764 -0.00433096 -0.00859502 0.00822423 0.00975293 -0.0130315 -0.00319912
internal_weight=152.654 140.266 106.068 34.1979 19.528 86.5402 21.6254
internal_count=636 586 446 140 80 366 89
is_linear=0
shrinkage=0.03


Tree=27
num_leaves=12
num_cat=0
split_feature=11 7 19 11 19 32 38 35 38 38 38
split_gain=10.3279 11.3858 10.3921 14.5807 7.02695 5.51056 5.26317 7.50294 4.70367 2.28422 2.07009
threshold=0.0027279709575988025 -0.013347398285598087 0.06168276270374512 -0.011955103799845544 0.074891299018928867 0.0023909910984618592 0.015091358776199338 0.017194092612075277 0.0097280313798114859 0.0094589091277217496 0.0091751274320089667
decision_type=2 2 2 2 2 2 2 2 2 2 2
left_child=2 8 3 10 9 -6 7 -3 -2 -4 -1
right_child=1 6 4 -5 5 -7 -8 -9 -10 -11 -12
leaf_value=-0.0089288867634446881 -0.002401619010725544 -0.033538070326453194 0.040037558562381628 0.015087069276041636 0.015450168776089138 -0.0088022585973482198 0.0048094591839602128 -0.0085954502216808639 0.025266301722519299 0.010093694880453988 -0.033731388440913633
leaf_weight=10.004281505942346 10.595419883728029 20.055221527814865 8.5053398758172971 13.296876817941664 16.873343318700794 12.709021702408789 7.2522379159927359 29.609885811805725 7.4340473860502234 7.3346848636865607 8.7403132021427137
leaf_count=42 44 87 35 54 70 53 30 124 30 30 37
internal_value=-0.00197856 -0.00986108 0.00551531 -0.00701161 0.0145913 0.00465841 -0.016411 -0.0198662 0.0096415 0.0296989 -0.0233541
internal_weight=152.411 74.9468 77.4639 32.0415 45.4224 29.5824 56.9173 49.6651 18.0295 15.84 18.7446
internal_count=636 315 321 133 188 123 241 211 74 65 79
is_linear=0
shrinkage=0.03


Tree=28
num_leaves=10
num_cat=0
split_feature=11 18 11 34 17 34 20 17 34
split_gain=9.78505 10.026 7.7649 12.146 4.84212 4.7654 5.79227 2.8162 2.37823
threshold=0.0027279709575988025 0.15132265970478923 -0.0042745979160295757 0.018248331341993222 2.32431606413359 -0.026885540229987955 0.013126218280358594 0.76607443664203168 0.01604608136170205
decision_type=2 2 2 2 2 2 2 2 2
left_child=2 -2 3 4 -1 -3 -7 -5 -4
right_child=1 5 8 7 -6 6 -8 -9 -10
leaf_value=-0.015111635388002177 0.013077110826717843 0.0056358755921523266 0.030102539798277612 0.029429338043263142 0.0084603367993821375 0.0036127660162442502 -0.02151289055103621 0.0033518562953764094 0.0064416027075796193
leaf_weight=31.191247120499611 12.26392053067684 7.2184199988842002 10.023495092988016 8.8705305904150027 7.9555265307426444 8.1167951673269254 47.133924290537834 8.7999892532825452 10.591670647263525
leaf_count=132 50 30 41 36 33 33 202 36 43
internal_value=-0.00191459 -0.00960444 0.00537329 -0.000276014 -0.00977833 -0.0145575 -0.0175625 0.0188664 0.020254
internal_weight=152.166 74.7331 77.4325 56.8173 39.1468 62.4691 55.2507 17.6705 20.6152
internal_count=636 315 321 237 165 265 235 72 84
is_linear=0
shrinkage=0.03


Tree=29
num_leaves=12
num_cat=0
split_feature=11 7 19 11 20 12 38 20 38 20 38
split_gain=9.28778 10.4612 9.7456 13.7219 7.07241 5.8785 5.00049 5.07216 4.45454 3.81169 0.354316
threshold=0.0027279709575988025 -0.013347398285598087 0.06168276270374512 -0.014957891624741535 0.013453416746050854 36.121052236923738 0.015091358776199338 0.013126218280358594 0.0097280313798114859 0.014403979678611704 0.0089802666549143231
decision_type=2 2 2 2 2 2 2 2 2 2 2
left_child=2 8 3 10 -4 -6 7 -3 -2 -5 -1
right_child=1 6 4 9 5 -7 -8 -9 -10 -11 -12
leaf_value=-0.011057790542733528 -0.0023594579142450479 0 0.033548468455146301 -0.0010845572643292272 -0.013533770127033001 0.01296698020044224 0.004968988020254755 -0.023365438215637666 0.02454525024604871 0.024555740113900198 -0.032401901876333968
leaf_weight=7.0706873983144787 10.581778213381769 8.8358539938926679 10.781001582741736 9.0582772195339221 7.9262110143899909 26.748825505375862 7.2422984689474097 40.424563631415367 7.4342467933893195 7.4017370492219916 8.3919275701045972
leaf_count=30 44 36 44 37 33 111 30 175 30 30 36
internal_value=-0.00181592 -0.00932513 0.00527954 -0.0068729 0.0140599 0.0060926 -0.0156476 -0.0190469 0.00933651 0.011044 -0.025885
internal_weight=151.897 74.5187 77.3787 31.9226 45.456 34.675 56.5027 49.2604 18.016 16.46 15.4626
internal_count=636 315 321 133 188 144 241 211 74 67 66
is_linear=0
shrinkage=0.03


Tree=30
num_leaves=11
num_cat=0
split_feature=0 23 22 15 4 34 16 20 16 26
split_gain=11.6109 8.17915 5.78972 9.53317 5.3959 9.29819 6.19103 4.86211 4.13332 0.683449
threshold=0.0057713401327728073 1.1052927961062198 0.020493186175877257 -17.36127312655562 -0.0064959165154265244 0.019511259199737844 -6.09393432688013 0.015166440015147151 7.0996490906609067 0.2418468628146048
decision_type=2 2 2 2 2 2 2 2 2 2
left_child=2 8 3 -1 6 -6 -4 -5 9 -2
right_child=1 -3 4 7 5 -7 -8 -9 -10 -11
leaf_value=-0.011330030279557068 -0.029295122871470305 0.0066977549206112394 -0.0056096232232473175 0.03006409046453281 -0.027073436504573747 0.010600512281017997 0.022684485591463362 0.0088739229957389178 0 -0.010089837237474267
leaf_weight=9.5963192135095579 16.036351844668395 14.305316731333731 11.932184144854547 19.523612260818481 12.186717033386232 7.9320922940969458 11.363777458667753 27.594925925135612 7.3607963323593131 8.2868015170097333
leaf_count=40 68 59 50 81 52 33 47 116 31 35
internal_value=0.00130245 -0.010765 0.00709415 0.013256 -0.000854387 -0.0119264 0.00830157 0.0188261 -0.0190243 -0.0245856
internal_weight=146.119 45.9893 100.13 56.7149 43.4148 20.1188 23.296 47.1185 31.6839 24.3232
internal_count=612 193 419 237 182 85 97 197 134 103
is_linear=0
shrinkage=0.03


Tree=31
num_leaves=9
num_cat=0
split_feature=0 23 40 3 15 38 33 36
split_gain=11.0038 7.79898 5.59086 5.8508 7.14531 2.93861 1.90466 1.53273
threshold=0.0057713401327728073 1.1052927961062198 0.079869361274328213 -0.013617654069862482 -17.818064661190082 0.012087594053510023 0.10309847524676423 0.0049697164482635668
decision_type=2 2 2 2 2 2 2 2
left_child=2 5 3 6 -5 7 -1 -2
right_child=1 -3 -4 4 -6 -7 -8 -9
leaf_value=0.0060961041001057654 -0.0066420206486910039 0.0065168595998497843 -0.0098865017379242727 -0.019652429446336071 0.008138984449042503 -0.00048735465406477354 0.026146886038914633 -0.02886430154937723
leaf_weight=10.099730595946314 7.3724402338266435 14.316672220826147 12.943870797753332 7.7345186322927466 50.708164244890213 7.9360269159078589 18.679304912686348 16.263432189822197
leaf_count=41 31 59 56 33 212 33 77 70
internal_value=0.00125954 -0.0105019 0.00689471 0.00971899 0.00368422 -0.0185946 0.020451 -0.0235769
internal_weight=146.054 45.8886 100.166 87.2217 58.4427 31.5719 28.779 23.6359
internal_count=612 193 419 363 245 134 118 101
is_linear=0
shrinkage=0.03


Tree=32
num_leaves=11
num_cat=0
split_feature=23 0 35 23 20 11 20 16 23 26
split_gain=10.5712 11.115 7.96234 9.6979 9.57364 6.32242 8.6142 3.28613 1.81663 0.463383
threshold=1.1072406858025532 0.0057713401327728073 0.01212890147685264 0.7879967368730918 0.014720783642900805 0.0027279709575988025 0.015774472904134456 7.0996490906609067 1.2126614484200002 0.2418468628146048
decision_type=2 2 2 2 2 2 2 2 2 2
left_child=1 2 3 -1 -4 8 -7 9 -2 -3
right_child=5 7 4 -5 -6 6 -8 -9 -10 -11
leaf_value=0.017469267951258253 0.035553746811418478 -0.02703758734737767 0.026851350604562011 -0.01733789608929932 -0.0003071623472426875 -0.020896773008193443 0.017185645400694807 0 0.011324235266100368 -0.0094828674336947007
leaf_weight=7.6931555569171897 9.1319483816623706 16.125900387763984 17.509530946612358 24.706137895584106 26.365994811058044 7.2745182812213924 10.545099556446074 7.5852887630462638 10.818608716130255 8.2358156740665418
leaf_count=32 37 69 72 106 111 31 43 32 44 35
internal_value=0.00120804 -0.00348344 0.00263748 -0.00810179 0.0109022 0.0145268 0.000342495 -0.0178337 0.0253271 -0.0228417
internal_weight=145.992 108.222 76.2748 32.3993 43.8755 37.7702 17.8196 31.947 19.9506 24.3617
internal_count=612 457 321 138 183 155 74 136 81 104
is_linear=0
shrinkage=0.03


Tree=33
num_leaves=11
num_cat=0
split_feature=0 35 20 20 19 11 22 2 11 22
split_gain=9.98916 6.70978 9.67809 7.61407 5.28625 4.91563 4.61645 4.24572 3.60509 1.62003
threshold=0.0057713401327728073 0.011228178378254518 0.020270508354453081 0.014634921857232608 0.057931234030914193 0.0014902706797854661 0.055906156209448728 0.0052545300364506007 0.0031822349930005216 0.065720074776349904
decision_type=2 2 2 2 2 2 2 2 2 2
left_child=1 2 5 9 -2 -1 8 -5 -6 -3
right_child=4 3 -4 7 6 -7 -8 -9 -10 -11
leaf_value=0.00063989262495080051 -0.024351807846827136 0.03334866771202584 0.019767069161387721 0.010114345738146428 0.018572111401355229 -0.021822358352282568 -0.015446368423307396 -0.010640234413525412 -0.0047179586048191934 0.009965570735378208
leaf_weight=14.526357874274256 13.837228938937185 13.158591628074648 10.413236081600187 26.955235540866852 9.0513660609722191 15.923360794782637 12.669325143098829 10.381743639707564 10.113909706473349 8.7842911481857282
leaf_count=61 59 54 43 112 37 69 54 44 43 36
internal_value=0.00118235 0.00654894 -0.0024539 0.0128771 -0.0100512 -0.0112653 -0.00231992 0.00371454 0.00628833 0.0262287
internal_weight=145.815 100.143 40.863 59.2799 45.6718 30.4497 31.8346 37.337 19.1653 21.9429
internal_count=612 419 173 246 193 130 134 156 80 90
is_linear=0
shrinkage=0.03


Tree=34
num_leaves=10
num_cat=0
split_feature=23 0 40 23 7 33 28 37 17
split_gain=10.0219 10.1532 8.12498 6.23494 3.95092 8.49695 2.98949 2.93143 3.11925
threshold=1.1072406858025532 0.0057713401327728073 0.074924288963867727 0.84797928949997281 -0.017041186725428207 0.46519994465199949 7.5000000000000009 -0.0030995951416515895 0.89453314901861447
decision_type=2 2 2 2 2 2 2 2 2
left_child=1 2 3 -1 -2 -6 -7 -3 -9
right_child=4 7 -4 -5 5 6 -8 8 -10
leaf_value=0.018670191231963094 0.0294639662132356 0 -0.018272329539566756 0 -0.013573631801741232 0.0029753775768759606 0.028964102052721239 -0.0041643459715482783 -0.030038561108396269
leaf_weight=23.125613629817963 9.6551982462406141 8.349413603544237 11.845092311501501 41.247888207435608 9.595743730664255 9.1794570237398165 9.2898092567920667 8.520380839705469 14.878001391887663
leaf_count=96 39 35 52 173 40 38 38 37 64
internal_value=0.00115353 -0.00341843 0.00241669 0.00688546 0.0141307 0.00674758 0.018333 -0.0171846 -0.0222771
internal_weight=145.687 107.966 76.2186 64.3735 37.7202 28.065 18.4693 31.7478 23.3984
internal_count=612 457 321 269 155 116 76 136 101
is_linear=0
shrinkage=0.03


Tree=35
num_leaves=12
num_cat=0
split_feature=38 20 4 19 35 16 19 22 17 4 20
split_gain=9.54992 11.5028 9.80675 8.52448 7.04774 5.63438 2.88733 2.75164 3.68373 2.06476 1.92416
threshold=0.0099095805390758147 0.01190939765215043 0.0072855168146415137 0.049923348020984214 0.014920402801057777 10.828483292996767 0.05743077193503917 0.068602436449961127 0.37983774392440922 -0.0067724924827293189 0.017007342280482198
decision_type=2 2 2 2 2 2 2 2 2 2 2
left_child=1 -1 7 9 -5 6 -4 8 -2 -3 -9
right_child=2 3 5 4 -6 -7 -8 10 -10 -11 -12
leaf_value=0.026871665491823887 0.036175664508036387 -0.0071782084212241616 0.0022087798732762808 -0.012700468978678324 0.0078099865009597248 0.017123157993377051 -0.016977163170335555 -0.0016493154128537494 0.005678793319626502 -0.031567164222212077 0.016999774786682856
leaf_weight=7.3429677337408057 14.031627953052523 8.3184494376182574 9.6613333672285098 26.112388536334038 30.028868079185486 8.2945772260427457 14.115808576345442 7.292210787534712 7.3400243967771521 12.162300482392309 7.3321274518966675
leaf_count=30 57 35 40 113 127 34 60 30 30 53 30
internal_value=0.00222537 -0.00438511 0.0104862 -0.00817872 -0.00158056 -0.00122001 -0.00903294 0.0208262 0.0277257 -0.0238485 0.0077187
internal_weight=152.033 83.965 68.0677 76.622 56.1413 32.0717 23.7771 35.996 21.3717 20.4807 14.6243
internal_count=639 358 281 328 240 134 100 147 87 88 60
is_linear=0
shrinkage=0.03


Tree=36
num_leaves=10
num_cat=0
split_feature=23 37 34 25 20 20 21 2 5
split_gain=10.6365 12.1603 8.11658 8.99111 7.05091 6.02532 4.44145 4.79111 4.22031
threshold=1.1072406858025532 0.035811385079742249 0.017866425470434603 0.42419317390294869 0.016136935611983084 0.014634921857232608 0.0096719170716792983 -0.015029187902689976 0.010405455103422724
decision_type=2 2 2 2 2 2 2 2 2
left_child=1 2 3 -1 5 -2 -3 -8 -4
right_child=4 6 8 -5 -6 -7 7 -9 -10
leaf_value=-0.0088771152947311697 0.013724684398580111 0.0031310926057768573 0.027843695401433412 0.019984571736473819 0.027091048896770577 -0.015535833510435458 0 -0.026372726142625858 0
leaf_weight=39.34392523765564 14.265673890709879 7.135447070002555 14.024797856807711 10.589720800518988 19.478709548711777 8.1943276673555356 7.014571666717532 24.503945976495743 7.2964818179607382
leaf_count=166 59 30 57 44 79 34 30 110 30
internal_value=0.00218028 -0.00264782 0.00454694 -0.00193352 0.0147192 0.00203859 -0.0158509 -0.0205261 0.0192314
internal_weight=151.848 109.909 71.2549 49.9336 41.9387 22.46 38.654 31.5185 21.3213
internal_count=639 467 297 210 172 93 170 140 87
is_linear=0
shrinkage=0.03


Tree=37
num_leaves=11
num_cat=0
split_feature=38 20 7 3 4 16 26 19 20 36
split_gain=9.0118 10.8059 10.4143 11.1247 9.1988 5.36155 3.65035 2.68582 2.15483 2.11038
threshold=0.0099095805390758147 0.01190939765215043 -0.022370383504027366 0.026720775062847871 0.0072855168146415137 10.828483292996767 0.22657964019306717 0.05743077193503917 0.017007342280482198 0.0051832416452113556
decision_type=2 2 2 2 2 2 2 2 2 2
left_child=1 -1 -3 -4 6 7 8 -6 -2 -8
right_child=4 2 3 -5 5 -7 9 -9 -10 -11
leaf_value=0.026028041150596266 -0.0022439106984989405 0.017823918626855523 -0.017524906160779282 0.014720849063972937 0.0019775231290710469 0.016684909330647313 0.0099195113664671784 -0.016513486192658872 0.016403993638071712 0.037456698811891363
leaf_weight=7.3178047835826865 8.0246232300996798 9.8622327744960767 57.048874348402023 9.4160704016685468 9.655849754810335 8.3094034343957883 7.6197246462106731 14.038486450910566 9.0377672463655454 11.273648679256437
leaf_count=30 33 40 248 40 40 34 31 60 37 46
internal_value=0.00213908 -0.00429466 -0.00798369 -0.012441 0.0101686 -0.00117017 0.0201861 -0.00882691 0.00753154 0.0290815
internal_weight=151.604 83.645 76.3272 66.4649 67.9595 32.0037 35.9558 23.6943 17.0624 18.8934
internal_count=639 358 328 288 281 134 147 100 70 77
is_linear=0
shrinkage=0.03


Tree=38
num_leaves=11
num_cat=0
split_feature=35 38 8 35 10 31 13 37 26 2
split_gain=8.90523 9.57756 8.40492 5.9584 7.06813 9.37377 5.11694 4.76916 3.0648 2.58496
threshold=0.011228178378254518 0.012990952626447198 -0.023821930768813161 0.060796940402693463 -0.0098341921129217452 -1.4999999999999998 3.627516371574107 0.024980930074542055 0.23166368515205729 -0.00091966709801832847
decision_type=2 2 2 2 2 2 2 2 2 2
left_child=1 2 -1 4 7 -6 -4 -2 -3 -5
right_child=3 8 6 9 5 -7 -8 -9 -10 -11
leaf_value=0.0098737597171110417 0.009241100897197865 -0.001101002305363328 -0.026487845604469842 0.0043204665052445764 0.040184996201354489 0.0095269304109144911 0 -0.017369179878805235 0.021841034927295465 -0.016663174436421971
leaf_weight=8.6879070997238141 10.80559377372265 7.476788982748988 26.385363504290581 7.1751637160778072 10.997053220868109 43.478790432214737 9.085523456335066 9.152882054448126 8.9716534614562971 9.1271878033876401
leaf_count=36 44 31 116 30 45 183 39 39 37 39
internal_value=0.00213062 -0.00651187 -0.0137978 0.00808103 0.0117118 0.0171854 -0.0202135 -0.00274967 0.0116106 -0.00714516
internal_weight=151.344 60.6072 44.1588 90.7367 74.4343 54.4758 35.4709 19.9585 16.4484 16.3024
internal_count=639 259 191 380 311 228 155 83 68 69
is_linear=0
shrinkage=0.03


Tree=39
num_leaves=12
num_cat=0
split_feature=23 38 35 38 35 10 25 35 19 35 11
split_gain=9.82351 10.4887 7.41762 6.99786 6.31993 6.15426 5.82306 5.5871 5.08698 1.99742 1.78402
threshold=1.1072406858025532 0.0073422695161112226 0.018993744084499057 0.011173477594160141 -0.0037483113032670819 -0.010128572489889185 0.38832199546485263 0.060796940402693463 0.065658078428626379 0.0058687069025036296 0.0027279709575988025
decision_type=2 2 2 2 2 2 2 2 2 2 2
left_child=2 -2 3 6 -5 -4 -1 -7 10 -10 -3
right_child=1 8 5 4 -6 7 -8 -9 9 -11 -12
leaf_value=-0.026790625685205748 -0.01230654457943404 0.014926422861220645 -0.011987652349418678 0.015991733649784689 -0.014949791812403811 0.015354237693684962 0.0010853197378002939 -0.0076431704361451958 0.01152143081880891 0.040216315985374569 -0.0028982282193001532
leaf_weight=22.588231801986698 8.5803319662809354 7.6516678631305677 13.199368342757223 11.608196437358858 8.3469106256961805 35.51861709356308 7.6983162611722937 10.388045534491537 7.3606439381837871 11.058043375611303 7.2026816308498383
leaf_count=101 36 31 55 48 36 149 33 45 30 45 30
internal_value=0.0020828 0.0141421 -0.00256936 -0.0109161 0.0021833 0.00440515 -0.0196121 0.0097353 0.0216989 0.0317354 0.00607519
internal_weight=151.201 41.8534 109.348 50.2417 19.9551 59.106 30.2865 45.9067 33.273 18.4187 14.8543
internal_count=639 172 467 218 84 249 134 194 136 75 61
is_linear=0
shrinkage=0.03


Tree=40
num_leaves=10
num_cat=0
split_feature=37 35 36 10 5 5 26 9 1
split_gain=9.12216 4.46565 4.65153 5.25873 4.301 3.65273 4.47612 5.87202 3.23307
threshold=0.025963254658036065 0.0034165129021908052 0.005573244092477979 0.009068536814153207 -0.0047074484922237083 0.048842153733680622 0.020730397422126748 0.013220081043796147 0.0054042448248485817
decision_type=2 2 2 2 2 2 2 2 2
left_child=5 4 3 -3 -2 6 -1 -8 -4
right_child=1 2 8 -5 -6 -7 7 -9 -10
leaf_value=-0.0079931292496542919 0 -0.01921222450590954 0.019490051571151801 0.0062464391483564811 -0.027796754103613784 -0.0097850158254495657 0.0060960143242633786 0.026580185864082662 -0.0035490177393196079
leaf_weight=9.0919417142868024 6.874029919505122 16.445336267352108 9.9660962224006671 9.649361386895178 12.779098212718962 7.5670882016420355 49.550345405936241 17.479400098323822 7.4612781107425681
leaf_count=38 30 72 42 41 57 31 206 72 32
internal_value=0.000896752 -0.00746066 -0.0014711 -0.00948965 -0.0186709 0.00740755 0.00951539 0.0122703 0.0095042
internal_weight=146.864 63.1752 43.5221 26.0947 19.6531 83.6888 76.1217 67.0297 17.4274
internal_count=621 274 187 113 87 347 316 278 74
is_linear=0
shrinkage=0.03


Tree=41
num_leaves=11
num_cat=0
split_feature=37 22 22 16 4 16 21 22 21 19
split_gain=8.62076 5.57513 5.36313 5.04937 6.96317 7.09081 4.09934 2.9543 2.58158 1.95118
threshold=0.025963254658036065 -0.10137674644784915 0.44360154169785498 11.293933222210763 -0.0064959165154265244 -5.5203766120696232 0.0089579886517460409 -0.39078184957308804 0.0092639436913086928 0.08363378350612731
decision_type=2 2 2 2 2 2 2 2 2 2
left_child=1 7 6 4 5 -2 -3 -1 -9 -6
right_child=3 2 -4 -5 9 -7 -8 8 -10 -11
leaf_value=0 -0.011109613740230801 -0.021455461465967694 0.015692064384475322 0.0099759636265118225 -0.01264117471809454 0.019655771991595277 0.0001222375354559016 0.0024452650550203189 0.026648409763816345 -0.034266111399984672
leaf_weight=7.5250928401947013 15.512018978595735 8.2550831437110883 13.465502560138701 10.179055020213125 20.935491696000103 8.9262830615043622 28.992119386792183 7.2666660398244884 18.22073657810688 7.4789881557226172
leaf_count=31 67 35 56 43 92 38 120 30 75 34
internal_value=0.000861133 0.00718725 0.000501711 -0.00727381 -0.0111121 0.000197167 -0.00512748 0.0164136 0.0209736 -0.0207053
internal_weight=146.757 83.7252 50.7127 63.0318 52.8528 24.4383 37.2472 33.0125 25.4874 28.4145
internal_count=621 347 211 274 231 105 155 136 105 126
is_linear=0
shrinkage=0.03


Tree=42
num_leaves=8
num_cat=0
split_feature=40 20 11 28 40 3 38
split_gain=6.9594 5.49248 5.52918 5.7726 5.63443 5.1399 2.5668
threshold=0.079869361274328213 0.020787955006830689 0.011827362948552135 9.5000000000000018 -0.0097993913998339881 0.0038926633719353902 0.013268777349876529
decision_type=2 2 2 2 2 2 2
left_child=1 2 4 -4 -1 -2 -3
right_child=5 6 3 -5 -6 -7 -8
leaf_value=-0.006273227356358004 -0.031202645818868297 0.0014642989151927269 -0.017544168432186275 0.0057525047647505063 0.010637777626718281 0 0.026005651247288323
leaf_weight=23.472010970115662 7.8046147972345379 7.8105068355798748 22.652531951665878 13.116784289479254 52.65311761200428 8.3247989416122419 10.785928875207899
leaf_count=98 36 33 99 54 221 36 44
internal_value=0.000836115 0.00330528 0.000535998 -0.00875178 0.00520442 -0.0164735 0.0175696
internal_weight=146.62 130.491 111.894 35.7693 76.1251 16.1294 18.5964
internal_count=621 549 472 153 319 72 77
is_linear=0
shrinkage=0.03


Tree=43
num_leaves=12
num_cat=0
split_feature=11 1 35 20 20 11 34 14 34 20 1
split_gain=5.71719 5.8065 8.65274 12.3844 5.4821 5.33859 4.1582 4.71675 3.37834 1.51483 1.16429
threshold=0.0027279709575988025 0.0078045827701443979 0.017194092612075277 0.014461353059272092 0.020787955006830689 -0.0060907110457062976 0.018248331341993222 -23.110221614008193 0.012640410823136052 0.017007342280482198 0.0036782457121239402
decision_type=2 2 2 2 2 2 2 2 2 2 2
left_child=5 2 4 -4 -2 6 7 -1 -7 -3 -8
right_child=1 9 3 -5 -6 8 10 -9 -10 -11 -12
leaf_value=0.010494553842414657 -0.01909179466016489 -0.025291620220764775 0.03710877413293346 -0.0022878648995973429 0.007837219100360452 0.030178737577545727 0.020727486318596142 -0.011435375095705655 0.0044724490535045505 -0.0049252668993159153 0.0015825514335070714
leaf_weight=10.671979188919062 19.923254713416103 10.689990341663362 9.0239243209362048 18.202566623687744 7.6121863275766364 10.049012646079065 7.6001472324132902 25.09363761544228 11.404047802090643 8.9778668433427793 7.2654646188020706
leaf_count=45 88 47 37 77 32 41 31 107 47 39 30
internal_value=0.000808048 -0.00484598 8.17821e-05 0.0119023 -0.0111128 0.00682174 0.000984413 -0.00428536 0.0187 -0.0179999 0.0135572
internal_weight=146.514 74.4298 54.7619 27.2265 27.5354 72.0843 50.6312 35.7656 21.4531 19.6679 14.8656
internal_count=621 320 234 114 120 301 213 152 88 86 61
is_linear=0
shrinkage=0.03


Tree=44
num_leaves=12
num_cat=0
split_feature=37 27 35 17 36 1 26 19 38 3 19
split_gain=7.85165 5.05925 4.11025 5.85471 4.9315 3.88701 3.94307 3.82598 3.24133 4.48197 4.32899
threshold=0.025963254658036065 1.5000000000000002 0.0034165129021908052 -1.6912464136324823 0.0056267220113257925 -0.0086358792393879096 0.32392686804451515 0.073945302168579016 0.0095486902815407598 0.0088887371072688976 0.047924508105893979
decision_type=2 2 2 2 2 2 2 2 2 2 2
left_child=1 5 7 -4 -5 -1 -7 -2 10 -10 -3
right_child=2 8 3 4 -6 6 -8 -9 9 -11 -12
leaf_value=-0.016565705034390039 0 -0.011508071636451294 0.01784301634587046 -0.015981377457841266 0.0056163710327845227 -0.0040230543313420604 0.018874382861072698 -0.026622677486167444 0.028468526163614033 0.0023578141343234662 0.013158623990553552
leaf_weight=9.4053522199392301 6.9690403491258648 8.4771410375833529 8.7995686084032041 20.887213185429573 13.59207636117935 15.71951797604561 8.4950671941041929 12.42755678296089 16.664421394467357 11.199739426374434 13.68763294816017
leaf_count=39 30 36 37 92 58 66 35 57 68 46 57
internal_value=0.000807305 0.00684411 -0.0069802 -0.00122577 -0.00721501 -0.00174443 0.00426485 -0.0178041 0.0127492 0.0193366 0.0029322
internal_weight=146.324 83.6489 62.6755 43.2789 34.4793 33.6199 24.2146 19.3966 50.0289 27.8642 22.1648
internal_count=621 347 274 187 150 140 101 87 207 114 93
is_linear=0
shrinkage=0.03


Tree=45
num_leaves=12
num_cat=0
split_feature=35 36 9 31 21 11 16 8 36 31 21
split_gain=7.00711 6.62878 9.24495 5.54732 4.31176 3.09612 6.99853 4.08034 2.61434 2.37266 1.70885
threshold=0.011228178378254518 0.0077487257593944897 -0.018005054656402831 -1.4999999999999998 0.014649335627663438 0.020768474435789667 9.4529715846297577 0.0079421487308813012 0.0053974047115718871 1.5000000000000002 0.011186857556287722
decision_type=2 2 2 2 2 2 2 2 2 2 2
left_child=1 2 -1 8 10 6 -5 -7 -2 -4 -3
right_child=3 4 9 5 -6 7 -8 -9 -10 -11 -12
leaf_value=0.010270718314942926 0.0063895517269629632 0.0042365415387700103 -0.027259166627093399 0 0.021738575411110607 0.0037302255212639662 0.025355140519499792 -0.022612221713091653 0.032237052162382179 -0.0034678749062657926 -0.013360362196313523
leaf_weight=8.4305458515882474 10.360581547021868 8.3473348021507281 21.279027894139293 46.374409914016724 7.3099978417158118 9.3732277154922503 10.711835414171217 7.3496822863817206 7.7851699441671363 7.0988903492689124 6.6258804351091376
leaf_count=35 43 35 94 194 30 40 44 33 32 31 30
internal_value=0.00104632 -0.00676055 -0.0144039 0.00625991 0.00539377 0.0021597 0.00563105 -0.00822481 0.0203231 -0.0224216 -0.00332335
internal_weight=151.047 59.0917 36.8085 91.9549 22.2832 73.8092 57.0862 16.7229 18.1458 28.3779 14.9732
internal_count=641 255 160 386 95 311 238 73 75 125 65
is_linear=0
shrinkage=0.03


Tree=46
num_leaves=9
num_cat=0
split_feature=40 34 21 7 7 16 20 27
split_gain=4.81944 4.68336 8.62531 5.32247 7.17238 4.54334 4.14553 3.89507
threshold=0.074924288963867727 0.021068302365709671 0.011958635264464413 -0.012487402026181598 0.027232773998125803 1.8892434713983741 0.017459324682862935 1.5000000000000002
decision_type=2 2 2 2 2 2 2 2
left_child=1 3 5 7 -5 -3 -2 -1
right_child=6 2 -4 4 -6 -7 -8 -9
leaf_value=-0.0032260091259497573 0.0038823052857584698 -0.0088041105401028275 0.034244997525224821 -0.0082177874369603072 0.018362065728562613 0.013533002747470456 -0.021769502547305673 0.020167782033975391
leaf_weight=8.0522585064172763 7.1537778824567821 13.755941525101663 9.2560953050851804 62.919017389416695 8.4530079960823041 14.546714767813681 12.145743831992148 14.580880045890806
leaf_count=33 32 57 38 271 35 60 55 60
internal_value=0.00103809 0.00322762 0.0118981 -0.000256038 -0.00445063 0.00231695 -0.0120852 0.0116498
internal_weight=150.863 131.564 37.5588 94.0052 71.372 28.3027 19.2995 22.6331
internal_count=641 554 155 399 306 117 87 93
is_linear=0
shrinkage=0.03


Tree=47
num_leaves=11
num_cat=0
split_feature=11 11 1 10 23 23 0 40 1 10
split_gain=5.75305 6.62731 5.87143 5.08696 7.77818 4.63941 6.07386 3.18798 2.86817 2.29027
threshold=0.0027279709575988025 -0.0042745979160295757 0.0078045827701443979 -0.0092576083473327447 1.0046267085680118 1.0834393493312122 -0.0016888130726138704 0.032113979574893377 0.018771882127646026 0.0067960353532990911
decision_type=2 2 2 2 2 2 2 2 2 2
left_child=1 5 3 -2 -5 6 -1 -7 -4 -3
right_child=2 9 8 4 -6 7 -8 -9 -10 -11
leaf_value=0.0085460276665444441 -0.013969504058663398 0.0091476674125404688 -0.025393459063607585 0.016138464755973404 -0.0094089601796203282 0.022568335708848187 -0.014448687540045147 -0.00025551233590343278 -8.8290966016358076e-05 0.033165802431924074
leaf_weight=15.333160772919653 13.77984309196472 13.645536780357363 12.859319090843202 24.715578943490982 15.463007241487501 10.119012564420702 22.5037981569767 7.7196707278490058 7.2196166664361945 7.3555253744125357
leaf_count=65 59 56 57 106 67 41 97 32 31 30
internal_value=0.00102654 0.00678102 -0.0047574 0.00029313 0.00597079 0.000868727 -0.00479249 0.0129052 -0.0178063 0.0203644
internal_weight=150.714 76.6767 74.0374 53.9584 40.1786 55.6756 37.837 17.8387 20.0789 21.0011
internal_count=641 321 320 232 173 235 162 73 88 86
is_linear=0
shrinkage=0.03


Tree=48
num_leaves=13
num_cat=0
split_feature=35 36 3 2 36 35 21 4 37 11 21 3
split_gain=6.54963 6.2835 8.37126 4.62122 8.54994 7.61373 4.03908 3.9487 3.52725 2.16363 1.58132 1.5405
threshold=0.011228178378254518 0.0077487257593944897 -0.022400087803870313 0.0087580297919445122 0.0051003994093244227 0.052830161204972866 0.014649335627663438 0.029743608241523337 0.024511736344939309 0.0028264049665149842 0.011186857556287722 0.011340044151372021
decision_type=2 2 2 2 2 2 2 2 2 2 2 2
left_child=1 2 -1 4 8 -6 10 11 -2 -4 -3 -5
right_child=3 6 9 7 5 -7 -8 -9 -10 -11 -12 -13
leaf_value=0.010142265558571884 0.0084641590737714167 0.0040299422631798537 -0.0084603680559751041 0 0.030355103672141965 0 0.021064292560496117 0.0074453533201201553 -0.010545176814680372 -0.02899861859202614 -0.012903713359779946 -0.020096270345959219
leaf_weight=7.9468612819910041 16.352165877819065 8.3510213941335696 12.781932175159456 7.0346875488758114 21.667161732912067 9.4823994934558851 7.317230448126792 13.61623954772949 14.734373480081556 15.844754859805105 6.5661681890487662 8.8916896581649763
leaf_count=33 67 35 55 30 90 40 30 57 64 72 30 38
internal_value=0.00100044 -0.0065651 -0.014042 0.0060447 0.0106322 0.0212402 0.00525862 -0.00320546 -0.00018531 -0.0214693 -0.00318146 -0.0129629
internal_weight=150.587 58.808 36.5735 91.7787 62.2361 31.1496 22.2344 29.5426 31.0865 28.6267 14.9172 15.9264
internal_count=641 255 160 386 261 130 95 125 131 127 65 68
is_linear=0
shrinkage=0.03


Tree=49
num_leaves=11
num_cat=0
split_feature=35 36 9 6 20 4 17 28 31 37
split_gain=6.18168 5.98983 8.51886 5.69605 7.62051 5.2777 4.78562 4.76478 2.25506 1.7184
threshold=0.011228178378254518 0.0077487257593944897 -0.018005054656402831 0.0086222286478378918 0.013126218280358594 0.029743608241523337 -0.76010147690488228 9.5000000000000018 1.5000000000000002 1.0000000180025095e-35
decision_type=2 2 2 2 2 2 2 2 2 2
left_child=1 2 -1 4 -2 -5 -3 -6 -4 -8
right_child=3 6 8 5 7 -7 9 -9 -10 -11
leaf_value=0.0098997208617786787 0.032494551844389818 -0.011246263807411127 -0.026255751249810527 -0.022142534374312434 -0.0010313031811662755 0.0056884706907847811 0.023220177794321752 0.015321228411794939 -0.0030470823792608328 0.0007374958278265404
leaf_weight=8.4178645908832532 9.636324390769003 7.6754242777824429 20.954107657074932 9.2660288065671939 38.583382532000542 10.77785551548004 7.7619082480669004 23.484090432524681 7.0449604690074912 6.784515768289566
leaf_count=35 40 33 94 40 164 45 32 97 31 30
internal_value=0.000965796 -0.00639467 -0.0137206 0.00586616 0.00985988 -0.00733863 0.00513336 0.00520691 -0.0215086 0.0149973
internal_weight=150.386 58.6388 36.4169 91.7477 71.7038 20.0439 22.2218 62.0675 27.9991 14.5464
internal_count=641 255 160 386 301 85 95 261 125 62
is_linear=0
shrinkage=0.03


end of trees

feature_importances:
atr_pct=40
macro_topix_vol_20=32
ma_20_60_cross=30
vol_ratio=30
macro_usdjpy_ret_60=29
return_5d=21
macro_usdjpy_ret_20=21
macro_topix_ret_20=18
return_10d=17
volatility=17
bb_bandwidth=16
macro_usdjpy_vol_20=15
macd_hist=14
div_ma_10=13
macd_hist_change=13
return_2d=11
vol_change=11
month=11
ma_5_20_cross=10
macro_nikkei_ret_20=10
div_ma_60=8
return_1d=7
rsi=7
upper_shadow_pct=7
lower_shadow_pct=7
return_3d=6
return_20d=6
rsi_change=6
macd_signal=6
streak=6
day_of_week=5
div_ma_5=3
div_ma_20=3
macd=3
candle_body_pct=3
gap=3
price_position_20d=3
bb_pct_b=2

parameters:
[boosting: gbdt]
[objective: binary]
[metric: binary_logloss]
[tree_learner: serial]
[device_type: cpu]
[data_sample_strategy: bagging]
[data: ]
[valid: ]
[num_iterations: 50]
[learning_rate: 0.03]
[num_leaves: 15]
[num_threads: 0]
[seed: 42]
[deterministic: 0]
[force_col_wise: 0]
[force_row_wise: 0]
[histogram_pool_size: -1]
[max_depth: 4]
[min_data_in_leaf: 30]
[min_sum_hessian_in_leaf: 0.001]
[bagging_fraction: 0.7]
[pos_bagging_fraction: 1]
[neg_bagging_fraction: 1]
[bagging_freq: 5]
[bagging_seed: 400]
[bagging_by_query: 0]
[feature_fraction: 0.6]
[feature_fraction_bynode: 1]
[feature_fraction_seed: 30056]
[extra_trees: 0]
[extra_seed: 12879]
[early_stopping_round: 0]
[early_stopping_min_delta: 0]
[first_metric_only: 0]
[max_delta_step: 0]
[lambda_l1: 0.5]
[lambda_l2: 2]
[linear_lambda: 0]
[min_gain_to_split: 0]
[drop_rate: 0.1]
[max_drop: 50]
[skip_drop: 0.5]
[xgboost_dart_mode: 0]
[uniform_drop: 0]
[drop_seed: 17869]
[top_rate: 0.2]
[other_rate: 0.1]
[min_data_per_group: 100]
[max_cat_threshold: 32]
[cat_l2: 10]
[cat_smooth: 10]
[max_cat_to_onehot: 4]
[top_k: 20]
[monotone_constraints: ]
[monotone_constraints_method: basic]
[monotone_penalty: 0]
[feature_contri: ]
[forcedsplits_filename: ]
[refit_decay_rate: 0.9]
[cegb_tradeoff: 1]
[cegb_penalty_split: 0]
[cegb_penalty_feature_lazy: ]
[cegb_penalty_feature_coupled: ]
[path_smooth: 0]
[interaction_constraints: ]
[verbosity: -1]
[saved_feature_importance_type: 0]
[use_quantized_grad: 0]
[num_grad_quant_bins: 4]
[quant_train_renew_leaf: 0]
[stochastic_rounding: 1]
[linear_tree: 0]
[max_bin: 255]
[max_bin_by_feature: ]
[min_data_in_bin: 5]
[bin_construct_sample_cnt: 200000]
[data_random_seed: 175]
[is_enable_sparse: 1]
[enable_bundle: 1]
[use_missing: 1]
[zero_as_missing: 0]
[feature_pre_filter: 1]
[pre_partition: 0]
[two_round: 0]
[header: 0]
[label_column: ]
[weight_column: ]
[group_column: ]
[ignore_column: ]
[categorical_feature: ]
[forcedbins_filename: ]
[precise_float_parser: 0]
[parser_config_file: ]
[objective_seed: 16083]
[num_class: 1]
[is_unbalance: 0]
[scale_pos_weight: 1]
[sigmoid: 1]
[boost_from_average: 1]
[reg_sqrt: 0]
[alpha: 0.9]
[fair_c: 1]
[poisson_max_delta_step: 0.7]
[tweedie_variance_power: 1.5]
[lambdarank_truncation_level: 30]
[lambdarank_norm: 1]
[label_gain: ]
[lambdarank_position_bias_regularization: 0]
[eval_at: ]
[multi_error_top_k: 1]
[auc_mu_weights: ]
[num_machines: 1]
[local_listen_port: 12400]
[time_out: 120]
[machine_list_filename: ]
[machines: ]
[gpu_platform_id: -1]
[gpu_device_id: -1]
[gpu_use_dp: 0]
[num_gpu: 1]

end of parameters

pandas_categorical:[]
