tree
version=v4
num_class=1
num_tree_per_iteration=1
label_index=0
max_feature_idx=44
objective=binary sigmoid:1
feature_names=return_1d return_2d return_3d return_5d return_10d return_20d div_ma_5 div_ma_10 div_ma_20 div_ma_60 ma_5_20_cross ma_20_60_cross rsi rsi_change macd macd_signal macd_hist macd_hist_change bb_pct_b bb_bandwidth atr_pct volatility vol_change vol_ratio candle_body_pct upper_shadow_pct lower_shadow_pct day_of_week month is_month_end is_month_start streak gap price_position_20d macro_usdjpy_ret_20 macro_usdjpy_ret_60 macro_usdjpy_vol_20 macro_topix_ret_20 macro_topix_vol_20 macro_topix_above_200dma macro_nikkei_ret_20 macro_nikkei_above_200dma macro_nikkei_vi macro_jgb10y macro_bias_score
feature_infos=[-0.164430244941427:0.22552999548940011] [-0.2353985793212312:0.30539058931018737] [-0.27786060380171451:0.40232258064516135] [-0.25978987583572111:0.45832258064516118] [-0.33097375690607733:0.52903225806451615] [-0.43496646252551763:0.7127659574468086] [-0.19562419562419561:0.21049733118698635] [-0.2413860610806578:0.27739953503819331] [-0.3304593480833859:0.37584117686512108] [-0.45102298619883591:0.6372609445599785] [-0.19384260427556865:0.259912464155581] [-0.21212076167258787:0.26944204291048313] [3.0837004405286308:96.380411639460604] [-33.451983656665227:25.499294063733068] [-3332.0874273528971:2652.0060517572601] [-2880.3293605899748:2346.1213170979668] [-1090.6686016510505:934.42135021281092] [-436.76072840152983:467.57840613367603] [-0.29547075716762644:1.4306891716945038] [0.062793819401375392:0.6514129037067653] [0.026245463543385018:0.092110599078341016] [0.015077049552720804:0.080658515491931149] [-0.72673430841219067:4.0189332494007699] [0.46743846387580157:2.3260621438393465] [-1:0.99328859060402686] [0:0.90222222222222226] [0:1] [0:4] [1:12] none [0:1] [-11:8] [-0.126730564430245:0.22552999548940011] [0:1] [-0.10288784967882303:0.08505611680078462] [-0.13986255140503889:0.13160084488587853] [0.0024251968629527628:0.011841457708833433] [-0.90806057657351702:0.19897857359448179] [0.0040695656242548776:0.20202552483846534] [0:1] [-0.22859537662338159:0.23022297972565586] [0:1] none none none
tree_sizes=1281 1069 1058 1266 990 1097 1093 1092 1415 1098 995 1202 887 1059 1187 976 997 975 890 1140 1309 1179 1100 1207 1310 1412 877 1519 1085 883 1176 869 978 965 943 786 1097 784 1081 892 881 982 989 886 877 1100 1208 1082 1407 1385

Tree=0
num_leaves=11
num_cat=0
split_feature=35 35 28 36 28 16 15 41 1 37
split_gain=8.946 13.5392 11.9324 12.7325 12.2996 9.18517 8.92728 6.9427 3.40619 1.63156
threshold=0.039505712788034282 0.080946512603987122 8.5000000000000018 0.0065716592877551995 11.500000000000002 -253.47103780428986 418.80974252698911 1.0000000180025095e-35 0.038146399106458791 0.030717219398673005
decision_type=2 2 2 2 2 2 2 2 2 2
left_child=2 5 3 6 9 -2 -1 -5 -7 -4
right_child=1 -3 4 7 -6 8 -8 -9 -10 -11
leaf_value=-0.19779533251894263 -0.15909263841582283 -0.14646470776179657 -0.12960310638442851 -0.13885114435294296 -0.17934961738090721 -0.19538970311333706 -0.1680747462379347 -0.16812122640828256 -0.17176999042874261 -0.15374987556244735
leaf_weight=17.37552598118782 8.1913193911313993 7.694875791668891 11.66642458736897 8.935984790325163 7.4466539919376364 31.275946766138077 15.141529783606527 25.815067172050476 8.935984790325163 11.666424587368963
leaf_count=70 33 31 47 36 30 126 61 104 36 47
internal_value=-0.169425 -0.178872 -0.164082 -0.171057 -0.14919 -0.185014 -0.184265 -0.158951 -0.190873 -0.138921
internal_weight=154.146 56.0981 98.0476 67.2681 30.7795 48.4033 32.5171 34.7511 40.2119 23.3328
internal_count=621 226 395 271 124 195 131 140 162 94
is_linear=0
shrinkage=1


Tree=1
num_leaves=9
num_cat=0
split_feature=38 12 38 5 36 9 38 1
split_gain=23.2016 14.75 14.7415 11.1545 8.37978 7.2224 6.82265 1.79201
threshold=0.011801698766796364 57.905274279799904 0.0069394586626888568 0.1135542986950402 0.0046061955180631406 0.27480202075269139 0.0061404570360145622 -0.012196067034776712
decision_type=2 2 2 2 2 2 2 2
left_child=2 7 6 4 -4 -5 -1 -2
right_child=1 -3 3 5 -6 -7 -8 -9
leaf_value=-0.0053116288060219658 0.014794589374989222 -0.0071432713869349707 0 0.0136543944179891 -0.022613181656029026 -0.016449206735372902 0.026510312875355779 0.044478709875962502
leaf_weight=7.6964263916015652 7.4541181772947356 8.6883411556482297 18.856660351157188 21.102826267480854 55.537843063473701 8.1889096200466138 14.157645881175993 12.427318900823593
leaf_count=31 30 35 76 85 224 33 57 50
internal_value=-0.00030722 0.0230695 -0.00602311 -0.0108342 -0.0169238 0.00424571 0.0151689 0.0364043
internal_weight=154.11 28.5698 125.54 103.686 74.3945 29.2917 21.8541 19.8814
internal_count=621 115 506 418 300 118 88 80
is_linear=0
shrinkage=0.03


Tree=2
num_leaves=9
num_cat=0
split_feature=38 14 12 38 20 24 36 38
split_gain=22.037 19.6201 16.9723 8.25722 8.5469 5.43818 4.99625 8.23467
threshold=0.01133788916187769 -35.208532476483917 57.905274279799904 0.0069394586626888568 0.033687037907239002 -0.35321969696969696 0.004619464286071664 0.0070839270499271382
decision_type=2 2 2 2 2 2 2 2
left_child=1 6 5 -3 -5 -2 -1 -8
right_child=2 3 -4 4 -6 -7 7 -9
leaf_value=0 0.0090781883110980562 0.021682970957963871 -0.0069113821606439085 -0.021556321565278893 0.0041352182120249284 0.04462758627016733 0 -0.033092583042122981
leaf_weight=8.184562072157858 8.2122434377670288 14.676685482263563 12.402832597494124 13.387006565928457 44.643006980419159 14.689015552401543 8.6854431927204114 29.182317674160004
leaf_count=33 33 59 50 54 180 59 35 118
internal_value=-0.000275761 -0.00659157 0.0197822 0.00298222 -0.00206244 0.0342352 -0.0215137 -0.0258968
internal_weight=154.063 118.759 35.3041 72.7067 58.03 22.9013 46.0523 37.8678
internal_count=621 479 142 293 234 92 186 153
is_linear=0
shrinkage=0.03


Tree=3
num_leaves=11
num_cat=0
split_feature=38 14 8 18 26 11 36 38 18 2
split_gain=20.8665 18.5871 11.5223 9.05844 9.43209 7.59952 4.74209 7.82688 3.38152 2.92491
threshold=0.01133788916187769 -35.208532476483917 0.021356960250650255 0.62239863896947922 0.10029585798816569 0.16160333252016393 0.004619464286071664 0.0070839270499271382 0.80557447695600681 -0.02657374631449155
decision_type=2 2 2 2 2 2 2 2 2 2
left_child=1 6 9 4 -3 -5 -1 -8 -4 -2
right_child=2 3 8 5 -6 -7 7 -9 -10 -11
leaf_value=0 0.011823874618216221 -0.0070102935660031314 -0.013625245370935773 0.00085825115420062165 0.028017030036303844 -0.02796316728861014 0 -0.03227650702109211 0.011684982498170876 0.042262882209149658
leaf_weight=8.184562072157858 8.2148034274578094 8.6816096305847186 7.446908161044119 37.989155903458595 17.865170761942863 8.1796559393405897 8.6854431927204114 29.074738323688507 7.4494564831256866 12.223366126418114
leaf_count=33 33 35 30 153 72 33 35 118 30 49
internal_value=-0.000255892 -0.0064107 0.0192476 0.00289561 0.016348 -0.00488562 -0.0209588 -0.0252396 -0.000195291 0.0328413
internal_weight=153.995 118.66 35.3345 72.7156 26.5468 46.1688 45.9447 37.7602 14.8964 20.4382
internal_count=621 479 142 293 107 186 186 153 60 82
is_linear=0
shrinkage=0.03


Tree=4
num_leaves=8
num_cat=0
split_feature=38 33 38 18 33 11 9
split_gain=19.8572 14.3764 7.75786 9.34935 7.53773 5.65912 0.55773
threshold=0.011801698766796364 0.088380160982900732 0.0069394586626888568 0.60918999378728589 0.52731803013519796 0.015396186750815001 -0.13469752096793106
decision_type=2 2 2 2 2 2 2
left_child=1 -1 5 -4 6 -3 -2
right_child=4 2 3 -5 -6 -7 -8
leaf_value=-0.031699620451742197 0.016777394945472712 -0.0015264321321082077 0.0042175139831546731 -0.014590234736619717 0.0027893075358230144 0.027161854805781496 0.04401252800314482
leaf_weight=14.529780283570288 7.7385480403900146 9.6963775008916873 43.51090432703495 46.559346973896027 13.419586241245268 10.963601559400557 7.4911333322525042
leaf_count=59 31 39 176 188 54 44 30
internal_value=-0.000238275 -0.00554986 -0.00148396 -0.00544746 0.0213423 0.0140892 0.0345982
internal_weight=153.909 125.26 110.73 90.0703 28.6493 20.66 15.2297
internal_count=621 506 447 364 115 83 61
is_linear=0
shrinkage=0.03


Tree=5
num_leaves=9
num_cat=0
split_feature=33 28 20 33 28 16 22 35
split_gain=11.2104 17.5524 14.0073 10.4915 10.1323 6.55179 3.01511 0.145515
threshold=0.094519297901789562 8.5000000000000018 0.033687037907239002 0.56110825964958877 11.500000000000002 274.0057650544216 0.0032729239109960955 0.02950493322693826
decision_type=2 2 2 2 2 2 2 2
left_child=6 2 7 -4 5 -3 -1 -2
right_child=1 4 3 -5 -6 -7 -8 -9
leaf_value=-0.031193901805303913 -0.012891722061435179 0.031987858462187373 0.013510000146353261 -0.0085955273878039265 -0.0046516670613003294 0.0010748336910271132 -0.0040772703292663373 -0.034053064964056363
leaf_weight=8.8532135784626025 7.4270469397306469 28.591753631830215 34.471650436520576 38.663252308964729 11.877678111195562 9.1909791529178602 8.8635886758565885 8.6406915187835676
leaf_count=36 30 115 139 156 48 37 36 35
internal_value=0.000898738 0.00394262 -0.00389977 0.0017064 0.0179255 0.0252771 -0.0201781 -0.0276116
internal_weight=156.58 138.863 89.2026 73.1349 49.6604 37.7827 17.7168 16.0677
internal_count=632 560 360 295 200 152 72 65
is_linear=0
shrinkage=0.03


Tree=6
num_leaves=9
num_cat=0
split_feature=38 14 17 21 21 9 21 3
split_gain=12.4204 15.0698 13.1901 7.98946 14.6918 7.06689 6.96112 3.14589
threshold=0.011852333307430624 -35.208532476483917 -27.280851597357756 0.034025340141121137 0.030546498901218234 0.013603319360989184 0.043074638756323426 0.072685909562892018
decision_type=2 2 2 2 2 2 2 2
left_child=1 3 -2 4 -1 -3 -7 -4
right_child=2 5 7 -5 -6 6 -8 -9
leaf_value=-0.018051648781664802 -0.01257008822707442 0.027304943329456717 0.037412390507779787 -0.034149109399917811 0.023352256707549115 -0.0030121944639108678 0.021578004889005981 0.0085937550317401086
leaf_weight=26.812442645430565 7.7129911482334164 8.933061480522154 13.978675708174707 13.764988720417021 8.4113639742135984 58.282817766070366 10.437263816595076 8.2123166024684888
leaf_count=109 31 36 56 56 34 235 42 33
internal_value=0.000841651 -0.00322624 0.0176614 -0.0159906 -0.00703806 0.0048374 0.0010151 0.0289596
internal_weight=156.546 126.642 29.904 48.9888 35.2238 77.6531 68.7201 22.191
internal_count=632 512 120 199 143 313 277 89
is_linear=0
shrinkage=0.03


Tree=7
num_leaves=9
num_cat=0
split_feature=33 28 39 16 23 15 32 5
split_gain=10.4156 16.2037 13.5726 16.0373 9.92661 8.53569 3.41975 0.15433
threshold=0.094519297901789562 8.5000000000000018 1.0000000180025095e-35 -107.81292273315687 0.90573458972795895 1219.5504772961619 -0.0082081471519364606 0.11727749840144532
decision_type=2 2 2 2 2 2 2 2
left_child=6 2 -2 -4 7 -6 -1 -3
right_child=1 4 3 -5 5 -7 -8 -9
leaf_value=-0.0016266714883513727 0.022823535960987212 0.04226546199148383 0.014417109032930716 -0.016380292148800345 0.014840762765600479 -0.017805221226608884 -0.029896592046734019 0.018853826879984034
leaf_weight=7.8581139743328121 12.411742463707922 8.700958654284479 18.117332607507706 58.578256860375404 23.124568939208988 7.9156333953142157 9.787047475576399 9.9631675481796247
leaf_count=32 50 35 73 237 93 32 40 40
internal_value=0.000835514 0.00376973 -0.0037684 -0.00873309 0.0171968 0.00548779 -0.0195177 0.0335283
internal_weight=156.457 138.812 89.1073 76.6956 49.7043 31.0402 17.6452 18.6641
internal_count=632 560 360 310 200 125 72 75
is_linear=0
shrinkage=0.03


Tree=8
num_leaves=12
num_cat=0
split_feature=38 11 38 17 31 28 26 40 18 38 4
split_gain=11.4595 12.4946 11.0387 8.61747 10.9138 8.19778 6.83876 5.94789 6.87028 2.67079 1.73343
threshold=0.009677402616270073 -0.015581643903226193 0.0069394586626888568 1.4656679624934557 2.5000000000000004 7.5000000000000009 0.39816332534779142 0.010023044519637649 0.50364990691042111 0.0079900912789329093 -0.031731352158144203
decision_type=2 2 2 2 2 2 2 2 2 2 2
left_child=1 6 -3 7 10 -4 9 8 -2 -1 -5
right_child=3 2 5 4 -6 -7 -8 -9 -10 -11 -12
leaf_value=-0.013116806651687837 0.0030042416238750518 0.023983358668775347 -0.018400091466468975 0.011865496266031962 -0.004922144932196974 0.0068984665048976435 0.0032503219075492515 0.012613832399479294 -0.031477526620928939 -0.037410934904080963 0.034849911645107409
leaf_weight=14.267361968755724 9.4009261131286674 13.963089138269423 19.771425545215607 9.7013706862926501 10.640199705958365 21.796595901250839 7.403840258717536 11.929088145494459 7.4059094190597525 12.200304880738257 17.895001217722893
leaf_count=58 38 56 80 39 43 88 30 48 30 50 72
internal_value=0.000828385 -0.00604627 0.00254492 0.0101322 0.0191359 -0.00508254 -0.019906 -0.00182602 -0.0131241 -0.0266837 0.0286245
internal_weight=156.375 89.4026 55.5311 66.9725 38.2366 41.568 33.8715 28.7359 16.8068 26.4677 27.5964
internal_count=632 362 224 270 154 168 138 116 68 108 111
is_linear=0
shrinkage=0.03


Tree=9
num_leaves=9
num_cat=0
split_feature=33 16 7 20 3 23 22 13
split_gain=9.69107 12.2331 11.5602 9.24072 9.19715 3.38152 2.9128 0.373615
threshold=0.094519297901789562 -107.81292273315687 0.033062309323751683 0.038817182188879591 -0.041982345227638544 0.96534613368090672 0.0032729239109960955 -3.5697964726402911
decision_type=2 2 2 2 2 2 2 2
left_child=6 5 4 -4 -3 7 -1 -2
right_child=1 2 3 -5 -6 -7 -8 -9
leaf_value=-0.029679943758843311 0.010218432127248754 0.014069996099612266 -0.0039904585341469451 0.022226461994772264 -0.015201965427451744 0.0027133687252537289 -0.0032339835787314497 0.028873900874877005
leaf_weight=8.7557040154933947 7.4672118127346048 9.6586556732654554 20.819093510508537 23.095237478613853 50.581922739744186 11.166109904646872 8.8101224601268751 15.919434890151024
leaf_count=36 30 39 84 93 205 45 36 64
internal_value=0.000802968 0.00363361 -0.00144686 0.00983832 -0.00996635 0.0185997 -0.018869 0.0247825
internal_weight=156.273 138.708 104.155 43.9143 60.2406 34.5528 17.5658 23.3866
internal_count=632 560 421 177 244 139 72 94
is_linear=0
shrinkage=0.03


Tree=10
num_leaves=8
num_cat=0
split_feature=39 15 12 28 8 4 21
split_gain=10.7643 11.5037 8.66846 9.77023 8.84469 8.32466 1.24876
threshold=1.0000000180025095e-35 -1032.8757327763803 56.164753950609871 7.5000000000000009 0.075769985307525656 -0.08633200674141199 0.032506367071643026
decision_type=2 2 2 2 2 2 2
left_child=5 -2 3 -3 -4 -1 -7
right_child=1 2 4 -5 -6 6 -8
leaf_value=-0.0033080900463252571 -0.031211992696839316 -0.0012073201607295412 -0.020843865145132763 0.023483784353964917 0.0023415485683729634 0.038100844880327535 0.012122357046767701
leaf_weight=10.118129387497904 10.512219354510306 41.890418782830238 27.396714881062508 19.079963371157646 27.051129311323166 8.2020074129104632 7.9387288689613333
leaf_count=41 43 170 111 77 109 33 32
internal_value=-5.90329e-05 -0.00385522 -0.000746639 0.00678172 -0.00938418 0.0166 0.0288955
internal_weight=152.189 125.93 115.418 60.9704 54.4478 26.2589 16.1407
internal_count=616 510 467 247 220 106 65
is_linear=0
shrinkage=0.03


Tree=11
num_leaves=10
num_cat=0
split_feature=38 12 5 21 28 35 12 38 2
split_gain=13.4934 13.6448 12.901 7.45832 8.9626 6.70119 10.9548 7.20619 4.48716
threshold=0.01133788916187769 56.164753950609871 -0.0059446601645755095 0.033223674724528203 5.5000000000000009 0.029204588446373528 66.138225908320337 0.0084275045000684525 -0.0085195103760350426
decision_type=2 2 2 2 2 2 2 2 2
left_child=2 8 3 4 -1 6 -4 -7 -2
right_child=1 -3 5 -5 -6 7 -8 -9 -10
leaf_value=0.0088868569281301563 0.0086562550986941933 -0.00619183326854019 0.027433002070690327 -0.033989481911500218 -0.020442807266137352 -0.02097000360315911 -0.0053399956422923809 0.004658000756579894 0.041073983893912348
leaf_weight=14.451336547732351 8.9653873443603516 13.87601590156555 17.860166400671005 14.152853161096571 19.111698165535927 14.087580740451811 14.869670256972311 22.533249378204346 12.214871764183044
leaf_count=59 36 56 72 58 78 57 60 91 49
internal_value=-4.71738e-05 0.0156648 -0.00506229 -0.0167835 -0.00760289 0.00303654 0.0126617 -0.00538779 0.0299298
internal_weight=152.123 35.0563 117.067 47.7159 33.563 69.3507 32.7298 36.6208 21.1803
internal_count=616 141 475 195 137 280 132 148 85
is_linear=0
shrinkage=0.03


Tree=12
num_leaves=7
num_cat=0
split_feature=38 12 4 14 9 9
split_gain=12.8197 12.985 8.65619 8.26627 6.52776 10.412
threshold=0.01133788916187769 56.164753950609871 -0.05013966480446929 -1106.8612344407081 -0.091731929934737763 -0.033035117891508363
decision_type=2 2 2 2 2 2
left_child=3 2 -2 -1 -5 -6
right_child=1 -3 -4 4 5 -7
leaf_value=-0.029647230731042969 0.0043234652819533525 -0.0060321478936940674 0.044662106701598821 0.015872769817836533 -0.025836974911932591 -0.00026240016151283472
leaf_weight=9.1574700027704221 9.4677539467811584 13.869096651673315 11.69906485080719 13.228709146380423 15.877109900116919 78.698644816875458
leaf_count=38 38 56 47 54 65 318
internal_value=-4.1866e-05 0.015274 0.0291973 -0.00493546 -0.00219794 -0.00515725
internal_weight=151.998 35.0359 21.1668 116.962 107.804 94.5758
internal_count=616 141 85 475 437 383
is_linear=0
shrinkage=0.03


Tree=13
num_leaves=9
num_cat=0
split_feature=38 5 17 32 9 28 38 34
split_gain=12.187 11.9942 10.0205 6.05956 5.84135 10.9796 4.36152 2.67971
threshold=0.01133788916187769 -0.0059446601645755095 -39.458933466745293 0.015039166214553703 0.26180364040569898 8.5000000000000018 0.0070839270499271382 -0.0073404569576469561
decision_type=2 2 2 2 2 2 2 2
left_child=1 6 -2 -4 5 -3 -1 -8
right_child=2 4 3 -5 -6 -7 7 -9
leaf_value=0 -0.0087656783657904438 -0.0015020419501638931 0.033301978153540857 0 -0.016230392801514074 0.025303873755094838 -0.033344948093951103 -0.012686579952909593
leaf_weight=10.854039549827574 9.6549895107746107 41.999142125248909 17.64677016437054 7.7082718759775153 9.6655191332101804 17.677993103861809 11.36363849043846 25.315101817250252
leaf_count=44 39 170 71 31 39 71 47 104
internal_value=-3.97058e-05 -0.00481523 0.014896 0.0244367 0.00297865 0.00675843 -0.0161493 -0.0208679
internal_weight=151.885 116.875 35.01 25.355 69.3427 59.6771 47.5328 36.6787
internal_count=616 475 141 102 280 241 195 151
is_linear=0
shrinkage=0.03


Tree=14
num_leaves=10
num_cat=0
split_feature=38 5 10 33 11 21 36 35 4
split_gain=11.5514 11.3865 9.27692 7.29343 7.50478 7.20939 7.98997 6.56402 3.90471
threshold=0.01133788916187769 -0.0059446601645755095 0.055888677789883497 0.62527336398081768 0.16056913466913172 0.033223674724528203 0.0060038208782324251 0.031891721255214008 -0.05013966480446929
decision_type=2 2 2 2 2 2 2 2 2
left_child=1 5 8 7 -5 6 -1 -3 -2
right_child=2 3 -4 4 -6 -7 -8 -9 -10
leaf_value=-0.0204916315809534 0.0051935702489284618 0.029758386194434508 -0.0082676497493873579 0.0015443571672216511 -0.028045837324550103 -0.032715603028741089 0.0070257313342995389 0 0.032405443399934127
leaf_weight=16.817123904824257 9.713755264878273 11.926248878240587 9.6414830386638624 38.134082868695259 7.3961167186498633 14.01432493329048 16.582149982452393 11.883111730217932 15.639780983328819
leaf_count=69 39 48 39 154 30 58 68 48 63
internal_value=-4.59946e-05 -0.00470122 0.0144942 0.00288302 -0.00392468 -0.0157641 -0.00678094 0.0157778 0.0236701
internal_weight=151.748 116.753 34.995 69.3396 45.5302 47.4136 33.3993 23.8094 25.3535
internal_count=616 475 141 280 184 195 137 96 102
is_linear=0
shrinkage=0.03


Tree=15
num_leaves=8
num_cat=0
split_feature=26 38 8 11 38 17 20
split_gain=7.30436 6.93949 12.2469 8.59449 7.34883 5.58267 2.1493
threshold=0.5378409090909092 0.011547277389371996 0.021356960250650255 -0.008413245616372798 0.0067160543210331158 17.997235528193134 0.040378382229624803
decision_type=2 2 2 2 2 2 2
left_child=1 3 -3 5 -5 -1 -2
right_child=6 2 -4 4 -6 -7 -8
leaf_value=-0.023438675996607136 0.02705756646959917 0.027904584392097632 -0.0087421451680453881 0.022758635403075694 -0.0036279272651587261 0 0.0026052157775999472
leaf_weight=28.996987447142601 8.1757767200469953 14.396327778697016 14.131456777453421 9.2227757722139341 59.222942665219307 12.963160157203673 7.6594171077013007
leaf_count=120 33 58 57 37 240 53 31
internal_value=-0.000294277 -0.00267239 0.00987655 -0.0061664 0.000259813 -0.016525 0.0176896
internal_weight=154.769 138.934 28.5278 110.406 68.4457 41.9601 15.8352
internal_count=629 565 115 450 277 173 64
is_linear=0
shrinkage=0.03


Tree=16
num_leaves=8
num_cat=0
split_feature=33 33 38 32 15 38 14
split_gain=7.10434 11.4838 9.99067 6.63103 5.43737 5.36855 4.22253
threshold=0.088380160982900732 0.59361944796413868 0.011362102514801999 -0.0077401376105150623 90.321782025812936 0.0069394586626888568 -91.896923959397995
decision_type=2 2 2 2 2 2 2
left_child=3 2 4 -1 -2 -3 -7
right_child=1 5 -4 -5 -6 6 -8
leaf_value=0.0019226766308269119 -0.0041252371362066852 0.01148854773007398 0.032734248988676877 -0.02889667300175466 0.01526725899337493 -0.026654832969825501 -0.0051355409854611398
leaf_weight=9.4817532598972338 26.868979543447495 11.203860536217688 13.621818736195562 11.920948922634123 20.883096247911453 9.0314314961433393 51.610160112380981
leaf_count=39 110 45 55 50 84 37 209
internal_value=-0.000263176 0.00228499 0.0117026 -0.0156048 0.00432687 -0.00565593 -0.0093286
internal_weight=154.622 133.219 61.3739 21.4027 47.7521 71.8455 60.6416
internal_count=629 540 249 89 194 291 246
is_linear=0
shrinkage=0.03


Tree=17
num_leaves=8
num_cat=0
split_feature=33 18 38 38 15 8 11
split_gain=6.74799 11.4666 9.03911 7.88238 5.23154 4.81601 3.83689
threshold=0.088380160982900732 0.58133104062380225 0.011362102514801999 0.0069394586626888568 90.321782025812936 -0.11200489736968235 0.16294443323906463
decision_type=2 2 2 2 2 2 2
left_child=5 2 4 -3 -2 -1 -5
right_child=1 3 -4 6 -6 -7 -8
leaf_value=0 -0.0039574122102726478 0.015134784657131707 0.031983431443829258 -0.0057117415731245229 0.01567976609615605 -0.026505037106914354 -0.025901785404869006
leaf_weight=9.456608712673189 25.112001001834869 11.709951683878897 13.592207074165342 53.714415371417999 19.401879668235779 11.876881450414656 9.6045693755149824
leaf_count=39 103 47 55 218 78 50 39
internal_value=-0.000254171 0.00222494 0.0120949 -0.00533966 0.00458536 -0.0152329 -0.00970323
internal_weight=154.469 133.135 58.1061 75.0289 44.5139 21.3335 63.319
internal_count=629 540 236 304 181 89 257
is_linear=0
shrinkage=0.03


Tree=18
num_leaves=7
num_cat=0
split_feature=26 15 15 35 35 14
split_gain=6.78026 4.90931 10.2855 10.8411 3.69227 2.15852
threshold=0.5378409090909092 -1097.3151453124738 -510.58777333519527 -0.041501841254739706 0.030214068013356913 191.42124010888622
decision_type=2 2 2 2 2 2
left_child=1 -1 4 -4 -3 -2
right_child=5 2 3 -5 -6 -7
leaf_value=-0.02035164868689552 0.026146494605049597 0.029001882411709243 -0.027872291650790249 -0.00043361978210362833 0.00045882804127651648 0.0018594732362070341
leaf_weight=10.736631289124487 8.4016102105379087 10.542030826210977 13.216207712888716 96.209112018346786 7.7760329246520987 7.4252436012029639
leaf_count=45 34 43 54 391 32 30
internal_value=-0.000244313 -0.00254612 -0.000643331 -0.00432304 0.0188614 0.0170805
internal_weight=154.307 138.48 127.743 109.425 18.3181 15.8269
internal_count=629 565 520 445 75 64
is_linear=0
shrinkage=0.03


Tree=19
num_leaves=10
num_cat=0
split_feature=26 19 33 5 19 24 12 27 10
split_gain=6.46381 7.53433 12.366 9.1827 9.74362 6.45564 4.50413 1.32456 0.285351
threshold=0.5378409090909092 0.31072856172690366 0.67548760422989695 0.0098721295431206686 0.12865784325330268 0.31668922287912249 55.392029198843524 2.5000000000000004 -0.095302345770256078
decision_type=2 2 2 2 2 2 2 2 2
left_child=1 3 8 5 -5 -1 -2 -4 -3
right_child=6 2 7 4 -6 -7 -8 -9 -10
leaf_value=-0.022491130024374025 0.029779805622511719 0.010735675158088539 0 -0.01951393059140458 0.0094958299440281672 0 0 -0.016253292513946273 0.030233360238626869
leaf_weight=34.666092023253441 8.1665869653224927 7.3289725780487087 10.399649143218996 11.817358031868933 39.324998244643211 16.367645367980003 7.6670191437005988 7.4098680615425101 11.095174446702002
leaf_count=144 33 30 42 48 159 67 31 30 45
internal_value=-0.000228182 -0.00247943 0.00878749 -0.00671089 0.00202822 -0.0154977 0.0166811 -0.00808128 0.0250225
internal_weight=154.243 138.41 36.2337 102.176 51.1424 51.0337 15.8336 17.8095 18.4241
internal_count=629 565 147 418 207 211 64 72 75
is_linear=0
shrinkage=0.03


Tree=20
num_leaves=11
num_cat=0
split_feature=20 17 12 33 33 9 7 13 32 11
split_gain=11.679 7.87583 5.43224 9.00714 8.30096 5.9955 5.05528 4.4279 3.73117 3.40455
threshold=0.033363864400028469 -0.96070298384736919 58.179000131193625 0.088380160982900732 0.87871194904486816 -0.096668767850584217 0.071493849933634182 2.6409945024752308 -0.0064307210436185805 -0.034893967594922297
decision_type=2 2 2 2 2 2 2 2 2 2
left_child=1 -1 3 8 7 -5 -6 -4 -2 -3
right_child=2 9 4 5 6 -7 -8 -9 -10 -11
leaf_value=-0.035747868149332687 0.0033251534645723762 0.010699140529247217 -0.0028879729182310597 0.029956376589790938 0.027147208305674825 0.0081932723407240511 -0.0018420326375742436 -0.026851276715894216 -0.022079030262059401 -0.014378181717557007
leaf_weight=9.6176283061504382 8.2206239104270953 7.3285414278507233 21.689155027270321 15.44358144700527 8.1853700429201144 50.513875752687454 9.1921818107366544 10.08935461938381 7.9388703554868689 7.8609354794025403
leaf_count=40 34 30 88 63 33 205 37 41 34 32
internal_value=0.000904167 -0.0170582 0.00461617 0.00930076 -0.00297404 0.0142414 0.0124313 -0.0120795 -0.00938658 -0.00156927
internal_weight=156.08 24.8071 131.273 82.117 49.1561 65.9575 17.3776 31.7785 16.1595 15.1895
internal_count=637 102 535 336 199 268 70 129 68 62
is_linear=0
shrinkage=0.03


Tree=21
num_leaves=10
num_cat=0
split_feature=38 26 20 11 14 26 21 27 20
split_gain=11.8227 10.4082 9.00537 8.0261 7.60316 4.99793 4.2971 3.62988 3.2854
threshold=0.00992700572425592 0.43639531989046559 0.036723943057060636 0.0074333007465038356 905.44887483423929 0.23827838827838829 0.033354152623706258 3.5000000000000004 0.036233253672942771
decision_type=2 2 2 2 2 2 2 2 2
left_child=1 3 -2 6 7 -5 -1 -4 -3
right_child=2 8 4 5 -6 -7 -8 -9 -10
leaf_value=-0.010450712584849767 -0.014683028426380591 0 0.026223905087022575 0.0056693647998633514 -0.0049273026362017698 -0.015869986793658579 -0.03384600559793411 0.0016469289892189951 0.024267519091111939
leaf_weight=25.539832204580307 8.0626263469457609 7.6532221436500576 32.22056870162487 29.881382450461388 10.389907017350195 11.843301534652708 12.386162400245665 8.3452865034341794 9.6400579959154111
leaf_count=106 33 31 131 121 42 48 52 34 39
internal_value=0.000862263 -0.00545189 0.0113185 -0.010149 0.0161151 -0.00054765 -0.0197797 0.0218352 0.0142143
internal_weight=155.962 96.944 59.0184 79.6507 50.9558 41.7247 37.926 40.5659 17.2933
internal_count=637 397 240 327 207 169 158 165 70
is_linear=0
shrinkage=0.03


Tree=22
num_leaves=9
num_cat=0
split_feature=19 3 18 12 38 18 28 36
split_gain=11.2702 7.0526 5.89204 9.19908 6.80295 5.37229 4.01992 0.949059
threshold=0.13908082027331584 -0.035076089414484195 0.052894362035246868 58.179000131193625 0.0098235095108185743 0.78622528130457858 7.5000000000000009 0.0060975328082584759
decision_type=2 2 2 2 2 2 2 2
left_child=1 -1 -2 4 -4 -5 7 -3
right_child=2 6 3 5 -6 -7 -8 -9
leaf_value=0.0071791703091933995 -0.013839587377622649 -0.034366405633146024 0.0053944402129316987 -0.012965787117529872 0.026592863325085547 0.0062327575822032329 -0.001228760061744738 -0.010899222100311049
leaf_weight=9.2679019868373853 10.574043214321135 11.411389380693441 33.772324070334435 20.618630111217499 25.76014344394207 28.497521504759789 8.6303107589483243 7.2974126636981955
leaf_count=38 44 47 139 84 105 115 35 30
internal_value=0.000821046 -0.0131946 0.00539494 0.00761879 0.0153771 -0.00172518 -0.0206311 -0.0278739
internal_weight=155.83 36.607 119.223 108.649 59.5325 49.1162 27.3391 18.7088
internal_count=637 150 487 443 244 199 112 77
is_linear=0
shrinkage=0.03


Tree=23
num_leaves=10
num_cat=0
split_feature=17 24 13 28 18 21 6 15 15
split_gain=6.22355 8.93753 8.26572 6.73183 6.52188 4.93055 7.09189 4.59454 8.13667
threshold=1.0000000180025095e-35 -0.082079496968335927 -0.11490148039294111 3.5000000000000004 0.57394682611949321 0.043074638756323426 -0.019748909934662284 -1032.8757327763803 -99.18137660076664
decision_type=2 2 2 2 2 2 2 2 2
left_child=1 5 -3 4 -2 6 -1 -5 -9
right_child=3 2 -4 7 -6 -7 -8 8 -10
leaf_value=-0.0040569400542143468 0.010177366930227581 0.025081042114483077 -0.0086086152507557096 -0.0062982741699738262 -0.020702658893166394 0.0045363582877989451 -0.028975986629426551 0.02945436193534607 0.0042683116869864394
leaf_weight=24.73554269969463 8.7660043537616747 12.325231909751894 9.7857306599616987 8.3208000212907773 11.747746109962462 11.254600301384924 19.151064887642864 19.942784875631332 29.676084727048874
leaf_count=102 36 50 40 35 48 46 79 81 120
internal_value=0.000780496 -0.00508979 0.0100715 0.00673017 -0.00710878 -0.0115715 -0.0160469 0.0119539 0.0154307
internal_weight=155.706 77.2522 22.111 78.4534 20.5138 55.1412 43.8866 57.9397 49.6189
internal_count=637 317 90 320 84 227 181 236 201
is_linear=0
shrinkage=0.03


Tree=24
num_leaves=11
num_cat=0
split_feature=20 28 8 7 8 10 11 9 8 35
split_gain=10.4936 11.8439 5.02811 9.5306 8.08083 8.95988 5.98052 5.27913 3.48374 0.781135
threshold=0.033363864400028469 8.5000000000000018 0.014042613476303666 0.031461981944562394 -0.055358354479469157 -0.083403861058757731 -0.0101402056457201 0.24907370409044907 -0.022205531511506817 0.022520244610751531
decision_type=2 2 2 2 2 2 2 2 2 2
left_child=1 9 4 6 5 -2 -4 -5 -6 -1
right_child=2 -3 3 7 8 -7 -8 -9 -10 -11
leaf_value=-0.012509586960850996 0.013222641029646756 0.01084436034322755 -0.032129101481387118 0.014139218323019478 0.031617773617474525 -0.017278212499664776 -0.0025940016038851488 -0.010094310215911976 0.0099937733512676635 -0.037110668834767685
leaf_weight=7.2254255264997544 15.952611967921259 7.9188442528247824 9.1934373229742068 28.492630362510681 12.588128566741942 14.622120067477224 17.486354321241379 8.6611852496862394 23.953031539916992 9.50911697745323
leaf_count=30 66 32 38 115 51 61 71 35 98 40
internal_value=0.000756214 -0.0163189 0.00428084 -0.00154417 0.00992237 -0.00106891 -0.0148252 0.00787981 0.0190864 -0.0297588
internal_weight=155.603 24.6534 130.949 63.8336 67.1159 30.5747 26.6798 37.1538 36.5412 16.7345
internal_count=637 102 535 259 276 127 109 150 149 70
is_linear=0
shrinkage=0.03


Tree=25
num_leaves=12
num_cat=0
split_feature=38 1 11 11 5 12 40 36 15 38 32
split_gain=8.13499 8.70676 7.0086 7.20167 7.91473 4.30684 7.44938 3.36679 3.69541 3.1546 2.41285
threshold=0.010030671911122427 -0.020388980429893119 -0.0040319925049587804 0.16294443323906463 0.11970525328739935 57.905274279799904 0.0061950242472271775 0.0049095596248822241 -528.95936231918108 0.011391534127088139 -0.0069449256671063045
decision_type=2 2 2 2 2 2 2 2 2 2 2
left_child=2 10 7 4 -4 9 -7 -1 -9 -3 -2
right_child=1 5 3 -5 -6 6 -8 8 -10 -11 -12
leaf_value=0.0010464683157444224 0.00097767680650398406 0.0058440840258766336 -0.0030867406409224138 -0.019142284383732246 0.021154446854278787 -0.016700715758519075 0.019142467112444026 -0.0032537069110894832 -0.026370355315588404 0.030193300831734621 -0.01915321203780497
leaf_weight=7.7826067805290213 8.5647249072790164 10.312276571989061 27.328467443585396 10.05846270918846 18.116906136274338 7.6228065788745907 9.1861880868673307 11.826856613159181 19.904109552502632 16.770856484770775 7.8188726156949988
leaf_count=32 35 42 111 41 73 31 37 50 83 69 32
internal_value=0 0.00850086 -0.00539248 0.00129046 0.00674529 0.0154086 0.00204282 -0.0147511 -0.0189027 0.0224772 -0.00885213
internal_weight=155.293 60.2757 95.0174 55.5038 45.4454 43.8921 16.809 39.5136 31.731 27.0831 16.3836
internal_count=636 246 390 225 184 179 68 165 133 111 67
is_linear=0
shrinkage=0.03


Tree=26
num_leaves=7
num_cat=0
split_feature=20 28 9 18 16 28
split_gain=9.57137 7.94046 6.68444 5.63318 9.43934 1.97251
threshold=0.033687037907239002 8.5000000000000018 0.26180364040569898 0.044415128883541509 -107.81292273315687 3.5000000000000004
decision_type=2 2 2 2 2 2
left_child=1 5 3 -2 -5 -1
right_child=2 -3 -4 4 -6 -7
leaf_value=-0.0099257035789051071 -0.014106454405549461 0.0050240755528305637 -0.016826744646556608 0.021298771322284398 0.0018178365897899083 -0.036130233938990126
leaf_weight=8.6992041468620354 9.3281794935464841 9.3877196162939054 10.852200239896773 31.163069605827332 76.491175591945648 9.1683341264724714
leaf_count=36 39 38 44 127 313 39
internal_value=0 -0.0154673 0.00352722 0.00579259 0.00787946 -0.0264105
internal_weight=155.09 27.2553 127.835 116.982 107.654 17.8675
internal_count=636 113 523 479 440 75
is_linear=0
shrinkage=0.03


Tree=27
num_leaves=13
num_cat=0
split_feature=38 35 11 6 1 9 12 40 21 32 6 0
split_gain=7.59036 8.53296 8.93258 11.9883 8.16119 6.86825 4.01325 7.10839 3.00846 2.3285 2.26841 3.74543
threshold=0.010030671911122427 0.038397542527518043 -0.0040319925049587804 0.014726254659006534 -0.020388980429893119 -0.093304590002490903 57.905274279799904 0.0061950242472271775 0.030360516557116832 -0.0069449256671063045 0.020153282091416005 -0.0038746121917278549
decision_type=2 2 2 2 2 2 2 2 2 2 2 2
left_child=1 2 5 -4 9 -1 8 -8 -6 -2 11 -3
right_child=4 10 3 -5 6 -7 7 -9 -10 -11 -12 -13
leaf_value=0.0095145683631734802 0.0010248566072906891 -0.0070853296973960251 0.023177248346644586 -0.01066910285417875 0.002121812027024337 -0.020955063409367626 -0.016347114139066064 0.018670470087214907 0.027491003034338719 -0.018740774042581069 -0.00046351125167768992 -0.032843358866347927
leaf_weight=7.6693933010101345 8.5552634447813052 13.227140069007875 23.200788170099258 12.835643261671065 7.3247967511415508 18.480148926377296 7.6083561033010509 9.1953604966402036 19.65470615029335 7.7997189462184897 7.6027001440525046 11.812685132026671
leaf_count=32 35 55 94 52 30 77 31 37 81 32 31 49
internal_value=0 -0.00523974 0.00114728 0.0108002 0.00819483 -0.0114447 0.0148974 0.00196524 0.0217428 -0.00859912 -0.0172042 -0.021322
internal_weight=154.967 94.8285 62.186 36.0364 60.1382 26.1495 43.7832 16.8037 26.9795 16.355 32.6425 25.0398
internal_count=636 390 255 146 246 109 179 68 111 67 135 104
is_linear=0
shrinkage=0.03


Tree=28
num_leaves=9
num_cat=0
split_feature=33 18 20 33 38 20 21 38
split_gain=9.71481 10.7284 9.21582 6.48226 6.81822 6.63746 3.20907 2.22994
threshold=0.088380160982900732 0.58133104062380225 0.033363864400028469 0.80087721724989458 0.008829514672042342 0.04666865365345324 0.034197511214731503 0.010149321044470997
decision_type=2 2 2 2 2 2 2 2
left_child=7 2 -2 5 -5 -3 -4 -1
right_child=1 3 6 4 -6 -7 -8 -9
leaf_value=-0.027097069752677456 -0.012568197634803579 -0.021076065580683295 0.023189027456822591 -0.01121931682879506 0.014119844933628748 0.003605758046790425 0.0061825322300477397 -0.0029234189345849729
leaf_weight=10.997009351849558 9.365611404180525 26.272846013307571 30.845617979764938 13.279699251055716 22.520311057567596 12.791000142693518 21.227834865450859 7.4737429767847052
leaf_count=48 39 108 125 54 91 52 88 31
internal_value=0 0.00285364 0.0120181 -0.00458931 0.00422739 -0.012847 0.0170188 -0.0192898
internal_weight=154.774 136.303 61.4391 74.8639 35.8 39.0638 52.0735 18.4708
internal_count=636 557 252 305 145 160 213 79
is_linear=0
shrinkage=0.03


Tree=29
num_leaves=7
num_cat=0
split_feature=20 9 19 11 34 2
split_gain=8.52479 6.25641 6.61138 7.37982 5.58738 5.13364
threshold=0.033687037907239002 0.26180364040569898 0.32985315788009023 -0.098968415834215492 -0.0017128926264934339 0.0070219914312755769
decision_type=2 2 2 2 2 2
left_child=5 2 4 -4 -2 -1
right_child=1 -3 3 -5 -6 -7
leaf_value=-0.026753316882602667 -0.0078741717043162539 -0.01642271720127738 -0.0053472696392228101 0.026588880933124337 0.0071583825380835183 -0.00030858564697366681
leaf_weight=13.22573181986809 34.134701386094093 10.826826110482214 7.3681552708148983 20.294152930378914 54.903042688965797 13.84364567697048
leaf_count=56 141 44 31 83 224 57
internal_value=0 0.00327989 0.00548008 0.0177897 0.00118416 -0.0146968
internal_weight=154.596 127.527 116.7 27.6623 89.0377 27.0694
internal_count=636 523 479 114 365 113
is_linear=0
shrinkage=0.03


Tree=30
num_leaves=10
num_cat=0
split_feature=20 3 16 4 4 36 4 11 25
split_gain=9.04996 7.55515 5.81858 9.61509 8.17685 5.43253 5.33399 5.13374 3.62728
threshold=0.033363864400028469 0.032717632628749056 21.25599842547658 -0.071804846029478606 0.13623108560551558 0.007901969307132101 0.19451236130625618 -0.070874456757132318 0.37669663317468716
decision_type=2 2 2 2 2 2 2 2 2
left_child=1 -1 3 8 7 -5 -6 -4 -2
right_child=2 -3 4 5 6 -7 -8 -9 -10
leaf_value=-0.027648982593922167 -0.0087490328937790685 0.0060381203188559374 0.0052018320729141651 0.027230363334549149 0.025156837386878 0 -0.0023976046512626061 -0.01606905604450673 0.011886368033037161
leaf_weight=14.117204859852793 20.268048197031025 7.5662168562412253 12.525542318820952 26.301134467124939 11.12243637442589 7.615671142935752 9.8769959658384305 29.892945796251297 9.4647048711776716
leaf_count=60 84 31 52 107 45 31 40 123 39
internal_value=0.00118497 -0.0157436 0.00438916 0.0106899 -0.00183875 0.0211694 0.012463 -0.00949897 -0.0013724
internal_weight=148.751 21.6834 127.067 63.6496 63.4179 33.9168 20.9994 42.4185 29.7328
internal_count=612 91 521 261 260 138 85 175 123
is_linear=0
shrinkage=0.03


Tree=31
num_leaves=7
num_cat=0
split_feature=33 9 9 9 38 32
split_gain=8.00246 8.32755 5.88694 7.83628 4.2064 3.57701
threshold=0.09809653826348913 -0.098428039997820849 -0.033035117891508363 1.0000000180025095e-35 0.010409907220773814 -0.010593629465617203
decision_type=2 2 2 2 2 2
left_child=5 -2 4 -4 -3 -1
right_child=1 2 3 -5 -6 -7
leaf_value=0 0.023853578888802209 -0.021182440130475755 0.024798784401760109 0.00055729201351633196 0.0038952891817791799 -0.024057002812877367
leaf_weight=7.702632978558543 14.771134734153746 14.030209586024286 12.460835412144659 79.693192556500435 7.3584361523389807 12.615291327238081
leaf_count=32 61 59 51 324 30 55
internal_value=0.00115606 0.00407543 0.00100424 0.00445162 -0.0123182 -0.0153216
internal_weight=148.632 128.314 113.543 92.154 21.3886 20.3179
internal_count=612 525 464 375 89 87
is_linear=0
shrinkage=0.03


Tree=32
num_leaves=8
num_cat=0
split_feature=20 33 16 41 36 7 11
split_gain=8.48808 6.91388 11.0707 10.4734 8.26734 6.31975 2.37057
threshold=0.033363864400028469 0.09809653826348913 21.25599842547658 1.0000000180025095e-35 0.0080310362892089832 0.023407899094063111 -0.065309012429609889
decision_type=2 2 2 2 2 2 2
left_child=5 6 4 -4 -3 -1 -2
right_child=1 2 3 -5 -6 -7 -8
leaf_value=-0.026470699003960419 -0.021528862642676325 0.023374893528466296 0.021910204151466876 -0.0075767486338616102 -0.0059664118291273306 0.0041897662574183073 0
leaf_weight=13.749639794230463 8.7565156966447848 39.367323562502861 11.673678785562513 49.401513308286667 9.0783208012580854 7.8239795863628379 8.6345678865909559
leaf_count=59 38 160 48 202 37 32 36
internal_value=0.00113023 0.00423411 0.00713764 -0.00118689 0.0175607 -0.0153029 -0.0121277
internal_weight=148.486 126.912 109.521 61.0752 48.4456 21.5736 17.3911
internal_count=612 521 447 250 197 91 74
is_linear=0
shrinkage=0.03


Tree=33
num_leaves=8
num_cat=0
split_feature=20 3 7 18 18 26 11
split_gain=8.03957 6.87705 4.95958 7.52277 6.75908 3.70788 3.04333
threshold=0.033363864400028469 0.032717632628749056 -0.051554503905181494 0.58778027137333633 0.78622528130457858 0.11876259333886453 -0.04854609894718364
decision_type=2 2 2 2 2 2 2
left_child=1 -1 6 5 -5 -4 -2
right_child=2 -3 3 4 -6 -7 -8
leaf_value=-0.026430311355965106 -0.021720241651527368 0.0057177687373522025 0.0016600566904175944 -0.010165019239920197 0.0091772701852608357 0.021395570098658667 0
leaf_weight=13.913440346717836 7.2841102629900005 7.5761130303144446 14.407616332173346 29.413106337189674 31.688606351613998 30.893295422196388 13.139760836958883
leaf_count=60 31 31 60 121 128 127 54
internal_value=0.00108568 -0.0149361 0.0041066 0.00678824 0 0.0157715 -0.00855447
internal_weight=148.316 21.4896 126.826 106.403 61.1017 45.3009 20.4239
internal_count=612 91 521 436 249 187 85
is_linear=0
shrinkage=0.03


Tree=34
num_leaves=8
num_cat=0
split_feature=33 41 36 40 28 32 40
split_gain=7.05259 10.7394 10.2153 7.56725 4.23745 3.34956 1.60702
threshold=0.09809653826348913 1.0000000180025095e-35 0.0076638607761992453 0.028565856842248442 9.5000000000000018 -0.010593629465617203 -0.013483441346195611
decision_type=2 2 2 2 2 2 2
left_child=5 6 3 -3 -4 -1 -2
right_child=1 2 4 -5 -6 -7 -8
leaf_value=0 0.009719671507965837 -0.0038071143049024326 -0.027101260298102978 0.013336218225909814 0 -0.023030442815804148 0.032621856318785586
leaf_weight=7.6839818805456188 10.287727445364 44.386836066842079 13.164364561438562 43.024118945002556 8.0909914970397931 12.439932733774183 9.1058929860591871
leaf_count=32 43 182 54 176 33 55 37
internal_value=0.00104754 0.00378958 0 0.00457272 -0.0177467 -0.0144888 0.0232185
internal_weight=148.184 128.06 108.666 87.411 21.2554 20.1239 19.3936
internal_count=612 525 445 358 87 87 80
is_linear=0
shrinkage=0.03


Tree=35
num_leaves=6
num_cat=0
split_feature=38 21 2 18 21
split_gain=9.31786 8.5433 7.03352 7.34117 2.93701
threshold=0.0069394586626888568 0.022076994454106113 -0.073204569779471193 0.58133104062380225 0.033354152623706258
decision_type=2 2 2 2 2
left_child=4 -2 -3 -4 -1
right_child=1 2 3 -5 -6
leaf_value=0.026345326227518544 -0.024126003700484074 -0.021164972488887459 0.011078340090735401 -0.0039587411804426868 0.00083643605510270893
leaf_weight=13.577136844396593 11.837784007191656 9.8865834474563581 52.621557503938675 59.348084926605225 7.3819577842950812
leaf_count=55 51 41 219 243 30
internal_value=0.0011494 -0.00175523 0.000651366 0.00304691 0.0188697
internal_weight=154.653 133.694 121.856 111.97 20.9591
internal_count=639 554 503 462 85
is_linear=0
shrinkage=0.03


Tree=36
num_leaves=9
num_cat=0
split_feature=33 32 12 7 5 0 22 21
split_gain=6.98901 7.40442 6.38963 8.27151 8.94633 6.1792 5.24187 4.56913
threshold=0.088380160982900732 -0.0073601273125124536 54.512357317379958 0.031461981944562394 0.1775349467562545 -0.032685304397718599 0.0032729239109960955 0.02161813572046533
decision_type=2 2 2 2 2 2 2 2
left_child=1 -1 5 4 -4 -2 -5 -7
right_child=2 -3 3 6 -6 7 -8 -9
leaf_value=0.0027807010789104641 -0.012120237657844044 -0.031224826221764368 -0.024915301969314185 0.016473338372724411 0.0077938963376649427 -0.0054516715859924394 -0.0051620906592522052 0.016277864664144596
leaf_weight=9.4877805858850497 7.8740556836128226 9.5190841257572156 20.282139077782634 19.2897087931633 9.3099215030670148 8.1507879793643934 16.306904375553131 54.338314414024353
leaf_count=40 32 43 84 78 38 34 66 224
internal_value=0.00110826 -0.0148874 0.00364405 -0.00291429 -0.014308 0.00983999 0.00641576 0.0131298
internal_weight=154.559 19.0069 135.552 65.1887 29.5921 70.3632 35.5966 62.4891
internal_count=639 83 556 266 122 290 144 258
is_linear=0
shrinkage=0.03


Tree=37
num_leaves=6
num_cat=0
split_feature=38 21 2 12 36
split_gain=8.81512 7.97847 6.56769 8.47746 2.99571
threshold=0.0069394586626888568 0.022076994454106113 -0.073204569779471193 54.74868789028082 0.0076638607761992453
decision_type=2 2 2 2 2
left_child=4 -2 -3 -4 -1
right_child=1 2 3 -5 -6
leaf_value=0.025812879644837645 -0.023467464509123525 -0.0205695506271317 0.010342181310172834 -0.0058775276257886392 0.00031616396061637627
leaf_weight=13.576257437467577 11.742634400725363 9.846645310521124 61.020525380969048 50.815902143716812 7.3864319026470175
leaf_count=55 51 41 254 208 30
internal_value=0.0010563 -0.00177102 0.000547064 0.00286677 0.0182921
internal_weight=154.388 133.426 121.683 111.836 20.9627
internal_count=639 554 503 462 85
is_linear=0
shrinkage=0.03


Tree=38
num_leaves=9
num_cat=0
split_feature=38 24 38 12 17 35 17 36
split_gain=8.38712 6.90136 10.984 5.74791 5.26218 3.25458 2.84662 2.82441
threshold=0.0069394586626888568 -0.36800195407914016 0.0098235095108185743 55.735203455021782 1.4656679624934557 0.038397542527518043 -32.134640682425378 0.0076638607761992453
decision_type=2 2 2 2 2 2 2 2
left_child=7 4 5 -4 6 -3 -2 -1
right_child=1 2 3 -5 -6 -7 -8 -9
leaf_value=0.025133826810578047 -0.0074839111433501852 0 0.022792674048908737 0.000118992534527432 0.0077705188332838791 -0.015229788261314209 -0.026510676077280915 0.00030869741896484988
leaf_weight=13.578747540712358 23.033930733799931 24.911098003387451 24.216269969940186 18.559520319104195 8.4643486738204938 20.391292065382004 13.73598198592663 7.3865212053060523
leaf_count=55 96 103 101 75 35 85 59 30
internal_value=0.00101706 -0.00174048 0.00302739 0.0137348 -0.0110769 -0.00691896 -0.0159795 0.0178291
internal_weight=154.278 133.312 88.0782 42.7758 45.2343 45.3024 36.7699 20.9653
internal_count=639 554 364 176 190 188 155 85
is_linear=0
shrinkage=0.03


Tree=39
num_leaves=7
num_cat=0
split_feature=38 21 17 38 22 16
split_gain=8.01539 7.54362 5.60416 6.30565 2.24077 1.98415
threshold=0.0068097074958064921 0.022076994454106113 -81.8547293081118 0.0098489056799924892 -0.047661352586294385 -134.55552391983301
decision_type=2 2 2 2 2 2
left_child=4 -2 5 -4 -1 -3
right_child=1 2 3 -5 -6 -7
leaf_value=0.028322714203080142 -0.022071352085039908 -0.00044738097783925671 -0.0028996171649607032 0.011308468624046396 0.0037878433196733268 -0.022568351907168667
leaf_weight=9.1632683873176592 12.351411700248716 7.7782666236162212 58.863122716546059 48.874463960528374 8.1077534556388837 8.9328311532735807
leaf_count=37 54 32 244 202 33 37
internal_value=0.000995876 -0.00143396 0.000812361 0.00349773 0.0191718 -0.0142221
internal_weight=154.071 136.8 124.449 107.738 17.271 16.7111
internal_count=639 569 515 446 70 69
is_linear=0
shrinkage=0.03


Tree=40
num_leaves=7
num_cat=0
split_feature=18 3 3 35 3 4
split_gain=8.14302 6.31021 5.74614 4.64097 4.37175 3.2753
threshold=0.052894362035246868 -0.035076089414484195 -0.021471150498474253 0.047612426125369763 -0.0050025888850535041 -0.05013966480446929
decision_type=2 2 2 2 2 2
left_child=-1 3 -3 5 -4 -2
right_child=1 2 4 -5 -6 -7
leaf_value=-0.019568632868042776 0.0052191647908219757 -0.019130725505847924 0.01607831892164183 -0.00015409434260206252 -0.00028284958511190213 0.032108707692561973
leaf_weight=12.929414346814154 9.2077766656875628 10.433288604021071 15.59769821166992 10.488871246576307 79.053089961409569 11.953945294022562
leaf_count=56 38 44 65 44 325 49
internal_value=0.00134919 0.00368885 0 0.0149957 0.00253506 0.0225173
internal_weight=149.664 136.735 105.084 31.6506 94.6508 21.1617
internal_count=621 565 434 131 390 87
is_linear=0
shrinkage=0.03


Tree=41
num_leaves=8
num_cat=0
split_feature=18 3 3 15 25 37 21
split_gain=7.74928 5.99778 5.48788 4.41786 4.32126 4.70472 1.10424
threshold=0.052894362035246868 -0.035076089414484195 -0.023018423611429303 778.46876920448199 0.28637566137566145 0.02242027084718046 0.030174192421587916
decision_type=2 2 2 2 2 2 2
left_child=-1 4 -3 -4 5 -2 -6
right_child=1 2 3 -5 6 -7 -8
leaf_value=-0.019138271700512084 -0.010890348386755821 -0.019846330296561698 -0.0013509486070151608 0.012788849541756821 0.033354236093802704 0.017756104522123468 0.0092197643683549092
leaf_weight=12.869441464543341 8.6686571091413551 9.1876062899827939 71.130128785967827 24.750470176339149 8.0617080181837064 7.7102627456188193 7.2058861404657355
leaf_count=56 36 39 294 101 33 32 30
internal_value=0.00130892 0.00359001 0 0.00233256 0.0146139 0.00224339 0.0252193
internal_weight=149.584 136.715 105.068 95.8806 31.6465 16.3789 15.2676
internal_count=621 565 434 395 131 68 63
is_linear=0
shrinkage=0.03


Tree=42
num_leaves=8
num_cat=0
split_feature=34 38 38 40 3 28 28
split_gain=4.78777 6.26545 9.39112 6.11853 3.99843 2.34024 2.04701
threshold=0.036310443197063676 0.0070538405650980096 0.0076495058129960238 0.042483461470456015 0.0059150806513241791 7.5000000000000009 4.5000000000000009
decision_type=2 2 2 2 2 2 2
left_child=1 4 6 -4 -1 -2 -3
right_child=5 2 3 -5 -6 -7 -8
leaf_value=0.031291286691948347 -0.02288723801904614 -0.0045668497284317988 -0.00067532669212683172 0.015633744464806809 0.00383623086617522 -0.0006884202030950767 -0.030914563149321214
leaf_weight=8.7948154509067553 7.7419676631689098 7.1418711096048337 69.409077376127243 26.509782269597054 12.371744364500044 10.505636423826216 7.0180892646312714
leaf_count=36 32 31 289 109 50 44 30
internal_value=0.00127591 0.00341376 0.00028507 0.0039062 0.017608 -0.012178 -0.0207637
internal_weight=149.493 131.245 110.079 95.9189 21.1666 18.2476 14.16
internal_count=621 545 459 398 86 76 61
is_linear=0
shrinkage=0.03


Tree=43
num_leaves=7
num_cat=0
split_feature=33 9 14 33 10 38
split_gain=8.65636 6.20517 8.66568 6.6429 4.7061 4.13715
threshold=0.09809653826348913 -0.13236238529340053 -35.208532476483917 0.62527336398081768 -0.083403861058757731 0.011212904916770716
decision_type=2 2 2 2 2 2
left_child=4 -2 5 -4 -1 -3
right_child=1 2 3 -5 -6 -7
leaf_value=0.0017663818242332017 0.024082786862171853 -0.015217063937371485 0.01978937741182801 0.0011482823606541806 -0.025019760278499989 0.0039843013475336893
leaf_weight=7.495834335684779 11.011231720447539 27.507303163409233 25.624545618891716 51.427453920245171 13.669699996709822 12.682396724820135
leaf_count=32 46 115 104 210 61 53
internal_value=0.00122558 0.00430588 0.00194988 0.00788117 -0.0155524 -0.00890064
internal_weight=149.418 128.253 117.242 77.052 21.1655 40.1897
internal_count=621 528 482 314 93 168
is_linear=0
shrinkage=0.03


Tree=44
num_leaves=7
num_cat=0
split_feature=18 3 3 28 35 4
split_gain=7.04249 5.60246 5.15515 4.64508 4.32682 2.97668
threshold=0.052894362035246868 -0.035076089414484195 -0.023018423611429303 9.5000000000000018 0.047612426125369763 -0.05013966480446929
decision_type=2 2 2 2 2 2
left_child=-1 4 -3 -4 5 -2
right_child=1 2 3 -5 -6 -7
leaf_value=-0.018381165599452656 0.0047868210024464512 -0.01937717989953738 -0.0015662200446033092 0.013038955522249571 -0.00050377439844090279 0.030493645532410303
leaf_weight=12.735887184739111 9.184365242719652 9.1353716850280744 71.553142428398132 24.225596860051155 10.474401861429213 11.90876016020775
leaf_count=56 38 39 296 99 44 49
internal_value=0.00120027 0.00337492 0 0.00216564 0.0140428 0.0213339
internal_weight=149.218 136.482 104.914 95.7787 31.5675 21.0931
internal_count=621 565 434 395 131 87
is_linear=0
shrinkage=0.03


Tree=45
num_leaves=9
num_cat=0
split_feature=41 4 36 35 16 15 33 22
split_gain=9.1926 9.71901 8.08289 5.47545 7.18903 5.32817 3.8642 2.79839
threshold=1.0000000180025095e-35 0.016031864689631473 0.0076788407034818198 0.021856469453916953 202.64297974828875 -483.46107162552875 0.79620267385687005 -0.066445138755821462
decision_type=2 2 2 2 2 2 2 2
left_child=1 5 3 4 -2 -1 -5 -4
right_child=2 -3 7 6 -6 -7 -8 -9
leaf_value=0.012118641743026976 0.014088682396275243 0.031281065946627176 -0.004673602729801044 -0.011551048076954312 -0.015479560158715393 -0.01660747564687207 0.0040553163378727504 -0.02980838174620988
leaf_weight=9.9829484224319476 28.040676966309547 11.530836775898932 8.6924726516008395 48.705003648996353 7.5956462770700446 9.1069161742925662 16.993253812193871 13.387404948472975
leaf_count=43 116 48 36 204 31 39 69 55
internal_value=-0.00229822 0.0117722 -0.00604094 -0.00211909 0.00690017 -0.0011494 -0.00729225 -0.0217462
internal_weight=154.035 30.6207 123.414 101.335 35.6363 19.0899 65.6983 22.0799
internal_count=641 130 511 420 147 82 273 91
is_linear=0
shrinkage=0.03


Tree=46
num_leaves=10
num_cat=0
split_feature=41 4 40 37 37 18 16 19 1
split_gain=8.7381 9.2598 7.06479 5.82301 5.28804 6.24066 5.22715 4.16016 0.918087
threshold=1.0000000180025095e-35 0.016031864689631473 0.030743398673096282 0.026101069164754857 0.00059368055832698119 0.59742392032947567 -134.55552391983301 0.29954895800319753 -0.016549538602059485
decision_type=2 2 2 2 2 2 2 2 2
left_child=1 7 4 -4 5 -2 -5 -1 -6
right_child=2 -3 3 6 8 -7 -8 -9 -10
leaf_value=-0.011799161206624944 0.007992721382950976 0.030564949783699058 0.020341295575771117 0.013527945694151325 -0.029934020114486478 -0.017522201279568664 -0.0083642901383413123 0.014189882700133065 -0.013741740446453004
leaf_weight=12.068399012088781 17.912773907184604 11.494372248649595 10.036015585064886 10.822901740670202 10.293147325515745 12.900221824645994 37.323356479406357 6.99616515636444 24.012169823050499
leaf_count=52 74 48 41 45 44 53 154 30 100
internal_value=-0.00223833 0.0114904 -0.00588967 0.00148522 -0.0125504 -0.00264918 -0.0028007 -0.00110806 -0.0203947
internal_weight=153.86 30.5589 123.301 58.1823 65.1183 30.813 48.1463 19.0646 34.3053
internal_count=641 130 511 240 271 127 199 82 144
is_linear=0
shrinkage=0.03


Tree=47
num_leaves=9
num_cat=0
split_feature=41 18 36 40 21 37 22 21
split_gain=8.31038 8.7212 7.6809 6.88055 4.93636 4.5783 2.65913 1.52607
threshold=1.0000000180025095e-35 0.14416612874269288 0.0076788407034818198 0.028565856842248442 0.025687869560938503 0.030717219398673005 -0.066445138755821462 0.033818742982147577
decision_type=2 2 2 2 2 2 2 2
left_child=1 -1 3 4 -2 -5 -4 -3
right_child=2 7 6 5 -6 -7 -8 -9
leaf_value=-0.012488667572350615 -0.022793820938202671 0.029306243244251459 -0.0044112669383222563 0.019435633711506601 -0.0026496851309647717 0 -0.028935016518585186 0.0089997113771182521
leaf_weight=7.9847720414400127 15.173918366432188 10.362526670098307 8.6833686977624911 13.692343190312384 37.967341974377632 34.300721749663353 13.332307845354078 12.142590016126631
leaf_count=35 65 43 36 56 157 142 55 52
internal_value=-0.00216953 0.0112306 -0.0057335 -0.001908 -0.00929177 0.00601243 -0.0210599 0.0205907
internal_weight=153.64 30.4899 123.15 101.134 53.1413 47.9931 22.0157 22.5051
internal_count=641 130 511 420 222 198 91 95
is_linear=0
shrinkage=0.03


Tree=48
num_leaves=12
num_cat=0
split_feature=38 35 26 12 5 21 18 21 4 26 37
split_gain=6.55585 9.46439 8.10146 7.64652 5.84556 7.87075 7.41104 4.36235 4.35126 3.4429 0.143618
threshold=0.0098489056799924892 0.038397542527518043 0.060192532263376959 56.596431425039249 -0.018508565059057399 0.034025340141121137 0.56438747752673757 0.035065485114707168 -0.052131077227369975 0.36899313501144165 0.025895102344277613
decision_type=2 2 2 2 2 2 2 2 2 2 2
left_child=1 4 -2 8 5 -1 -6 -5 -4 10 -3
right_child=2 9 3 7 6 -7 -8 -9 -10 -11 -12
leaf_value=0.0028333578084185724 -0.017506306301987507 -0.031531914397589511 0.0053454928569298893 0.0093273777046354381 0.027408221885030757 -0.032255803735433353 -0.00057354043126407045 -0.016475018443514265 0.02890153493858541 -0.0020427758971606471 -0.013470957561301171
leaf_weight=10.978018909692766 9.3891072869300825 12.534729942679411 16.217943727970123 8.8486115783453005 9.044854521751402 8.189937695860861 32.72588062286377 10.281521335244177 16.52175347507 9.1693466156721097 9.5730586647987348
leaf_count=48 39 54 68 36 37 35 134 42 70 38 40
internal_value=-0.00211593 -0.00717644 0.00525081 0.0101456 0 -0.0130817 0.00611831 -0.00407708 0.0186441 -0.0200445 -0.0260998
internal_weight=153.475 92.2158 61.2589 51.8698 60.9387 19.168 41.7707 19.1301 32.7397 31.2771 22.1078
internal_count=641 386 255 216 254 83 171 78 138 132 94
is_linear=0
shrinkage=0.03


Tree=49
num_leaves=12
num_cat=0
split_feature=38 35 20 28 20 12 20 2 20 6 26
split_gain=6.23425 9.04604 7.93327 6.19984 8.80361 6.13969 6.49563 6.21478 5.72131 4.09065 1.75255
threshold=0.0098489056799924892 0.038397542527518043 0.036670672109838945 4.5000000000000009 0.042353113013905735 55.735203455021782 0.043927638993850014 -0.055120690066004223 0.039518325363808372 0.020153282091416005 0.40310593021436403
decision_type=2 2 2 2 2 2 2 2 2 2 2
left_child=1 3 -2 8 -5 7 -7 -4 -1 10 -3
right_child=2 9 5 4 -6 6 -8 -9 -10 -11 -12
leaf_value=-0.020782229148558807 -0.019373386453530702 -0.031305585345464973 -0.004261373218685611 0.01873940036965448 -0.011027706230946255 0.014805586527535847 -0.015435986010340831 0.024633626191233521 0.005521870109985492 0 -0.007363304302619827
leaf_weight=16.49226135015488 7.8980894684791556 15.885338306427007 7.1785231381654766 22.560871317982674 11.751532182097433 9.1002623736858386 12.729497373104094 24.252259522676468 10.075732648372648 8.035979822278021 7.2423134595155707
leaf_count=71 33 69 30 92 49 37 52 103 42 33 30
internal_value=-0.00207475 -0.00701591 0.0051109 0 0.00808562 0.00958291 -0.00201506 0.0177254 -0.0105933 -0.0196234 -0.0255879
internal_weight=153.203 92.044 61.1586 60.8804 34.3124 53.2605 21.8298 31.4308 26.568 31.1636 23.1277
internal_count=641 386 255 254 141 222 89 133 113 132 99
is_linear=0
shrinkage=0.03


end of trees

feature_importances:
macro_topix_vol_20=45
price_position_20d=22
volatility=20
bb_pct_b=19
atr_pct=19
month=19
ma_20_60_cross=16
rsi=16
div_ma_60=15
macro_usdjpy_ret_60=15
macro_usdjpy_vol_20=14
return_5d=13
return_10d=12
macd_signal=12
lower_shadow_pct=11
macd_hist=10
return_20d=9
macd_hist_change=9
gap=9
macd=8
macro_nikkei_ret_20=8
div_ma_20=7
return_3d=6
div_ma_10=6
vol_change=6
macro_topix_ret_20=6
macro_nikkei_above_200dma=6
return_2d=5
bb_bandwidth=5
div_ma_5=4
ma_5_20_cross=4
candle_body_pct=4
rsi_change=3
macro_usdjpy_ret_20=3
return_1d=2
vol_ratio=2
upper_shadow_pct=2
day_of_week=2
macro_topix_above_200dma=2
streak=1

parameters:
[boosting: gbdt]
[objective: binary]
[metric: binary_logloss]
[tree_learner: serial]
[device_type: cpu]
[data_sample_strategy: bagging]
[data: ]
[valid: ]
[num_iterations: 50]
[learning_rate: 0.03]
[num_leaves: 15]
[num_threads: 0]
[seed: 42]
[deterministic: 0]
[force_col_wise: 0]
[force_row_wise: 0]
[histogram_pool_size: -1]
[max_depth: 4]
[min_data_in_leaf: 30]
[min_sum_hessian_in_leaf: 0.001]
[bagging_fraction: 0.7]
[pos_bagging_fraction: 1]
[neg_bagging_fraction: 1]
[bagging_freq: 5]
[bagging_seed: 400]
[bagging_by_query: 0]
[feature_fraction: 0.6]
[feature_fraction_bynode: 1]
[feature_fraction_seed: 30056]
[extra_trees: 0]
[extra_seed: 12879]
[early_stopping_round: 0]
[early_stopping_min_delta: 0]
[first_metric_only: 0]
[max_delta_step: 0]
[lambda_l1: 0.5]
[lambda_l2: 2]
[linear_lambda: 0]
[min_gain_to_split: 0]
[drop_rate: 0.1]
[max_drop: 50]
[skip_drop: 0.5]
[xgboost_dart_mode: 0]
[uniform_drop: 0]
[drop_seed: 17869]
[top_rate: 0.2]
[other_rate: 0.1]
[min_data_per_group: 100]
[max_cat_threshold: 32]
[cat_l2: 10]
[cat_smooth: 10]
[max_cat_to_onehot: 4]
[top_k: 20]
[monotone_constraints: ]
[monotone_constraints_method: basic]
[monotone_penalty: 0]
[feature_contri: ]
[forcedsplits_filename: ]
[refit_decay_rate: 0.9]
[cegb_tradeoff: 1]
[cegb_penalty_split: 0]
[cegb_penalty_feature_lazy: ]
[cegb_penalty_feature_coupled: ]
[path_smooth: 0]
[interaction_constraints: ]
[verbosity: -1]
[saved_feature_importance_type: 0]
[use_quantized_grad: 0]
[num_grad_quant_bins: 4]
[quant_train_renew_leaf: 0]
[stochastic_rounding: 1]
[linear_tree: 0]
[max_bin: 255]
[max_bin_by_feature: ]
[min_data_in_bin: 5]
[bin_construct_sample_cnt: 200000]
[data_random_seed: 175]
[is_enable_sparse: 1]
[enable_bundle: 1]
[use_missing: 1]
[zero_as_missing: 0]
[feature_pre_filter: 1]
[pre_partition: 0]
[two_round: 0]
[header: 0]
[label_column: ]
[weight_column: ]
[group_column: ]
[ignore_column: ]
[categorical_feature: ]
[forcedbins_filename: ]
[precise_float_parser: 0]
[parser_config_file: ]
[objective_seed: 16083]
[num_class: 1]
[is_unbalance: 0]
[scale_pos_weight: 1]
[sigmoid: 1]
[boost_from_average: 1]
[reg_sqrt: 0]
[alpha: 0.9]
[fair_c: 1]
[poisson_max_delta_step: 0.7]
[tweedie_variance_power: 1.5]
[lambdarank_truncation_level: 30]
[lambdarank_norm: 1]
[label_gain: ]
[lambdarank_position_bias_regularization: 0]
[eval_at: ]
[multi_error_top_k: 1]
[auc_mu_weights: ]
[num_machines: 1]
[local_listen_port: 12400]
[time_out: 120]
[machine_list_filename: ]
[machines: ]
[gpu_platform_id: -1]
[gpu_device_id: -1]
[gpu_use_dp: 0]
[num_gpu: 1]

end of parameters

pandas_categorical:[]
