tree
version=v4
num_class=1
num_tree_per_iteration=1
label_index=0
max_feature_idx=44
objective=binary sigmoid:1
feature_names=return_1d return_2d return_3d return_5d return_10d return_20d div_ma_5 div_ma_10 div_ma_20 div_ma_60 ma_5_20_cross ma_20_60_cross rsi rsi_change macd macd_signal macd_hist macd_hist_change bb_pct_b bb_bandwidth atr_pct volatility vol_change vol_ratio candle_body_pct upper_shadow_pct lower_shadow_pct day_of_week month is_month_end is_month_start streak gap price_position_20d macro_usdjpy_ret_20 macro_usdjpy_ret_60 macro_usdjpy_vol_20 macro_topix_ret_20 macro_topix_vol_20 macro_topix_above_200dma macro_nikkei_ret_20 macro_nikkei_above_200dma macro_nikkei_vi macro_jgb10y macro_bias_score
feature_infos=[-0.18480872297172424:0.16594876445250506] [-0.28253090435914119:0.16512728091912598] [-0.28900709219858156:0.18442464161177829] [-0.23088181485547021:0.24234867377012015] [-0.27398160315374509:0.32305825242718456] [-0.39359362111630469:0.52203136669156081] [-0.21091234347048302:0.12385015331289162] [-0.22958693563880883:0.16350085399306455] [-0.30290076094600682:0.23390569880148229] [-0.35133147878089727:0.38939067551120848] [-0.15727902115336667:0.1808459732253147] [-0.16313425299897277:0.22585641475831952] [1.0630758327427259:100] [-30.899802683550377:22.990429980131303] [-2407.2999264335231:2812.8515054552845] [-2082.767825135491:2570.5964488626214] [-902.05404251778805:849.47935488906569] [-357.11871601354096:296.78655024502973] [-0.49189344595813916:1.4196650973118674] [0.050405872797236226:0.54409896325461637] [0.019104348116261223:0.10106227936651878] [0.013940829247615038:0.0740157749230934] [-0.85190710822323867:2.9797189819724283] [0.58276190291186702:1.9525525141695392] [-1:0.9925373134328358] [0:0.91869918699186992] [0:0.93055826822916665] [0:4] [1:12] [0:1] [0:1] [-7:14] [-0.1829491401390414:0.16073478760045923] [0:1] [-0.10288784967882303:0.08505611680078462] [-0.13986255140503889:0.13160084488587853] [0.0024251968629527628:0.011841457708833433] [-0.21871130063915301:0.21255316252998058] [0.0039190662483047601:0.040640975235326518] [0:1] [-0.22859537662338159:0.23022297972565586] [0:1] none none none
tree_sizes=1280 1182 1315 1198 1203 1293 1100 1096 1089 1421 881 868 1301 1078 1305 1205 996 1084 1289 1098 1097 1098 1205 1417 1417 1284 1074 886 1199 783 1527 971 1319 1424 1525 966 943 1251 953 982 862 993 1063 883 891 998 1094 1189 1092 997

Tree=0
num_leaves=11
num_cat=0
split_feature=16 35 15 17 13 26 34 4 15 40
split_gain=10.2148 13.1693 7.12921 8.80881 8.49978 7.20992 5.75283 5.38172 5.06985 8.67929
threshold=-57.700497586668085 0.042968256240739862 -30.193374523108684 -20.502756383008474 -6.7926047621613206 0.13501602564102566 0.023752065802994719 0.14770347655443175 476.85214041012534 -0.032516852242907616
decision_type=2 2 2 2 2 2 2 2 2 2
left_child=1 8 3 -2 -4 -5 -3 -6 9 -1
right_child=2 6 4 5 7 -7 -8 -9 -10 -11
leaf_value=-0.12859298220922172 -0.1616324440102497 -0.098912996758917571 -0.12765386481972255 -0.1512093533062612 -0.16253427965218217 -0.12038289578570369 -0.13539312852833485 -0.13829296950398848 -0.12641344471921523 -0.1596955343143994
leaf_weight=10.946066141128542 7.712001144886016 10.697291910648348 7.712001144886016 7.4632269144058254 40.798973798751831 21.394583821296692 7.96077537536621 8.4583238363265973 12.687485754489897 18.658067286014557
leaf_count=44 31 43 31 30 164 86 32 34 51 75
internal_value=-0.140706 -0.13142 -0.146973 -0.137048 -0.153492 -0.129033 -0.111772 -0.158164 -0.140645 -0.147709
internal_weight=154.489 60.9497 93.5391 36.5698 56.9693 28.8578 18.6581 49.2573 42.2916 29.6041
internal_count=621 245 376 147 229 116 75 198 170 119
is_linear=0
shrinkage=1


Tree=1
num_leaves=10
num_cat=0
split_feature=36 10 23 10 15 41 21 21 24
split_gain=15.8093 10.9254 9.70885 9.42961 9.4245 11.642 7.4507 4.55536 3.60527
threshold=0.0048815766993560369 -0.013481666886608899 0.94675391184442159 0.040670640341517246 521.23234439327337 1.0000000180025095e-35 0.022836238292444775 0.030184554577431643 0.30381334854920633
decision_type=2 2 2 2 2 2 2 2 2
left_child=1 -1 -3 4 5 -2 -6 -5 -4
right_child=3 2 8 7 6 -7 -8 -9 -10
leaf_value=0.0383977402114462 0.010506602382710955 -0.016052116745077904 0.025395574121210948 -0.030650821849826506 -0.0025948168447238267 -0.014560282563785496 0.033877425356759576 -0.0010486111894855018 0
leaf_weight=10.71141032874584 22.395603388547897 10.942570835351946 12.439421325922014 16.156713828444484 7.7058840245008495 48.978577375411987 8.7146705687046033 7.9579506814479819 8.4568043202161771
leaf_count=43 90 44 50 65 31 197 35 32 34
internal_value=-0.00039654 0.0146591 0.00443206 -0.00640954 -0.00148279 -0.00641844 0.0175239 -0.0222848 0.0162792
internal_weight=154.46 42.5502 31.8388 111.909 87.7947 71.3742 16.4206 24.1147 20.8962
internal_count=621 171 128 450 353 287 66 97 84
is_linear=0
shrinkage=0.03


Tree=2
num_leaves=11
num_cat=0
split_feature=36 34 10 10 36 24 22 0 21 19
split_gain=14.9802 12.8639 11.5074 8.98839 7.27737 6.34672 6.70451 4.94137 4.31394 0.28927
threshold=0.0048815766993560369 0.0063346777155741671 -0.013481666886608899 0.040670640341517246 0.0043345422201390886 -0.037337662337662329 -0.047700516999147506 0.02942240631245641 0.030184554577431643 0.22787287519677282
decision_type=2 2 2 2 2 2 2 2 2 2
left_child=1 -1 -3 5 -4 6 -2 -7 9 -5
right_child=3 2 4 8 -6 7 -8 -9 -10 -11
leaf_value=0.039247459409694346 -0.0054630732509037454 0.030520359279995784 -0.021368045431803113 -0.037279656519437848 0.0094236558287369848 -0.013963860770224054 0.016970977808787761 0.0096813085256203819 -0.0010235341975684854 -0.014233315007385648
leaf_weight=11.20951835811138 20.137206852436066 7.9856179505586651 12.930902272462847 8.429733753204351 10.451061010360716 36.791343182325363 23.133657187223434 7.7073034346103659 7.9573479592800131 7.6859450489282599
leaf_count=45 81 32 52 34 42 148 93 31 32 31
internal_value=-0.0003674 0.0142785 0.00308848 -0.00622758 -0.007356 -0.00141576 0.00641926 -0.00930559 -0.0217417 -0.0299012
internal_weight=154.42 42.5771 31.3676 111.843 23.382 87.7695 43.2709 44.4986 24.073 16.1157
internal_count=621 171 126 450 94 353 174 179 97 65
is_linear=0
shrinkage=0.03


Tree=3
num_leaves=10
num_cat=0
split_feature=38 16 35 14 38 7 15 4 34
split_gain=12.2597 8.0502 15.4484 7.72921 9.17642 7.2942 6.80945 5.96006 2.51379
threshold=0.0122869554686928 -84.072295533347898 0.042968256240739862 212.60542585312945 0.0080883558956599249 -0.017807772144756494 -954.10462813205606 0.16601591612348257 0.0072325424562569305
decision_type=2 2 2 2 2 2 2 2 2
left_child=1 2 5 4 -3 -1 -2 -5 -8
right_child=6 3 -4 7 -6 -7 8 -9 -10
leaf_value=0.0036705396012652047 -0.0054477017094139218 0.02419802155062252 0.029432937111548707 -0.021504169676472666 -0.008379463820796176 -0.027132648199574651 0.035444084372911348 0.0048800588336355023 0.0110376859020001
leaf_weight=16.665433526039124 8.2082060277462023 8.9480958431959134 13.96709783375263 42.660033077001572 24.612043246626854 8.6975597441196459 9.4678763300180453 7.4610017389059058 13.687206014990805
leaf_count=67 33 36 56 172 99 35 38 30 55
internal_value=-0.000352064 -0.00475206 0.00600574 -0.0100055 0.000757241 -0.00755549 0.0157061 -0.0172523 0.0236381
internal_weight=154.375 123.011 39.3301 83.6812 33.5601 25.363 31.3633 50.121 23.1551
internal_count=621 495 158 337 135 102 126 202 93
is_linear=0
shrinkage=0.03


Tree=4
num_leaves=10
num_cat=0
split_feature=38 24 16 34 15 11 13 34 32
split_gain=11.6058 8.46625 6.87852 6.64369 6.4837 5.34016 4.90219 2.3711 2.10589
threshold=0.0122869554686928 0.20734437975817291 -70.112461112817954 -0.012799496428136934 -954.10462813205606 0.034562023109401936 5.9393310322913537 0.0072325424562569305 0.0091535764962453765
decision_type=2 2 2 2 2 2 2 2 2
left_child=1 2 3 -1 -2 -4 8 -6 -3
right_child=4 6 5 -5 7 -7 -8 -9 -10
leaf_value=-0.0060089258277828805 -0.0053179645668167729 -0.023752808636463542 0.0037550541424662669 0.022763269087525247 0.034518589052423228 -0.015720231822751275 3.5758552658230617e-06 0.010742294750069355 -0.0033546267410849797
leaf_weight=8.9472659826278704 8.2050410956144351 26.780789971351624 24.836956426501274 18.69281879067421 9.4834409952163714 21.060252234339714 14.167414173483847 13.696520060300825 8.4418192505836469
leaf_count=36 33 108 100 75 38 85 57 55 34
internal_value=-0.000315649 -0.00460331 0.00170137 0.0131665 0.0152984 -0.00515141 -0.0139832 0.0230345 -0.0197099
internal_weight=154.312 122.927 73.5373 27.6401 31.385 45.8972 49.39 23.18 35.2226
internal_count=621 495 296 111 126 185 199 93 142
is_linear=0
shrinkage=0.03


Tree=5
num_leaves=11
num_cat=0
split_feature=9 16 36 41 38 23 38 13 17 40
split_gain=9.65533 7.42289 6.73513 7.78692 10.8043 6.10094 5.14337 4.39521 3.09516 0.848056
threshold=0.13327199397721443 -59.464622213165022 0.0054101259058263402 1.0000000180025095e-35 0.0090305453749484847 0.87527989018077867 0.0077355765837650494 -1.1853390198143072 -31.114066078980951 0.070179491606521274
decision_type=2 2 2 2 2 2 2 2 2 2
left_child=2 -2 5 7 -5 -1 -7 -4 -3 -10
right_child=1 8 3 4 -6 6 -8 -9 9 -11
leaf_value=-0.0023822693031178297 0.01086241425580314 -0.0025964063366974537 -0.0003084056506584318 0.0058174298406387511 -0.020399324139538846 0 0.027790702093271582 0.023111843874187129 -0.012435013791351328 -0.034018929310044584
leaf_weight=11.438175052404402 8.229361951351164 10.151699483394625 10.450205191969873 28.52416767179966 23.823920056223869 7.4663565009832409 24.163400113582611 14.682893007993696 10.150003954768183 8.4118892997503263
leaf_count=46 33 41 42 115 96 30 97 59 41 34
internal_value=0.00158984 -0.0113171 0.0057878 0.000220359 -0.00614959 0.0150168 0.0215223 0.0135161 -0.0184556 -0.0253034
internal_weight=157.492 36.943 120.549 77.4812 52.3481 43.0679 31.6298 25.1331 28.7136 18.5619
internal_count=634 149 485 312 211 173 127 101 116 75
is_linear=0
shrinkage=0.03


Tree=6
num_leaves=9
num_cat=0
split_feature=9 36 39 20 38 40 3 14
split_gain=9.18135 6.34511 7.77505 7.38541 6.57828 5.90853 5.24029 4.13102
threshold=0.13327199397721443 0.0054101259058263402 1.0000000180025095e-35 0.037630741174114253 0.0074667015212569431 0.0045212096463873594 0.071411577768860771 1262.6647495953769
decision_type=2 2 2 2 2 2 2 2
left_child=1 3 -3 5 -4 -1 7 -2
right_child=6 2 4 -5 -6 -7 -8 -9
leaf_value=-0.010230618732073012 -0.013955116919607225 0.01992711923537626 0.010460563427542651 0.033526141493102728 -0.0099456823389590891 0.01491602561195496 -0.025988956462662777 0.008510579993097362
leaf_weight=10.952568620443346 12.115178093314173 12.953227892518042 17.626469194889069 11.481077790260313 46.892296656966209 20.658834457397461 11.862870335578917 12.922670572996138
leaf_count=44 49 52 71 46 189 83 48 52
internal_value=0.00153129 0.00562518 0.000214056 0.0145797 -0.00399832 0.00566674 -0.0110605 -0.00203339
internal_weight=157.465 120.564 77.472 43.0925 64.5188 31.6114 36.9007 25.0378
internal_count=634 485 312 173 260 127 149 101
is_linear=0
shrinkage=0.03


Tree=7
num_leaves=9
num_cat=0
split_feature=9 12 23 34 24 19 36 21
split_gain=8.73243 10.3173 6.30336 7.87462 7.31444 6.19929 5.6472 2.75098
threshold=0.13327199397721443 59.312292741809706 0.85162442209286049 0.0072325424562569305 0.22627996749288909 0.22573353658136666 0.0061508225952353109 0.032372568903436282
decision_type=2 2 2 2 2 2 2 2
left_child=2 -2 3 -1 6 -6 -4 -3
right_child=1 7 4 -5 5 -7 -8 -9
leaf_value=-0.020178054977847779 0.016688638211718527 -0.024228332132862792 0.025114859514985197 0.0092676906634603599 -0.010850733362910323 0.01563603491403736 0.005780245315383555 -0.0014510358039438154
leaf_weight=15.131777316331865 7.4656796157360068 21.21493631601334 27.407288163900375 13.176126405596731 22.094408050179485 9.7044283449649793 33.054224863648415 8.1759704202413541
leaf_count=61 30 86 110 53 89 39 133 33
internal_value=0.00149573 -0.0107898 0.00548847 -0.00627026 0.00931198 -0.00187673 0.0153083 -0.0188661
internal_weight=157.425 36.8566 120.568 28.3079 92.2603 31.7988 60.4615 29.3909
internal_count=634 149 485 114 371 128 243 119
is_linear=0
shrinkage=0.03


Tree=8
num_leaves=9
num_cat=0
split_feature=33 9 21 19 4 14 40 40
split_gain=8.47704 5.93392 5.92425 11.0715 5.75656 2.28013 1.98571 1.67309
threshold=0.81981922189564183 0.11321593418049188 0.037494604624916848 0.24637892076006199 -0.06792863385901636 1044.1740539049899 0.03910308673546848 0.0028739411213958292
decision_type=2 2 2 2 2 2 2 2
left_child=2 6 3 4 -1 -3 -2 -5
right_child=1 5 -4 7 -6 -7 -8 -9
leaf_value=-0.016141993212139778 -0.004795065172592085 -0.026359024701526481 -0.012501357130422719 0.038584503415181284 0.0062259787770899081 -0.0053375934050256934 0.013629169559919626 0.012036322160288765
leaf_weight=9.7125275433063489 8.6902948021888751 13.75569571554661 11.923203989863394 8.7192346453666705 77.043565824627876 11.382351413369177 7.4648822396993628 8.6845309585332853
leaf_count=39 35 56 48 35 310 46 30 35
internal_value=0.00145695 -0.0097936 0.00568413 0.00810343 0.00324552 -0.0184882 0.00345564 0.028716
internal_weight=157.376 41.2932 116.083 104.16 86.7561 25.138 16.1552 17.4038
internal_count=634 167 467 419 349 102 65 70
is_linear=0
shrinkage=0.03


Tree=9
num_leaves=12
num_cat=0
split_feature=33 23 11 34 34 20 17 17 24 7 34
split_gain=8.04181 7.37016 6.40224 5.85639 4.75419 4.61573 3.87758 6.73347 5.61623 2.52244 2.10153
threshold=0.81981922189564183 0.88832012664004545 0.037286533513461347 0.0085063959740274715 0.0091719668098241298 0.030091889898214066 -4.8084813504103314 28.423498462438008 -0.70471393531976734 -0.0069285958412635086 0.015728291915636742
decision_type=2 2 2 2 2 2 2 2 2 2 2
left_child=1 3 4 9 -2 -5 8 -8 -3 -1 -4
right_child=2 6 10 5 -6 -7 7 -9 -10 -11 -12
leaf_value=-0.0018916744237308198 0.014534663106818207 0.02341874633930164 -0.026847697826185894 0.020927215979680881 -0.012225979926568764 -0.0050080100085968023 0.028565087035955977 0.0026422777838306303 -0.0023365370060582816 -0.025993733486602964 -0.0037192392325840137
leaf_weight=8.6850162297487277 11.175118356943132 7.7216870635747901 13.773371160030367 8.2076700925827044 8.6583497375249845 12.673898085951803 20.420112609863281 18.170411497354507 30.813970908522606 9.4221573323011381 7.6331060528755179
leaf_count=35 45 31 56 33 35 51 82 73 124 38 31
internal_value=0.00140957 0.00552632 -0.00955411 -0.00468387 0.00211543 0.00546864 0.0108653 0.0174604 0.00335504 -0.0165173 -0.0202639
internal_weight=157.355 116.115 41.2399 38.9887 19.8335 20.8816 77.1262 38.5905 38.5357 18.1072 21.4065
internal_count=634 467 167 157 80 84 310 155 155 73 87
is_linear=0
shrinkage=0.03


Tree=10
num_leaves=7
num_cat=0
split_feature=5 21 11 11 19 5
split_gain=6.81355 7.29989 14.5986 7.9878 10.9841 3.52505
threshold=0.18755909514408212 0.02048341379739128 0.0063230628369749251 0.12075156690352297 0.25101604348967532 0.24059209160727882
decision_type=2 2 2 2 2 2
left_child=1 2 -1 4 -3 -2
right_child=5 3 -4 -5 -6 -7
leaf_value=0.03631853287803561 -0.03101928404094529 -0.010181161092510689 -0.0061721434339743657 0.019527201672100859 0.012912981125503657 -0.0025572904819003909
leaf_weight=12.465835183858873 7.378837704658511 77.43576055765152 12.657943502068518 11.705111607909201 21.864878430962563 9.6279761195182783
leaf_count=50 30 312 51 47 88 39
internal_value=-0.000765217 0.00146202 0.0154811 -0.00179601 -0.00479347 -0.01766
internal_weight=153.136 136.13 25.1238 111.006 99.3006 17.0068
internal_count=617 548 101 447 400 69
is_linear=0
shrinkage=0.03


Tree=11
num_leaves=7
num_cat=0
split_feature=5 21 11 11 19 40
split_gain=6.52778 6.89314 13.8484 7.56506 10.3784 4.79506
threshold=0.18755909514408212 0.02048341379739128 0.0063230628369749251 0.12075156690352297 0.25101604348967532 0.068605299583292992
decision_type=2 2 2 2 2 2
left_child=1 2 -1 4 -3 -2
right_child=5 3 -4 -5 -6 -7
leaf_value=0.035344290164307998 0 -0.0098903640593384374 -0.0060148186764540255 0.01901588427086515 0.012549073919784437 -0.02939804470645278
leaf_weight=12.480053111910822 7.4186502993106869 77.380796790122986 12.651762202382086 11.712906852364538 21.881697446107864 9.5565230846405012
leaf_count=50 30 312 51 47 88 39
internal_value=-0.000735469 0.00144099 0.015062 -0.00172293 -0.00464547 -0.0172894
internal_weight=153.082 136.107 25.1318 110.975 99.2625 16.9752
internal_count=617 548 101 447 400 69
is_linear=0
shrinkage=0.03


Tree=12
num_leaves=11
num_cat=0
split_feature=36 16 24 34 15 14 19 14 34 15
split_gain=7.72669 15.3652 10.3227 7.84204 7.76294 3.43791 7.09492 1.80493 1.56974 0.903946
threshold=0.0048815766993560369 197.90056170081033 0.38892040083191537 0.0091719668098241298 458.00509815256316 -83.936825707763987 0.13301900199805475 199.84721163750785 0.0048447365215122948 318.98502693332586
decision_type=2 2 2 2 2 2 2 2 2 2
left_child=3 2 4 9 -2 -5 -7 -4 -3 -1
right_child=1 8 7 5 -6 6 -8 -9 -10 -11
leaf_value=0.033917919003119079 -0.00031351268622011616 -0.012233796345234298 -0.005442500387932407 0.013983740423676084 0.020548630136088267 -0.024871853782290364 0.0090144532117951131 -0.024976564407568614 -0.037514942292023026 0.010279528419087375
leaf_weight=7.7344756126403791 49.451844274997711 9.1646542549133319 12.409014225006105 7.9889136850833919 20.809785708785057 8.7003199011087435 9.1609412431716901 10.56867979466915 9.5617517530918104 7.4542834460735321
leaf_count=31 199 37 50 32 84 35 37 43 39 30
internal_value=-0.000700462 -0.00487067 0.000159971 0.0100261 0.00605548 0 -0.00757893 -0.0163083 -0.0282405 0.0257354
internal_weight=153.005 111.966 93.2393 41.0389 70.2616 25.8502 17.8613 22.9777 18.7264 15.1888
internal_count=617 452 376 165 283 104 72 93 76 61
is_linear=0
shrinkage=0.03


Tree=13
num_leaves=9
num_cat=0
split_feature=24 21 0 5 21 40 9 10
split_gain=6.32046 5.90385 5.15383 4.53404 6.32468 3.50427 3.60838 2.47649
threshold=0.38892040083191537 0.042304921505427348 0.005305959876874212 0.18755909514408212 0.031095198887811839 0.025408684014730624 0.15564833712616361 -0.01760409221582809
decision_type=2 2 2 2 2 2 2 2
left_child=1 3 -2 4 -1 7 -7 -4
right_child=2 -3 5 -5 -6 6 -8 -9
leaf_value=0.0038006590930885656 -0.025071424361058834 -0.018217309727261963 0 -0.011193683812558501 0.025544923526549721 0.019842112251035791 -0.005970335110604943 -0.021709820706415982
leaf_weight=77.250311225652695 12.562621504068373 8.4422564506530744 7.7149337977170935 10.795697525143622 13.190931513905523 7.4473387598991376 7.3775856047868729 8.1476466655731219
leaf_count=311 51 34 31 44 53 30 30 33
internal_value=-0.000686967 0.00305154 -0.0102149 0.00528903 0.0076184 -0.00251226 0.00692234 -0.0119572
internal_weight=152.929 109.679 43.2501 101.237 90.4412 30.6875 14.8249 15.8626
internal_count=617 442 175 408 364 124 60 64
is_linear=0
shrinkage=0.03


Tree=14
num_leaves=11
num_cat=0
split_feature=11 16 19 14 19 19 11 28 28 28
split_gain=5.11297 14.3722 8.06392 7.53079 5.75456 5.49494 6.67428 6.66215 1.65289 0.584136
threshold=0.044468943743927965 -29.034195417354535 0.08424405325533102 320.60424492983026 0.13301900199805475 0.25101604348967532 -0.095456528963969153 10.500000000000002 9.5000000000000018 2.5000000000000004
decision_type=2 2 2 2 2 2 2 2 2 2
left_child=2 3 -1 -2 -5 7 -7 -4 9 -3
right_child=1 8 5 4 -6 6 -8 -9 -10 -11
leaf_value=0.027879108570245462 -0.011841107053556591 -0.011186510693095956 -0.0097441840035934219 -0.0012487059742478052 0.027533260828835161 -0.0073560020402836448 0.022626207153095667 0.014102072268683269 -0.0063279315454606699 -0.032563881096609744
leaf_weight=8.9706704020500165 11.660420015454291 7.3486925363540712 46.673240259289742 8.9378708750009555 12.712966442108153 8.4582844674587268 15.863669350743292 11.186769142746924 8.320468068122862 12.742799043655394
leaf_count=36 47 30 188 36 51 34 64 45 34 52
internal_value=-0.000681176 -0.00730167 0.00370133 0.00565495 0.0159165 0.000284333 0.0118629 -0.00456599 -0.0223586 -0.0271445
internal_weight=152.876 61.7232 91.1526 33.3113 21.6508 82.182 24.322 57.86 28.412 20.0915
internal_count=617 250 367 134 87 331 98 233 116 82
is_linear=0
shrinkage=0.03


Tree=15
num_leaves=10
num_cat=0
split_feature=20 20 9 38 38 21 23 40 9
split_gain=4.76081 20.0991 6.95225 7.34163 9.65669 6.61137 10.1608 6.06382 5.78594
threshold=0.040338242272707346 0.043784793996885181 0.070332680896027552 0.0069881620496328525 0.0093848072049154078 0.025999900142540718 0.9706752346016233 -0.01095203834169267 -0.13944795011602795
decision_type=2 2 2 2 2 2 2 2 2
left_child=2 -2 5 -4 -5 7 -7 -1 -3
right_child=1 8 3 4 -6 6 -8 -9 -10
leaf_value=-0.0018479712039110793 0.038132797778703299 0.010926846873167931 -0.02994013332007887 0.010794328227193822 -0.016403721930581018 -0.029405635191378551 0.01227135322732289 0.018268335311288415 -0.018071943910257814
leaf_weight=19.398825213313103 13.206519067287443 8.2176811993122083 9.7814063429832441 21.446018427610397 21.199136942625046 8.8959926068782824 7.965776100754737 32.849909082055092 12.907469660043718
leaf_count=78 53 33 40 87 86 36 32 132 52
internal_value=0.00206436 0.0116182 -0.000657371 -0.00882299 -0.00251916 0.00539998 -0.009708 0.0107303 -0.00617336
internal_weight=155.869 34.3317 121.537 52.4266 42.6452 69.1105 16.8618 52.2487 21.1252
internal_count=629 138 491 213 173 278 68 210 85
is_linear=0
shrinkage=0.03


Tree=16
num_leaves=8
num_cat=0
split_feature=36 34 35 35 15 37 5
split_gain=10.1476 8.62014 5.69165 6.67489 6.52059 3.74272 1.7954
threshold=0.0048721049086285712 0.026408176255276809 -0.087935128800527659 0.069053084532804135 899.3008737331985 -0.0024422586783672813 0.15747581411821723
decision_type=2 2 2 2 2 2 2
left_child=1 5 -2 4 -4 -1 -7
right_child=2 -3 3 -5 -6 6 -8
leaf_value=0.00062111751614263658 0.018323937874425218 -0.011537439999894589 -0.010689510970453914 0.018465392784660244 0.0087134930767225408 0.030869769701976878 0.0074469795117366603
leaf_weight=8.2087483406066877 8.4608364254236204 7.4317944794893256 80.595809370279312 7.9569727927446356 16.763607874512672 18.935436397790912 7.4499676078557959
leaf_count=33 34 30 326 32 68 76 30
internal_value=0.00199805 0.0142908 -0.00258142 -0.00471086 -0.00708954 0.0205767 0.0257754
internal_weight=155.803 42.0259 113.777 105.316 97.3594 34.5942 26.3854
internal_count=629 169 460 426 394 139 106
is_linear=0
shrinkage=0.03


Tree=17
num_leaves=9
num_cat=0
split_feature=36 6 11 11 40 20 38 37
split_gain=9.57297 5.90667 5.4375 5.38505 7.4503 5.01958 3.23002 0.590063
threshold=0.0048721049086285712 0.04555244608301974 0.04308516020046927 0.11654444964323309 0.051935666033145929 0.038229861573970236 0.011394902913432418 0.03026274642689231
decision_type=2 2 2 2 2 2 2 2
left_child=2 3 6 4 -2 -4 7 -1
right_child=1 -3 5 -5 -6 -7 -8 -9
leaf_value=0.033907819092572899 0.00093035430137087421 -0.024169721884255431 -0.015271958413894374 0.016567556480366012 -0.020269895497454872 0.015080790897091613 0.0019335941900442601 0.011856969613056219
leaf_weight=11.466997966170316 76.593638598918915 8.3060203343629819 7.9053707122802717 12.655629083514212 16.170578122138977 7.7056719958782196 7.4663915187120429 7.4755451530218116
leaf_count=46 309 34 32 51 66 31 30 30
internal_value=0.00197093 -0.00247552 0.0139116 -0.000208414 -0.00295677 0 0.0217288 0.0278852
internal_weight=155.746 113.726 42.02 105.42 92.7642 15.611 26.4089 18.9425
internal_count=629 460 169 426 375 63 106 76
is_linear=0
shrinkage=0.03


Tree=18
num_leaves=11
num_cat=0
split_feature=16 16 10 21 38 16 34 16 17 23
split_gain=6.84084 8.20542 6.36765 4.54202 6.23549 3.82255 3.61985 2.91059 2.3036 2.03376
threshold=-29.034195417354535 49.328679392362353 -0.031061407964189765 0.038418724327904684 0.0078699814853900856 -171.41997807609181 -0.015445010803250612 -138.56221698219349 -4.1878884637838771 0.97192341966778695
decision_type=2 2 2 2 2 2 2 2 2 2
left_child=2 8 5 4 -3 9 -4 -8 -2 -1
right_child=1 3 6 -5 -6 -7 7 -9 -10 -11
leaf_value=0.01541504234819654 -0.027683690422122605 -0.0069875386387741991 0 -0.014946865905661657 0.013207005946209469 -0.01757400934566138 0.0039591623522335475 0.026223764422730077 -0.0063548665981155899 -0.0024518591112714667
leaf_weight=7.4642466157674852 10.593033120036127 19.379747122526169 9.6587790399789792 9.3798028677701932 34.630958870053291 7.9537782818078986 9.9436008185148186 22.641160458326343 13.350353434681891 10.674221992492674
leaf_count=30 43 79 39 38 140 32 40 91 54 43
internal_value=0.0019261 -0.00349106 0.00896497 0.00205383 0.00570236 -0.00213979 0.0159497 0.0204851 -0.0177761 0.0049565
internal_weight=155.67 87.3339 68.3358 63.3905 54.0107 26.0922 42.2435 32.5848 23.9434 18.1385
internal_count=629 354 275 257 219 105 170 131 97 73
is_linear=0
shrinkage=0.03


Tree=19
num_leaves=9
num_cat=0
split_feature=36 16 35 35 38 15 20 22
split_gain=8.95764 8.58268 5.00146 5.52599 3.6235 3.50939 7.36214 2.95772
threshold=0.0048721049086285712 173.34450822059435 0.067883698155615693 0.023703351062026371 0.011335692677746319 135.70056173709193 0.037949768845351041 -0.082436472309141404
decision_type=2 2 2 2 2 2 2 2
left_child=4 2 3 -2 5 -1 -7 -3
right_child=1 7 -4 -5 -6 6 -8 -9
leaf_value=0.031241965067004312 0.0049281082417013001 -0.0034045081581510583 0.021662186470254724 -0.011154611051564072 -0.00095867867942240703 -0.0046277730844155682 0.028313297961569454 -0.026192615195417754
leaf_weight=10.954048156738279 53.421144381165504 11.238891348242761 8.211593031883238 27.298858538269997 9.951659828424452 13.13781449198723 7.9514543861150733 13.474428206682203
leaf_count=44 216 46 33 110 40 53 32 55
internal_value=0.00185282 -0.00244609 0.00184215 -0.000467795 0.0134096 0.0181068 0.00851929 -0.0174216
internal_weight=155.64 113.645 88.9316 80.72 41.995 32.0433 21.0893 24.7133
internal_count=629 460 359 326 169 129 85 101
is_linear=0
shrinkage=0.03


Tree=20
num_leaves=9
num_cat=0
split_feature=28 15 24 10 40 25 35 1
split_gain=7.9893 8.4737 8.27299 9.06929 10.6681 7.04498 6.96628 2.84387
threshold=2.5000000000000004 541.82903861832494 0.28371212121212125 0.0011933294896327997 0.020354476596938901 0.29961681707491766 0.054369067707480963 -0.0051453610864525814
decision_type=2 2 2 2 2 2 2 2
left_child=1 -1 3 4 -2 -5 7 -4
right_child=2 -3 6 5 -6 -7 -8 -9
leaf_value=-0.0026793310334675864 0.022009780004109736 0.029100844699293343 -0.0023267765192288565 0.0043216032354481291 -0.011699661842963578 -0.018034738382709255 0.0079094988241540654 -0.023468148285663903
leaf_weight=11.85627129673958 29.867119327187538 14.57631643116474 9.8795453757047635 25.716296508908272 9.4226624220609647 20.68152916431427 9.6523149460554105 26.021167054772377
leaf_count=48 120 59 40 104 38 84 39 106
internal_value=0.000630335 0.0151326 -0.00236123 0.00300465 0.013387 -0.00566713 -0.012472 -0.0184758
internal_weight=157.673 26.4326 131.241 85.6876 39.2898 46.3978 45.553 35.9007
internal_count=638 107 531 346 158 188 185 146
is_linear=0
shrinkage=0.03


Tree=21
num_leaves=9
num_cat=0
split_feature=24 6 3 20 35 5 37 5
split_gain=6.37564 5.08341 5.79852 6.6629 4.1092 5.05936 5.02218 3.13465
threshold=0.28371212121212125 -0.031716888850275342 0.083758137648677913 0.026449609034585129 0.054369067707480963 0.048560984418756899 -0.0042097228658444221 0.17163848775023685
decision_type=2 2 2 2 2 2 2 2
left_child=1 -1 3 -3 5 6 -2 -7
right_child=4 2 -4 -5 -6 7 -8 -9
leaf_value=-0.010393907902755999 -0.0018834960778196343 -0.0063226736373466035 -0.014475008763024705 0.014303624304928673 0.0078209237584421446 0.007980207326409975 -0.032800467138435541 -0.012569818137545078
leaf_weight=13.923584565520285 9.1666263937950152 15.356416538357733 7.299680843949317 66.910576000809669 10.140116319060324 12.802851215004923 12.038386508822439 9.9653775095939618
leaf_count=56 37 62 30 270 41 52 49 41
internal_value=0.000607674 0.00503185 0.00776832 0.0102167 -0.00746389 -0.0115017 -0.0213961 -0.000697377
internal_weight=157.604 103.49 89.5667 82.267 54.1134 43.9732 21.205 22.7682
internal_count=638 418 362 332 220 179 86 93
is_linear=0
shrinkage=0.03


Tree=22
num_leaves=10
num_cat=0
split_feature=16 4 16 3 7 35 10 36 32
split_gain=9.02665 11.247 7.08213 4.40826 5.82648 4.31024 4.74444 3.65546 3.13492
threshold=-29.034195417354535 -0.069139607437013514 25.139416383592181 0.10553324546308175 0.05385532509179438 0.052761120177030281 0.01619122275297458 0.0063389709181267727 0.0013731748049740091
decision_type=2 2 2 2 2 2 2 2 2
left_child=1 7 8 4 -4 6 -3 -1 -2
right_child=2 5 3 -5 -6 -7 -8 -9 -10
leaf_value=0.0042998415047659491 -0.033120292654431976 0.0030130936647466775 -0.0016928700407900764 -0.016618282899758283 0.021954160218092784 0.031927537136813386 0.0270095788843802 -0.019676176805961985 -0.0060021627721493203
leaf_weight=7.4615911245346096 8.5726712495088595 30.751896366477013 48.582274988293648 11.195462092757223 9.340895399451254 10.931814849376677 8.9649229049682599 11.40584823489189 10.360420212149618
leaf_count=30 35 124 197 46 38 44 36 46 42
internal_value=0.000559865 0.00859431 -0.00566668 -0.000786507 0.00247568 0.0159116 0.00982439 -0.00997211 -0.0209887
internal_weight=157.568 69.5161 88.0517 69.1186 57.9232 50.6486 39.7168 18.8674 18.9331
internal_count=638 280 358 281 235 204 160 76 77
is_linear=0
shrinkage=0.03


Tree=23
num_leaves=12
num_cat=0
split_feature=16 4 11 28 19 11 34 17 36 38 36
split_gain=8.6031 10.6847 8.90715 13.6167 5.52529 5.05323 5.34218 4.97215 4.03988 3.99574 3.48728
threshold=-29.034195417354535 -0.069139607437013514 0.044468943743927965 2.5000000000000004 0.098412857404630696 -0.014681208458979465 0.01546686452452928 13.573825293798494 0.0060633783058748588 0.009656227851487011 0.0063389709181267727
decision_type=2 2 2 2 2 2 2 2 2 2 2
left_child=1 10 5 -4 -3 9 -7 -6 -5 -2 -1
right_child=2 4 3 8 7 6 -8 -9 -10 -11 -12
leaf_value=0.0041982664232500305 -0.016416825136528857 -0.0011109441606084779 0.011156286952726441 -0.042428772218843627 0.028172635955238286 0.02104482898130252 -0.0048905140845353478 0.0036146836986483853 -0.012142784778212722 0.0034248397373029637 -0.019199590318582479
leaf_weight=7.4612519890069988 15.338149741292002 11.912667185068129 8.6127781718969363 10.899087414145471 25.617042616009712 15.843667820096018 9.5631234198808652 13.111919075250624 11.628810107707976 16.1053476780653 11.388214901089666
leaf_count=30 62 48 35 45 103 64 39 53 48 65 46
internal_value=0.000544507 0.00839106 -0.00553441 -0.0179352 0.0155241 0.00138211 0.0110909 0.0208125 -0.0296717 -0.00620837 -0.0097042
internal_weight=157.482 69.4911 87.991 31.1407 50.6416 56.8503 25.4068 38.729 22.5279 31.4435 18.8495
internal_count=638 280 358 128 204 230 103 156 93 127 76
is_linear=0
shrinkage=0.03


Tree=24
num_leaves=12
num_cat=0
split_feature=16 11 28 8 34 22 24 11 20 20 28
split_gain=8.14847 8.48247 13.0317 7.7665 6.44641 5.86019 4.98139 4.77096 6.46316 3.5292 2.30182
threshold=-29.034195417354535 0.044468943743927965 2.5000000000000004 -0.049805280241440118 -0.016429914196908865 -0.072868577511257956 0.38892040083191537 -0.015138121173688455 0.027335968582544879 0.037289241868407451 9.5000000000000018
decision_type=2 2 2 2 2 2 2 2 2 2 2
left_child=3 7 -3 5 -5 -1 -6 9 -9 -2 -4
right_child=1 2 10 4 6 -7 -8 8 -10 -11 -12
leaf_value=-0.02438966812294769 -0.013192356163489499 0.010873895041958669 -0.037200616456008515 -0.0066945643857936723 0.026001018633648485 0.005099167633391989 0.001103827274677308 -0.0028908411185467869 0.024789792177842995 0.0063875486552578018 -0.010922534267112479
leaf_weight=7.665818706154826 20.523495644330982 8.6231344044208544 13.454803407192232 8.412974461913107 28.572673559188843 13.406827285885809 11.408022969961165 13.540968209505083 12.378328382968901 10.407773315906523 8.9683059900999051
leaf_count=31 83 35 56 34 115 54 46 55 50 42 37
internal_value=0.000516041 -0.00540162 -0.0175274 0.00815526 0.0146846 -0.00616245 0.0196452 0.00133604 0.0106202 -0.00616079 -0.0290598
internal_weight=157.363 87.8968 31.0462 69.4663 48.3937 21.0726 39.9807 56.8506 25.9193 30.9313 22.4231
internal_count=638 358 128 280 195 85 161 230 105 125 93
is_linear=0
shrinkage=0.03


Tree=25
num_leaves=11
num_cat=0
split_feature=24 13 12 23 23 13 23 23 35 1
split_gain=7.27638 5.59749 8.40857 7.51669 5.50741 4.40876 3.616 3.27603 2.80424 1.36561
threshold=0.28371212121212125 -4.4319799799321151 48.853260132570107 0.93934923314113039 1.0672184719836888 7.9425742855523902 1.182406844279918 0.91564977922922541 0.053304881294506175 -0.015447332352781116
decision_type=2 2 2 2 2 2 2 2 2 2
left_child=1 3 4 -1 -3 6 8 -4 -2 -5
right_child=5 2 7 9 -6 -7 -8 -9 -10 -11
leaf_value=-0.00067716691910552616 -0.02059557276199497 0.019691271336554073 -0.018075763683152616 0.012157343239520866 -0.0061991067755771626 0.0078367310256889505 0.0042585337162001358 -0.0006618517033609812 0 0.036572840675470272
leaf_weight=13.579429984092714 27.430819049477577 22.08562341332436 15.53927071392536 9.4245568513870257 8.447783946990965 9.8515393733978254 7.3228564262390128 26.522193193435669 7.3899126797914496 8.6977751106023771
leaf_count=55 112 89 63 38 34 40 30 108 30 35
internal_value=0.000664453 0.00529826 0.000383357 0.0154173 0.0121263 -0.00820462 -0.0124794 -0.00796417 -0.0164469 0.0270913
internal_weight=156.292 104.297 72.5949 31.7018 30.5334 51.9951 42.1436 42.0615 34.8207 18.1223
internal_count=634 422 294 128 123 212 172 171 142 73
is_linear=0
shrinkage=0.03


Tree=26
num_leaves=9
num_cat=0
split_feature=24 11 0 32 3 23 33 22
split_gain=6.86105 5.58033 5.54379 4.74407 4.02783 5.53518 1.50054 1.40188
threshold=0.28371212121212125 0.050827796899404316 0.019383597057289429 0.0059210971705842006 0.071411577768860771 0.93131794735247786 0.46375086436827034 0.095725527177715333
decision_type=2 2 2 2 2 2 2 2
left_child=2 3 4 6 5 -1 -2 -3
right_child=1 7 -4 -5 -6 -7 -8 -9
leaf_value=0.0012681946813203355 -0.015677360352758282 -0.026959877582636436 -0.014633069190882624 0.012533604941527669 -0.0082224410604209153 0.016955635628579047 0 -0.0057590526484028225
leaf_weight=41.011107310652733 11.075149029493334 10.888854488730432 9.1467049270868284 13.319409191608427 10.460407614707945 43.647007554769516 8.6094992011785489 8.0465269833803159
leaf_count=166 45 45 37 54 43 176 35 33
internal_value=0.000654985 -0.00795954 0.00515648 0 0.00747608 0.00973389 -0.00926924 -0.020078
internal_weight=156.205 51.9394 104.265 33.0041 95.1185 84.6581 19.6846 18.9354
internal_count=634 212 422 134 385 342 80 78
is_linear=0
shrinkage=0.03


Tree=27
num_leaves=7
num_cat=0
split_feature=33 35 24 35 16 16
split_gain=6.68141 6.52707 6.97269 5.20712 4.2556 0.462209
threshold=0.88507335862322556 -0.083440988298122395 0.73549988041138492 0.055312104554619997 331.19339048769353 185.8294828835769
decision_type=2 2 2 2 2 2
left_child=1 -1 3 -3 5 -2
right_child=4 2 -4 -5 -6 -7
leaf_value=0.026908608333484765 -0.027087980286423737 0.00044613326619238848 -0.021199055955102696 0.016917524796575871 0.0023433426161755572 -0.0083509984822454555
leaf_weight=7.9736212044954291 8.8949981629848534 94.065817341208458 9.0318341404199582 19.795346155762672 8.8520705252885801 7.5289486497640601
leaf_count=32 37 381 37 80 36 31
internal_value=0.000612255 0.00347035 0.00142295 0.00368183 -0.012805 -0.0211518
internal_weight=156.143 130.867 122.893 113.861 25.276 16.4239
internal_count=634 530 498 461 104 68
is_linear=0
shrinkage=0.03


Tree=28
num_leaves=10
num_cat=0
split_feature=24 0 12 3 7 41 36 20 3
split_gain=6.28522 5.23578 4.53616 6.02802 5.41507 4.10865 4.47504 3.06143 2.51234
threshold=0.28371212121212125 0.019383597057289429 47.15152745033398 -0.014634227822105659 -0.062368746021949181 1.0000000180025095e-35 0.0050638893750279655 0.0304030789433524 0.0086413207203734927
decision_type=2 2 2 2 2 2 2 2 2
left_child=1 2 4 -4 -1 -2 8 -8 -7
right_child=5 -3 3 -5 -6 6 7 -9 -10
leaf_value=-0.003976100590763333 0.0081798371157673321 -0.014327446304031891 -0.013971488577275849 0.0072715438968399887 0.020663186289412092 -0.011721173819881388 -0.0057698901171332195 -0.029389246186947836 0.0088446717167724037
leaf_weight=8.686568930745123 9.382484242320059 9.1370282322168332 14.376121327280996 42.038754343986511 30.005272313952446 7.4159617125988033 12.303799048066141 12.359341934323309 10.367425501346586
leaf_count=35 38 37 58 171 121 30 51 51 42
internal_value=0.000590176 0.00490105 0.00715986 0.00130842 0.0148393 -0.00766158 -0.0117112 -0.0194854 0
internal_weight=156.073 104.244 95.1067 56.4149 38.6918 51.829 42.4465 24.6631 17.7834
internal_count=634 422 385 229 156 212 174 102 72
is_linear=0
shrinkage=0.03


Tree=29
num_leaves=6
num_cat=0
split_feature=33 36 35 24 33
split_gain=6.28018 7.64502 6.18838 6.4986 5.02985
threshold=0.88507335862322556 0.0050638893750279655 -0.083440988298122395 0.73549988041138492 0.13972817170122181
decision_type=2 2 2 2 2
left_child=2 -2 -1 4 -4
right_child=1 -3 3 -5 -6
leaf_value=0.026141924946106308 0.0045354542386886517 -0.026129334389996907 0.017825433930011465 -0.020544889456468891 0.00060039995913989928
leaf_weight=7.975103259086608 11.331724971532823 13.875884577631949 16.625645726919174 8.9963033050298673 97.201665014028549
leaf_count=32 46 58 67 37 394
internal_value=0.000550994 -0.012473 0.00332399 0.0013271 0.00351015
internal_weight=156.006 25.2076 130.799 122.824 113.827
internal_count=634 104 530 498 461
is_linear=0
shrinkage=0.03


Tree=30
num_leaves=13
num_cat=0
split_feature=36 0 23 11 36 19 25 11 23 11 34 35
split_gain=7.19241 7.06687 7.49982 9.64548 6.56985 5.80614 5.57341 5.47519 2.97918 2.70204 2.59761 1.83041
threshold=0.0050638893750279655 0.0039132640898285062 0.98410176470327904 -0.025904228879609633 0.0043345422201390886 0.10612770056361212 0.1536521388216304 0.030974157649105497 0.90884219845697822 -0.052075626189847617 0.015728291915636742 0.042968256240739862
decision_type=2 2 2 2 2 2 2 2 2 2 2 2
left_child=4 2 3 -2 8 -3 -4 -6 -1 -7 -9 -10
right_child=1 5 6 -5 7 9 -8 10 11 -11 -12 -13
leaf_value=-0.016668699056216839 -0.0098118793681913497 0.0052744553402593163 0.0060801097628373673 0.02208792400048008 0.029499313357946037 -0.0020042726998993655 -0.021098010401120949 -0.0074578212028343117 -0.0048215871864832824 -0.024498552332208101 0.014348119596443557 0.01290939656040683
leaf_weight=7.4060214459896114 11.100281924009321 8.865347206592558 9.148930028080942 21.7422014772892 14.616413876414301 8.1699180752038938 14.535537898540495 7.6397814899682981 7.6596379578113547 24.691587314009666 7.4122938513755798 8.1765697449445707
leaf_count=30 45 36 37 88 59 33 59 31 31 102 30 33
internal_value=-0.000136064 -0.00500911 0.00170515 0.0109314 0.00849274 -0.0141099 -0.0103596 0.0174726 -0.00285187 -0.0197722 0.00282411 0.00391331
internal_weight=151.165 98.2538 56.527 32.8425 52.9107 41.7269 23.6845 29.6685 23.2422 32.8615 15.0521 15.8362
internal_count=614 400 229 133 214 171 96 120 94 135 61 64
is_linear=0
shrinkage=0.03


Tree=31
num_leaves=8
num_cat=0
split_feature=28 15 37 5 5 9 26
split_gain=5.371 6.66131 3.93838 4.56019 10.8737 8.81059 3.09597
threshold=2.5000000000000004 531.26377001077742 0.052660944612360046 0.039301256045193973 0.019769894908121203 0.12334403294105641 0.29749790806535575
decision_type=2 2 2 2 2 2 2
left_child=1 -1 3 4 -2 -5 -4
right_child=2 -3 6 5 -6 -7 -8
leaf_value=-0.0044743600836257636 0 0.025509384194907885 -0.00090421349943803505 0.019515770720788323 -0.031348210773098115 -0.0076635395880467992 -0.027568316272601583
leaf_weight=9.858197361230852 63.079536601901054 12.867141380906103 9.0187507867813128 21.990339010953903 9.7920192629098874 16.933194175362587 7.5058590918779364
leaf_count=40 255 52 37 89 40 70 31
internal_value=-0.000130884 0.012586 -0.00265674 -0.000388427 -0.00490568 0.00752855 -0.0154942
internal_weight=151.045 22.7253 128.32 111.795 72.8716 38.9235 16.5246
internal_count=614 92 522 454 295 159 68
is_linear=0
shrinkage=0.03


Tree=32
num_leaves=11
num_cat=0
split_feature=36 33 9 27 36 36 11 10 1 34
split_gain=6.72277 6.23509 8.87946 7.38291 6.12296 5.54836 5.19994 4.81384 3.69918 2.46479
threshold=0.0050638893750279655 0.8386547641646519 0.019341392748721466 1.5000000000000002 0.0043345422201390886 0.0076905737835460475 0.030974157649105497 0.039407259939680646 -0.012937451740812454 0.015728291915636742
decision_type=2 2 2 2 2 2 2 2 2 2
left_child=4 2 5 -4 8 -2 -6 -3 -1 -8
right_child=1 7 3 -5 6 -7 9 -9 -10 -11
leaf_value=-0.016223911329278726 -0.0018351600708120409 -0.0011692402071469151 -0.0047052700729585924 0.021559581849316597 0.028598798044199542 -0.024704383048908353 -0.0073856699056500073 -0.032316528195948463 0.0060229554309151889 0.013855277636785578
leaf_weight=9.1529136896133441 31.669963613152504 9.1667763590812701 14.971481606364248 19.516275152564049 14.595111116766931 13.059859991073607 7.6341724246740323 9.7235150188207609 14.073828488588331 7.41872438788414
leaf_count=37 128 38 61 79 59 53 31 41 57 30
internal_value=-0.000143253 -0.00486203 -0.000797953 0.0101137 0.00819708 -0.00960488 0.0168713 -0.0194789 -0.00274042 0.00260039
internal_weight=150.983 98.1079 79.2176 34.4878 52.8748 44.7298 29.648 18.8903 23.2267 15.0529
internal_count=614 400 321 140 214 181 120 79 94 61
is_linear=0
shrinkage=0.03


Tree=33
num_leaves=12
num_cat=0
split_feature=36 0 22 36 13 1 20 20 1 7 9
split_gain=6.39672 6.62333 6.15217 5.81623 5.08186 4.89622 3.79937 3.53534 3.51851 3.23343 3.14739
threshold=0.0050638893750279655 0.0039132640898285062 -0.18158872244528754 0.0043345422201390886 -1.3810891592541414 0.015389143386350558 0.028533348855995098 0.038229861573970236 -0.012937451740812454 0.027793140944300149 0.022089714141956995
decision_type=2 2 2 2 2 2 2 2 2 2 2
left_child=3 4 -3 8 10 -4 -6 9 -1 -5 -2
right_child=1 2 5 7 6 -7 -8 -9 -10 -11 -12
leaf_value=-0.015824931545020505 -0.013062799367331689 -0.030663031956667485 0.0097293180641486211 -0.0025744530035823813 -0.0029385390563223205 -0.013674992872836541 0.020385851289448167 0.032484605103158301 0.0058645705657096991 0.018193634558852732 0.0040313689900178754
leaf_weight=9.1525935530662554 18.804843544960022 11.598339125514029 10.354746907949449 10.835554078221326 7.6346703767776516 19.609219789505005 15.065183758735655 7.680179074406623 14.074310287833212 11.115824878215788 14.952682495117186
leaf_count=37 76 48 42 44 31 81 61 31 57 45 61
internal_value=-0.000152427 -0.00476026 -0.0135959 0.00798084 0.00173031 -0.00501511 0.0123311 0.0164404 -0.00266462 0.00795695 -0.00526958
internal_weight=150.878 98.0197 41.5623 52.8585 56.4574 29.964 22.6999 29.6316 23.2269 21.9514 33.7575
internal_count=614 400 171 214 229 123 92 120 94 89 137
is_linear=0
shrinkage=0.03


Tree=34
num_leaves=13
num_cat=0
split_feature=36 0 23 11 22 36 25 11 6 10 37 17
split_gain=6.07817 6.2926 6.96391 8.77678 5.88585 5.53914 5.23175 4.93976 3.51514 2.89493 3.02343 2.13251
threshold=0.0050638893750279655 0.0039132640898285062 0.98410176470327904 -0.025904228879609633 -0.18158872244528754 0.0043345422201390886 0.1536521388216304 0.030974157649105497 0.0096031389206704381 -0.0074346172053855178 0.024900583922893186 -9.1098692932628449
decision_type=2 2 2 2 2 2 2 2 2 2 2 2
left_child=5 2 3 -2 -3 9 -4 -7 -6 -1 -11 -9
right_child=1 4 6 -5 8 7 -8 11 -10 10 -12 -13
leaf_value=0.01005644664992365 -0.0092189452816971405 -0.030000478528188032 0.0059280443524190934 0.0212105565027613 0.010079097055437988 0.027477252836043398 -0.020386476723356153 0.012747772229266168 -0.011000427498207677 -0.021853886831299012 0.0013151600845584097 -0.0069986320101249029
leaf_weight=7.6704481840133694 11.066123262047766 11.543843835592268 9.1531960517168063 21.747550278902054 7.6280758976936367 14.562190145254137 14.491206482052801 7.4000552892684937 22.30196125805378 7.4229201823472968 8.1323316693305951 7.6570805162191373
leaf_count=31 45 48 37 88 31 59 59 30 92 30 33 31
internal_value=-0.000140558 -0.00463765 0.00167919 0.0105775 -0.0132634 0.00778513 -0.00994685 0.0160448 -0.00486343 -0.00259067 -0.0101167 0.00218345
internal_weight=150.777 97.932 56.4581 32.8137 41.4739 52.845 23.6444 29.6193 29.93 23.2257 15.5553 15.0571
internal_count=614 400 229 133 171 214 96 120 123 94 63 61
is_linear=0
shrinkage=0.03


Tree=35
num_leaves=8
num_cat=0
split_feature=24 10 24 7 38 20 25
split_gain=6.56433 4.78952 6.82163 8.25046 5.20494 9.52205 2.26379
threshold=0.69081175570851094 0.011780130111907596 -0.70471393531976734 0.039893521739557715 0.015091358776199286 0.036683711865451885 0.026919626379915709
decision_type=2 2 2 2 2 2 2
left_child=1 4 -3 -4 5 -1 -2
right_child=6 2 3 -5 -6 -7 -8
leaf_value=0.0032231698757756084 0 0.016182777703472873 -0.015912848423422974 0.0075784125381341662 -0.0096845920957911082 0.029696723688665393 -0.021921718783707699
leaf_weight=44.756229594349861 7.280427590012553 10.868143156170843 36.577317923307419 18.187152668833733 10.612968340516089 16.068231955170631 12.92877049744129
leaf_count=181 30 44 149 75 43 65 54
internal_value=0 0.00235473 -0.00329199 -0.00785506 0.00769525 0.0111783 -0.0152083
internal_weight=157.279 137.07 65.6326 54.7645 71.4374 60.8245 20.2092
internal_count=641 557 268 224 289 246 84
is_linear=0
shrinkage=0.03


Tree=36
num_leaves=8
num_cat=0
split_feature=24 11 11 36 6 34 36
split_gain=6.25442 4.37605 9.84592 7.56268 7.06636 4.86553 3.3484
threshold=0.69081175570851094 0.12075156690352297 0.05221171842548112 0.0076676376795750565 -0.015789369637098784 0.013158486594801457 0.0050887551174993778
decision_type=2 2 2 2 2 2 2
left_child=1 2 3 -1 -4 -3 -2
right_child=6 5 4 -5 -6 -7 -8
leaf_value=0.010829463510378065 0 0 0.0045273466161304008 -0.0081603393413659121 -0.022807861760240269 0.031160736810857199 -0.023341051437680158
leaf_weight=64.262193322181702 7.648966088891032 8.8544787466526049 11.160547345876692 23.829999357461929 21.583481892943382 7.3227943480014792 12.511831924319265
leaf_count=260 31 36 45 97 89 30 53
internal_value=0 0.00230162 0.00010987 0.00545888 -0.0133349 0.0160343 -0.0148585
internal_weight=157.174 137.013 120.836 88.0922 32.744 16.1773 20.1608
internal_count=641 557 491 357 134 66 84
is_linear=0
shrinkage=0.03


Tree=37
num_leaves=11
num_cat=0
split_feature=13 13 16 2 20 32 20 11 8 16
split_gain=5.04146 5.28261 4.41221 6.36369 4.04712 4.35732 4.10195 2.79594 2.69472 0.343355
threshold=-3.8731328648198509 -1.3810891592541414 -29.034195417354535 -0.0081528933847964096 0.040338242272707346 -0.0045883427907235088 0.043784793996885181 0.0029523421330360793 -0.049805280241440118 -97.769711846737195
decision_type=2 2 2 2 2 2 2 2 2 2
left_child=2 7 8 -4 5 -3 -6 -2 -1 -10
right_child=1 4 3 -5 6 -7 -8 -9 9 -11
leaf_value=0 -0.0017160905559393824 -0.016405752673251228 -0.021068298323347369 0.011392733072913256 0.025699875935740846 0.00037538376404202092 0 -0.02488585738767032 0.010537332416312521 0.029689815849257645
leaf_weight=7.410715356469157 9.8754758238792437 15.516738221049307 7.3290010541677502 10.733563497662542 7.8903512358665493 59.90173564851284 10.316687151789663 11.746441975235937 8.3867024183273351 7.9212518483400318
leaf_count=30 40 64 30 44 32 245 42 48 34 32
internal_value=0 -0.00330092 0.0086288 -0.00181812 0 -0.00321807 0.0118566 -0.0159797 0.0166904 0.0228867
internal_weight=157.029 115.247 41.7812 18.0626 93.6255 75.4185 18.207 21.6219 23.7187 16.308
internal_count=641 471 170 74 383 309 74 88 96 66
is_linear=0
shrinkage=0.03


Tree=38
num_leaves=8
num_cat=0
split_feature=24 23 16 35 19 19 4
split_gain=5.89525 3.99767 4.6111 6.92029 6.11287 3.19946 2.26082
threshold=0.69081175570851094 1.1887166361726818 -29.034195417354535 0.042109044468784836 0.091067533040872714 0.23008542544516103 0.027117862551582776
decision_type=2 2 2 2 2 2 2
left_child=1 2 3 -1 -4 -3 -2
right_child=6 5 4 -5 -6 -7 -8
leaf_value=-0.0014771467722714952 -0.024711295306453898 0 0.015077629630159597 0.020111455757557059 -0.0094286226186174708 0.023006660740856336 -0.0029827373835135105
leaf_weight=33.889190495014191 8.6841276586055773 9.7932073771953601 8.6969962716102582 18.697947233915329 54.221319928765297 11.554539442062376 11.390786677598951
leaf_count=137 36 40 35 76 222 47 48
internal_value=0 0.00224061 0 0.00637975 -0.00544999 0.0135631 -0.014449
internal_weight=156.928 136.853 115.505 52.5871 62.9183 21.3477 20.0749
internal_count=641 557 470 213 257 87 84
is_linear=0
shrinkage=0.03


Tree=39
num_leaves=8
num_cat=0
split_feature=37 19 1 35 15 16 37
split_gain=4.954 6.31935 7.55151 5.59746 6.66312 4.31474 3.85466
threshold=0.065727015539822312 0.2528171231447216 -0.0060364166755427209 -0.041319273576229658 -478.05109875012835 163.38201645780615 0.023406567656978464
decision_type=2 2 2 2 2 2 2
left_child=1 3 5 -1 -5 -3 -4
right_child=-2 2 6 4 -6 -7 -8
leaf_value=-0.018947849390835818 -0.017425797625476289 0.038891338064727145 0.011293756798402945 0.022699153981453512 -0.0018424581716263602 0.0047112591478989333 -0.014521643211054975
leaf_weight=12.887454524636267 11.513431638479231 8.678331211209299 8.4397154897451419 9.1127658635377866 90.640292420983315 7.3604979813098899 8.195138677954672
leaf_count=53 48 35 34 37 370 30 34
internal_value=0 0.00155265 0.0128122 -0.00174913 0.000654177 0.0262985 -0.000812808
internal_weight=156.828 145.314 32.6737 112.641 99.7531 16.0388 16.6349
internal_count=641 593 133 460 407 65 68
is_linear=0
shrinkage=0.03


Tree=40
num_leaves=7
num_cat=0
split_feature=21 14 24 40 17 38
split_gain=6.48543 7.07054 6.78124 5.78195 3.28098 2.87897
threshold=0.037494604624916848 -907.41410343282575 0.4143877802414388 0.011329208494662015 37.080677144751469 0.017596509853686982
decision_type=2 2 2 2 2 2
left_child=1 -1 3 -3 -4 -2
right_child=5 2 4 -5 -6 -7
leaf_value=0.026290262852070801 -0.028208065766555209 -0.0035753859116655013 -0.017143473362262976 0.011258900373866705 0 -0.00090900711414503758
leaf_weight=7.9173235148191443 7.9717259407043439 40.161006987094879 22.40405435860157 49.659178420901299 16.537229910492897 7.3919513523578644
leaf_count=32 33 163 93 203 68 30
internal_value=-0.000187214 0.00188191 0 0.00452933 -0.0101519 -0.0175551
internal_weight=152.042 136.679 128.761 89.8202 38.9413 15.3637
internal_count=622 559 527 366 161 63
is_linear=0
shrinkage=0.03


Tree=41
num_leaves=8
num_cat=0
split_feature=37 19 37 21 6 21 12
split_gain=6.24117 4.8358 9.94316 7.69833 7.01896 4.37419 4.35546
threshold=0.065727015539822312 0.23008542544516103 -0.0059742846241602745 0.038418724327904684 0.018614846546603524 0.025154280431749509 39.22902058535032
decision_type=2 2 2 2 2 2 2
left_child=1 2 5 4 -3 -1 -4
right_child=-2 3 6 -5 -6 -7 -8
leaf_value=-0.0057471732228206139 -0.018255132456962316 0.026669016363068673 0.02017572174314133 -0.011872083368116878 -0.00096739589363738871 -0.034128621983566226 0.0001196180808073053
leaf_weight=14.652063459157946 13.62798550724983 20.722450658679012 9.8084204941987974 8.757402151823042 11.198434695601462 8.1055092960596067 65.081108659505844
leaf_count=60 57 84 40 36 46 33 266
internal_value=-0.000189072 0.00171874 -0.00179957 0.0102044 0.0170461 -0.018402 0.00339796
internal_weight=151.953 138.325 97.6471 40.6783 31.9209 22.7576 74.8895
internal_count=622 565 399 166 130 93 306
is_linear=0
shrinkage=0.03


Tree=42
num_leaves=9
num_cat=0
split_feature=21 24 1 19 18 32 40 34
split_gain=5.99904 6.21455 3.78072 5.26043 4.12099 3.18013 2.87143 2.36102
threshold=0.037494604624916848 0.53671373555840829 0.0068464478798800918 0.20761149899722095 0.81386863699231105 0.01039942689650797 0.01756741258863204 -0.00039914322828238363
decision_type=2 2 2 2 2 2 2 2
left_child=1 2 3 -1 -4 7 -2 -3
right_child=6 5 4 -5 -6 -7 -8 -9
leaf_value=-0.0048525328940008288 -0.00049633101027299234 0 0.019147071882246895 0.012815721513983401 0 0.0039008483687266709 -0.027600373547103024 -0.022175668267235615
leaf_weight=45.818038657307625 7.3974685966968519 7.6515630036592528 25.617412194609642 20.08626452088356 14.92448143661022 8.544741213321684 7.9027929604053497 13.923495844006538
leaf_count=186 30 32 104 82 62 35 33 58
internal_value=-0.000195969 0.00178855 0.00528792 0.000530347 0.0122807 -0.00967077 -0.0169353 -0.015557
internal_weight=151.866 136.566 106.446 65.9043 40.5419 30.1198 15.3003 21.5751
internal_count=622 559 434 268 166 125 63 90
is_linear=0
shrinkage=0.03


Tree=43
num_leaves=7
num_cat=0
split_feature=21 14 24 1 32 21
split_gain=5.73433 6.41311 6.12462 4.71797 3.08291 0.797018
threshold=0.037494604624916848 -907.41410343282575 0.4143877802414388 1.0000000180025095e-35 0.01039942689650797 0.043550397480093608
decision_type=2 2 2 2 2 2
left_child=1 -1 3 -3 -4 -2
right_child=5 2 4 -5 -6 -7
leaf_value=0.025018636632155509 -0.02352542013037183 -0.001470661297912733 -0.014611559958767482 0.011969362622491944 0.0028758200108479071 -0.0050390171734785395
leaf_weight=7.887187957763671 7.4280130565166456 51.430125087499619 28.590711176395416 38.381072416901588 10.227958261966704 7.8331109881401062
leaf_count=32 31 209 119 157 42 32
internal_value=-0.000201835 0.00173487 0 0.00424521 -0.00972135 -0.0165891
internal_weight=151.778 136.517 128.63 89.8112 38.8187 15.2611
internal_count=622 559 527 366 161 63
is_linear=0
shrinkage=0.03


Tree=44
num_leaves=7
num_cat=0
split_feature=37 11 11 38 17 15
split_gain=5.74407 6.32675 7.43601 4.6723 4.19545 2.05336
threshold=0.057938146376159246 0.12075156690352297 0.044468943743927965 0.0085487918936752675 -4.8084813504103314 565.7837061374978
decision_type=2 2 2 2 2 2
left_child=1 2 4 -4 -1 -2
right_child=5 -3 3 -5 -6 -7
leaf_value=-0.0030894494636549185 -0.024929447074675651 0.02126315428445185 4.4458237216654896e-05 -0.020205952606505734 0.010128651308766239 -0.003691893423899396
leaf_weight=33.213128164410591 8.109121039509775 11.818600967526434 16.497397989034653 19.963278263807297 50.348635494709015 11.730799153447149
leaf_count=135 34 48 68 83 205 49
internal_value=-0.000197911 0.00203445 -5.35533e-05 -0.0111274 0.00475016 -0.0145471
internal_weight=151.681 131.841 120.022 36.4607 83.5618 19.8399
internal_count=622 539 491 151 340 83
is_linear=0
shrinkage=0.03


Tree=45
num_leaves=8
num_cat=0
split_feature=36 34 35 38 19 36 7
split_gain=4.6079 6.47461 5.65289 5.31706 5.37905 3.07025 5.4954
threshold=0.0048721049086285712 0.023140352770044784 0.069053084532804135 0.0064438556284598077 0.19922376075973644 0.0044368062295989533 0.0084386890470450494
decision_type=2 2 2 2 2 2 2
left_child=1 5 3 -2 -5 6 -1
right_child=2 -3 -4 4 -6 -7 -8
leaf_value=0.020253421553468851 0.013986382966620331 -0.0074951349773021017 0.01786459688342501 -0.013092887056778876 0.00070159667421997886 0.028060658659576364 -0.010254101367708268
leaf_weight=9.3430622220039421 9.9137101620435697 12.469365850090979 8.8454242944717389 54.46888293325901 42.387894719839096 11.276990219950674 7.5906570851802817
leaf_count=38 41 51 36 223 175 46 31
internal_value=0.000395993 0.00891525 -0.00257465 -0.00470319 -0.00701215 0.0166813 0.00614735
internal_weight=156.296 40.6801 115.616 106.77 96.8568 28.2107 16.9337
internal_count=641 166 475 439 398 115 69
is_linear=0
shrinkage=0.03


Tree=46
num_leaves=9
num_cat=0
split_feature=23 6 7 4 35 15 23 6
split_gain=5.19267 5.87436 6.86372 5.39863 4.80725 6.3837 3.91105 1.92753
threshold=0.88832012664004545 0.042310755502800994 0.02450587826313683 0.0029993509129145894 0.055582554738638608 931.55210205216008 1.0392070103262558 -0.014116248102499254
decision_type=2 2 2 2 2 2 2 2
left_child=4 2 3 -2 5 7 -4 -1
right_child=1 -3 6 -5 -6 -7 -8 -9
leaf_value=-0.0016791172597168497 0.0073708410973593146 -0.012602494914931177 0.0028642642448117612 -0.010074447039057074 0.00991974926398736 0.0092584628033927849 0.028763921882237472 -0.021994760222342639
leaf_weight=7.4048677235841742 47.405633583664894 13.788174659013746 10.309816837310793 21.26312293112278 9.0130900591611844 7.8241550475358954 15.01765240728855 24.176189020276073
leaf_count=30 193 58 42 87 37 32 62 100
internal_value=0.000406146 0.00414978 0.00697476 0.00162445 -0.0074641 -0.0120896 0.0197513 -0.0180617
internal_weight=156.203 107.784 93.9962 68.6688 48.4183 39.4052 25.3275 31.5811
internal_count=641 442 384 280 199 162 104 130
is_linear=0
shrinkage=0.03


Tree=47
num_leaves=10
num_cat=0
split_feature=5 5 5 7 20 20 40 38 40
split_gain=3.4303 7.25174 7.0648 5.05692 4.78793 6.07126 4.70029 3.57789 2.12674
threshold=-0.025886370995629401 0.020498458063048623 0.039301256045193973 -0.010156750848093287 0.036683711865451885 0.045650850181788265 -0.0015210139549217681 0.010716842430988147 -0.037616208609373918
decision_type=2 2 2 2 2 2 2 2 2
left_child=4 7 -3 -4 6 -6 8 -2 -1
right_child=1 2 3 -5 5 -7 -8 -9 -10
leaf_value=-0.0052670292175242932 0.024301235008526195 -0.020259180579811988 0.021774511790879407 -0.00022336860212297192 0.017932388327743676 -0.010392325204340998 0.00084942607835131819 0 -0.030643100908299411
leaf_weight=7.3801399320364025 16.745492756366733 12.084339305758474 8.9080749750137311 59.052420124411583 11.761905729770662 11.05987526476383 10.733225315809248 8.1000070422887784 10.305811047554018
leaf_count=30 68 50 36 245 48 45 44 33 42
internal_value=0.000398339 0.00357943 -0.000749058 0.0029857 -0.00572147 0.00387004 -0.013665 0.0171002 -0.0224268
internal_weight=156.131 104.89 80.0448 67.9605 51.241 22.8218 28.4192 24.8455 17.686
internal_count=641 432 331 281 209 93 116 101 72
is_linear=0
shrinkage=0.03


Tree=48
num_leaves=9
num_cat=0
split_feature=23 6 7 4 38 12 23 16
split_gain=4.96158 5.54526 6.54193 5.11743 4.42574 5.14898 3.67225 3.27132
threshold=0.88832012664004545 0.042310755502800994 0.02450587826313683 0.0029993509129145894 0.007350641349836616 66.501452948821608 1.0392070103262558 -81.389356024455836
decision_type=2 2 2 2 2 2 2 2
left_child=4 2 3 -2 -1 7 -4 -6
right_child=1 -3 6 -5 5 -7 -8 -9
leaf_value=0.010823539522211673 0.0071573657579257289 -0.012238775221968949 0.0028133417658290256 -0.0098359330487951986 -0.0014976423653118506 0.0085588925544475974 0.027982037773598079 -0.022763416358519192
leaf_weight=7.5962460786104193 47.363680601119995 13.7622784525156 10.3032673150301 21.232693448662758 11.522405728697775 7.2266067862510672 15.046282157301901 21.98147939145565
leaf_count=31 193 58 42 87 47 30 62 91
internal_value=0.000380761 0.00404246 0.00678926 0.0015553 -0.00731852 -0.0114013 0.0192545 -0.0163687
internal_weight=156.035 107.708 93.9459 68.5964 48.3267 40.7305 25.3495 33.5039
internal_count=641 442 384 280 199 168 104 138
is_linear=0
shrinkage=0.03


Tree=49
num_leaves=8
num_cat=0
split_feature=21 19 34 1 34 12 15
split_gain=6.06968 6.89411 11.4271 10.2523 5.08966 3.03887 2.80008
threshold=0.038418724327904684 0.20761149899722095 -0.015445010803250612 -0.0046759899632108351 0.0022401485196237307 72.506889908904569 404.68597911585715
decision_type=2 2 2 2 2 2 2
left_child=1 2 6 -3 -4 -5 -1
right_child=-2 3 4 5 -6 -7 -8
leaf_value=-0.032330677787570546 -0.017712230203113018 0.027334791646031073 0.01716252339808616 0.0083937400189528256 -0.00092239901197781844 -0.010646931851365306 -0.0042570956417098908
leaf_weight=9.9234188348054904 12.957737132906912 19.154955074191093 15.362172290682791 13.745071619749071 65.275929287075996 12.351086392998694 7.194527953863143
leaf_count=41 54 78 63 56 267 52 30
internal_value=0.00037341 0.00233727 -0.00204209 0.0118014 0.00267338 -0.000200561 -0.0229959
internal_weight=155.965 143.007 97.756 45.2511 80.6381 26.0962 17.1179
internal_count=641 587 401 186 330 108 71
is_linear=0
shrinkage=0.03


end of trees

feature_importances:
macro_usdjpy_vol_20=28
ma_20_60_cross=26
macd_hist=22
candle_body_pct=22
macro_usdjpy_ret_20=22
vol_ratio=19
bb_bandwidth=18
volatility=18
macro_usdjpy_ret_60=18
macro_topix_vol_20=18
atr_pct=17
macd_signal=15
macro_nikkei_ret_20=14
return_20d=12
ma_5_20_cross=11
div_ma_10=10
div_ma_60=10
macro_topix_ret_20=10
return_2d=9
macd_hist_change=9
return_10d=8
div_ma_5=8
rsi_change=8
macd=8
month=8
return_1d=7
price_position_20d=7
return_5d=6
rsi=6
vol_change=6
gap=6
upper_shadow_pct=4
macro_nikkei_above_200dma=3
div_ma_20=2
lower_shadow_pct=2
return_3d=1
bb_pct_b=1
day_of_week=1
macro_topix_above_200dma=1

parameters:
[boosting: gbdt]
[objective: binary]
[metric: binary_logloss]
[tree_learner: serial]
[device_type: cpu]
[data_sample_strategy: bagging]
[data: ]
[valid: ]
[num_iterations: 50]
[learning_rate: 0.03]
[num_leaves: 15]
[num_threads: 0]
[seed: 42]
[deterministic: 0]
[force_col_wise: 0]
[force_row_wise: 0]
[histogram_pool_size: -1]
[max_depth: 4]
[min_data_in_leaf: 30]
[min_sum_hessian_in_leaf: 0.001]
[bagging_fraction: 0.7]
[pos_bagging_fraction: 1]
[neg_bagging_fraction: 1]
[bagging_freq: 5]
[bagging_seed: 400]
[bagging_by_query: 0]
[feature_fraction: 0.6]
[feature_fraction_bynode: 1]
[feature_fraction_seed: 30056]
[extra_trees: 0]
[extra_seed: 12879]
[early_stopping_round: 0]
[early_stopping_min_delta: 0]
[first_metric_only: 0]
[max_delta_step: 0]
[lambda_l1: 0.5]
[lambda_l2: 2]
[linear_lambda: 0]
[min_gain_to_split: 0]
[drop_rate: 0.1]
[max_drop: 50]
[skip_drop: 0.5]
[xgboost_dart_mode: 0]
[uniform_drop: 0]
[drop_seed: 17869]
[top_rate: 0.2]
[other_rate: 0.1]
[min_data_per_group: 100]
[max_cat_threshold: 32]
[cat_l2: 10]
[cat_smooth: 10]
[max_cat_to_onehot: 4]
[top_k: 20]
[monotone_constraints: ]
[monotone_constraints_method: basic]
[monotone_penalty: 0]
[feature_contri: ]
[forcedsplits_filename: ]
[refit_decay_rate: 0.9]
[cegb_tradeoff: 1]
[cegb_penalty_split: 0]
[cegb_penalty_feature_lazy: ]
[cegb_penalty_feature_coupled: ]
[path_smooth: 0]
[interaction_constraints: ]
[verbosity: -1]
[saved_feature_importance_type: 0]
[use_quantized_grad: 0]
[num_grad_quant_bins: 4]
[quant_train_renew_leaf: 0]
[stochastic_rounding: 1]
[linear_tree: 0]
[max_bin: 255]
[max_bin_by_feature: ]
[min_data_in_bin: 5]
[bin_construct_sample_cnt: 200000]
[data_random_seed: 175]
[is_enable_sparse: 1]
[enable_bundle: 1]
[use_missing: 1]
[zero_as_missing: 0]
[feature_pre_filter: 1]
[pre_partition: 0]
[two_round: 0]
[header: 0]
[label_column: ]
[weight_column: ]
[group_column: ]
[ignore_column: ]
[categorical_feature: ]
[forcedbins_filename: ]
[precise_float_parser: 0]
[parser_config_file: ]
[objective_seed: 16083]
[num_class: 1]
[is_unbalance: 0]
[scale_pos_weight: 1]
[sigmoid: 1]
[boost_from_average: 1]
[reg_sqrt: 0]
[alpha: 0.9]
[fair_c: 1]
[poisson_max_delta_step: 0.7]
[tweedie_variance_power: 1.5]
[lambdarank_truncation_level: 30]
[lambdarank_norm: 1]
[label_gain: ]
[lambdarank_position_bias_regularization: 0]
[eval_at: ]
[multi_error_top_k: 1]
[auc_mu_weights: ]
[num_machines: 1]
[local_listen_port: 12400]
[time_out: 120]
[machine_list_filename: ]
[machines: ]
[gpu_platform_id: -1]
[gpu_device_id: -1]
[gpu_use_dp: 0]
[num_gpu: 1]

end of parameters

pandas_categorical:[]
