tree
version=v4
num_class=1
num_tree_per_iteration=1
label_index=0
max_feature_idx=44
objective=binary sigmoid:1
feature_names=return_1d return_2d return_3d return_5d return_10d return_20d div_ma_5 div_ma_10 div_ma_20 div_ma_60 ma_5_20_cross ma_20_60_cross rsi rsi_change macd macd_signal macd_hist macd_hist_change bb_pct_b bb_bandwidth atr_pct volatility vol_change vol_ratio candle_body_pct upper_shadow_pct lower_shadow_pct day_of_week month is_month_end is_month_start streak gap price_position_20d macro_usdjpy_ret_20 macro_usdjpy_ret_60 macro_usdjpy_vol_20 macro_topix_ret_20 macro_topix_vol_20 macro_topix_above_200dma macro_nikkei_ret_20 macro_nikkei_above_200dma macro_nikkei_vi macro_jgb10y macro_bias_score
feature_infos=[-0.18657854600915103:0.12116538131962296] [-0.25189947399181767:0.2074644907827139] [-0.3014625627592229:0.28316711997582344] [-0.31791537887669186:0.3152866242038217] [-0.39047619047619042:0.44195079844626672] [-0.42984409799554568:0.58086124401913874] [-0.22482498001501908:0.14419682556792149] [-0.28824039680597874:0.220132473167718] [-0.36786377464343561:0.31181386854068649] [-0.3393991628948767:0.6212688489678152] [-0.2359424936977228:0.2167910809500726] [-0.15890414305683287:0.26725147687920137] [3.8397942311225535:98.426323319027176] [-28.202445295691867:27.080820265379984] [-417.18584337889388:525.67968816102984] [-328.5533647448047:478.86647176599382] [-222.59269646543004:104.60310264702855] [-68.922130654210434:54.628255248160372] [-0.29270546053214475:1.4057355996221619] [0.052067827745279162:0.67893117924815516] [0.018130712783761747:0.11480089111668058] [0.0099235579949863515:0.06507668877605477] [-0.88065286059756276:4.4616607071911005] [0.49606298396268567:2.5094845456242787] [-1:1] [0:0.88888888888888884] [0:0.93269230769230771] [0:4] [1:12] none [0:1] [-9:12] [-0.12710336538461542:0.14827018121911029] [0:1] [-0.10288784967882303:0.08505611680078462] [-0.13986255140503889:0.13160084488587853] [0.0024251968629527628:0.011841457708833433] [-0.22586491944566001:0.19897857359448179] [0.0040695656242548776:0.036437272436454948] [0:1] [-0.22859537662338159:0.23022297972565586] [0:1] none none none
tree_sizes=870 1197 986 993 992 1283 1098 983 1207 1285 995 999 1205 993 1093 874 1069 959 876 875 881 881 992 990 1180 1181 971 996 1079 992 992 1085 992 1073 1195 688 785 1105 1397 764 1101 784 884 785 1180 1471 890 1098 1379 946 1090 1205 1096 887 1100 1149 780 994 1280 1273 1295 1207 1074 1097 1185 992 977

Tree=0
num_leaves=7
num_cat=0
split_feature=20 5 7 7 9 7
split_gain=9.93204 11.338 12.5276 8.19415 7.42313 0.0557792
threshold=0.022822228893125414 0.32081116273070237 -0.056397100424959733 0.012130172917022937 -0.033309658802233945 0.0079015862307804819
decision_type=2 2 2 2 2 2
left_child=4 2 -2 -4 -1 -6
right_child=1 -3 3 -5 5 -7
leaf_value=0.076523348511740794 0.052174089263375231 0.045150466307493614 0.090128852172019727 0.072725243775960305 0.037067553572419691 0.057557502546898578
leaf_weight=7.49074459075928 12.73426580429077 8.2398190498352033 49.43891429901123 51.686137676239014 7.9901275634765607 7.4907445907592773
leaf_count=30 51 33 198 207 32 30
internal_value=0.0716726 0.0752207 0.0779227 0.0815989 0.0545295 0.0435333
internal_weight=145.071 122.099 113.859 101.125 22.9716 15.4809
internal_count=581 489 456 405 92 62
is_linear=0
shrinkage=1


Tree=1
num_leaves=10
num_cat=0
split_feature=19 3 3 11 34 16 11 40 34
split_gain=10.9382 8.62331 12.478 7.33469 7.21633 7.24217 7.80175 5.82267 4.42031
threshold=0.13151050880159179 -0.078204755592598638 0.026447928953016512 0.0017659423563377576 -0.0048998827391287794 3.072990298792202 -0.011368274999756343 0.065741225548224716 -0.025908540023016454
decision_type=2 2 2 2 2 2 2 2 2
left_child=4 -2 3 -3 8 6 -6 -4 -1
right_child=1 2 7 -5 5 -7 -8 -9 -10
leaf_value=-0.010982175636308183 -0.014615388017911353 0.038058687843560646 0.0075155261650946123 0.0084971830199935417 0.014026841955279408 -0.034092618464799912 -0.01705545390467287 -0.016526795672389735 0.014126062273670675
leaf_weight=7.7393186092376736 10.491509974002836 16.969291225075722 27.964101642370224 17.72078737616539 9.2346015870571154 11.484689384698866 17.726654842495918 10.989693880081175 14.727797403931616
leaf_count=31 42 68 112 71 37 46 71 44 59
internal_value=0.00131397 0.00832953 0.0120966 0.0246529 -0.00809451 -0.0157887 -0.00565794 0 0.00467317
internal_weight=145.048 84.1354 73.6439 34.6901 60.9131 38.4459 26.9613 38.9538 22.4671
internal_count=581 337 295 139 244 154 108 156 90
is_linear=0
shrinkage=0.03


Tree=2
num_leaves=8
num_cat=0
split_feature=19 5 7 7 21 21 34
split_gain=10.3576 13.6614 16.6663 13.825 11.326 11.6586 7.9965
threshold=0.13151050880159179 0.32081116273070237 -0.046597478864441336 0.012866996074551525 0.024176585976817582 0.020689063771982753 0.0061240023234799832
decision_type=2 2 2 2 2 2 2
left_child=4 2 -2 -4 5 6 -1
right_child=1 -3 3 -5 -6 -7 -8
leaf_value=0.0064542770917386041 -0.016812911366035924 -0.024328643919440032 0.03534569203589142 0.0062741501006526998 -0.032889408492405986 0.027495522725201477 -0.018724842534882238
leaf_weight=17.47308138012886 12.490271002054213 8.2468063831329328 24.920955419540405 38.43818698823452 10.986265793442724 8.2372964769601804 24.224711075425148
leaf_count=70 50 33 100 154 44 33 97
internal_value=0.00126747 0.00809955 0.0123525 0.01867 -0.00788285 -0.00103762 -0.008018
internal_weight=145.018 84.0962 75.8494 63.3591 60.9214 49.9351 41.6978
internal_count=581 337 304 254 244 200 167
is_linear=0
shrinkage=0.03


Tree=3
num_leaves=8
num_cat=0
split_feature=20 7 7 38 9 31 35
split_gain=8.89426 8.76772 10.6314 7.24105 6.87762 6.1587 2.82589
threshold=0.022822228893125414 -0.056397100424959733 0.011432299568772871 0.0086003191850569961 -0.033309658802233945 1.5000000000000002 -0.0098583106455546448
decision_type=2 2 2 2 2 2 2
left_child=4 -2 3 -3 -1 -4 -6
right_child=1 2 5 -5 6 -7 -8
leaf_value=0.0061170340033321335 -0.01696956183725546 0.0042000120644411897 0.0070982961815059887 0.028109886945208312 -0.0071697708680965996 -0.011649374243203297 -0.037200694771395246
leaf_weight=7.4875988811254528 12.747014090418814 23.679848551750183 34.197070926427841 25.645166799426079 7.7448726594448098 25.712898820638657 7.748771890997884
leaf_count=30 51 95 137 103 31 103 31
internal_value=0.00122013 0.00458782 0.00749816 0.0175345 -0.014991 -0.000822168 -0.0255824
internal_weight=144.963 121.982 109.235 49.325 22.9812 59.91 15.4936
internal_count=581 489 438 198 92 240 62
is_linear=0
shrinkage=0.03


Tree=4
num_leaves=8
num_cat=0
split_feature=23 7 7 37 20 38 22
split_gain=9.00811 11.5821 11.8574 10.3289 9.84786 4.06995 1.83292
threshold=1.1636634354238684 -0.044882932234683259 0.025526415584926552 0.034081134446785184 0.022822228893125414 0.0095441017195217037 -0.11317489701680754
decision_type=2 2 2 2 2 2 2
left_child=1 -1 4 6 -3 -4 -2
right_child=3 2 5 -5 -6 -7 -8
leaf_value=-0.029427279311467162 0.0096996532177311898 -0.011457688065455725 -0.002468278455530915 -0.0093352692950331925 0.012842640002346689 -0.026747265017012332 0.033034970579213806
leaf_weight=10.995007306337355 9.477531641721729 17.733210369944572 13.984290882945063 9.2362006902694684 57.530716642737389 12.982008054852484 12.971387147903442
leaf_count=44 38 71 56 37 231 52 52
internal_value=0.00116983 -0.00272644 0.000510919 0.0148735 0.00677463 -0.0157142 0.0253961
internal_weight=144.91 113.225 102.23 31.6851 75.2639 26.9663 22.4489
internal_count=581 454 410 127 302 108 90
is_linear=0
shrinkage=0.03


Tree=5
num_leaves=11
num_cat=0
split_feature=22 23 2 3 31 14 35 4 25 35
split_gain=10.134 11.3667 8.69803 9.09963 6.81075 5.70701 3.73351 3.35105 1.0773 1.04141
threshold=-0.1046468712679257 1.2333012131723204 -0.045431611778735885 0.042136319935534468 1.0000000180025095e-35 1.9819241624680901 0.05330359614125902 0.037891116826060174 0.18368942157373633 -0.030362176332628717
decision_type=2 2 2 2 2 2 2 2 2 2
left_child=4 2 -2 -4 5 -1 9 -7 -3 -6
right_child=1 8 3 -5 6 7 -8 -9 -10 -11
leaf_value=-0.013152761706152764 -0.024840820038738082 0.012749361821224074 0.012121832753338802 -0.011956046139210452 -0.0076403961424423954 0.022101293198222498 0 -0.00072837731237733623 0.038184785830520332 -0.026842266419989616
leaf_weight=11.222516223788263 7.4842464476823798 8.2289938479661924 50.574036180973053 16.976036950945854 8.2336966097354907 10.213971570134165 7.483842819929122 8.4790475666522962 7.7330050915479651 17.470962837338448
leaf_count=45 30 33 203 68 33 41 30 34 31 70
internal_value=0.000848221 0.00727862 0.00187993 0.00568533 -0.00813278 0.00182981 -0.0171328 0.0119515 0.0287867 -0.0222285
internal_weight=154.1 90.9963 75.0343 67.5501 63.104 29.9155 33.1885 18.693 15.962 25.7047
internal_count=618 365 301 271 253 120 133 75 64 103
is_linear=0
shrinkage=0.03


Tree=6
num_leaves=9
num_cat=0
split_feature=22 23 2 7 36 34 0 25
split_gain=9.60023 10.8937 8.26686 10.0053 7.51784 10.1512 8.24468 1.01216
threshold=-0.1046468712679257 1.2333012131723204 -0.045431611778735885 0.012130172917022937 0.0085586150258135565 0.036633686703788311 0.0046851077776830516 0.18368942157373633
decision_type=2 2 2 2 2 2 2 2
left_child=4 2 -2 -4 5 6 -1 -3
right_child=1 7 3 -5 -6 -7 -8 -9
leaf_value=0.011310148803777577 -0.02424440523750419 0.012447191037698313 0.016622461451667601 -0.0056881564270326087 -0.032457549179524946 -0.030429165118671289 -0.013817954541006176 0.037330777538217216
leaf_weight=31.164624452590942 7.4874540567398062 8.2245193719863874 34.079969093203545 33.445334360003471 7.7349449247121802 8.2346319556236249 15.973977193236349 7.7185747921466819
leaf_count=125 30 33 137 134 31 33 64 31
internal_value=0.00081697 0.00708046 0.00179323 0.0055105 -0.00792021 -0.00321924 0.00227384 0.0281484
internal_weight=154.064 90.9559 75.0128 67.5253 63.1082 55.3732 47.1386 15.9431
internal_count=618 365 301 271 253 222 189 64
is_linear=0
shrinkage=0.03


Tree=7
num_leaves=8
num_cat=0
split_feature=39 36 10 9 3 32 32
split_gain=8.72058 8.44911 6.90671 9.16782 6.95043 4.27509 1.96429
threshold=1.0000000180025095e-35 0.0084297479004498983 0.014721007987170244 -0.048579672363103461 0.014328993892639088 -0.0059178900295954731 0.0080920886413835564
decision_type=2 2 2 2 2 2 2
left_child=5 2 3 -2 -4 -1 -7
right_child=1 -3 4 -5 -6 6 -8
leaf_value=0.030238492362322431 0.0077201278515289726 -0.024452129021327578 0.021441821525773973 -0.015795935883036152 0 -0.0043177939606267356 0.013889506295316609
leaf_weight=9.6995237320661563 21.670383393764496 11.965474039316176 18.888071209192276 36.916728109121323 38.67828631401062 8.230480760335924 7.9621750563383094
leaf_count=39 87 48 76 148 155 33 32
internal_value=0.000776028 -0.00239706 0.000123416 -0.00688245 0.00749701 0.0160609 0.00435322
internal_weight=154.011 128.119 116.153 58.5871 57.5664 25.8922 16.1927
internal_count=618 514 466 235 231 104 65
is_linear=0
shrinkage=0.03


Tree=8
num_leaves=10
num_cat=0
split_feature=41 5 9 34 33 36 5 3 2
split_gain=8.73368 10.5672 14.8661 16.9787 13.4646 10.736 13.5268 6.60003 3.50068
threshold=1.0000000180025095e-35 0.012740370986398688 -0.048579672363103461 -0.0081096699995453197 0.29156171831573102 0.0075706554986967938 0.32081116273070237 -0.046126753461040941 0.016926995274881066
decision_type=2 2 2 2 2 2 2 2 2
left_child=7 2 4 -4 -2 6 -3 -1 -9
right_child=1 5 3 -5 -6 -7 -8 8 -10
leaf_value=-0.0057616474278059816 0.024720838111405356 0.014501073862418716 0.0085664116943031231 -0.038806819775936773 -0.02090488256276906 -0.020740162356545598 -0.023917803249185483 0.032637223089110462 0.0046024157571878145
leaf_weight=7.9803235828876522 12.194262191653253 56.810998350381851 7.9785191565752056 21.962218895554543 7.7192654013633719 10.713699668645857 7.4956693500280371 12.651068598031999 8.4644793272018415
leaf_count=32 49 228 32 88 31 43 30 51 34
internal_value=0.000763916 -0.00263788 -0.0131465 -0.0259674 0.00605626 0.00431085 0.00921034 0.0150769 0.0234185
internal_weight=153.971 124.875 49.8543 29.9407 19.9135 75.0204 64.3067 29.0959 21.1155
internal_count=618 501 200 120 80 301 258 117 85
is_linear=0
shrinkage=0.03


Tree=9
num_leaves=11
num_cat=0
split_feature=22 23 2 3 0 14 11 19 23 25
split_gain=8.94173 10.3085 7.73262 8.22115 6.84972 5.75081 4.23066 4.07153 4.06525 0.981017
threshold=-0.1046468712679257 1.2333012131723204 -0.045431611778735885 0.042136319935534468 0.0046851077776830516 1.9819241624680901 0.035076765475917433 0.11983865022145125 0.98208818351753646 0.18368942157373633
decision_type=2 2 2 2 2 2 2 2 2 2
left_child=4 2 -2 -4 5 7 -7 -1 -6 -3
right_child=1 9 3 -5 8 6 -8 -9 -10 -11
leaf_value=-0.027144084874553373 -0.023539894013370526 0.011947386699486339 0.011386601090159506 -0.011494480077372068 -0.0026007217552139537 0.021500204732786125 -0.0011921195718830456 0 -0.031194615449471608 0.03630350531988881
leaf_weight=7.4834645539522198 7.4838004112243643 8.2126667350530607 50.462904036045074 16.978036671876907 8.9819082021713275 10.19312244653702 15.448548540472983 8.9725116342306119 11.983002215623854 7.6880327761173239
leaf_count=30 30 33 203 68 36 41 62 36 48 31
internal_value=0.000729097 0.00678379 0.00163775 0.0052452 -0.00770106 -0.000142758 0.00818886 -0.0134184 -0.0208908 0.027302
internal_weight=153.888 90.8254 74.9247 67.4409 63.0626 42.0976 25.6417 16.456 20.9649 15.9007
internal_count=618 365 301 271 253 169 103 66 84 64
is_linear=0
shrinkage=0.03


Tree=10
num_leaves=8
num_cat=0
split_feature=23 7 3 31 19 19 16
split_gain=9.04777 13.3919 10.6262 8.82544 8.73068 4.06502 1.93102
threshold=1.2333012131723204 -0.050502801656444836 0.010844317871879118 1.0000000180025095e-35 0.12811186260290131 0.15690570880907342 22.716001658323503
decision_type=2 2 2 2 2 2 2
left_child=1 -1 4 -4 -3 -2 -7
right_child=5 2 3 -5 -6 6 -8
leaf_value=-0.035852255019300686 -0.001746598523330322 -0.0040883118563550067 0.0053313104410495559 -0.018861340427512831 0.019231856616566977 0.030239048220826924 0.0052659216064116178
leaf_weight=10.232461392879484 8.7181701362133044 28.150259345769882 17.693621829152107 40.187605351209641 24.995939299464226 8.6910527795553225 7.4524921476840964
leaf_count=41 35 113 71 161 101 35 30
internal_value=-0.00245759 -0.00594975 -0.00247554 -0.0112844 0.00690743 0.0131914 0.0213885
internal_weight=146.122 121.26 111.027 57.8812 53.1462 24.8617 16.1435
internal_count=587 487 446 232 214 100 65
is_linear=0
shrinkage=0.03


Tree=11
num_leaves=8
num_cat=0
split_feature=23 3 3 14 0 40 1
split_gain=8.60497 12.7384 9.11572 7.88141 5.85261 3.2015 0.905933
threshold=1.2333012131723204 -0.070788547478352823 0.026958657501514719 -27.142349121467756 0.00029862138263214716 0.045955557148139044 -0.009353557757715068
decision_type=2 2 2 2 2 2 2
left_child=1 -1 3 -3 -4 6 -2
right_child=5 2 4 -5 -6 -7 -8
leaf_value=-0.036016491554301623 0.0063767057416784408 0.025609132594820467 0.0037344226847752207 -0.00030822605408332358 -0.019567495760834993 -0.0013620843191105615 0.026046044531120544
leaf_weight=9.4707381427288038 7.7094500660896363 10.610756456851957 11.470418497920035 58.189402759075165 31.472500011324883 7.7244176417589179 9.4058956652879697
leaf_count=38 31 43 46 234 126 31 38
internal_value=-0.00238197 -0.00578998 -0.00250802 0.00408754 -0.0131204 0.0128819 0.0195651
internal_weight=146.054 121.214 111.743 68.8002 42.9429 24.8398 17.1153
internal_count=587 487 449 277 172 100 69
is_linear=0
shrinkage=0.03


Tree=12
num_leaves=10
num_cat=0
split_feature=19 3 2 23 38 23 35 34 7
split_gain=8.22429 10.2281 9.66144 11.5588 6.48688 5.53021 5.33594 5.14007 1.46985
threshold=0.11952277025065111 -0.085425046637121235 0.016926995274881066 0.85642053430966325 0.007566951312943845 0.86261632579415159 0.016450038050778718 0.022760928130275197 0.011432299568772871
decision_type=2 2 2 2 2 2 2 2 2
left_child=4 -2 3 -3 6 -6 -1 -4 -7
right_child=1 2 7 -5 5 8 -8 -9 -10
leaf_value=-0.013204243421449421 -0.023153592419317158 -0.0010945998742375675 0.0027082527867022281 0.028254173717424655 -0.0024351778598837278 -0.01360680370101597 0.015048044255047707 -0.018986095296587655 -0.039907336245139605
leaf_weight=9.7257000803947466 9.9429557770490629 19.591668248176575 29.12524276971817 25.503688186407089 11.958240404725077 8.9624837189912814 10.219085812568663 11.974139794707297 8.9792632758617383
leaf_count=39 40 79 117 103 48 36 41 48 36
internal_value=-0.00230666 0.00270964 0.00632056 0.0156801 -0.0120024 -0.0204172 0.000639986 -0.00385201 -0.0302038
internal_weight=145.982 96.1377 86.1947 45.0954 49.8448 29.9 19.9448 41.0994 17.9417
internal_count=587 387 347 182 200 120 80 165 72
is_linear=0
shrinkage=0.03


Tree=13
num_leaves=8
num_cat=0
split_feature=23 3 3 1 0 40 38
split_gain=8.15894 11.8645 8.45155 8.83515 8.47645 3.0642 1.54602
threshold=1.2333012131723204 -0.070788547478352823 0.010844317871879118 0.0063095045523872137 0.00029862138263214716 0.045955557148139044 0.010111549287477099
decision_type=2 2 2 2 2 2 2
left_child=1 -1 3 -3 -4 6 -2
right_child=5 2 4 -5 -6 -7 -8
leaf_value=-0.034810477302867231 0.0067140038418768847 -0.0016482749861951094 0.005831698130828406 0.023896450779957484 -0.017755548578379222 -0.0013087884909954001 0.028896796123192507
leaf_weight=9.4424570798873884 9.6733588576316887 38.440620586276054 17.932558342814445 15.105827257037161 40.186355859041214 7.7202650308609 7.4108399897813788
leaf_count=38 39 155 72 61 161 31 30
internal_value=-0.0022744 -0.00559678 -0.00242545 0.00588897 -0.0102763 0.0125948 0.0191424
internal_weight=145.912 121.108 111.665 53.5464 58.1189 24.8045 17.0842
internal_count=587 487 449 216 233 100 69
is_linear=0
shrinkage=0.03


Tree=14
num_leaves=9
num_cat=0
split_feature=19 37 3 3 38 14 5 4
split_gain=7.8304 10.7493 12.5551 6.54893 6.21423 4.901 2.33003 0.614897
threshold=0.11952277025065111 0.060560461330722688 -0.085425046637121235 0.012113021515269497 0.007566951312943845 -2.6299232892490632 0.055571152286480803 -0.017705811138014556
decision_type=2 2 2 2 2 2 2 2
left_child=4 2 -2 -4 5 -1 7 -6
right_child=1 -3 3 -5 6 -7 -8 -9
leaf_value=-0.014743499947289589 -0.022261309597747161 -0.024783958958527662 0.020545773974450756 0.0025167456551427885 -0.010485290876648732 0.01270455636107377 -0.0022165702938686132 -0.029717090564381467
leaf_weight=7.976577207446101 9.9147884994745237 9.216604992747305 32.328863710165024 44.542291969060898 8.4614741355180794 11.957781583070753 7.4782698899507514 13.951292186975477
leaf_count=32 40 37 131 179 34 48 30 56
internal_value=-0.00220034 0.00269603 0.00627587 0.0106179 -0.011664 0.000694698 -0.019903 -0.0245248
internal_weight=145.828 96.0025 86.7859 76.8712 49.8254 19.9344 29.891 22.4128
internal_count=587 387 350 310 200 80 120 90
is_linear=0
shrinkage=0.03


Tree=15
num_leaves=7
num_cat=0
split_feature=5 5 9 7 2 17
split_gain=9.22761 24.471 14.8289 6.76154 4.57977 2.33332
threshold=0.32081116273070237 0.12053478521781182 0.051197991719961755 0.026744402568000154 -0.0040295862351626957 2.8522787177418683
decision_type=2 2 2 2 2 2
left_child=1 2 3 -1 -4 -3
right_child=-2 5 4 -5 -6 -7
leaf_value=0.0053129538606673131 -0.027940071961198298 0.033212909239388959 -0.040667968887832882 -0.015043232313883119 -0.010498961250623539 0.0077700479208368915
leaf_weight=76.36440235376358 7.9841335713863364 18.085327610373501 8.4647430777549761 15.928317114710806 14.948709264397619 7.7200486212968817
leaf_count=308 32 73 34 64 60 31
internal_value=0 0.00188654 -0.00400894 0.00139615 -0.0243384 0.0272472
internal_weight=149.496 141.512 115.706 92.2927 23.4135 25.8054
internal_count=602 570 466 372 94 104
is_linear=0
shrinkage=0.03


Tree=16
num_leaves=9
num_cat=0
split_feature=1 41 36 35 11 0 37 14
split_gain=7.87438 11.0098 7.85567 7.22716 6.7905 3.74244 1.8429 1.2338
threshold=-0.038154810716590819 1.0000000180025095e-35 0.0076234703947987209 -0.018077460132366548 0.0027707833170108613 0.0081467731471988065 -0.0022473643729413735 -13.666709643931311
decision_type=2 2 2 2 2 2 2 2
left_child=6 5 3 -3 -4 7 -1 -2
right_child=1 2 4 -5 -6 -7 -8 -9
leaf_value=-0.028136474069662295 0.011663730975833361 0.025351829006223816 0 -0.00073419876923143509 -0.033357897546438586 0.0017246134903780943 -0.0049558386848983392 0.038028116689428411
leaf_weight=7.6870417296886471 7.6568610668182373 8.693336293101309 9.4440883100032824 81.281806468963623 9.7162447124719602 8.6461153626441938 8.8960905820131284 7.3920559734106082
leaf_count=31 31 35 38 327 39 35 36 30
internal_value=0 0.00244964 -0.0015555 0.0021196 -0.0180915 0.0201657 -0.01838 0.0284357
internal_weight=149.414 132.831 109.135 89.9751 19.1603 23.695 16.5831 15.0489
internal_count=602 535 439 362 77 96 67 61
is_linear=0
shrinkage=0.03


Tree=17
num_leaves=8
num_cat=0
split_feature=23 3 3 17 5 19 25
split_gain=8.85824 11.3434 6.54486 10.9824 8.14079 3.49757 1.67342
threshold=1.2333012131723204 -0.067591672120733345 0.026958657501514719 1.3571399290463513 0.10922260998451362 0.16075380150020249 0.16722595078299779
decision_type=2 2 2 2 2 2 2
left_child=1 -1 3 -3 -4 -2 -7
right_child=5 2 4 -5 -6 6 -8
leaf_value=-0.030038562002191418 0 -0.00067238473906556422 -0.019044995663469615 0.027166875094420489 0.006165673851621865 0.0071658390329696117 0.031407317487143122
leaf_weight=10.882223531603811 7.4667835831642178 56.515728205442429 26.92727567255497 14.091123059391974 16.704708829522133 7.9269482940435436 8.8445793539285642
leaf_count=44 30 228 108 57 67 32 36
internal_value=0 -0.00334135 -0.000196081 0.00527224 -0.00921706 0.0158036 0.022733
internal_weight=149.359 125.121 114.239 70.6069 43.632 24.2383 16.7715
internal_count=602 504 460 285 175 98 68
is_linear=0
shrinkage=0.03


Tree=18
num_leaves=7
num_cat=0
split_feature=5 5 9 39 25 17
split_gain=8.89003 22.6337 13.7946 10.4402 4.27247 2.28683
threshold=0.32081116273070237 0.12053478521781182 0.051197991719961755 1.0000000180025095e-35 0.17927218248598495 2.8522787177418683
decision_type=2 2 2 2 2 2
left_child=1 2 3 -1 -4 -3
right_child=-2 5 4 -5 -6 -7
leaf_value=0.018537835814294138 -0.027430100133284709 0.032168024695020926 -0.0034836549676917645 -0.0041936919328119842 -0.032538330742353655 0.0072006687490545895
leaf_weight=22.194829866290092 7.9804400056600562 18.011624023318294 8.7139324098825472 69.972340881824493 14.675705313682554 7.7083469629287711
leaf_count=90 32 73 35 282 59 31
internal_value=0 0.00185241 -0.00381291 0.00139847 -0.0234317 0.0262858
internal_weight=149.257 141.277 115.557 92.1672 23.3896 25.72
internal_count=602 570 466 372 94 104
is_linear=0
shrinkage=0.03


Tree=19
num_leaves=7
num_cat=0
split_feature=5 5 9 39 9 12
split_gain=8.4706 21.5153 13.1087 9.88112 4.05595 2.28443
threshold=0.32081116273070237 0.12053478521781182 0.051197991719961755 1.0000000180025095e-35 0.11249491697980293 77.945233429988903
decision_type=2 2 2 2 2 2
left_child=1 2 3 -1 -4 -3
right_child=-2 5 4 -5 -6 -7
leaf_value=0.018053337151926984 -0.026790047469470193 0.031653625166960506 -0.031292392708706596 -0.0040708538418286365 -0.0026567068964777575 0.0070616096337338258
leaf_weight=22.160946667194366 7.9738474339246741 17.729776576161388 15.180558830499651 69.981452450156212 8.190987676382063 7.9274222999811164
leaf_count=90 32 72 61 282 33 32
internal_value=0 0.00180265 -0.00371476 0.00136134 -0.0228482 0.0256578
internal_weight=149.145 141.171 115.514 92.1424 23.3715 25.6572
internal_count=602 570 466 372 94 104
is_linear=0
shrinkage=0.03


Tree=20
num_leaves=7
num_cat=0
split_feature=23 7 20 11 24 34
split_gain=11.628 11.0205 9.58467 9.94294 6.24987 4.4367
threshold=1.2333012131723204 -0.062060110781522029 0.022822228893125414 -0.0079772095398689107 -0.57994006698395906 0.01745069330915228
decision_type=2 2 2 2 2 2
left_child=1 -1 3 -3 -4 -2
right_child=5 2 4 -5 -6 -7
leaf_value=-0.03087774375672481 0.030351734945338629 0.0054434500827231953 0.021574449470405922 -0.031425505460836951 0.001476249137877538 0.0011275430143503908
leaf_weight=8.6051636934280378 14.015927374362947 9.9372926354408282 15.781839460134504 12.699509367346762 75.56214427947998 8.393026649951933
leaf_count=35 57 40 64 51 305 34
internal_value=0.00205137 -0.00157553 0.00100167 -0.0155036 0.00549724 0.0210099
internal_weight=144.995 122.586 113.981 22.6368 91.344 22.409
internal_count=586 495 460 91 369 91
is_linear=0
shrinkage=0.03


Tree=21
num_leaves=7
num_cat=0
split_feature=23 7 41 9 34 1
split_gain=11.0689 10.5243 5.95132 5.40071 4.21043 2.55461
threshold=1.2333012131723204 -0.062060110781522029 1.0000000180025095e-35 -0.046612937953326994 0.01745069330915228 -0.0023346360057194255
decision_type=2 2 2 2 2 2
left_child=1 -1 5 -4 -2 -3
right_child=4 2 3 -5 -6 -7
leaf_value=-0.030222921045289539 0.029638146338447656 0.02262041842137107 0.011399373775945973 -0.006182819235577946 0.0011002914265595906 0.001553318626173437
leaf_weight=8.57169461250305 13.97160178422928 12.04062779247761 17.574904963374138 72.967844650149345 8.3924183994531614 11.348439425230024
leaf_count=35 57 49 71 294 34 46
internal_value=0.00199679 -0.00153842 0.000974437 -0.00243532 0.020514 0.013917
internal_weight=144.868 122.504 113.932 90.5427 22.364 23.3891
internal_count=586 495 460 365 91 95
is_linear=0
shrinkage=0.03


Tree=22
num_leaves=8
num_cat=0
split_feature=20 7 19 9 35 14 35
split_gain=9.64364 9.1333 6.07668 5.24871 5.0706 3.97176 2.31397
threshold=0.022822228893125414 -0.067651481463657251 0.10594832157976965 -0.034386206518495062 0.051729895578656711 -1.4806675537130329 -0.019819892138591307
decision_type=2 2 2 2 2 2 2
left_child=3 -2 5 -1 -4 -3 -5
right_child=1 2 4 6 -6 -7 -8
leaf_value=0.0038283231227195422 -0.019990274580509677 -0.021262323424370445 0.0066509027151548522 -0.0062275678888481234 0.023419881311884824 0.0040147187169802334 -0.033169015233134452
leaf_weight=7.6995571553707149 9.2915132939815503 7.4551613032817867 70.808100387454033 7.6971149295568511 22.402473345398903 10.702277913689612 8.6890339851379359
leaf_count=31 38 30 287 31 91 43 35
internal_value=0.00195699 0.00554363 0.00812134 -0.0144831 0.011246 -0.00669939 -0.0233836
internal_weight=144.745 120.66 111.368 24.0857 93.2106 18.1574 16.3861
internal_count=586 489 451 97 378 73 66
is_linear=0
shrinkage=0.03


Tree=23
num_leaves=8
num_cat=0
split_feature=20 3 15 19 5 5 35
split_gain=9.15638 6.72715 6.35967 5.65189 5.16454 4.84327 1.34524
threshold=0.022822228893125414 -0.085425046637121235 -13.947363514454363 0.10594832157976965 0.3019876680139722 0.017748800105104604 -0.019819892138591307
decision_type=2 2 2 2 2 2 2
left_child=2 -2 -1 5 -5 -3 -4
right_child=1 3 6 4 -6 -7 -8
leaf_value=0.0063473062706654714 -0.015509042861337309 -0.020034747047952862 -0.0079459414653456992 0.013018643207669855 -0.0095674203582039423 0.0076713112469503509 -0.031611448939003896
leaf_weight=7.4326053112745312 10.257545679807661 9.4528776556253451 7.4507589340210005 84.177065536379814 7.9641620367765418 8.7081560492515546 9.1791139841079676
leaf_count=30 42 38 30 342 32 35 37
internal_value=0.00187934 0.00537831 -0.0141434 0.0076959 0.0107453 -0.00656266 -0.0238049
internal_weight=144.622 120.56 24.0625 110.302 92.1412 18.161 16.6299
internal_count=586 489 97 447 374 73 67
is_linear=0
shrinkage=0.03


Tree=24
num_leaves=10
num_cat=0
split_feature=20 15 5 15 5 35 15 18 35
split_gain=8.67645 6.08174 5.17768 8.5538 8.36075 7.15167 6.76167 2.22463 1.268
threshold=0.022822228893125414 -13.947363514454363 0.10543877615184917 18.718014550445378 0.3019876680139722 0.041224881156349931 1.0000000180025095e-35 0.92404268781452681 -0.019819892138591307
decision_type=2 2 2 2 2 2 2 2 2
left_child=1 -1 3 6 7 -5 -2 -4 -3
right_child=2 8 4 5 -6 -7 -8 -9 -10
leaf_value=0.0061983597328910886 0.00091521106057109944 -0.0077581103018464544 0.027769054435578037 0 -0.0093396320612330087 -0.032231700346686154 0.023724404601623884 0.0043574374246718207 -0.030892422038574088
leaf_weight=7.4309589713811901 47.544193938374519 7.4506380856037184 19.231529071927074 15.314142271876337 7.9624555110931388 8.670942619442938 14.299798756837843 7.4188870787620536 9.1578421890735591
leaf_count=30 193 30 79 62 32 35 58 30 37
internal_value=0.00179193 -0.0138081 0.00520279 0.000961681 0.0146827 -0.0133762 0.00700217 0.0225345 -0.0232696
internal_weight=144.481 24.0394 120.442 85.8291 34.6129 23.9851 61.844 26.6504 16.6085
internal_count=586 97 489 348 141 97 251 109 67
is_linear=0
shrinkage=0.03


Tree=25
num_leaves=10
num_cat=0
split_feature=19 23 7 5 7 5 9 35 26
split_gain=14.2436 12.4528 11.8799 8.75312 4.17358 9.84978 4.73927 2.10148 0.997654
threshold=0.12470510078355478 1.2333012131723204 -0.050502801656444836 0.2732706969940511 0.0096347166782486827 0.0031735915927524343 -0.039503939658770977 0.026155196546490126 0.16810841983852368
decision_type=2 2 2 2 2 2 2 2 2
left_child=4 2 -2 -4 5 6 -1 -6 -3
right_child=1 8 3 -5 7 -7 -8 -9 -10
leaf_value=0 -0.029765580159472955 0.036554274867931363 0.0088787245241586203 -0.021588411400561117 -0.0053595566660938586 0.013167025510604705 -0.026653167951046223 -0.02919395999302624 0.013983910654546038
leaf_weight=8.4519819617271406 8.2795026749372465 7.7170955687761333 60.888811156153679 7.670309141278266 7.7178310304880169 13.642711669206617 14.132685720920565 14.154837429523466 11.505217105150221
leaf_count=34 34 32 248 31 31 55 57 57 47
internal_value=-0.000964617 0.00599309 0.000172891 0.00474221 -0.0125345 -0.00522181 -0.0171076 -0.0225658 0.0263429
internal_weight=154.161 96.0609 76.8386 68.5591 58.1 36.2274 22.5847 21.8727 19.2223
internal_count=626 392 313 279 234 146 91 88 79
is_linear=0
shrinkage=0.03


Tree=26
num_leaves=8
num_cat=0
split_feature=34 3 12 5 11 11 9
split_gain=6.58043 5.83373 9.6983 11.5953 5.48536 3.92983 3.22826
threshold=0.036633686703788311 -0.061837836710905751 41.318347853743383 0.069597142235780965 0.012499067621293826 -0.027731368328911651 -0.073720572642733892
decision_type=2 2 2 2 2 2 2
left_child=1 6 5 -4 -2 -3 -1
right_child=4 2 3 -5 -6 -7 -8
leaf_value=0 0.0013536464136522427 0.031585957496036911 -0.010309760228602822 0.010096797432332261 -0.028575245072953084 0.0047221412165985412 -0.026439898071085682
leaf_weight=8.3589347004890424 7.6329553425312069 11.723132267594339 50.179691880941391 46.101183623075485 11.14632675051689 11.279763475060461 7.5377160459756842
leaf_count=34 31 48 203 188 45 46 31
internal_value=-0.00095039 0.0013442 0.00378348 -0.000379445 -0.0167292 0.0204443 -0.0144987
internal_weight=153.96 135.18 119.284 96.2809 18.7793 23.0029 15.8967
internal_count=626 550 485 391 76 94 65
is_linear=0
shrinkage=0.03


Tree=27
num_leaves=8
num_cat=0
split_feature=23 3 10 41 37 15 38
split_gain=11.2573 10.6555 9.2745 6.38824 5.94873 5.53697 0.643047
threshold=1.2333012131723204 -0.061837836710905751 -0.022550207105856254 1.0000000180025095e-35 0.037115425762908834 -15.442619156651631 0.010111549287477099
decision_type=2 2 2 2 2 2 2
left_child=1 -1 5 -4 6 -3 -2
right_child=4 2 3 -5 -6 -7 -8
leaf_value=-0.029785558731969787 0.011457424067878039 0.027944013483964952 0.011381409778314183 -0.0090105925312904643 -0.0037449129581319639 -0.0003516922114178868 0.032621657507328955
leaf_weight=11.669797912240027 8.5465883910656029 11.39951613545418 14.192226260900496 81.849096298217773 7.414544701576232 9.6363520324230176 9.1382818669080716
leaf_count=48 35 47 58 331 30 39 38
internal_value=-0.000924815 -0.00465065 -0.00156114 -0.00567352 0.016566 0.0154257 0.0253589
internal_weight=153.846 128.747 117.077 96.0413 25.0994 21.0359 17.6849
internal_count=626 523 475 389 103 86 73
is_linear=0
shrinkage=0.03


Tree=28
num_leaves=9
num_cat=0
split_feature=19 5 7 18 7 5 9 35
split_gain=12.8232 7.93613 9.8293 4.62596 4.01509 9.29972 4.38093 1.97926
threshold=0.12470510078355478 0.30714538290563748 -0.050502801656444836 0.9628492592375445 0.0096347166782486827 0.0031735915927524343 -0.039503939658770977 0.026155196546490126
decision_type=2 2 2 2 2 2 2 2
left_child=4 2 -2 -4 5 6 -1 -6
right_child=1 -3 3 -5 7 -7 -8 -9
leaf_value=0 -0.014317666611641845 -0.019130297434083773 0.015636095666299119 -0.0045164133103205587 -0.0050012958994918588 0.013122481102379778 -0.025501857202509238 -0.028125725481804524
leaf_weight=8.445608124136923 12.094291806221007 8.1879272609949094 65.506828546524048 9.8864078521728498 7.7134704440832165 13.633633494377134 14.099502667784693 14.118921518325804
leaf_count=34 50 33 269 40 31 55 57 57
internal_value=-0.000879265 0.00573495 0.00860524 0.0127512 -0.0118654 -0.00471774 -0.0163075 -0.0216905
internal_weight=153.687 95.6755 87.4875 75.3932 58.0111 36.1787 22.5451 21.8324
internal_count=626 392 359 309 234 146 91 88
is_linear=0
shrinkage=0.03


Tree=29
num_leaves=8
num_cat=0
split_feature=23 3 7 20 17 37 38
split_gain=10.844 9.9709 6.82239 7.35405 6.35554 5.62196 0.568689
threshold=1.2333012131723204 -0.061837836710905751 0.011432299568772871 0.037214538816426203 0.78270740835201214 0.037115425762908834 0.010111549287477099
decision_type=2 2 2 2 2 2 2
left_child=1 -1 4 -4 -3 6 -2
right_child=5 2 3 -5 -6 -7 -8
leaf_value=-0.028935306105977124 0.011295834238486905 -0.0002379727756598446 -0.0147069204194748 0.01113924241328308 0.021005482248691303 -0.0034216926107127929 0.031947612318345836
leaf_weight=11.597904011607168 8.5304250419139915 48.076161667704582 43.834802195429802 10.381913319230078 14.575115486979483 7.4090972393751136 9.0722956359386426
leaf_count=48 35 196 177 42 60 30 38
internal_value=-0.000886837 -0.0045481 -0.00155561 -0.00927062 0.00496899 0.0163072 0.0248783
internal_weight=153.478 128.466 116.868 54.2167 62.6513 25.0118 17.6027
internal_count=626 523 475 219 256 103 73
is_linear=0
shrinkage=0.03


Tree=30
num_leaves=8
num_cat=0
split_feature=35 32 11 16 4 21 20
split_gain=7.09226 9.03519 6.38213 9.68503 6.3937 5.75608 6.63511
threshold=0.048568721274863676 0.020427769724766124 -0.029733298833558127 12.80650295301748 -0.033334643627078046 0.026599060728765379 0.028217309565916452
decision_type=2 2 2 2 2 2 2
left_child=1 2 3 -1 -4 6 -2
right_child=5 -3 4 -5 -6 -7 -8
leaf_value=0.014810155201095 -0.00021188472916553957 0.01593186395658535 -0.030124815747409089 -0.019630922330437488 -0.0074643486222598912 -0.008389072573263108 0.027643106105072951
leaf_weight=19.114113792777065 11.355291709303858 13.467293113470076 15.10842554271221 9.1372671574354154 47.59417200088501 9.2890743166208249 16.451848119497299
leaf_count=78 46 55 62 37 193 38 68
internal_value=-0.00102812 -0.00512196 -0.00867642 0.00261371 -0.0139187 0.00978437 0.0165141
internal_weight=141.517 104.421 90.954 28.2514 62.7026 37.0962 27.8071
internal_count=577 425 370 115 255 152 114
is_linear=0
shrinkage=0.03


Tree=31
num_leaves=9
num_cat=0
split_feature=34 35 21 32 11 19 34 22
split_gain=8.18793 7.56381 11.0947 10.0675 5.07582 3.88678 0.468997 0.419175
threshold=0.031231176503199291 0.048568721274863676 0.026599060728765379 0.020427769724766124 -0.029733298833558127 0.14713888985026005 0.011909320987104512 1.0000000180025095e-35
decision_type=2 2 2 2 2 2 2 2
left_child=1 3 6 4 -1 7 -3 -2
right_child=5 2 -4 -5 -6 -7 -8 -9
leaf_value=0.0037757056803402775 -0.031195528684011237 0.012945446609700395 -0.010869155304049829 0.021419369810329932 -0.011615475208698369 0 0.033946659901605017 -0.011328364877962223
leaf_weight=27.252729773521423 7.6544782370328965 8.5562265962362343 8.0838809311389905 11.979319155216215 50.815040111541748 7.5697227716445914 10.601061865687369 8.9058565050363523
leaf_count=111 31 35 33 49 207 31 44 36
internal_value=-0.00100402 0.00223175 0.015554 -0.00188592 -0.00609511 -0.0162731 0.0273863 -0.0236915
internal_weight=141.418 117.288 27.2412 90.0471 78.0678 24.1301 19.1573 16.5603
internal_count=577 479 112 367 318 98 79 67
is_linear=0
shrinkage=0.03


Tree=32
num_leaves=8
num_cat=0
split_feature=34 35 21 32 23 23 32
split_gain=7.81986 7.183 10.6097 9.55009 8.77901 6.82644 0.478788
threshold=0.031231176503199291 0.048568721274863676 0.026599060728765379 0.020427769724766124 1.3012148568383817 0.92472485158964479 -0.0051796487510920577
decision_type=2 2 2 2 2 2 2
left_child=1 3 6 4 -1 -2 -3
right_child=5 2 -4 -5 -6 -7 -8
leaf_value=-0.010026484854668317 0.0023463019267280045 0.011091802378605405 -0.010609761678440154 0.020902018104050235 0.017352041289792286 -0.027721527991061728 0.032218660198093198
leaf_weight=67.851141899824142 9.6156138479709643 7.1694743931293532 8.0819995254278165 11.957381159067152 10.215352758765219 14.495746299624441 11.924319878220558
leaf_count=276 39 30 33 49 42 59 49
internal_value=-0.000965278 0.00219546 0.0151962 -0.00181108 -0.00591259 -0.0158948 0.0268007
internal_weight=141.311 117.2 27.1758 90.0239 78.0665 24.1114 19.0938
internal_count=577 479 112 367 318 98 79
is_linear=0
shrinkage=0.03


Tree=33
num_leaves=9
num_cat=0
split_feature=40 5 11 16 25 12 12 33
split_gain=5.41436 8.16286 7.20888 6.67464 4.36149 3.81492 4.17807 2.76075
threshold=0.065741225548224716 0.069597142235780965 -0.029013492521863801 3.6369411241592036 0.14325177584846097 75.035182951347011 60.668045007094626 0.82202908759426541
decision_type=2 2 2 2 2 2 2 2
left_child=1 2 3 -1 -4 6 -3 -2
right_child=7 5 4 -5 -6 -7 -8 -9
leaf_value=0.021124478755221422 0 0.0011507129823151653 0.0019438735243187998 -0.0037070700252098267 -0.016038258956392767 -0.00039053798106319937 0.02895166453348693 -0.021609518036678804
leaf_weight=14.535609006881712 8.6256720870733279 8.7813578546047228 15.365761548280714 20.671524807810783 35.23370349407196 10.022069007158278 14.59380069375038 13.373610600829123
leaf_count=60 35 36 63 84 144 41 60 54
internal_value=-0.000912459 0.00156747 -0.00322465 0.00672616 -0.0104261 0.01379 0.0200127 -0.0139859
internal_weight=141.203 119.204 85.8066 35.2071 50.5995 33.3972 23.3752 21.9993
internal_count=577 488 351 144 207 137 96 89
is_linear=0
shrinkage=0.03


Tree=34
num_leaves=10
num_cat=0
split_feature=35 11 5 8 40 21 19 19 8
split_gain=6.23793 6.35885 9.72121 6.48416 5.22922 4.91074 7.92404 3.17531 0.724472
threshold=0.048568721274863676 -0.029013492521863801 -0.0043619984108887446 0.012354765696933884 0.065741225548224716 0.026599060728765379 0.10794247754407869 0.12554007381584101 -0.042331320934928647
decision_type=2 2 2 2 2 2 2 2 2
left_child=1 3 8 7 -4 6 -2 -1 -3
right_child=5 2 4 -5 -6 -7 -8 -9 -10
leaf_value=0 -0.0060759726559629036 -0.012775850643232761 0.003188307300533144 -0.0087017555026293811 -0.016448206528586369 -0.0074375008247215789 0.025745501829172634 0.024723342123120766 -0.035453507478315112
leaf_weight=7.6892747879028347 8.6278290003538149 8.4743734300136584 37.242823734879494 14.096563324332235 15.349746286869047 9.2767598927021009 18.955490946769714 11.990076228976248 9.3934632390737516
leaf_count=31 35 35 152 57 62 38 79 50 38
internal_value=-0.000878326 -0.00472296 -0.00984001 0.00548586 -0.00266069 0.00929139 0.0155471 0.0162057 -0.0278217
internal_weight=141.096 104.236 70.4604 33.7759 52.5926 36.8601 27.5833 19.6794 17.8678
internal_count=577 425 287 138 214 152 114 81 73
is_linear=0
shrinkage=0.03


Tree=35
num_leaves=5
num_cat=0
split_feature=40 36 7 10
split_gain=8.45102 5.07103 5.33191 11.7054
threshold=-0.048627394130812289 0.0035964536564773424 -0.050502801656444836 -0.017378741798937943
decision_type=2 2 2 2
left_child=-1 -2 -3 -4
right_child=1 2 3 -5
leaf_value=0.019927927820657745 -0.025024498215869401 -0.021527881031921509 0.019387561001904498 -0.0051822339881796766
leaf_weight=11.711031422019003 8.4220897853374463 10.430425032973288 19.239400133490562 94.806884825229645
leaf_count=49 34 44 79 386
internal_value=-0.00235367 -0.00469466 -0.00282658 -0.000645396
internal_weight=144.61 132.899 124.477 114.046
internal_count=592 543 509 465
is_linear=0
shrinkage=0.03


Tree=36
num_leaves=6
num_cat=0
split_feature=40 21 22 20 13
split_gain=8.03638 7.16109 7.15077 8.73584 5.046
threshold=-0.048627394130812289 0.045895775476561124 -0.13985646044484021 0.032541624003351727 3.3238694632047836
decision_type=2 2 2 2 2
left_child=-1 2 4 -4 -2
right_child=1 -3 3 -5 -6
leaf_value=0.019457029821034665 -0.016828422512130795 -0.026180581037898904 -0.0027476072459468189 0.019160028566039662 0.0047070918637009476
leaf_weight=11.683449938893316 34.818163737654686 10.659859880805014 55.80774798989296 20.544299885630608 11.006706878542898
leaf_count=49 142 44 227 85 45
internal_value=-0.00228948 -0.00457363 -0.00217634 0.00329432 -0.0113616
internal_weight=144.52 132.837 122.177 76.352 45.8249
internal_count=592 543 499 312 187
is_linear=0
shrinkage=0.03


Tree=37
num_leaves=9
num_cat=0
split_feature=39 12 15 15 11 20 35 23
split_gain=7.50154 6.93583 9.97959 8.68778 12.6041 6.53428 4.55101 3.03959
threshold=1.0000000180025095e-35 38.842535561725107 -13.947363514454363 -10.223180356682045 0.011966782956282175 0.028217309565916452 -1.0000000180025095e-35 0.93126995430370163
decision_type=2 2 2 2 2 2 2 2
left_child=5 2 -2 7 -5 -1 -7 -3
right_child=1 3 -4 4 -6 6 -8 -9
leaf_value=-0.0083910824114467129 0.025444824267344072 -0.033015942464477595 -0.011535455310003261 0.019425222059717352 -0.0099827587664497938 0.0036396593856173236 0.034846857672292141 -0.0081896916832327991
leaf_weight=8.1062045395374316 12.227728351950647 13.624200254678728 9.9244040399789792 14.806732490658758 55.927792742848396 9.8692405521869695 8.5928038805723155 11.360206484794615
leaf_count=33 51 55 41 60 229 41 36 46
internal_value=-0.00221987 -0.00556932 0.00867288 -0.00912892 -0.00325574 0.0114646 0.0208838 -0.0237272
internal_weight=144.439 117.871 22.1521 95.7189 70.7345 26.5682 18.462 24.9844
internal_count=592 482 92 390 289 110 77 101
is_linear=0
shrinkage=0.03


Tree=38
num_leaves=12
num_cat=0
split_feature=11 16 15 36 9 28 31 28 20 15 9
split_gain=7.1768 9.84477 9.5312 13.5925 8.49376 6.33126 6.21311 5.99822 3.25218 8.94643 5.20954
threshold=0.034115749937105318 -4.1066001714782692 -10.223180356682045 0.0061623745756878541 0.13851572477516819 4.5000000000000009 1.5000000000000002 9.5000000000000018 0.036040322656674922 267.70638788200478 0.20740058326842603
decision_type=2 2 2 2 2 2 2 2 2 2 2
left_child=1 5 3 -3 7 -1 -4 -2 10 -10 -6
right_child=4 2 6 -5 8 -7 -8 -9 9 -11 -12
leaf_value=0.00094289963703255006 -0.036159083989813837 -0.032173515084422524 0.017926422337176822 0.003933880804209533 0.0049682551146697351 0.03210922357316677 -0.0087795705289570938 -0.0042312476278320776 0.028478467757581085 -0.011829151802993727 -0.024344682018305468
leaf_weight=11.875789329409601 12.595638304948809 16.052935689687729 20.093936175107959 17.414735496044159 9.5290576219558734 12.367310360074041 9.7871531546115857 11.117448717355726 8.089798152446745 7.486653968691825 7.9082027226686469
leaf_count=50 52 65 82 71 39 51 40 46 33 31 32
internal_value=-0.00214971 0.00309777 -0.00301264 -0.0137999 -0.0103373 0.018649 0.0087067 -0.0232671 0 0.00911008 -0.00869118
internal_weight=144.319 87.5919 63.3488 33.4677 56.7268 24.2431 29.8811 23.7131 33.0137 15.5765 17.4373
internal_count=592 359 258 136 233 101 122 98 135 64 71
is_linear=0
shrinkage=0.03


Tree=39
num_leaves=6
num_cat=0
split_feature=40 21 31 40 15
split_gain=7.32678 6.72566 6.00288 7.26423 3.11787
threshold=-0.048627394130812289 0.045895775476561124 2.5000000000000004 -0.030172783247627618 28.332960691401812
decision_type=2 2 2 2 2
left_child=-1 2 3 -2 -4
right_child=1 -3 4 -5 -6
leaf_value=0.018720085464970993 -0.02117110049447108 -0.025243387703428464 -0.024545430845272519 0.0038347244937269511 0
leaf_weight=11.608903080224989 9.7025888562202436 10.62684880197048 12.256306409835817 92.2756607234478 7.6813386976718894
leaf_count=49 40 44 50 378 31
internal_value=-0.00209647 -0.00428237 -0.00195631 0.000949857 -0.0162361
internal_weight=144.152 132.543 121.916 101.978 19.9376
internal_count=592 543 499 418 81
is_linear=0
shrinkage=0.03


Tree=40
num_leaves=9
num_cat=0
split_feature=13 19 35 23 36 36 7 19
split_gain=6.00381 5.54924 5.65228 7.95996 3.96803 5.08586 3.03127 1.39882
threshold=10.273650924375991 0.10640113706607439 0.049295465959295799 1.2333012131723204 0.0060915599582071168 0.0049452748353441744 0.012130172917022937 0.087700882216816767
decision_type=2 2 2 2 2 2 2 2
left_child=1 4 3 -3 5 -1 -4 -6
right_child=-2 2 6 -5 7 -7 -8 -9
leaf_value=-0.013532864495636312 -0.022420910312312286 -0.0046944515568603084 0.024806814759364672 0.018825129781244069 -0.027194548614830175 0.017336603377725194 0.0037803024557730926 -0.0050230827273721277
leaf_weight=7.6090289801359194 8.1417889147996885 57.902561858296394 14.496489346027376 14.49790048599243 7.8616138845682126 7.4421103298664093 14.357727780938147 7.6687329262495041
leaf_count=31 33 237 61 60 32 30 59 31
internal_value=-7.08049e-05 0.00151181 0.00499181 0.000193083 -0.00914914 0.00109415 0.0157535 -0.0189243
internal_weight=139.978 131.836 101.255 72.4005 30.5815 15.0511 28.8542 15.5303
internal_count=574 541 417 297 124 61 120 63
is_linear=0
shrinkage=0.03


Tree=41
num_leaves=6
num_cat=0
split_feature=13 20 4 0 40
split_gain=5.71888 5.36797 5.86042 4.81843 5.18495
threshold=10.273650924375991 0.022822228893125414 -0.0049117582473991997 -0.02798775383570706 0.037335835215548625
decision_type=2 2 2 2 2
left_child=1 2 -1 -3 -5
right_child=-2 3 -4 4 -6
leaf_value=0.0020889800531312657 -0.021893339913797136 -0.010698192610116326 -0.026796149018134721 0.011692896458251343 -0.0024504645006094014
leaf_weight=11.473245441913607 8.1361212581396085 14.199575513601301 9.5656973272562009 63.614536106586456 32.873759329319
leaf_count=47 33 59 39 262 134
internal_value=-7.20658e-05 0.00147084 -0.0115791 0.0042459 0.00677001
internal_weight=139.863 131.727 21.0389 110.688 96.4883
internal_count=574 541 86 455 396
is_linear=0
shrinkage=0.03


Tree=42
num_leaves=7
num_cat=0
split_feature=13 37 20 23 5 2
split_gain=5.43876 5.2874 6.5062 5.96615 5.78845 5.16914
threshold=10.273650924375991 0.043837904671793056 0.022822228893125414 0.88427437687087262 0.10922260998451362 -0.061575521718441988
decision_type=2 2 2 2 2 2
left_child=1 2 3 -1 -3 -4
right_child=-2 4 5 -5 -6 -7
leaf_value=-0.02836075720631295 -0.021382035586498024 -0.022691738218097866 -0.01168167322688388 0.0047097243263565782 0.0028055407776004693 0.010346196490665319
leaf_weight=7.527728542685507 8.1286933124065381 13.25358457863331 8.5569187104701978 7.8390779942274094 14.191737994551657 80.273866355419159
leaf_count=31 33 54 36 32 58 330
internal_value=-9.34671e-05 0.00140914 0.00460486 -0.0120272 -0.00970286 0.00784865
internal_weight=139.772 131.643 104.198 15.3668 27.4453 88.8308
internal_count=574 541 429 63 112 366
is_linear=0
shrinkage=0.03


Tree=43
num_leaves=6
num_cat=0
split_feature=13 20 34 0 11
split_gain=5.17099 4.73355 4.80187 5.09888 3.96509
threshold=10.273650924375991 0.022822228893125414 -0.032965942484888926 -0.02798775383570706 -0.01430559167246531
decision_type=2 2 2 2 2
left_child=1 4 -3 -4 -1
right_child=-2 2 3 -5 -6
leaf_value=0.0025801751716583365 -0.020886184020372414 -0.01117126934833473 -0.0097553243882224708 0.0092138389146104414 -0.021171359346333421
leaf_weight=9.0721036046743411 8.1196393966674787 13.813710808753966 12.547857522964476 84.171201378107071 11.90737462043762
leaf_count=37 33 57 52 346 49
internal_value=-0.00011891 0.00134459 0.00395786 0.00645315 -0.0109171
internal_weight=139.632 131.512 110.533 96.7191 20.9795
internal_count=574 541 455 398 86
is_linear=0
shrinkage=0.03


Tree=44
num_leaves=10
num_cat=0
split_feature=5 5 9 35 9 34 4 12 2
split_gain=4.89565 8.59935 8.50345 6.1179 5.28047 4.80507 4.16599 3.05753 2.58511
threshold=0.13457739196774224 0.32081116273070237 0.051197991719961755 0.043096420070637305 0.14408388577820574 -0.0048998827391287794 -0.023187034278322912 75.64636518668965 0.021344774818224169
decision_type=2 2 2 2 2 2 2 2 2
left_child=2 7 3 5 8 -1 -5 -2 -4
right_child=1 -3 4 6 -6 -7 -8 -9 -10
leaf_value=0.0032691556323271509 0.030182546852147305 -0.01394132039753459 -0.036421973544544205 0.024121338413905982 0 -0.013677081902914655 0.00079464806418736247 0.0051177040144325114 -0.007933723738705066
leaf_weight=31.146198347210884 10.758376270532613 7.408464938402175 9.3418475240469032 12.480508968234064 9.0687573850154859 24.552178159356117 16.112407147884369 10.777985960245131 7.8926241844892493
leaf_count=128 45 30 39 52 37 100 67 44 32
internal_value=-0.000140336 0.0103186 -0.00314554 0.00143567 -0.0174205 -0.00415603 0.0123781 0.0197768 -0.026337
internal_weight=139.539 28.9448 110.595 84.2913 26.3032 55.6984 28.5929 21.5364 17.2345
internal_count=574 119 455 347 108 228 119 89 71
is_linear=0
shrinkage=0.03


Tree=45
num_leaves=13
num_cat=0
split_feature=19 16 16 40 19 23 11 21 5 25 32 13
split_gain=7.01091 6.36141 7.09285 6.09104 6.14449 5.80787 6.55912 9.53526 7.21952 3.59817 2.04199 0.633142
threshold=0.1268506773071624 1.4906143873885116 8.1733476685999964 -0.004063129214133431 0.10123522415898813 1.2333012131723204 0.0017659423563377576 0.0247368325944053 0.13457739196774224 0.12275674688341935 0.00043120400335749936 0.71262182297852672
decision_type=2 2 2 2 2 2 2 2 2 2 2 2
left_child=1 3 11 10 -5 6 7 -2 -8 -7 -1 -3
right_child=5 2 -4 4 -6 9 8 -9 -10 -11 -12 -13
leaf_value=0 0.02740040446001071 -0.038236419852275806 0.0026815606135339658 0.025043870408822496 -0.0050930136768397045 0 -0.018772381864409757 -0.0037064277965597513 0.0051083301773693877 0.026645823833478195 -0.022513853251078023 -0.014370551168095453
leaf_weight=7.7859439402818662 13.843353614211084 8.1415942013263756 7.4236730933189383 10.097266077995302 9.8324865102767927 7.4477428197860744 21.444624543190002 17.635060906410217 19.430854693055153 12.660940140485762 7.7765840590000153 8.5793470591306669
leaf_count=32 58 33 30 41 40 31 89 72 80 54 32 35
internal_value=-0.000499445 -0.00845009 -0.0196805 0 0.0103831 0.00454013 0.00021119 0.0103451 -0.00736168 0.0180097 -0.0133237 -0.0296358
internal_weight=152.099 59.6369 24.1446 35.4923 19.9298 92.4626 72.3539 31.4784 40.8755 20.1087 15.5625 16.7209
internal_count=627 243 98 145 81 384 299 130 169 85 64 68
is_linear=0
shrinkage=0.03


Tree=46
num_leaves=7
num_cat=0
split_feature=34 36 34 17 12 22
split_gain=9.15184 5.6393 8.69439 6.4257 5.81692 5.01042
threshold=0.036633686703788311 0.0035964536564773424 0.013734343776072524 0.11603238148434426 34.394612970711307 -0.017159334545388979
decision_type=2 2 2 2 2 2
left_child=1 -1 4 -4 -3 -2
right_child=5 2 3 -5 -6 -7
leaf_value=-0.016442666033608864 -0.033196539713377098 0.01611344853928854 0.028543274023194815 0.0020246139908670271 -0.0041610710315582991 -0.0011778031719646166
leaf_weight=10.93682451546192 8.9758459776639956 13.186554312705992 17.317815899848938 17.18989734351635 74.981027230620384 9.3084106743335706
leaf_count=45 37 56 72 71 308 38
internal_value=-0.000492312 0.00222631 0.00424808 0.0165786 -0.000672257 -0.0193588
internal_weight=151.896 133.612 122.675 34.5077 88.1676 18.2843
internal_count=627 552 507 143 364 75
is_linear=0
shrinkage=0.03


Tree=47
num_leaves=9
num_cat=0
split_feature=34 5 16 34 12 34 11 13
split_gain=8.73686 5.83686 9.4775 10.1478 8.60283 9.71416 5.84276 3.21452
threshold=0.036633686703788311 0.069597142235780965 -0.39546342404039775 -0.0091367461324328141 81.776127652416321 0.0013658598621949516 0.10155689893575016 0.7877656981397011
decision_type=2 2 2 2 2 2 2 2
left_child=1 2 6 -4 5 -3 -1 -2
right_child=7 4 3 -5 -6 -7 -8 -9
leaf_value=0.011830544630910803 -0.028759084864994528 -0.0045528032472150802 0.0019526158553638817 -0.027122947282637967 -0.013895932115068354 0.026601469458322827 -0.01123555212030578 -0.0016333752232659698
leaf_weight=38.410993739962578 10.242228031158449 11.442525088787077 19.19221556186676 19.773771941661835 8.1394306570291501 25.84169128537178 10.725066423416136 8.0106866210699064
leaf_count=160 42 47 78 81 33 108 45 33
internal_value=-0.000481031 0.00217268 -0.00220947 -0.0130398 0.0107232 0.0169134 0.00625998 -0.0189319
internal_weight=151.779 133.526 88.102 38.966 45.4236 37.2842 49.1361 18.2529
internal_count=627 552 364 159 188 155 205 75
is_linear=0
shrinkage=0.03


Tree=48
num_leaves=12
num_cat=0
split_feature=19 16 16 40 38 35 35 11 31 32 13
split_gain=6.29721 5.92016 6.70173 5.68206 5.77566 5.07904 6.87335 4.60847 4.15412 1.94206 0.565993
threshold=0.1268506773071624 1.4906143873885116 8.1733476685999964 -0.004063129214133431 0.0083494377866400096 -0.030362176332628717 -0.0028213129801106236 -0.10543650405872522 2.5000000000000004 0.00043120400335749936 0.71262182297852672
decision_type=2 2 2 2 2 2 2 2 2 2 2
left_child=1 3 10 9 -5 7 -7 -2 -8 -1 -3
right_child=5 2 -4 4 -6 6 8 -9 -10 -11 -12
leaf_value=0 -0.0017063127733100098 -0.036906497212315072 0.0027724928197344185 0.02190808347658818 -0.0078700749507309847 -0.018347673139605832 0.0086791929007075958 0.024218049765908072 -0.010694565894049737 -0.021757147666464673 -0.013818469420980622
leaf_weight=7.7666575461626035 7.5067650526762035 8.0971321761608177 7.417486459016799 12.279059022665026 7.6252172589302054 12.593042507767676 46.08256334066391 15.771574586629866 10.154751256108282 7.7390407919883728 8.5569809079170209
leaf_count=32 31 33 30 50 31 52 194 66 41 32 35
internal_value=-0.000491185 -0.00803805 -0.0188873 0 0.0101385 0.00429026 0 0.015791 0.00467618 -0.0127871 -0.0286013
internal_weight=151.59 59.4816 24.0716 35.41 19.9043 92.1087 68.8304 23.2783 56.2373 15.5057 16.6541
internal_count=627 243 98 145 81 384 287 97 235 64 68
is_linear=0
shrinkage=0.03


Tree=49
num_leaves=8
num_cat=0
split_feature=34 24 23 14 7 23 23
split_gain=8.26728 6.02343 7.28651 6.11149 5.5864 4.91784 4.72506
threshold=0.036633686703788311 0.63030756857198333 0.90585971102869667 -6.2065077013359078 0.022119977650762974 0.88127203296120682 0.70588894543583725
decision_type=2 2 2 2 2 2 2
left_child=1 2 6 -4 -3 -2 -1
right_child=5 4 3 -5 -6 -7 -8
leaf_value=0.014342651582823286 0 0.004194181783923545 0 0.018620514808699293 -0.023650979724722583 -0.029637879685820837 -0.0085435479433396896
leaf_weight=7.9346650391817084 7.3186064064502743 9.5435059815645236 26.62913866341114 38.992721870541573 12.250314265489576 10.8907084017992 37.883455172181129
leaf_count=33 30 40 111 162 50 45 156
internal_value=-0.000506009 0.00207568 0.0050187 0.011351 -0.0114996 -0.018474 -0.00383237
internal_weight=151.443 133.234 111.44 65.6219 21.7938 18.2093 45.8181
internal_count=627 552 462 273 90 75 189
is_linear=0
shrinkage=0.03


Tree=50
num_leaves=9
num_cat=0
split_feature=32 23 13 24 4 19 0 17
split_gain=9.21366 5.59621 5.11133 4.96076 4.42651 3.92394 1.70376 1.37392
threshold=0.010478034377879865 1.1636634354238684 -2.9654149704703516 -0.62644808743169389 0.0556848011999398 0.11952277025065111 0.01203254928094233 2.9292706064412717
decision_type=2 2 2 2 2 2 2 2
left_child=1 3 -3 -1 -5 -2 -7 -8
right_child=5 2 -4 4 -6 6 7 -9
leaf_value=0.0070563842226818874 -0.004099524991375527 -0.0084220161115352681 0.019123268036292398 -0.0069636438225254421 -0.025981939349447168 0.0015769588556175905 0.0058722084976640821 0.026463503031030552
leaf_weight=13.330882757902144 8.3602661490440351 7.8121464550495174 12.89901280403137 58.19073311984539 13.996444091200827 7.4633547067642239 7.8652904331684139 14.451903387904165
leaf_count=55 34 33 54 241 57 31 33 60
internal_value=-0.000195039 -0.0048444 0.00824616 -0.00830211 -0.0114543 0.0119768 0.0169358 0.0209032
internal_weight=144.37 106.229 20.7112 85.5181 72.1872 38.1408 29.7805 22.3172
internal_count=598 440 87 353 298 158 124 93
is_linear=0
shrinkage=0.03


Tree=51
num_leaves=10
num_cat=0
split_feature=32 23 25 11 11 38 35 11 32
split_gain=8.74557 5.28922 5.28515 4.60119 7.62044 4.52961 4.1084 3.03823 1.48202
threshold=0.010478034377879865 1.1636634354238684 0.16722595078299779 -0.02871100778815899 -0.079670148652267833 0.0083494377866400096 0.01830560408190374 0.0017659423563377576 0.018714302253782015
decision_type=2 2 2 2 2 2 2 2 2
left_child=1 3 -3 4 -1 -5 8 -8 -2
right_child=6 2 -4 5 -6 -7 7 -9 -10
leaf_value=-0.016811818153900534 0.0070868898679937514 -0.0086650546252704762 0.01928444027032827 -0.0036719517073035804 0.015533616673167678 -0.020590750313390162 -0.010762431516668841 0.010282672594061156 0.030645423392870692
leaf_weight=8.6071534752845782 7.7691770195961025 7.9859804362058666 12.695453628897665 32.8743756711483 14.720363602042196 29.309551611542702 7.716537460684779 14.034107476472853 8.5743462890386564
leaf_count=35 32 33 54 135 61 122 32 58 36
internal_value=-0.000176975 -0.00470897 0.00801821 -0.00807142 0.00262174 -0.0122732 0.0116872 0.00190731 0.0222579
internal_weight=144.287 106.193 20.6814 85.5114 23.3275 62.1839 38.0942 21.7506 16.3435
internal_count=598 440 87 353 96 257 158 90 68
is_linear=0
shrinkage=0.03


Tree=52
num_leaves=9
num_cat=0
split_feature=32 23 32 24 4 35 7 32
split_gain=8.31986 5.00563 4.99019 4.66244 4.18122 3.94312 5.26159 1.40879
threshold=0.010478034377879865 1.1636634354238684 -0.0070888538136141812 -0.62644808743169389 0.0556848011999398 0.01830560408190374 0.026744402568000154 0.018714302253782015
decision_type=2 2 2 2 2 2 2 2
left_child=1 3 -3 -1 -5 7 -7 -2
right_child=5 2 -4 4 -6 6 -8 -9
leaf_value=0.0070149777514057271 0.0069206719562589693 -0.0071569828195388058 0.019676957911233108 -0.0065571983872099006 -0.025033410107582824 0.014901947613405202 -0.012124646989564166 0.030011684320360176
leaf_weight=13.318581297993658 7.7651971429586437 8.9273257702589053 11.712275013327597 58.147509425878525 13.986577466130255 11.71530130505562 10.035080984234808 8.5355615913867933
leaf_count=55 32 38 49 241 57 49 41 36
internal_value=-0.00015939 -0.00458432 0.0078009 -0.00785726 -0.0109207 0.0114163 0.00183002 0.0217899
internal_weight=144.143 106.092 20.6396 85.4527 72.1341 38.0511 21.7504 16.3008
internal_count=598 440 87 353 298 158 90 68
is_linear=0
shrinkage=0.03


Tree=53
num_leaves=7
num_cat=0
split_feature=34 28 19 5 14 25
split_gain=8.04067 7.83666 7.30658 5.1917 3.24652 2.06387
threshold=0.036633686703788311 1.5000000000000002 0.1268506773071624 0.32081116273070237 -1.4806675537130329 0.17927218248598495
decision_type=2 2 2 2 2 2
left_child=1 -1 4 -4 -3 -2
right_child=5 2 3 -5 -6 -7
leaf_value=0.027789522275916821 -0.0030862505663601975 -0.019085633798742674 0.0081953721272138222 -0.014410582084314026 -0.0013141900551860183 -0.027511868706462096
leaf_weight=8.0855179578065854 7.3112163096666363 17.346218660473824 72.021554082632065 8.1678213775157911 22.188665181398392 8.9272758066654188
leaf_count=33 30 71 303 33 91 37
internal_value=-0.000136997 0.00238317 0.000115726 0.00541566 -0.0100162 -0.0188813
internal_weight=144.048 127.81 119.724 80.1894 39.5349 16.2385
internal_count=598 531 498 336 162 67
is_linear=0
shrinkage=0.03


Tree=54
num_leaves=9
num_cat=0
split_feature=32 34 37 34 24 7 5 1
split_gain=7.83984 4.74744 6.14656 3.87675 3.16152 3.02102 5.32742 1.81361
threshold=0.010478034377879865 0.036633686703788311 0.043837904671793056 -0.019913916260192229 -0.12363537117903929 0.026744402568000154 0.10785410093468074 0.0031637036619559526
decision_type=2 2 2 2 2 2 2 2
left_child=1 2 3 -1 -4 7 -7 -2
right_child=5 -3 4 -5 -6 6 -8 -9
leaf_value=-0.0070561110155783584 0.003901087799849769 -0.020186411779670524 -0.0010862021404085629 0.007220604763418942 -0.025440875776022529 -0.012878167677763454 0.014957774380186369 0.027390253696351882
leaf_weight=23.124155461788177 7.1650784015655544 13.057501614093779 10.205870747566225 48.870108425617218 10.705561771988867 9.0343809723854083 11.700434669852255 10.039665281772612
leaf_count=96 30 54 42 204 44 37 48 43
internal_value=-0.000151284 -0.00444986 -0.00170132 0.00236551 -0.0153416 0.0111005 0.00210362 0.019814
internal_weight=143.903 105.963 92.9057 71.9943 20.9114 37.9396 20.7348 17.2047
internal_count=598 440 386 300 86 158 85 73
is_linear=0
shrinkage=0.03


Tree=55
num_leaves=10
num_cat=0
split_feature=37 20 38 34 28 2 28 1 15
split_gain=4.51479 5.82274 8.14289 7.42077 3.72903 3.73716 3.17246 2.67187 2.49
threshold=0.043167383574638236 0.022926115595224523 0.0073522421485820453 0.03634051091361757 2.5000000000000004 -0.0040295862351626957 6.5000000000000009 0.025796831037229521 -12.052183404537049
decision_type=2 2 2 2 2 2 2 2 2
left_child=1 8 6 -4 -2 -6 -3 -7 -1
right_child=4 2 3 -5 5 7 -8 -9 -10
leaf_value=0 0.0050137700697607092 0.031358352041785081 0.0035744109877740727 -0.02260189845517066 0 -0.032342226548759678 0.003326722205776888 -0.0048461177413429103 -0.022947294552830545
leaf_weight=7.2934787720441845 7.8009212911128989 10.168702378869058 70.701152041554451 9.255517438054083 7.6923847347497967 10.200075849890711 7.8165149688720694 7.3732418715953818 9.0531558692455274
leaf_count=30 32 42 296 38 32 42 32 30 38
internal_value=-0.00134507 0.0014056 0.00434968 0 -0.0108179 -0.0162654 0.0214782 -0.023246 -0.0139677
internal_weight=147.355 114.289 97.9419 79.9567 33.0666 25.2657 17.9852 17.5733 16.3466
internal_count=612 476 408 334 136 104 74 72 68
is_linear=0
shrinkage=0.03


Tree=56
num_leaves=6
num_cat=0
split_feature=5 3 31 13 2
split_gain=4.4512 6.00481 4.98615 5.05433 3.3604
threshold=-0.15777673276602575 -0.067591672120733345 2.5000000000000004 -10.806437210190635 0.038015431900338632
decision_type=2 2 2 2 2
left_child=-1 -2 3 -3 -4
right_child=1 2 4 -5 -6
leaf_value=0.018289334108594651 -0.022137171294593916 -0.017982879738592909 -0.026676767154484048 0.0042154006672869612 -0.002496238759318618
leaf_weight=7.5901403278112403 11.078792929649351 8.0424215793609601 7.8252527862787273 97.318276017904282 15.370716378092764
leaf_count=33 47 33 32 404 63
internal_value=-0.00131695 -0.0027318 -0.000631088 0.00207781 -0.012719
internal_weight=147.226 139.635 128.557 105.361 23.196
internal_count=612 579 532 437 95
is_linear=0
shrinkage=0.03


Tree=57
num_leaves=8
num_cat=0
split_feature=19 12 23 3 7 4 15
split_gain=4.17022 5.12516 7.6793 6.02631 4.73038 6.36984 3.6387
threshold=0.11952277025065111 81.776127652416321 1.2527246926832951 -0.067591672120733345 0.023530972188320922 -0.036161986511466564 1.0000000180025095e-35
decision_type=2 2 2 2 2 2 2
left_child=4 2 3 -2 5 -1 -7
right_child=1 -3 -4 -5 -6 6 -8
leaf_value=-0.022867902306616939 -0.019587672586819899 -0.018725124358975768 0.025002910633091464 0.0039186122999362383 -0.026829313269652526 -0.0077163036676815011 0.011554258763489714
leaf_weight=9.1278433054685575 9.3239676803350431 7.4104046374559394 11.852326676249502 69.876569926738739 8.2536929398775083 12.90135131776333 18.397285491228104
leaf_count=38 40 30 52 290 34 53 75
internal_value=-0.00130005 0.00213992 0.0043652 0.00055229 -0.00836378 -0.00315318 0.00317407
internal_weight=147.143 98.4633 91.0529 79.2005 48.6802 40.4265 31.2986
internal_count=612 412 382 330 200 166 128
is_linear=0
shrinkage=0.03


Tree=58
num_leaves=11
num_cat=0
split_feature=37 38 19 35 17 5 5 37 5 17
split_gain=4.25932 5.16494 8.59744 7.09443 4.09244 3.9824 3.72198 2.2816 1.40396 1.39653
threshold=0.043167383574638236 0.007566951312943845 0.11983865022145125 0.048568721274863676 -0.16434719074823209 0.031077962215552705 -0.03069098477229076 0.056682379980306126 0.054403040711663804 1.7894114980334843
decision_type=2 2 2 2 2 2 2 2 2 2
left_child=1 6 5 -4 7 -3 -1 -2 -8 -6
right_child=4 2 3 -5 9 -7 8 -9 -10 -11
leaf_value=-0.0034034739857399404 -0.010354823419821399 -0.024013392108404964 -0.0030778270812233822 0.018087418800378226 -0.029580761663107056 0 0.026534983377344536 0.0092769312663730247 0.0070513769525363751 -0.006708060809163253
leaf_weight=8.0446163117885607 8.2178871184587496 16.804979681968693 40.108044192194939 19.105629563331604 7.5336154997348777 8.8097914010286313 9.7379667609930056 9.1298869401216489 11.328312829136847 8.1289269179105741
leaf_count=33 34 70 168 82 31 36 40 38 47 33
internal_value=-0.00128797 0.00138578 -0.00225267 0.00387405 -0.0104972 -0.0162138 0.0119335 0 0.0182279 -0.0206628
internal_weight=146.95 113.939 84.8284 59.2137 33.0103 25.6148 29.1109 17.3478 21.0663 15.6625
internal_count=612 476 356 250 136 106 120 72 87 64
is_linear=0
shrinkage=0.03


Tree=59
num_leaves=11
num_cat=0
split_feature=22 22 34 19 25 0 6 27 8 8
split_gain=3.98318 5.03841 6.53628 4.16054 3.91986 3.18904 3.07653 2.03157 1.94676 1.78754
threshold=-0.19412917627196138 0.26337204573257161 0.025090682434730342 0.1268506773071624 0.065853658536585383 0.0058682079865957091 -0.0026201285346953112 1.5000000000000002 0.016740910260429367 -0.024960249143352046
decision_type=2 2 2 2 2 2 2 2 2 2
left_child=5 2 3 -2 -3 8 -6 -4 9 -1
right_child=1 4 7 -5 6 -7 -8 -9 -10 -11
leaf_value=-0.0043138451668853451 0 0.0080370161150077127 -0.018331347269462683 0.01717993462433089 -0.024968076489211816 -0.020482110855879879 -0.0030260999252671719 0 -0.010725459487157618 0.013615112767904624
leaf_weight=7.5334054231643659 17.778892621397972 8.4766495823860151 7.3196788132190731 35.910007774829865 9.9060230702161807 12.916671037673948 16.014289721846581 11.798406004905699 11.814959168434141 7.3297511339187658
leaf_count=32 73 35 31 152 41 54 66 49 49 30
internal_value=-0.00125943 0.00165192 0.00618897 0.0115621 -0.00735178 -0.009203 -0.0131368 -0.00785604 -0.00217141 0.00420443
internal_weight=146.799 107.204 72.807 53.6889 34.397 39.5948 25.9203 19.1181 26.6781 14.8632
internal_count=612 447 305 225 142 165 107 80 111 62
is_linear=0
shrinkage=0.03


Tree=60
num_leaves=11
num_cat=0
split_feature=22 13 38 10 5 15 15 6 15 19
split_gain=7.44461 4.32736 3.45974 5.58274 7.71527 6.70107 4.50491 3.66346 1.81225 1.70222
threshold=-0.20183004589998352 2.4223471403590122 0.0083689034945304431 -0.025447033129714577 0.020704475158654371 -41.895690595111212 -3.8600652067498822 -0.0130112635440986 2.1307056941586149 0.22534284742009872
decision_type=2 2 2 2 2 2 2 2 2 2
left_child=1 8 6 5 -5 -4 -2 -8 -1 -10
right_child=2 -3 3 4 -6 -7 7 -9 9 -11
leaf_value=-0.029357167139288189 -0.0050581102590789512 0.0034635857602741426 0.029098209066217018 -0.021651949632050766 0.0026628027405492713 -0.0044413404098447009 -0.00035626111512136646 0.021235640458359299 0 -0.018234418931769934
leaf_weight=8.8093130588531512 10.960040614008902 9.3367119431495649 8.3571567088365573 16.910580739378929 27.716866984963417 8.8542355895042402 7.9098175466060665 22.962510421872139 9.3775526881217974 7.5421792119741431
leaf_count=37 45 39 37 70 115 38 33 95 39 32
internal_value=-0.00060677 -0.0122553 0.00334867 -0.000973599 -0.00676256 0.0123972 0.00983317 0.0155622 -0.0183388 -0.00931237
internal_weight=138.737 35.0658 103.671 61.8388 44.6274 17.2114 41.8324 30.8723 25.729 16.9197
internal_count=580 147 433 260 185 75 173 128 108 71
is_linear=0
shrinkage=0.03


Tree=61
num_leaves=10
num_cat=0
split_feature=22 23 23 40 0 0 15 14 11
split_gain=7.08307 4.74996 3.1985 6.04296 3.96866 6.61754 2.43358 1.93452 3.33195
threshold=-0.20183004589998352 1.1557565997752077 0.84931867895972568 -0.010261199325997559 -0.02798775383570706 0.025766543176410254 18.718014550445378 -4.875997164836007 0.035076765475917433
decision_type=2 2 2 2 2 2 2 2 2
left_child=1 7 3 -2 -4 -6 -5 -1 -9
right_child=2 -3 4 6 5 -7 -8 8 -10
leaf_value=-0.030061165124831195 -0.021254679013348626 0.0052547074786281085 -0.0087453092750638898 0.012847991917583164 0.016311829822885107 -0.0041106417717153001 -0.0048829151347656863 0.0043123526753633089 -0.018859025560018047
leaf_weight=8.1626053005456942 10.284251034259794 8.5951440632343274 9.8796951770782453 12.182459995150568 41.996163547039032 18.612096577882767 10.593356996774672 7.1352397054433849 11.145827770233153
leaf_count=34 43 36 42 50 176 78 44 30 47
internal_value=-0.000602369 -0.0119698 0.00325599 -0.00400381 0.00688442 0.00986977 0.00426722 -0.0180716 -0.00954206
internal_weight=138.587 35.0388 103.548 33.0601 70.488 60.6083 22.7758 26.4437 18.2811
internal_count=580 147 433 137 296 254 94 111 77
is_linear=0
shrinkage=0.03


Tree=62
num_leaves=9
num_cat=0
split_feature=32 35 35 15 10 5 5 28
split_gain=5.87127 5.04608 4.39777 4.31465 4.00173 4.00134 7.32972 5.14289
threshold=0.016131414404392034 0.017198453265034556 -0.016707469966618867 2.7063165159678815 -0.036060675450842121 0.10785410093468074 0.25100354055478208 9.5000000000000018
decision_type=2 2 2 2 2 2 2 2
left_child=2 -2 3 4 -1 7 -7 -4
right_child=1 -3 5 -5 -6 6 -8 -9
leaf_value=0.011910884769734115 0.025695310965546145 0 -0.017243652988636688 0.017936284267538096 -0.013317639392431937 0.016024187980651871 -0.015218484963614116 0.00061256756171263979
leaf_weight=7.1520513445138976 10.72557505965233 12.924804404377936 39.976733639836311 12.59719258546829 12.041376367211342 14.002903804183008 9.4910939037799817 19.577664956450462
leaf_count=31 46 54 168 52 49 59 39 82
internal_value=-0.000608906 0.0122682 -0.00355384 0.00544028 -0.0029721 -0.0072201 0.00261067 -0.0113008
internal_weight=138.489 23.6504 114.839 31.7906 19.1934 83.0484 23.494 59.5544
internal_count=580 100 480 132 80 348 98 250
is_linear=0
shrinkage=0.03


Tree=63
num_leaves=9
num_cat=0
split_feature=22 4 16 19 40 36 13 16
split_gain=6.66737 4.2715 3.26853 5.20963 6.10948 4.27441 2.00571 1.66791
threshold=-0.20183004589998352 0.07412591415998783 31.629731910229896 0.12554007381584101 -0.0096711621721746171 0.0082045238174249958 2.4223471403590122 -6.2175351864945574
decision_type=2 2 2 2 2 2 2 2
left_child=1 6 3 4 -2 -5 7 -1
right_child=2 -3 -4 5 -6 -7 -8 -9
leaf_value=-0.0054010436179782679 -0.020907777134113528 0.004362300554182171 -0.012656695882020627 0.0062581772579362446 0.0039662946871752971 0.029209250467803403 -0.0011252854843170686 -0.028914430822358998
leaf_weight=6.9454258978366878 10.585162118077276 8.8987646847963315 8.2462981939315778 49.893968984484673 26.786523282527924 7.8525168001651755 7.1554201394319525 11.945631176233293
leaf_count=30 44 37 34 211 110 34 30 50
internal_value=-0.00057297 -0.01162 0.0031691 0.00492796 -0.00340224 0.0105035 -0.0175369 -0.0223323
internal_weight=138.31 34.9452 103.364 95.1182 37.3717 57.7465 26.0465 18.8911
internal_count=580 147 433 399 154 245 110 80
is_linear=0
shrinkage=0.03


Tree=64
num_leaves=10
num_cat=0
split_feature=22 35 20 21 16 38 12 40 25
split_gain=6.33859 4.88661 5.09722 5.58678 2.9871 2.72002 2.52182 1.94948 1.93411
threshold=-0.20183004589998352 -0.016707469966618867 0.023475078491973059 0.024127614127913529 11.599653572903227 0.007458990996825318 59.168878030515437 0.04509005991641369 0.26739060316095048
decision_type=2 2 2 2 2 2 2 2 2
left_child=6 4 -3 -4 5 -2 8 -8 -1
right_child=1 2 3 -5 -6 -7 7 -9 -10
leaf_value=-0.0067442589574623069 0.001639746248580448 -0.0173247195561133 0.011591554338034065 -0.0058024671084685678 0 0.026761891702822241 0.0082662861834768286 -0.01096038954706611 -0.02862389746759492
leaf_weight=12.312462523579599 7.4951746761798921 12.158134594559668 29.976855576038361 31.693525597453117 9.3571048676967603 12.580973297357557 7.4112659990787488 7.2929229736328125 7.8926577270030966
leaf_count=52 31 51 125 133 39 54 31 30 34
internal_value=-0.000567085 0.00308053 -0.000924848 0.00251539 0.0130242 0.0190606 -0.0113454 -0.000542249 -0.0177749
internal_weight=138.171 103.262 73.8285 61.6704 29.4333 20.0761 34.9093 14.7042 20.2051
internal_count=580 433 309 258 124 85 147 61 86
is_linear=0
shrinkage=0.03


Tree=65
num_leaves=8
num_cat=0
split_feature=3 10 5 37 23 40 12
split_gain=4.87007 5.27899 4.71544 6.07178 4.4081 2.4887 0.486963
threshold=-0.058301200338884578 -0.036683924777852199 -0.027598291266976657 0.046132290406887162 1.1008490923484806 0.0045212096463873594 29.952833141369123
decision_type=2 2 2 2 2 2 2
left_child=4 6 5 -4 -1 -3 -2
right_child=1 2 3 -5 -6 -7 -8
leaf_value=-0.023768399024617252 0.027033569737946659 -0.017424350467304128 0.0095125115005169538 -0.0068789142045969634 0.0024375688770262006 0.001803421657402384 0.0074560951571599129
leaf_weight=9.6454222947359103 7.0752561986446363 13.305133342742922 67.753897041082382 25.989915132522583 8.9867545664310438 7.3268119990825644 6.8535232692956924
leaf_count=42 31 55 283 107 38 30 30
internal_value=0.00199729 0.00420156 0.00177127 0.00476265 -0.0113906 -0.0103774 0.020488
internal_weight=146.937 128.305 114.376 93.7438 18.6322 20.6319 13.9288
internal_count=616 536 475 390 80 85 61
is_linear=0
shrinkage=0.03


Tree=66
num_leaves=8
num_cat=0
split_feature=3 4 20 12 23 14 4
split_gain=4.62644 6.16489 5.16197 5.32258 4.22807 4.1996 8.53323
threshold=-0.058301200338884578 -0.011265967754030491 0.022926115595224523 51.9676970203286 1.1008490923484806 -27.142349121467756 -0.036161986511466564
decision_type=2 2 2 2 2 2 2
left_child=4 5 -3 -4 -1 -2 -7
right_child=1 2 3 -5 -6 6 -8
leaf_value=-0.023293688538068534 0.030064011209496855 -0.016679645288909799 -0.01222649444546732 0.0066013724544894316 0.0023779029693629973 -0.009473524129193351 0.023047121844212672
leaf_weight=9.5883571952581423 9.5918530970811826 12.213871970772741 14.483106374740599 67.246412515640259 8.9860759526491147 12.749357655644415 11.908134683966638
leaf_count=42 43 52 60 279 38 53 49
internal_value=0.00194269 0.00409255 0 0.00287343 -0.0111212 0.014602 0.00622017
internal_weight=146.767 128.193 93.9434 81.7295 18.5744 34.2493 24.6575
internal_count=616 536 391 339 80 145 102
is_linear=0
shrinkage=0.03


end of trees

feature_importances:
return_20d=38
vol_ratio=33
div_ma_10=27
bb_bandwidth=27
macro_usdjpy_ret_60=27
macro_usdjpy_ret_20=25
return_5d=24
ma_20_60_cross=21
atr_pct=18
div_ma_60=17
macd_signal=17
gap=16
macro_nikkei_ret_20=16
macd_hist=13
vol_change=13
macro_topix_vol_20=13
rsi=12
rsi_change=12
return_1d=11
return_10d=11
upper_shadow_pct=11
macro_topix_ret_20=11
return_3d=10
macd=10
volatility=10
macro_usdjpy_vol_20=10
macd_hist_change=8
streak=7
return_2d=6
ma_5_20_cross=6
month=6
candle_body_pct=5
div_ma_20=4
macro_topix_above_200dma=4
macro_nikkei_above_200dma=4
div_ma_5=2
bb_pct_b=2
price_position_20d=2
lower_shadow_pct=1
day_of_week=1

parameters:
[boosting: gbdt]
[objective: binary]
[metric: binary_logloss]
[tree_learner: serial]
[device_type: cpu]
[data_sample_strategy: bagging]
[data: ]
[valid: ]
[num_iterations: 500]
[learning_rate: 0.03]
[num_leaves: 15]
[num_threads: 0]
[seed: 43]
[deterministic: 0]
[force_col_wise: 0]
[force_row_wise: 0]
[histogram_pool_size: -1]
[max_depth: 4]
[min_data_in_leaf: 30]
[min_sum_hessian_in_leaf: 0.001]
[bagging_fraction: 0.7]
[pos_bagging_fraction: 1]
[neg_bagging_fraction: 1]
[bagging_freq: 5]
[bagging_seed: 11149]
[bagging_by_query: 0]
[feature_fraction: 0.6]
[feature_fraction_bynode: 1]
[feature_fraction_seed: 21351]
[extra_trees: 0]
[extra_seed: 16806]
[early_stopping_round: 0]
[early_stopping_min_delta: 0]
[first_metric_only: 0]
[max_delta_step: 0]
[lambda_l1: 0.5]
[lambda_l2: 2]
[linear_lambda: 0]
[min_gain_to_split: 0]
[drop_rate: 0.1]
[max_drop: 50]
[skip_drop: 0.5]
[xgboost_dart_mode: 0]
[uniform_drop: 0]
[drop_seed: 2965]
[top_rate: 0.2]
[other_rate: 0.1]
[min_data_per_group: 100]
[max_cat_threshold: 32]
[cat_l2: 10]
[cat_smooth: 10]
[max_cat_to_onehot: 4]
[top_k: 20]
[monotone_constraints: ]
[monotone_constraints_method: basic]
[monotone_penalty: 0]
[feature_contri: ]
[forcedsplits_filename: ]
[refit_decay_rate: 0.9]
[cegb_tradeoff: 1]
[cegb_penalty_split: 0]
[cegb_penalty_feature_lazy: ]
[cegb_penalty_feature_coupled: ]
[path_smooth: 0]
[interaction_constraints: ]
[verbosity: -1]
[saved_feature_importance_type: 0]
[use_quantized_grad: 0]
[num_grad_quant_bins: 4]
[quant_train_renew_leaf: 0]
[stochastic_rounding: 1]
[linear_tree: 0]
[max_bin: 255]
[max_bin_by_feature: ]
[min_data_in_bin: 5]
[bin_construct_sample_cnt: 200000]
[data_random_seed: 179]
[is_enable_sparse: 1]
[enable_bundle: 1]
[use_missing: 1]
[zero_as_missing: 0]
[feature_pre_filter: 1]
[pre_partition: 0]
[two_round: 0]
[header: 0]
[label_column: ]
[weight_column: ]
[group_column: ]
[ignore_column: ]
[categorical_feature: ]
[forcedbins_filename: ]
[precise_float_parser: 0]
[parser_config_file: ]
[objective_seed: 26397]
[num_class: 1]
[is_unbalance: 0]
[scale_pos_weight: 1]
[sigmoid: 1]
[boost_from_average: 1]
[reg_sqrt: 0]
[alpha: 0.9]
[fair_c: 1]
[poisson_max_delta_step: 0.7]
[tweedie_variance_power: 1.5]
[lambdarank_truncation_level: 30]
[lambdarank_norm: 1]
[label_gain: ]
[lambdarank_position_bias_regularization: 0]
[eval_at: ]
[multi_error_top_k: 1]
[auc_mu_weights: ]
[num_machines: 1]
[local_listen_port: 12400]
[time_out: 120]
[machine_list_filename: ]
[machines: ]
[gpu_platform_id: -1]
[gpu_device_id: -1]
[gpu_use_dp: 0]
[num_gpu: 1]

end of parameters

pandas_categorical:[]
