tree
version=v4
num_class=1
num_tree_per_iteration=1
label_index=0
max_feature_idx=44
objective=binary sigmoid:1
feature_names=return_1d return_2d return_3d return_5d return_10d return_20d div_ma_5 div_ma_10 div_ma_20 div_ma_60 ma_5_20_cross ma_20_60_cross rsi rsi_change macd macd_signal macd_hist macd_hist_change bb_pct_b bb_bandwidth atr_pct volatility vol_change vol_ratio candle_body_pct upper_shadow_pct lower_shadow_pct day_of_week month is_month_end is_month_start streak gap price_position_20d macro_usdjpy_ret_20 macro_usdjpy_ret_60 macro_usdjpy_vol_20 macro_topix_ret_20 macro_topix_vol_20 macro_topix_above_200dma macro_nikkei_ret_20 macro_nikkei_above_200dma macro_nikkei_vi macro_jgb10y macro_bias_score
feature_infos=[-0.13602141542579893:0.11910260640052783] [-0.19084926355374487:0.14087759815242484] [-0.22948373619814977:0.16367305751765904] [-0.27185561195713481:0.17356205852674056] [-0.27897235409103605:0.20411785587504427] [-0.281129900076864:0.22472109084469638] [-0.17383931142610315:0.092361200566791257] [-0.2215975038060928:0.12373060362336502] [-0.25927519705087104:0.16727708484531392] [-0.25928134191907154:0.29289555512627974] [-0.16919303999819457:0.10956720005948006] [-0.14077527705902459:0.11890007745933384] [11.190631099544561:89.226666666666659] [-33.288961590754582:22.005845816587495] [-173.03235148619524:163.40591200288327] [-130.42719694861708:143.41531358769197] [-115.28490471976941:42.243385956451675] [-34.089738133384486:23.222197767904206] [-0.30004999808834848:1.3153261460694361] [0.037094812146728419:0.47510270347168093] [0.013938000942951438:0.070407424641952321] [0.0089391460912640903:0.058749993868785572] [-0.89797218908805698:12.284913516976298] [0.49763425975292824:2.1160472859538753] [-1:1] [0:0.91666666666666663] [0:0.953125] [0:4] [1:12] none [0:1] [-9:10] [-0.17344173441734423:0.13900026730820647] [0:1] [-0.10288784967882303:0.08505611680078462] [-0.13986255140503889:0.13160084488587853] [0.0024251968629527628:0.011841457708833433] [-0.22586491944566001:0.19897857359448179] [0.0040695656242548776:0.036437272436454948] [0:1] [-0.22859537662338159:0.23022297972565586] [0:1] none none none
tree_sizes=1280 989 1160 1078 1241 892 997 1196 1181 1283 888 1208 1203 994 1099 1409 1313 1213 1215 784 972 990 972 992 988 1268 784 989 1412 995 681 766 894 970 867 995 893 1098 1076 895 1285 1415 786 885 789 989 889 973 785 783

Tree=0
num_leaves=11
num_cat=0
split_feature=7 9 9 33 21 9 10 28 17 5
split_gain=14.0613 13.6936 9.39487 8.2278 7.93003 5.80836 12.2687 4.36714 3.15342 0.283132
threshold=0.017961149703597867 -0.050676817307207571 -0.019740592026701479 0.35837565795548992 0.015497192612509165 0.0547737500964341 0.05255754848814332 8.5000000000000018 -1.1587859028770386 0.018504401677054475
decision_type=2 2 2 2 2 2 2 2 2 2
left_child=1 3 8 7 -4 9 -7 -1 -3 -2
right_child=5 2 4 -5 -6 6 -8 -9 -10 -11
leaf_value=-0.14425035216705398 -0.17964290341751107 -0.1943250917931163 -0.15115849782651766 -0.12035876649854282 -0.17225072893339041 -0.15272042373572525 -0.19591981301640768 -0.16968877116210782 -0.16901949410086833 -0.19818548955895146
leaf_weight=9.6806966811418587 8.1913587301969546 10.177142664790155 31.276096969842911 8.4395817220211011 28.04919807612896 13.155818566679956 7.6949127465486518 10.177142664790152 7.6949127465486518 9.6806966811418516
leaf_count=39 33 41 126 34 113 53 31 41 31 39
internal_value=-0.165841 -0.160112 -0.167084 -0.142972 -0.161156 -0.18075 -0.169019 -0.156842 -0.184818 -0.192366
internal_weight=144.218 105.495 77.1974 28.2974 59.3253 38.7228 20.8507 19.8578 17.8721 17.8721
internal_count=581 425 311 114 239 156 84 80 72 72
is_linear=0
shrinkage=1


Tree=1
num_leaves=8
num_cat=0
split_feature=6 15 13 26 34 6 16
split_gain=8.55357 9.9335 6.11832 6.6372 5.52037 5.44609 3.13738
threshold=0.016032130895359094 -38.624438411360018 -7.8976312464025673 0.046767282863336403 -0.0057291610347043878 0.033112224349531934 13.726698033711434
decision_type=2 2 2 2 2 2 2
left_child=1 4 -3 -4 -1 6 -2
right_child=5 2 3 -5 -6 -7 -8
leaf_value=0.0051584866874025284 -0.0062591400987796102 0.021578574341190919 0.018836353402702979 -0.004033569787639745 0.038501110643059319 0.0070807546605836397 -0.032701915772497134
leaf_weight=9.9388673305511492 12.163465857505804 10.926039725542067 11.418399602174757 73.478950634598732 10.446964800357817 8.1893937438726407 7.6820436418056479
leaf_count=40 49 44 46 296 42 33 31
internal_value=0.00307646 0.00675106 0.00232286 -0.00042229 0.0248286 -0.0110912 -0.0192384
internal_weight=144.244 116.209 95.8234 84.8974 20.3858 28.0349 19.8455
internal_count=581 468 386 342 82 113 80
is_linear=0
shrinkage=0.03


Tree=2
num_leaves=10
num_cat=0
split_feature=7 11 28 19 21 28 41 19 11
split_gain=12.9679 12.3185 8.9535 8.1999 13.5434 7.57612 6.43294 6.05868 3.79789
threshold=0.017961149703597867 -0.032579456622543461 9.5000000000000018 0.18549168833745217 0.018916505739061024 4.5000000000000009 1.0000000180025095e-35 0.093745158852101107 0.022215615549077809
decision_type=2 2 2 2 2 2 2 2 2
left_child=1 6 5 4 7 -3 -1 -2 -4
right_child=3 2 8 -5 -6 -7 -8 -9 -10
leaf_value=0.039165309277352268 -0.033350568121034381 -0.003898372306418563 -0.025906751835641246 -0.035631508246096004 0.01926616307716841 0.016722025267247548 0.0060518731687526518 0 0
leaf_weight=13.445274695754051 9.4118852764368111 24.837262839078903 9.4294699579477328 7.6756191700696936 12.158607721328734 36.264051973819733 11.184810638427734 9.4182934463024122 10.430100187659262
leaf_count=54 38 100 38 31 49 146 45 38 42
internal_value=0.00300649 0.00850479 0.00241471 -0.01132 -0.00304849 0.00824437 0.0262752 -0.0186435 -0.0139483
internal_weight=144.255 105.591 80.9609 38.6644 30.9888 61.1013 24.6301 18.8302 19.8596
internal_count=581 425 326 156 125 246 99 76 80
is_linear=0
shrinkage=0.03


Tree=3
num_leaves=9
num_cat=0
split_feature=7 9 11 9 21 11 17 21
split_gain=12.3266 12.1604 9.86593 8.88983 7.3706 6.74014 2.99998 1.51893
threshold=0.017961149703597867 -0.050676817307207571 -0.032579456622543461 -0.019740592026701479 0.015497192612509165 0.032558993098958051 -1.1587859028770386 0.018916505739061024
decision_type=2 2 2 2 2 2 2 2
left_child=1 2 -1 6 -5 7 -3 -2
right_child=5 3 -4 4 -6 -7 -8 -9
leaf_value=0.035441891999479801 -0.026451473059323861 -0.024863308993316281 -0.00038187606660312055 0.017082018972535855 -0.0032312372498249056 0.004653611714607246 0 -0.0071563661549397485
leaf_weight=19.450245708227161 14.330653816461565 10.158722728490831 8.9466318786144239 31.338714718818665 28.0469681173563 13.636518344283102 7.6974624991416922 10.654688298702238
leaf_count=78 58 41 36 126 113 55 31 43
internal_value=0.002902 0.00826109 0.0243794 0.00168037 0.00745131 -0.011072 -0.0155744 -0.0199194
internal_weight=144.261 105.639 28.3969 77.2419 59.3857 38.6219 17.8562 24.9853
internal_count=581 425 114 311 239 156 72 101
is_linear=0
shrinkage=0.03


Tree=4
num_leaves=11
num_cat=0
split_feature=7 9 28 21 14 15 28 23 16 21
split_gain=11.6608 11.5019 8.69403 6.86607 6.25603 5.20627 5.19007 4.61845 2.90285 0.58987
threshold=0.017961149703597867 -0.050676817307207571 9.5000000000000018 0.01619229908116513 1.0000000180025095e-35 41.451162242910264 4.5000000000000009 1.1098145915461368 -9.8704130243527572 0.018916505739061024
decision_type=2 2 2 2 2 2 2 2 2 2
left_child=1 3 6 -1 -4 7 -3 9 -5 -2
right_child=5 2 4 8 -6 -7 -8 -9 -10 -11
leaf_value=0 -0.033953644302463282 -0.002406414709934448 -0.032442513305710186 0.012459423489503539 0 0.0035191122880878882 0.014997291614165093 0 0.042311591554125026 -0.011854566018750319
leaf_weight=7.967655926942828 8.8627480119466835 24.088178649544716 7.6710513681173351 8.9649835675954872 11.91346265375614 12.896784871816633 33.572086855769157 8.8983233571052534 11.490429446101183 7.9194459021091452
leaf_count=32 36 97 31 36 48 52 135 36 46 32
internal_value=0.00280221 0.00801388 0.00160734 0.0236815 -0.0145166 -0.0107949 0.00763835 -0.0182602 0.0321713 -0.0266966
internal_weight=144.245 105.668 77.2448 28.4231 19.5845 38.5773 57.6603 25.6805 20.4554 16.7822
internal_count=581 425 311 114 79 156 232 104 82 68
is_linear=0
shrinkage=0.03


Tree=5
num_leaves=7
num_cat=0
split_feature=4 25 41 11 5 35
split_gain=12.5835 10.8693 8.15415 7.62728 9.54021 4.5859
threshold=-0.060505865652424044 0.19273099677507269 1.0000000180025095e-35 0.07187086166172553 -0.014621420996818678 0.045620015395058784
decision_type=2 2 2 2 2 2
left_child=-1 3 -3 4 -2 -4
right_child=1 2 5 -5 -6 -7
leaf_value=0.02423813492186137 0.019772910565041997 0.0089820182802724056 -0.0088817406269416227 0.030484013796586766 -0.0075305415805475232 -0.026666441395863341
leaf_weight=13.684858977794645 14.661686688661574 13.172395452857016 48.375136747956276 7.4552681595087043 34.979302808642387 21.086012572050095
leaf_count=55 59 53 195 30 141 85
internal_value=-0.00114133 -0.00403974 -0.0109503 0.00573996 0.000696653 -0.0150857
internal_weight=153.415 139.73 82.6335 57.0963 49.641 69.4611
internal_count=618 563 333 230 200 280
is_linear=0
shrinkage=0.03


Tree=6
num_leaves=8
num_cat=0
split_feature=9 11 7 36 21 36 23
split_gain=17.9026 10.6657 14.6127 11.5741 7.08343 3.97647 2.36261
threshold=-0.07615540888888038 0.07187086166172553 0.013446552221764807 0.0085586150258135565 0.022617425552241329 0.0071701010779905714 0.94831508260274733
decision_type=2 2 2 2 2 2 2
left_child=6 2 3 -2 -3 -4 -1
right_child=1 4 5 -5 -6 -7 -8
leaf_value=0.00643660655834163 0.0028115985426287403 0.033917175299343204 -0.029570177491025845 -0.032344697933397754 -0.0024369352499215634 -0.0051136178236067852 0.033068814944032562
leaf_weight=7.4766357541084316 74.764910131692886 7.7138089239597303 26.166479051113129 7.4398753792047492 7.7001054435968399 10.869986131787298 11.232783034443854
leaf_count=30 301 31 106 30 31 44 45
internal_value=-0.00108636 -0.00510315 -0.00827439 -0.000884722 0.0167008 -0.0234063 0.0247998
internal_weight=153.365 134.655 119.241 82.2048 15.4139 37.0365 18.7094
internal_count=618 543 481 331 62 150 75
is_linear=0
shrinkage=0.03


Tree=7
num_leaves=10
num_cat=0
split_feature=9 28 7 12 23 9 33 13 36
split_gain=17.0663 12.7421 6.34497 10.528 13.1943 9.59192 5.50676 3.71412 2.6535
threshold=-0.050676817307207571 10.500000000000002 0.013446552221764807 49.619150366419866 1.0609653641324484 0.1019932585031918 0.20307303967140902 2.2718264995809005 0.0072557522972992684
decision_type=2 2 2 2 2 2 2 2 2
left_child=1 7 3 6 -5 8 -2 -1 -4
right_child=2 -3 5 4 -6 -7 -8 -9 -10
leaf_value=0.038852201297111651 0.0018241671082261366 -0.0095756571270545036 -0.029405074604991175 -0.0019558644450709249 0.033288588921778911 0.0052394805540798934 -0.019950320959841242 0.0085646046148374639 -0.0062974099007181965
leaf_weight=13.729090496897703 14.880111858248709 8.9604662358760816 21.877387434244159 26.576021075248718 12.18094117939472 12.902997136116026 24.321076229214668 8.478451654314993 9.3765417933464033
leaf_count=55 60 36 89 107 49 52 98 34 38
internal_value=-0.00104921 0.0179661 -0.00623473 -0.000789777 0.00984305 -0.015072 -0.0116337 0.0295715 -0.0237193
internal_weight=153.283 31.168 122.115 77.9582 38.757 44.1569 39.2012 22.2075 31.2539
internal_count=618 125 493 314 156 179 158 89 127
is_linear=0
shrinkage=0.03


Tree=8
num_leaves=10
num_cat=0
split_feature=7 23 15 16 16 18 3 36 32
split_gain=16.1706 13.3254 9.8062 9.17989 11.8946 5.17707 4.56107 2.33776 0.375078
threshold=0.013446552221764807 1.0562994526526706 41.451162242910264 8.8079869859044795 -8.0806338708674286 0.093596900992575241 -0.0045191598224142418 0.0062158212445232496 0.004932931534211594
decision_type=2 2 2 2 2 2 2 2 2
left_child=1 3 7 4 -1 -3 -7 -2 -9
right_child=2 5 -4 -5 -6 6 -8 8 -10
leaf_value=0.010540442625952797 -0.031651811972122905 0 0.0042857487569737292 0.024890693856041844 -0.014899605221320155 0.038959224401789089 0.0088980189278217801 -0.015804658095218596 -0.0024127187919632405
leaf_weight=23.847480893135071 18.106053858995438 7.4570850729942348 14.143724292516707 8.2110356837511045 42.709740310907364 12.962524861097341 10.940060973167414 7.4082530587911588 7.3912944197654724
leaf_count=96 74 30 57 33 172 52 44 30 30
internal_value=-0.001008 0.0053838 -0.0153633 -0.00142707 -0.00552405 0.0211841 0.0275289 -0.0240003 -0.0110927
internal_weight=153.177 106.128 47.0493 74.7683 66.5572 31.3597 23.9026 32.9056 14.7995
internal_count=618 427 191 301 268 126 96 134 60
is_linear=0
shrinkage=0.03


Tree=9
num_leaves=11
num_cat=0
split_feature=25 41 11 22 8 38 19 33 12 10
split_gain=9.50292 8.63361 8.78858 8.42881 6.40596 6.07077 4.64414 5.46415 4.40111 3.0367
threshold=0.19273099677507269 1.0000000180025095e-35 -0.032579456622543461 -0.099217914881236255 -0.007809693393897396 0.0096683892112653103 0.072539950926157226 0.58976587673037095 62.550996362030467 0.026537211587293833
decision_type=2 2 2 2 2 2 2 2 2 2
left_child=3 2 -2 4 -1 9 -5 -8 -7 -3
right_child=1 5 -4 6 -6 8 7 -9 -10 -11
leaf_value=0.012630492249168759 0.025411302375106901 -0.021808132002073641 -0.011418339231992206 0 -0.017607282923123291 0.0092112119890853991 0.034280407171956559 0.005450060053574405 -0.01587312528560756 -0.0020263966412926489
leaf_weight=7.9655852913856533 11.207725733518602 37.326214358210564 8.1958441883325559 11.8789055198431 14.317018628120421 16.109282404184345 14.438096523284914 12.874369382858275 7.6226617544889441 11.138519436120985
leaf_count=32 45 151 33 48 58 65 58 52 31 45
internal_value=-0.000965454 -0.00711518 0.00954074 0.00789718 -0.00603017 -0.0119303 0.0160882 0.0225014 0 -0.0178195
internal_weight=153.074 91.6002 19.4036 61.474 22.2826 72.1967 39.1914 27.3125 23.7319 48.4647
internal_count=618 370 78 248 90 292 158 110 96 196
is_linear=0
shrinkage=0.03


Tree=10
num_leaves=7
num_cat=0
split_feature=11 5 23 16 5 13
split_gain=12.0167 19.1432 7.22414 6.77774 6.05276 5.73503
threshold=-0.032579456622543461 0.0047068961738346857 0.90821676353886927 -14.870943803434228 -0.058107579291334026 4.8607391576285233
decision_type=2 2 2 2 2 2
left_child=1 2 -1 -2 -5 -6
right_child=3 -3 -4 4 5 -7
leaf_value=0.0017866154122643146 0.010847632496841061 -0.018227129681930958 0.038627674145388598 -0.033386095577983291 -0.0025988723178223599 -0.020115134496300851
leaf_weight=8.1996786147356051 13.683280661702154 10.317891016602514 14.92730377614498 7.6921264678239814 68.532228514552116 21.921234384179115
leaf_count=33 55 42 60 31 277 89
internal_value=-0.00251486 0.0126271 0.0273445 -0.00731747 -0.0101659 -0.00734946
internal_weight=145.274 33.4449 23.127 111.829 98.1456 90.4535
internal_count=587 135 93 452 397 366
is_linear=0
shrinkage=0.03


Tree=11
num_leaves=10
num_cat=0
split_feature=11 5 22 23 21 40 11 21 32
split_gain=11.3923 18.1919 10.5436 6.82153 4.82624 6.21047 5.51724 3.05163 2.80861
threshold=-0.032579456622543461 0.0047068961738346857 -0.16900825812697975 0.90821676353886927 0.014161636794646016 0.022709992043297381 0.029877846973083714 0.017571063283802483 0.00045816796833397794
decision_type=2 2 2 2 2 2 2 2 2
left_child=1 3 7 -1 5 -4 -6 8 -2
right_child=2 -3 4 -5 6 -7 -8 -9 -10
leaf_value=0.001743434946979571 -0.010435749105379694 -0.017796446085871869 0.019679544105784028 0.037605753111851818 -0.013937524158774228 -0.0053713188804361553 0.00565208108482744 -0.0067054151099799923 -0.040526680646806638
leaf_weight=8.2002079039812106 8.3773089647293144 10.299245193600653 16.089171037077907 14.92728018760681 33.565374612808228 14.864011436700819 17.627694353461266 11.859664708375929 9.3644340932369214
leaf_count=33 34 42 65 60 136 60 71 48 38
internal_value=-0.0024507 0.012292 -0.00713108 0.026638 -0.00124012 0.0075988 -0.00695121 -0.0218912 -0.0295748
internal_weight=145.174 33.4267 111.748 23.1275 82.1463 30.9532 51.1931 29.6014 17.7417
internal_count=587 135 452 93 332 125 207 120 72
is_linear=0
shrinkage=0.03


Tree=12
num_leaves=10
num_cat=0
split_feature=15 7 22 13 35 25 22 19 26
split_gain=10.0239 6.95539 6.22067 5.12309 7.84548 5.07728 4.36959 3.97196 3.42991
threshold=-33.98403411261932 0.013446552221764807 -0.16900825812697975 4.4827974695625317 -0.018077460132366548 0.20574420200626176 -0.2631054405844877 0.12860693798753356 0.25143537850215519
decision_type=2 2 2 2 2 2 2 2 2
left_child=1 7 6 4 -4 -5 8 -1 -2
right_child=2 -3 3 5 -6 -7 -8 -9 -10
leaf_value=0.0021500164301332778 0.0035322563449779695 -0.009300005945826844 -0.016372773613876172 0.0029750481583179851 0.0077012457371009608 -0.025452452579033811 -0.032793590409131768 0.030571844574139421 -0.017910443749278537
leaf_weight=8.4639222621917778 10.387331336736684 7.3852982968091956 13.616911992430685 7.4067174792289761 51.470647245645523 12.029776453971861 9.8139408677816373 12.942451387643812 11.540848731994627
leaf_count=34 42 30 55 30 208 49 40 52 47
internal_value=-0.00239474 0.0127318 -0.00641939 -0.00182618 0.0021032 -0.0146529 -0.0173726 0.0211189 -0.00767996
internal_weight=145.058 28.7917 116.266 84.5241 65.0876 19.4365 31.7421 21.4064 21.9282
internal_count=587 116 471 342 263 79 129 86 89
is_linear=0
shrinkage=0.03


Tree=13
num_leaves=8
num_cat=0
split_feature=15 6 37 5 4 10 28
split_gain=9.52967 5.44725 5.11391 5.34568 8.78967 3.45135 2.6743
threshold=-33.98403411261932 0.016534004800871489 0.050947079307460015 -0.058107579291334026 -0.040916476023720609 0.020007594734839377 8.5000000000000018
decision_type=2 2 2 2 2 2 2
left_child=1 6 3 -2 -5 -4 -1
right_child=2 -3 5 4 -6 -7 -8
leaf_value=0.030191354129095557 -0.022158484529790693 -0.0057417155467757979 -0.03203702293369589 0.026708684770810762 -0.0037813954660701498 -0.0033982141890391798 0.0054828801809176158
leaf_weight=10.445368170738226 9.9003195464611036 8.371661111712454 8.8904930949211138 7.4547109752893439 81.287789523601532 8.6409224867820722 9.9452286660671216
leaf_count=42 40 34 36 30 330 35 40
internal_value=-0.00234447 0.0124076 -0.00627187 -0.00324031 -0.000522591 -0.0204829 0.0203763
internal_weight=144.936 28.7623 116.174 98.6428 88.7425 17.5314 20.3906
internal_count=587 116 471 400 360 71 82
is_linear=0
shrinkage=0.03


Tree=14
num_leaves=9
num_cat=0
split_feature=15 22 37 25 22 20 0 19
split_gain=9.05798 5.95483 5.66946 6.70842 4.19373 4.30371 3.29174 4.88634
threshold=-33.98403411261932 -0.16900825812697975 0.058640146158953972 0.19273099677507269 -0.2631054405844877 0.022823200401060732 0.020028976641391586 0.13684862321417932
decision_type=2 2 2 2 2 2 2 2
left_child=6 4 3 -3 5 -2 7 -1
right_child=1 2 -4 -5 -6 -7 -8 -9
leaf_value=0.00052192851375843907 -0.019780253204991029 0.011321616342818697 -0.021683236418426233 -0.0062603710816207985 -0.031978198493699025 0.0043359657418682324 -0.002984487725935024 0.029908444718088022
leaf_weight=10.177183777093893 10.558374598622327 31.996214345097542 9.1317718327045423 43.316736593842506 9.7630005180835706 11.330754235386847 7.3983465582132331 11.164565324783323
leaf_count=41 43 129 37 176 40 46 30 45
internal_value=-0.00228082 -0.00611317 -0.00162162 0.00111485 -0.0168419 -0.00735088 0.0121027 0.017783
internal_weight=144.837 116.097 84.4447 75.313 31.6521 21.8891 28.7401 21.3417
internal_count=587 471 342 305 129 89 116 86
is_linear=0
shrinkage=0.03


Tree=15
num_leaves=12
num_cat=0
split_feature=19 36 28 35 7 28 35 18 5 25 36
split_gain=8.59066 10.4745 8.77752 10.5384 9.75749 7.81827 6.03912 3.71236 2.76518 5.27787 0.277981
threshold=0.086594666433403508 0.0064890285127842543 10.500000000000002 0.045161968770537249 0.0062628919939109757 7.5000000000000009 0.0036970239351236116 0.91502545640412392 0.0013850384566217457 0.18903903903903907 0.0050177200738143321
decision_type=2 2 2 2 2 2 2 2 2 2 2
left_child=1 8 4 -4 6 -3 -2 -6 9 -1 -10
right_child=2 5 3 -5 7 -7 -8 -9 10 -11 -12
leaf_value=0.0064723564717889511 0.0082518385176221492 0.019661247609403514 -0.031650799781162482 0.010173796951530907 -0.0064858830425964763 -0.010863026712617168 0.035797324969006464 0.013492704338953262 -0.01376803777582857 -0.021408305440826818 -0.035161307810941476
leaf_weight=9.1562082618474978 18.84949517250061 14.093679815530779 9.0919176638126391 8.4343490451574308 25.140607967972755 11.836566567420958 14.402351990342138 10.081132382154463 8.590068534016611 10.835452392697333 8.0672455579042417
leaf_count=37 76 57 37 34 102 48 58 41 35 44 33
internal_value=-0.000132643 -0.00853596 0.00586674 -0.0117745 0.010801 0.00541044 0.0219622 0 -0.0185609 -0.00852952 -0.0275914
internal_weight=148.579 62.5792 85.9999 17.5263 68.4736 25.9302 33.2518 35.2217 36.649 19.9917 16.6573
internal_count=602 254 348 71 277 105 134 143 149 81 68
is_linear=0
shrinkage=0.03


Tree=16
num_leaves=11
num_cat=0
split_feature=19 38 28 35 2 35 35 21 18 36
split_gain=8.18622 11.118 8.33668 10.0731 7.90819 10.4387 6.5341 11.3306 3.6309 2.17554
threshold=0.086594666433403508 0.0069205210241491668 10.500000000000002 0.045161968770537249 0.0067183324425440514 -0.011667972793563573 0.047977911349197384 0.013474458636369443 0.92252621824051217 0.005159720709247047
decision_type=2 2 2 2 2 2 2 2 2 2
left_child=1 -1 4 -4 5 -2 7 -3 -6 -8
right_child=2 6 3 -5 8 -7 9 -9 -10 -11
leaf_value=0.015727828023616306 0.00097618983526221456 0.016606372694574593 -0.030979537169033958 0.0099222546186429547 -0.0068268930640559503 0.033343221219714482 -0.0084678029244870581 -0.01809540125436937 0.014089518063439504 -0.035648239191057335
leaf_weight=11.608018919825552 17.094353526830673 11.390220522880556 9.0541568845510501 8.4393502324819547 22.922821745276455 19.857437551021576 7.3419581204652813 20.430142804980278 8.6147179156541807 11.742691561579703
leaf_count=47 69 46 37 34 93 80 30 83 35 48
internal_value=-0.000136391 -0.0083472 0.00571676 -0.0114844 0.0105243 0.0195739 -0.0145077 -0.00498278 -0.000166654 -0.0276983
internal_weight=148.496 62.513 85.9828 17.4935 68.4893 36.9518 50.905 31.8204 31.5375 19.0846
internal_count=602 254 348 71 277 149 207 129 128 78
is_linear=0
shrinkage=0.03


Tree=17
num_leaves=10
num_cat=0
split_feature=19 38 28 35 7 34 20 35 37
split_gain=7.76199 10.5717 7.91256 9.63187 9.03529 7.63648 6.01441 5.40916 4.40285
threshold=0.086594666433403508 0.0069205210241491668 10.500000000000002 0.045161968770537249 0.0062628919939109757 0.023728104522042329 0.021833479656757176 0.0036970239351236116 0.054447114210307131
decision_type=2 2 2 2 2 2 2 2 2
left_child=1 -1 4 -4 7 6 -3 -2 -6
right_child=2 5 3 -5 8 -7 -8 -9 -10
leaf_value=0.015307360150608025 0.0079278679404281138 -0.013373757277614093 -0.030332710044676456 0.0096774109321588787 0.0053691310105726071 -0.031884717842487698 0.011441569295673443 0.034095484816479914 -0.01776437827483001
leaf_weight=11.623755916953085 18.855454787611961 26.604324281215668 9.0130821466445941 8.4438161104917508 27.361774489283562 13.878018274903296 10.330353006720541 14.423302873969076 7.8751879036426535
leaf_count=47 76 108 37 34 111 57 42 58 32
internal_value=-0.000130698 -0.00813501 0.00556461 -0.0112036 0.0102462 -0.0141582 -0.00581663 0.0209843 -7.46398e-05
internal_weight=148.409 62.4365 85.9726 17.4569 68.5157 50.8127 36.9347 33.2788 35.237
internal_count=602 254 348 71 277 207 150 134 143
is_linear=0
shrinkage=0.03


Tree=18
num_leaves=10
num_cat=0
split_feature=19 10 35 19 35 9 34 32 34
split_gain=7.33429 10.4123 11.2324 11.0028 8.15271 6.61687 5.9635 2.03725 3.27801
threshold=0.086594666433403508 0.046559058706744934 -0.016707469966618867 0.13684862321417932 0.019875049976255447 0.020411270239651322 -0.0016655749705109522 0.0043313952651551366 0.021211177458744904
decision_type=2 2 2 2 2 2 2 2 2
left_child=4 2 3 -2 5 -1 -4 8 -6
right_child=1 -3 6 -5 7 -7 -8 -9 -10
leaf_value=0.022527910099558741 -0.024446134271073578 -0.018425183551031676 0.0023256642642070693 0.010368182306832811 -0.0085743049565234642 -0.0080901550004580693 0.026512104476761982 -0.0038077040866913727 -0.032117074209368719
leaf_weight=9.9229018986225146 12.048837393522264 11.760789841413496 15.567622214555739 17.097726657986641 16.484942287206653 11.068236485123633 29.454672202467918 13.684624850749968 11.196295276284216
leaf_count=40 49 48 63 69 67 45 119 56 46
internal_value=-0.00012217 0.00541126 0.00977243 -0.00418765 -0.00791165 0.00643178 0.0189226 -0.0154971 -0.0201246
internal_weight=148.287 85.9296 74.1689 29.1466 62.357 20.9911 45.0223 41.3659 27.6812
internal_count=602 348 300 118 254 85 182 169 113
is_linear=0
shrinkage=0.03


Tree=19
num_leaves=6
num_cat=0
split_feature=9 38 5 11 16
split_gain=6.06027 5.07364 8.78681 8.47758 4.46975
threshold=-0.084457761086524016 0.0070570544863452654 0.020492828014991863 0.07187086166172553 -14.870943803434228
decision_type=2 2 2 2 2
left_child=-1 2 -2 4 -3
right_child=1 3 -4 -5 -6
leaf_value=0.016180092854987151 0.026026401399335295 0.010203276940969487 -0.0073734071006767285 0.01482277304374801 -0.010732054408017416
leaf_weight=15.854952380061148 11.904633760452272 7.9291813373565665 12.072069659829138 13.926833540201185 86.49783106148243
leaf_count=64 48 32 49 56 353
internal_value=-0.000135501 -0.00241378 0.00935948 -0.00527733 -0.00864336
internal_weight=148.186 132.331 23.9767 108.354 94.427
internal_count=602 538 97 441 385
is_linear=0
shrinkage=0.03


Tree=20
num_leaves=8
num_cat=0
split_feature=11 35 19 11 7 34 25
split_gain=9.06258 10.3618 9.05344 13.0312 8.60761 7.31402 1.95581
threshold=-0.034517760492735854 -0.025986030139525603 0.18202448128482082 0.07187086166172553 0.014567351896924137 -0.024361313246725965 0.27704847904673802
decision_type=2 2 2 2 2 2 2
left_child=4 5 3 -3 6 -2 -1
right_child=1 2 -4 -5 -6 -7 -8
leaf_value=0.032870683865271949 0 0.00040886119639547356 -0.021994462444933669 0.033088749277859417 -0.0052514885911132637 -0.035544070033677364 0.0089233737983708521
leaf_weight=13.351029112935068 8.6148383915424365 71.012241289019585 10.033533379435537 11.224269449710844 10.459083303809164 10.607898354530333 8.8878919780254346
leaf_count=54 35 289 41 45 43 43 36
internal_value=0.00200916 -0.00200547 0.00215079 0.00572705 0.015457 -0.0209851 0.0254448
internal_weight=144.191 111.493 92.27 82.2365 32.698 19.2227 22.2389
internal_count=586 453 375 334 133 78 90
is_linear=0
shrinkage=0.03


Tree=21
num_leaves=8
num_cat=0
split_feature=9 19 9 18 3 4 34
split_gain=6.39538 9.74437 9.65042 5.31264 5.57042 4.81747 3.54896
threshold=-0.050676817307207571 0.19225864956340408 0.085481605036901054 0.13251643538489627 1.0000000180025095e-35 -0.041756899569626797 0.011234976807087517
decision_type=2 2 2 2 2 2 2
left_child=3 2 5 -1 -5 -2 -4
right_child=1 -3 6 4 -6 -7 -8
leaf_value=-0.0040650989541266853 0.016850070846424269 -0.030419942049691846 0.0040370471200878444 0.033624392645803088 0.0023353311886779751 -0.0050876633529851334 0.0344027345204291
leaf_weight=8.9146446287632006 7.9243377149105063 7.5304851680994025 8.4508096724748594 11.856616348028185 10.391985863447188 81.557729884982109 7.4715813845396033
leaf_count=36 32 31 34 48 42 333 30
internal_value=0.0019557 -0.00130305 0.00116523 0.013584 0.0210264 -0.00265503 0.0213721
internal_weight=144.098 112.935 105.404 31.1632 22.2486 89.4821 15.9224
internal_count=586 460 429 126 90 365 64
is_linear=0
shrinkage=0.03


Tree=22
num_leaves=8
num_cat=0
split_feature=9 19 14 9 20 31 3
split_gain=6.06007 9.33919 9.22096 8.68457 6.94584 4.88146 5.12151
threshold=-0.050676817307207571 0.19225864956340408 2.7205038068509571 0.021866234368055171 0.018728858075952683 -1.4999999999999998 0.0061511366524571462
decision_type=2 2 2 2 2 2 2
left_child=5 2 4 -4 -2 -1 -7
right_child=1 -3 3 -5 -6 6 -8
leaf_value=-0.004818179762250031 0.010431353877098381 -0.029812166075114964 0.025253474804493085 0.00094522020945106552 -0.016284959367666045 0.028632778185831341 0
leaf_weight=7.9078614860773113 9.5919690728187543 7.4947996139526358 17.325661391019821 46.958734348416328 31.49022388458252 15.793655559420587 7.4252765923738471
leaf_count=32 39 31 70 191 129 64 30
internal_value=0.00192273 -0.00124681 0.00116284 0.00828727 -0.00950432 0.0132493 0.0198916
internal_weight=143.988 112.861 105.367 64.2844 41.0822 31.1268 23.2189
internal_count=586 460 429 261 168 126 94
is_linear=0
shrinkage=0.03


Tree=23
num_leaves=8
num_cat=0
split_feature=11 35 8 19 11 25 13
split_gain=8.1807 9.89896 8.96124 8.02059 11.9587 3.38176 2.67791
threshold=-0.034517760492735854 -0.025986030139525603 0.017741214904128062 0.18202448128482082 0.07187086166172553 0.32314331887017161 1.6982918753567804
decision_type=2 2 2 2 2 2 2
left_child=2 6 5 4 -3 -1 -2
right_child=1 3 -4 -5 -6 -7 -8
leaf_value=0.031682763930214165 -0.028527148130541632 0.00037736995480945688 -0.0084361939816984689 -0.02069041688208452 0.031687858903842826 0.0044166474537852074 -0.0026532654787890407
leaf_weight=15.514511451125147 11.829949408769609 70.982728630304337 8.9311813563108426 9.9374936670064908 11.230046749114988 8.1218595504760724 7.3388967365026465
leaf_count=63 48 289 37 41 45 33 30
internal_value=0.00187042 -0.00193724 0.0146784 0.00212194 0.00548341 0.0239743 -0.0205164
internal_weight=143.887 111.319 32.5676 92.1503 82.2128 23.6364 19.1688
internal_count=586 453 133 375 334 96 78
is_linear=0
shrinkage=0.03


Tree=24
num_leaves=8
num_cat=0
split_feature=9 19 9 22 33 17 34
split_gain=5.47994 8.68315 8.73077 8.03235 5.00611 4.80097 3.37888
threshold=-0.050676817307207571 0.19225864956340408 0.085481605036901054 0.16942131793035733 0.17818797873075329 2.4579206236795703 0.011234976807087517
decision_type=2 2 2 2 2 2 2
left_child=4 2 3 -2 -1 -6 -4
right_child=1 -3 6 -5 5 -7 -8
leaf_value=-0.0010103124747049925 -0.008314088745718368 -0.02883894770195565 0.0035249160511715478 0.010854031686416488 0.032852459768189728 0.00034414780077648841 0.033020125288835168
leaf_weight=12.597589001059534 63.622262820601463 7.4305054843425742 8.4534391462802869 25.748280808329582 11.027102157473566 7.414550155401229 7.471893608570098
leaf_count=51 260 31 34 105 45 30 30
internal_value=0.00181593 -0.00119209 0.00112029 -0.00251075 0.0126051 0.0218286 0.0203405
internal_weight=143.766 112.726 105.296 89.3705 31.0392 18.4417 15.9253
internal_count=586 460 429 365 126 75 64
is_linear=0
shrinkage=0.03


Tree=25
num_leaves=11
num_cat=0
split_feature=7 12 20 38 5 33 9 19 20 20
split_gain=7.38502 10.2816 7.37762 6.82801 4.32778 10.2864 4.25996 3.92187 2.34761 4.42749
threshold=0.013087703013504612 53.41052731989182 0.021833479656757176 0.0071143839330249327 0.028374799036703594 0.75339978155684462 0.1019932585031918 0.11327027324557944 0.020200142516315679 0.027673848676351462
decision_type=2 2 2 2 2 2 2 2 2 2
left_child=1 2 3 -1 -3 -6 8 -4 -2 -10
right_child=6 4 7 -5 5 -7 -8 -9 9 -11
leaf_value=0.011597021526080919 0 0.034165297020972062 -0.0017097721869899689 -0.015125067256240462 -0.0099249514822043732 0.030517787395057578 0.00651437112219206 0.017145654664969631 -0.025075397179048237 0
leaf_weight=9.4241441786289197 9.928183510899542 11.860903203487398 13.744252532720564 30.452687039971352 10.102898612618448 8.3999652266502363 11.853297665715216 22.890301138162613 17.162638887763027 7.7313041090965262
leaf_count=38 41 48 56 124 41 34 48 93 71 32
internal_value=0.00214992 0.00654239 0.000337255 -0.00819936 0.0207277 0.00888965 -0.00745514 0.00996107 -0.0127132 -0.0173163
internal_weight=153.551 106.875 76.5114 39.8768 30.3638 18.5029 46.6754 36.6346 34.8221 24.8939
internal_count=626 434 311 162 123 75 192 149 144 103
is_linear=0
shrinkage=0.03


Tree=26
num_leaves=6
num_cat=0
split_feature=37 10 12 8 13
split_gain=9.48262 5.54656 7.96044 9.74203 8.65991
threshold=0.061698669294617765 0.05453979896971773 47.368191523411554 -0.020571965527316067 8.3126493756864956
decision_type=2 2 2 2 2
left_child=1 2 3 -1 -4
right_child=-2 -3 4 -5 -6
leaf_value=0.0082726300949077809 -0.020918372508251175 -0.016611841484102705 0.016965082543573682 -0.014973847911465084 -0.011779174153623478
leaf_weight=35.707525089383125 12.438973367214201 8.1678037196397764 61.877250462770462 26.236029401421547 8.9745519161224347
leaf_count=145 51 34 252 107 37
internal_value=0.00210811 0.00450916 0.00614673 -0.00149916 0.0128948
internal_weight=153.402 140.963 132.795 61.9436 70.8518
internal_count=626 575 541 252 289
is_linear=0
shrinkage=0.03


Tree=27
num_leaves=8
num_cat=0
split_feature=37 22 32 12 23 3 22
split_gain=8.9908 5.47867 8.18377 7.73935 3.3084 2.84964 2.40764
threshold=0.061698669294617765 -0.16457123875947896 0.014791190228723773 49.936708860759502 1.0917879438614373 0.0086490255942000011 -0.27247597305518034
decision_type=2 2 2 2 2 2 2
left_child=1 4 3 -3 6 -6 -1
right_child=-2 2 -4 -5 5 -7 -8
leaf_value=-0.0012784281175571245 -0.02042229528368927 0.0024153599457335207 -0.013012642857653658 0.020610399348857968 0.01619310594579413 -0.0059658457010472515 -0.020573408777204927
leaf_weight=14.440697059035303 12.40794652700424 46.034772947430611 11.983840599656103 41.501807972788811 8.3538627028465289 7.7175025492906562 10.930915921926497
leaf_count=59 51 187 49 169 34 32 45
internal_value=0.00202121 0.00435972 0.00818204 0.011477 -0.00442795 0.00523967 -0.0110352
internal_weight=153.371 140.963 99.5204 87.5366 41.443 16.0714 25.3716
internal_count=626 575 405 356 170 66 104
is_linear=0
shrinkage=0.03


Tree=28
num_leaves=12
num_cat=0
split_feature=7 12 11 11 9 5 18 0 2 36 3
split_gain=6.79731 9.34097 7.99501 10.0318 4.08657 4.08384 5.2186 3.5482 1.83331 4.46887 1.68285
threshold=0.013087703013504612 53.41052731989182 -0.032579456622543461 0.0067287131403271925 0.1019932585031918 0.028374799036703594 0.70352194792293321 -0.0020043949060566386 0.029263062001269938 0.0066634034470565385 0.050556989515396784
decision_type=2 2 2 2 2 2 2 2 2 2 2
left_child=1 2 7 -4 8 -3 -7 -1 9 -2 -10
right_child=4 5 3 -5 -6 6 -8 -9 10 -11 -12
leaf_value=0.0007375035107303555 -0.015469032457317738 0.032712179085853006 -0.016936100079928906 0.0071523134341578195 0.0063945815326993992 -0.0056669472902075389 0.0228923687911043 0.027635065867918703 -0.02815861051064376 0.011218629871238081 -0.0047148587315415519
leaf_weight=9.2904277890920657 11.486541822552683 11.850310117006304 29.69805371761322 27.890997186303139 11.842280790209768 9.6061776578426379 8.9024392962455732 9.5158407539129239 8.4133402258157712 7.3326724767684928 7.5152584016323081
leaf_count=38 48 48 121 113 48 39 36 39 35 30 31
internal_value=0.00194345 0.00616437 0.000236189 -0.0051696 -0.00727508 0.0196819 0.00823123 0.0164166 -0.0124364 -0.00427124 -0.0196941
internal_weight=153.344 106.754 76.3953 57.5891 46.5901 30.3589 18.5086 18.8063 34.7478 18.8192 15.9286
internal_count=626 434 311 234 192 123 75 77 144 78 66
is_linear=0
shrinkage=0.03


Tree=29
num_leaves=8
num_cat=0
split_feature=37 22 6 36 3 9 35
split_gain=8.5494 5.18273 5.69225 6.10383 4.43214 3.68702 3.20558
threshold=0.061698669294617765 -0.16457123875947896 0.020652477572823322 0.0090503095185719678 0.051663064573984625 -0.050676817307207571 0.04445983613961469
decision_type=2 2 2 2 2 2 2
left_child=1 5 3 -3 -4 -1 -7
right_child=-2 2 4 -5 -6 6 -8
leaf_value=0.0099125206929029114 -0.02001096192684744 0.013563031138019472 -0.022060969086377509 -0.011903198267728902 0.0066389824214040374 -0.0014659054978048505 -0.021671016230251406
leaf_weight=9.5645935684442502 12.367251217365263 77.324211791157722 7.5051837861537916 7.3115893155336371 7.3226846903562546 21.360972777009014 10.44010369479656
leaf_count=39 51 314 31 30 30 88 43
internal_value=0.00190427 0.00418708 0.00790666 0.0109659 -0.0078917 -0.00436291 -0.00943268
internal_weight=153.197 140.829 99.4637 84.6358 14.8279 41.3657 31.8011
internal_count=626 575 405 344 61 170 131
is_linear=0
shrinkage=0.03


Tree=30
num_leaves=5
num_cat=0
split_feature=40 36 40 10
split_gain=9.2166 6.43661 4.47469 5.96602
threshold=0.08712645089001804 0.0090503095185719678 -0.035144871336482857 -0.02755278835809671
decision_type=2 2 2 2
left_child=1 2 -1 -4
right_child=-2 -3 3 -5
leaf_value=-0.010294875866169995 -0.026250651166431944 -0.016708384229048395 0.027361879671481803 0.0042634241074938056
leaf_weight=12.958489820361136 8.7201726883649808 11.676004007458685 9.8894719779491407 97.884395197033882
leaf_count=53 36 48 40 400
internal_value=0.000400036 0.0026313 0.00486564 0.00697951
internal_weight=141.129 132.408 120.732 107.774
internal_count=577 541 493 440
is_linear=0
shrinkage=0.03


Tree=31
num_leaves=6
num_cat=0
split_feature=40 13 36 19 11
split_gain=8.78319 6.71796 8.70296 6.7763 2.22139
threshold=0.08712645089001804 5.5569841044978263 0.0087959143494123811 0.086594666433403508 -0.011398272993350276
decision_type=2 2 2 2 2
left_child=1 2 3 -1 -3
right_child=-2 4 -4 -5 -6
leaf_value=0 -0.025678247179947534 -0.00020705119554021502 -0.018133596158752371 0.015482899023652789 -0.01906545901044188
leaf_weight=42.656293958425522 8.692126661539076 12.181564450263979 9.9579816013574582 55.488378614187241 12.133895397186278
leaf_count=174 36 50 41 226 50
internal_value=0.000372637 0.00255087 0.00586079 0.00875863 -0.0109215
internal_weight=141.11 132.418 108.103 98.1447 24.3155
internal_count=577 541 441 400 100
is_linear=0
shrinkage=0.03


Tree=32
num_leaves=7
num_cat=0
split_feature=40 13 34 34 16 11
split_gain=8.35852 6.36703 4.81044 6.1269 5.26655 2.10797
threshold=0.08712645089001804 5.5569841044978263 -0.011165414823275042 0.036633686703788311 -0.22591486097009469 -0.011398272993350276
decision_type=2 2 2 2 2 2
left_child=1 2 4 -4 -1 -3
right_child=-2 5 3 -5 -6 -7
leaf_value=0.0076944253132827474 -0.025123646040049078 -0.00020171748839836726 0.014008424351493231 -0.0069124142643600785 -0.014432466693718268 -0.01861862176553062
leaf_weight=16.949903190135956 8.6620879471302015 12.181423753499987 60.600767612457275 13.413338199257849 17.142974779009819 12.100850790739058
leaf_count=69 36 50 247 55 70 50
internal_value=0.000326131 0.00245201 0.0056756 0.00993756 -0.00319929 -0.0106688
internal_weight=141.051 132.389 108.107 74.0141 34.0929 24.2823
internal_count=577 541 441 302 139 100
is_linear=0
shrinkage=0.03


Tree=33
num_leaves=8
num_cat=0
split_feature=40 3 3 12 12 24 11
split_gain=7.95843 5.25819 7.293 7.06083 7.3536 6.94728 2.99345
threshold=0.08712645089001804 0.023984021304926832 0.067624690414457969 47.96614415913475 39.182010900599415 0.42317280016447373 0.027988954896690291
decision_type=2 2 2 2 2 2 2
left_child=1 3 6 4 -1 -5 -3
right_child=-2 2 -4 5 -6 -7 -8
leaf_value=0.0090209847125090597 -0.024585866351895476 -0.020824395306619073 0.015865881476634831 0.0059084461263894652 -0.012502392589512329 0.032573953761774889 0
leaf_weight=27.464389801025391 8.6302406787872297 18.259198710322384 7.3326760083436957 31.933657824993134 25.455133050680161 12.094979003071783 9.8248811662197095
leaf_count=112 36 76 30 130 104 49 40
internal_value=0.000285343 0.00236041 -0.00708268 0.00603515 -0.00113725 0.0146566 -0.0142295
internal_weight=140.995 132.365 35.4168 96.9482 52.9195 44.0286 28.0841
internal_count=577 541 146 395 216 179 116
is_linear=0
shrinkage=0.03


Tree=34
num_leaves=7
num_cat=0
split_feature=40 13 19 11 28 38
split_gain=7.59925 6.00517 5.1812 11.3993 8.22814 2.06754
threshold=0.08712645089001804 5.5569841044978263 0.073561425778944353 0.010101075152239571 10.500000000000002 0.009082697589095412
decision_type=2 2 2 2 2 2
left_child=1 2 3 -1 -4 -3
right_child=-2 5 4 -5 -6 -7
leaf_value=-0.02334395996570883 -0.024064003788955259 0 0.014313964972286236 0.013300204066635249 -0.0073046989862506169 -0.017015736719703738
leaf_weight=13.647330775856974 8.5967581123113614 9.9161562025547045 63.268733948469162 12.634865432977675 18.527102500200272 14.31353113055229
leaf_count=56 36 41 258 51 76 59
internal_value=0.000277605 0.00230569 0.00543874 -0.00550254 0.00918077 -0.0104467
internal_weight=140.904 132.308 108.078 26.2822 81.7958 24.2297
internal_count=577 541 441 107 334 100
is_linear=0
shrinkage=0.03


Tree=35
num_leaves=8
num_cat=0
split_feature=15 36 15 36 7 33 19
split_gain=7.81422 6.17175 7.29043 9.3757 3.98409 3.28323 1.52616
threshold=-31.776278262886198 0.0087959143494123811 -14.932930851792287 0.006190981103895544 0.013446552221764807 0.17818797873075329 0.092914029011659335
decision_type=2 2 2 2 2 2 2
left_child=4 2 6 -4 5 -1 -2
right_child=1 -3 3 -5 -6 -7 -8
leaf_value=0.0017575345977655947 -0.026749154377513212 -0.026654985806643747 -0.0062998377338790938 0.012877822212717749 -0.0039727049100097851 0.026692019430655096 -0.0045075462097906574
leaf_weight=9.0577245354652458 8.8133984208107012 7.9155589044094077 51.526586666703224 37.758564323186874 7.5975477844476691 14.314124718308447 7.6009969264268866
leaf_count=37 37 33 211 153 31 59 31
internal_value=-0.000138264 -0.00390979 -0.00160383 0.0017505 0.0126409 0.0185202 -0.0188725
internal_weight=144.585 113.615 105.7 89.2852 30.9694 23.3718 16.4144
internal_count=592 465 432 364 127 96 68
is_linear=0
shrinkage=0.03


Tree=36
num_leaves=7
num_cat=0
split_feature=37 23 16 22 10 23
split_gain=7.55296 5.43366 5.02253 4.69671 5.15993 3.56592
threshold=0.050947079307460015 0.74775297547256092 4.926279857814337 0.13515232743382358 -0.0072747435735496793 1.0933034621126068
decision_type=2 2 2 2 2 2
left_child=1 -1 -2 5 -5 -3
right_child=2 3 -4 4 -6 -7
leaf_value=0.021685288654453381 -0.031778586096091334 -0.0086326752534352375 -0.00026643600517940893 -0.0028010746100044677 0.017396139015156645 0.0045674681194375882
leaf_weight=10.004683509469031 8.4498183131217974 49.772618651390076 9.8816775232553464 18.133242085576057 22.799915835261345 25.386934995651245
leaf_count=41 35 204 41 74 93 104
internal_value=-0.00014847 0.0024474 -0.0172268 0.000323312 0.00838578 -0.00397679
internal_weight=144.429 126.097 18.3315 116.093 40.9332 75.1596
internal_count=592 516 76 475 167 308
is_linear=0
shrinkage=0.03


Tree=37
num_leaves=9
num_cat=0
split_feature=11 2 11 20 35 0 12 15
split_gain=7.97168 9.08963 8.31058 9.58612 7.86121 7.84492 1.47739 0.562596
threshold=-0.034517760492735854 0.016640938302263545 0.07187086166172553 0.02730156451274068 0.048125426868596784 -0.012677990057915698 40.462085433353153 -50.746103661527258
decision_type=2 2 2 2 2 2 2 2
left_child=1 7 4 -4 5 -2 -6 -1
right_child=2 -3 3 -5 6 -7 -8 -9
leaf_value=0.011321513298280961 0.015472608290268712 -0.0079294604757041299 0.034137634853381373 -0.007037351011765512 -0.0060785130329580085 -0.0075417181238073778 -0.027391716561101027 0.02954283772340419
leaf_weight=10.373622819781302 15.037020251154898 11.052096650004385 8.1844341456890124 8.1027211993932706 7.6337575167417553 56.991082683205605 15.736629605293272 11.248748555779459
leaf_count=43 61 46 33 33 31 234 65 46
internal_value=-0.000144225 0.0123433 -0.00408237 0.0143038 -0.00760466 -0.00224627 -0.0220492 0.0231346
internal_weight=144.36 32.6745 111.686 16.2872 95.3985 72.0281 23.3704 21.6224
internal_count=592 135 457 66 391 295 96 89
is_linear=0
shrinkage=0.03


Tree=38
num_leaves=9
num_cat=0
split_feature=9 11 20 23 37 32 1 9
split_gain=8.25961 8.64942 8.38762 7.54407 8.52186 2.81204 3.09315 2.49041
threshold=-0.050676817307207571 0.07187086166172553 0.02730156451274068 1.103304241260181 0.02575201773639935 0.010554267312654965 -0.021004164811298905 0.021866234368055171
decision_type=2 2 2 2 2 2 2 2
left_child=5 3 -3 4 -2 6 -1 -5
right_child=1 2 -4 7 -6 -7 -8 -9
leaf_value=0 -0.0026693904076326683 0.033345159293412641 -0.0054617638349222257 0.013675267425070458 -0.023823718401024558 -0.0010205511125181001 0.024962688669413032 -0.003128732030405514
leaf_weight=7.3148499280214372 40.510235652327538 8.1752367019653338 7.8509467393159857 13.984797507524492 31.137001097202301 7.3270730525255194 15.53536146879196 12.354982763528822
leaf_count=30 166 33 32 57 129 30 64 51
internal_value=-0.000126039 -0.00395428 0.0150055 -0.00744336 -0.0124638 0.0132181 0.0181021 0.00559932
internal_weight=144.19 114.013 16.0262 97.987 71.6472 30.1773 22.8502 26.3398
internal_count=592 468 65 403 295 124 94 108
is_linear=0
shrinkage=0.03


Tree=39
num_leaves=7
num_cat=0
split_feature=37 23 23 38 3 23
split_gain=6.95455 5.15045 4.12242 7.01782 3.59903 3.28929
threshold=0.050947079307460015 0.74775297547256092 1.0438062800831227 0.0093420337574533045 -0.0063311833116849172 0.94070673047577569
decision_type=2 2 2 2 2 2
left_child=1 -1 4 -4 -3 -2
right_child=5 2 3 -5 -6 -7
leaf_value=0.021136916671965766 -0.028556129348755212 -0.011001189478747089 0.019484555673135132 -0.0026630497508359817 0.0021778335364595405 -0.0019856649570295787
leaf_weight=9.9663036614656431 8.3658884614706057 33.716886296868324 20.587291419506073 26.741335317492485 34.785750761628151 9.8350852429866773
leaf_count=41 35 138 84 110 143 41
internal_value=-0.00010843 0.00237625 0.000303389 0.00706616 -0.00422417 -0.0165591
internal_weight=143.999 125.798 115.831 47.3286 68.5026 18.201
internal_count=592 516 475 194 281 76
is_linear=0
shrinkage=0.03


Tree=40
num_leaves=11
num_cat=0
split_feature=7 0 38 23 13 17 13 13 33 16
split_gain=9.06847 6.81605 5.4488 4.97587 4.70736 4.36544 3.5092 2.76448 2.21669 2.03431
threshold=0.0095030178048586492 -0.0070130750803019106 0.0098184560430549187 1.0438062800831227 -5.5782214849346365 5.4413118141391346 -2.4800182684821723 -1.6906105178350292 0.31535591472009611 12.407631127020977
decision_type=2 2 2 2 2 2 2 2 2 2
left_child=1 4 3 -3 -1 6 -2 -6 -4 -8
right_child=5 2 8 -5 7 -7 9 -9 -10 -11
leaf_value=0.0072621338419370631 0 -0.0043723064793118023 0.0081742403950781951 0.019521919074231259 -0.021691152549991592 0.0034107205613629469 -0.010882835266468945 -0.00053438094198803281 0.033267320422525573 -0.031144661294371954
leaf_weight=13.97677932679653 10.210324808955191 23.635111331939697 9.7293447852134722 9.0621096789836866 12.927218779921532 10.895168274641035 16.409722641110424 11.442575991153717 9.0502298176288587 12.246060013771055
leaf_count=57 42 97 40 37 53 45 68 47 37 51
internal_value=-0.00172597 0.00383794 0.0108899 0.00256127 -0.0053275 -0.0118193 -0.0164137 -0.01312 0.0230269 -0.021498
internal_weight=139.585 89.8234 51.4768 32.6972 38.3466 49.7613 38.8661 24.3698 18.7796 28.6558
internal_count=574 368 211 134 157 206 161 100 77 119
is_linear=0
shrinkage=0.03


Tree=41
num_leaves=12
num_cat=0
split_feature=7 0 38 26 13 5 26 15 33 13 12
split_gain=8.63605 6.49651 5.19091 4.53125 4.48004 3.78868 3.4095 3.39237 2.65044 2.61936 1.56878
threshold=0.0095030178048586492 -0.0070130750803019106 0.0098184560430549187 0.5089050687860498 -5.5782214849346365 -0.052972206729875397 0.25143537850215519 41.451162242910264 0.7293938694095955 -1.6906105178350292 56.954073206329703
decision_type=2 2 2 2 2 2 2 2 2 2 2
left_child=1 4 3 -3 -1 -4 7 8 -2 -6 -8
right_child=6 2 5 -5 9 -7 10 -9 -10 -11 -12
leaf_value=0.0070703041454998842 -0.022367020074170681 -0.0034557909637518711 0.0023832750298854468 0.020336629647321594 -0.021162888313628805 0.032273026037422305 -0.0047170853528401202 0.0097653382328454011 -0.00029579142045203679 -0.00052074239161016957 -0.02653739592927597
leaf_weight=13.979533746838568 7.7618017494678559 25.087512463331223 7.4544917494058636 7.6018724888563147 12.902701765298843 11.309749454259871 7.2891278564929989 8.5899372547864896 12.84918090701103 11.442373812198639 13.185896888375281
leaf_count=57 32 103 31 31 53 46 30 35 54 47 55
internal_value=-0.00167402 0.00375182 0.0106399 0.0024982 -0.00519296 0.0224944 -0.011536 -0.00382426 -0.0105141 -0.0128063 -0.0205478
internal_weight=139.454 89.7782 51.4536 32.6894 38.3246 18.7642 49.6759 29.2009 20.611 24.3451 20.475
internal_count=574 368 211 134 157 77 206 121 86 100 85
is_linear=0
shrinkage=0.03


Tree=42
num_leaves=6
num_cat=0
split_feature=10 14 7 19 19
split_gain=8.37628 6.79525 7.39038 5.71293 3.35629
threshold=0.046559058706744934 53.844881000914263 0.0095030178048586492 0.16737463858674675 0.12947186765378663
decision_type=2 2 2 2 2
left_child=1 2 3 -1 -4
right_child=-2 -3 4 -5 -6
leaf_value=0.00023426320568691836 -0.022716975589567021 0.021561754482780856 -0.017876951370099346 0.024178387459033172 0.0017683244976999103
leaf_weight=72.457966655492783 13.187821254134176 10.837038874626158 25.785979941487312 8.4708722680807096 8.5935838073492032
leaf_count=297 55 44 108 35 35
internal_value=-0.00163172 0.00077572 -0.00138425 0.00344406 -0.0127268
internal_weight=139.333 126.145 115.308 80.9288 34.3796
internal_count=574 519 475 332 143
is_linear=0
shrinkage=0.03


Tree=43
num_leaves=7
num_cat=0
split_feature=16 11 9 12 21 28
split_gain=8.04899 5.49854 6.16287 11.6793 5.03827 3.34597
threshold=12.6648021650664 0.062624779166325709 0.020842525321938948 53.41052731989182 0.014054517572113349 8.5000000000000018
decision_type=2 2 2 2 2 2
left_child=1 2 3 -1 -4 -2
right_child=5 -3 4 -5 -6 -7
leaf_value=-0.0007680805117175689 -0.0045616217975440717 0.01871245604940323 0.0010157470071626277 0.032406188439734057 -0.022088477878262666 -0.02833715980211193
leaf_weight=62.765998125076294 14.283581405878069 13.022302508354185 13.354260414838793 9.0928420722484571 16.299812525510788 10.347146183252333
leaf_count=258 59 53 55 37 68 44
internal_value=-0.00157224 0.00173524 -0.000617196 0.00399047 -0.0118032 -0.0164908
internal_weight=139.166 114.535 101.513 71.8588 29.6541 24.6307
internal_count=574 471 418 295 123 103
is_linear=0
shrinkage=0.03


Tree=44
num_leaves=6
num_cat=0
split_feature=10 11 5 9 35
split_gain=7.862 10.2111 8.26607 6.4919 4.44595
threshold=0.046559058706744934 0.062624779166325709 0.0035847526162630099 -0.01183943806255794 -0.019819892138591307
decision_type=2 2 2 2 2
left_child=1 2 3 -1 -4
right_child=-2 -3 4 -5 -6
leaf_value=-0.0013337676930145999 -0.022017368123011527 0.025977989430851021 -0.025847686623316098 0.018006914473197775 -0.0047818196442465013
leaf_weight=46.957465514540672 13.107856705784796 11.105528235435484 12.240330263972281 20.384257897734642 35.236804977059364
leaf_count=194 55 45 51 83 146
internal_value=-0.00152834 0.000798046 -0.00191207 0.00465482 -0.0113414
internal_weight=139.032 125.924 114.819 67.3417 47.4771
internal_count=574 519 474 277 197
is_linear=0
shrinkage=0.03


Tree=45
num_leaves=8
num_cat=0
split_feature=13 21 21 15 19 2 21
split_gain=5.91217 4.35186 5.05771 7.01273 3.0406 2.39579 1.23702
threshold=-7.8976312464025673 0.03027038648129177 0.021243163857655175 51.163976848275617 0.21575193951503799 0.00096909107061393673 0.015652944511252997
decision_type=2 2 2 2 2 2 2
left_child=6 2 3 -2 -3 -4 -1
right_child=1 4 5 -5 -6 -7 -8
leaf_value=0.023583931111808804 -0.0047030485524459644 0.02301906664446346 -0.029798832474789833 0.019939538855949165 -0.00049377501868361456 -0.0048209436772840399 0.0042826805416968537
leaf_weight=7.40787245333195 92.960380300879478 7.2314801812171918 7.9582329094409969 9.5639892518520337 7.9592359364032745 9.375338673591612 9.496109336614607
leaf_count=30 384 30 33 39 33 39 39
internal_value=-0.000480115 -0.00273643 -0.00478103 -0.00192321 0.0112027 -0.018961 0.0151348
internal_weight=151.953 135.049 119.858 102.524 15.1907 17.3336 16.904
internal_count=627 558 495 423 63 72 69
is_linear=0
shrinkage=0.03


Tree=46
num_leaves=7
num_cat=0
split_feature=40 1 28 28 22 1
split_gain=5.23457 3.80878 6.08737 6.44574 5.5143 2.99368
threshold=0.08712645089001804 0.025837074991392209 10.500000000000002 4.5000000000000009 -0.028669808582614805 0.037791929227982364
decision_type=2 2 2 2 2 2
left_child=1 2 3 -1 -4 -3
right_child=-2 5 4 -5 -6 -7
leaf_value=-0.0033772064542499291 -0.021534273255659233 -0.018850688364159377 -0.021579766656661552 0.012276026630721136 0.0040380393485093535 0.0013888828800872964
leaf_weight=34.349963545799255 7.9753751903772345 12.189894393086435 13.194698601961138 62.308404639363289 12.42227867245674 9.4315996021032316
leaf_count=141 34 51 55 256 51 39
internal_value=-0.000450988 0.000893905 0.00307406 0.00660553 -0.00922115 -0.0100168
internal_weight=151.872 143.897 122.275 96.6584 25.617 21.6215
internal_count=627 593 503 397 106 90
is_linear=0
shrinkage=0.03


Tree=47
num_leaves=8
num_cat=0
split_feature=13 21 21 15 0 19 38
split_gain=5.57813 4.17224 4.8238 6.60448 4.64871 2.91191 2.02847
threshold=-7.8976312464025673 0.03027038648129177 0.021243163857655175 51.163976848275617 0.0070019609460191265 0.21575193951503799 0.0088358271234713261
decision_type=2 2 2 2 2 2 2
left_child=6 2 3 -2 -4 -3 -1
right_child=1 5 4 -5 -6 -7 -8
leaf_value=0.022813066774823254 -0.004565713980938543 0.022567454172125963 -0.029961582751993152 0.01936019773860714 0 -0.00042461375691566194 0.0003927828747963636
leaf_weight=9.3619417697191256 92.876042157411575 7.2207260578870756 10.035209730267526 9.5492152571678144 7.2633765041828147 7.9518458694219589 7.5308841168880454
leaf_count=38 384 30 42 39 30 33 31
internal_value=-0.000456526 -0.00265276 -0.00465821 -0.00186336 -0.0185213 0.0109979 0.0147116
internal_weight=151.789 134.896 119.724 102.425 17.2986 15.1726 16.8928
internal_count=627 558 495 423 72 63 69
is_linear=0
shrinkage=0.03


Tree=48
num_leaves=6
num_cat=0
split_feature=13 40 25 21 38
split_gain=5.30752 4.1093 4.78551 2.88886 1.91734
threshold=-7.8976312464025673 0.08712645089001804 0.010728305819941763 0.03027038648129177 0.0088358271234713261
decision_type=2 2 2 2 2
left_child=4 2 -2 -4 -1
right_child=1 -3 3 -5 -6
leaf_value=0.02224830216670624 -0.021015131187139408 -0.022001997879631197 -0.0011134098444786072 0.012701112518353624 0.00038347160727880979
leaf_weight=9.3623602092266101 7.9955321699380866 7.2227485477924338 106.10397367179394 13.477371171116827 7.5309031605720511
leaf_count=38 33 31 438 56 31
internal_value=-0.000424954 -0.00257136 -0.00103291 0.000503497 0.0143675
internal_weight=151.693 134.8 127.577 119.581 16.8933
internal_count=627 558 527 494 69
is_linear=0
shrinkage=0.03


Tree=49
num_leaves=6
num_cat=0
split_feature=13 3 1 28 1
split_gain=5.06392 3.65073 4.92194 4.24706 1.86797
threshold=-7.8976312464025673 0.069970834145274843 0.031651985179534055 10.500000000000002 -0.016419332579176268
decision_type=2 2 2 2 2
left_child=4 2 3 -2 -1
right_child=1 -3 -4 -5 -6
leaf_value=0.022045448019269456 0.0012143847325114076 0.015433617764097145 -0.019782720583892993 -0.012874977541021061 0.00053322426125205677
leaf_weight=9.1087158769369143 92.007676616311073 7.2622668743133536 13.582374319434164 21.876530691981316 7.7827278077602378
leaf_count=37 380 30 57 91 32
internal_value=-0.00041301 -0.00251271 -0.00387366 -0.00153816 0.0140335
internal_weight=151.62 134.729 127.467 113.884 16.8914
internal_count=627 558 528 471 69
is_linear=0
shrinkage=0.03


end of trees

feature_importances:
ma_20_60_cross=26
div_ma_60=24
bb_bandwidth=23
rsi_change=18
div_ma_10=17
volatility=17
month=16
macro_usdjpy_ret_60=16
vol_ratio=14
macro_usdjpy_vol_20=13
return_20d=12
macd_signal=12
vol_change=12
rsi=11
macro_topix_vol_20=11
return_5d=10
macd_hist=10
ma_5_20_cross=9
macro_usdjpy_ret_20=9
macro_topix_ret_20=9
macro_nikkei_ret_20=9
atr_pct=8
upper_shadow_pct=8
price_position_20d=8
return_1d=6
return_2d=5
bb_pct_b=5
gap=5
return_3d=4
div_ma_5=4
macd_hist_change=4
lower_shadow_pct=4
return_10d=3
div_ma_20=3
macd=3
macro_nikkei_above_200dma=3
candle_body_pct=1
streak=1

parameters:
[boosting: gbdt]
[objective: binary]
[metric: binary_logloss]
[tree_learner: serial]
[device_type: cpu]
[data_sample_strategy: bagging]
[data: ]
[valid: ]
[num_iterations: 50]
[learning_rate: 0.03]
[num_leaves: 15]
[num_threads: 0]
[seed: 43]
[deterministic: 0]
[force_col_wise: 0]
[force_row_wise: 0]
[histogram_pool_size: -1]
[max_depth: 4]
[min_data_in_leaf: 30]
[min_sum_hessian_in_leaf: 0.001]
[bagging_fraction: 0.7]
[pos_bagging_fraction: 1]
[neg_bagging_fraction: 1]
[bagging_freq: 5]
[bagging_seed: 11149]
[bagging_by_query: 0]
[feature_fraction: 0.6]
[feature_fraction_bynode: 1]
[feature_fraction_seed: 21351]
[extra_trees: 0]
[extra_seed: 16806]
[early_stopping_round: 0]
[early_stopping_min_delta: 0]
[first_metric_only: 0]
[max_delta_step: 0]
[lambda_l1: 0.5]
[lambda_l2: 2]
[linear_lambda: 0]
[min_gain_to_split: 0]
[drop_rate: 0.1]
[max_drop: 50]
[skip_drop: 0.5]
[xgboost_dart_mode: 0]
[uniform_drop: 0]
[drop_seed: 2965]
[top_rate: 0.2]
[other_rate: 0.1]
[min_data_per_group: 100]
[max_cat_threshold: 32]
[cat_l2: 10]
[cat_smooth: 10]
[max_cat_to_onehot: 4]
[top_k: 20]
[monotone_constraints: ]
[monotone_constraints_method: basic]
[monotone_penalty: 0]
[feature_contri: ]
[forcedsplits_filename: ]
[refit_decay_rate: 0.9]
[cegb_tradeoff: 1]
[cegb_penalty_split: 0]
[cegb_penalty_feature_lazy: ]
[cegb_penalty_feature_coupled: ]
[path_smooth: 0]
[interaction_constraints: ]
[verbosity: -1]
[saved_feature_importance_type: 0]
[use_quantized_grad: 0]
[num_grad_quant_bins: 4]
[quant_train_renew_leaf: 0]
[stochastic_rounding: 1]
[linear_tree: 0]
[max_bin: 255]
[max_bin_by_feature: ]
[min_data_in_bin: 5]
[bin_construct_sample_cnt: 200000]
[data_random_seed: 179]
[is_enable_sparse: 1]
[enable_bundle: 1]
[use_missing: 1]
[zero_as_missing: 0]
[feature_pre_filter: 1]
[pre_partition: 0]
[two_round: 0]
[header: 0]
[label_column: ]
[weight_column: ]
[group_column: ]
[ignore_column: ]
[categorical_feature: ]
[forcedbins_filename: ]
[precise_float_parser: 0]
[parser_config_file: ]
[objective_seed: 26397]
[num_class: 1]
[is_unbalance: 0]
[scale_pos_weight: 1]
[sigmoid: 1]
[boost_from_average: 1]
[reg_sqrt: 0]
[alpha: 0.9]
[fair_c: 1]
[poisson_max_delta_step: 0.7]
[tweedie_variance_power: 1.5]
[lambdarank_truncation_level: 30]
[lambdarank_norm: 1]
[label_gain: ]
[lambdarank_position_bias_regularization: 0]
[eval_at: ]
[multi_error_top_k: 1]
[auc_mu_weights: ]
[num_machines: 1]
[local_listen_port: 12400]
[time_out: 120]
[machine_list_filename: ]
[machines: ]
[gpu_platform_id: -1]
[gpu_device_id: -1]
[gpu_use_dp: 0]
[num_gpu: 1]

end of parameters

pandas_categorical:[]
