tree
version=v4
num_class=1
num_tree_per_iteration=1
label_index=0
max_feature_idx=44
objective=binary sigmoid:1
feature_names=return_1d return_2d return_3d return_5d return_10d return_20d div_ma_5 div_ma_10 div_ma_20 div_ma_60 ma_5_20_cross ma_20_60_cross rsi rsi_change macd macd_signal macd_hist macd_hist_change bb_pct_b bb_bandwidth atr_pct volatility vol_change vol_ratio candle_body_pct upper_shadow_pct lower_shadow_pct day_of_week month is_month_end is_month_start streak gap price_position_20d macro_usdjpy_ret_20 macro_usdjpy_ret_60 macro_usdjpy_vol_20 macro_topix_ret_20 macro_topix_vol_20 macro_topix_above_200dma macro_nikkei_ret_20 macro_nikkei_above_200dma macro_nikkei_vi macro_jgb10y macro_bias_score
feature_infos=[-0.047573324675198925:0.047032439022514749] [-0.052871223227637376:0.050100198868800794] [-0.078625938667899131:0.060579091775125216] [-0.079144063347538429:0.070190430904915058] [-0.10699996948242185:0.11742775503970204] [-0.1182423924334487:0.15884581472014592] [-0.046754045093518014:0.03136102171888943] [-0.065679653588011352:0.057611183675024734] [-0.095283898731975444:0.091383476178522549] [-0.086355409043981882:0.12109266072274501] [-0.058392300957105903:0.065549920908115844] [-0.042748625708304955:0.064274238635985359] [4.3321721234716364:99.078285278722376] [-31.4914123830169:24.909606094271432] [-4.0148556247349632:6.6759841301698657] [-3.5218467914219871:5.4278448928573146] [-2.413064758262613:2.3328558279840057] [-0.79483865050968294:0.60413765747862969] [-0.29899250290519275:1.2942002598775366] [0.015966985924506391:0.20663538136815932] [0.0062028219888735359:0.03098835320355546] [0.0037467866522835486:0.018685482479757549] [-0.82513331758797714:3.6311208267090622] [0.55432004082819386:1.8220195466454623] [-1:1] [0:0.9499969482421875] [0:0.97058638734056779] [0:4] [1:12] none [0:1] [-11:9] [-0.063431099566931937:0.055611174876266878] [0:1] [-0.10288784967882303:0.08505611680078462] [-0.13986255140503889:0.13160084488587853] [0.0024251968629527628:0.011841457708833433] [-0.21871130063915301:0.21255327098343968] [0.0039190687430325395:0.040640984327119524] [0:1] [-0.22859537662338159:0.23022297972565586] [0:1] none none none
tree_sizes=1082 1389 1092 1069 1180 1199 1302 1099 1087 1199 1082 890 1191 1084 869 1094 1105 1403 1302 1192 986 1303 1301 991 1292 1079 1073 1083 1079 1080 787 890 1089 1278 975 1000 771 770 1417 1103 1093 874 1208 784 1098 1184 867 865 1206 1419

Tree=0
num_leaves=9
num_cat=0
split_feature=37 35 1 5 36 9 22 5
split_gain=14.4968 9.15679 9.33815 7.64413 5.30699 4.65347 3.68801 3.48443
threshold=0.037508997452498145 0.056294619725414836 -0.006763649741241661 0.009498105413638493 0.0080627815361906854 0.00030023413822756934 0.21136730452967348 -0.0066270541028272669
decision_type=2 2 2 2 2 2 2 2
left_child=1 2 5 -4 6 -1 7 -2
right_child=4 -3 3 -5 -6 -7 -8 -9
leaf_value=-0.14937465051479329 -0.1569126767698531 -0.16797993079474449 -0.12910409912508891 -0.15005604756510205 -0.14671237261528497 -0.17379313420883105 -0.15430904394074907 -0.1826951618834653
leaf_weight=15.65761908888817 8.450143635272978 14.166417270898817 37.031511813402176 30.569637268781662 7.7045427262783042 9.1957445442676526 10.686946362257002 20.876825451850895
leaf_count=63 34 57 149 123 31 37 43 84
internal_value=-0.153473 -0.147279 -0.143708 -0.137993 -0.166837 -0.158691 -0.171207 -0.176439
internal_weight=154.339 106.621 92.4545 67.6011 47.7185 24.8534 40.0139 29.327
internal_count=621 429 372 272 192 100 161 118
is_linear=0
shrinkage=1


Tree=1
num_leaves=12
num_cat=0
split_feature=34 40 35 8 16 34 5 1 16 8 12
split_gain=11.9433 8.30012 8.29274 7.44511 7.14685 6.9496 6.4628 5.17056 5.0732 2.02672 1.74139
threshold=-0.0052845714783318334 0.043440567939025516 0.05536943604096279 -0.0069882675254794961 0.17787052568669962 0.026408176255276809 0.012365114546209146 -0.0081902018634389378 0.31837805342335757 -7.6473923117266585e-05 69.227168243488521
decision_type=2 2 2 2 2 2 2 2 2 2 2
left_child=6 2 4 -3 -2 -4 7 -1 -8 -9 -5
right_child=1 3 5 10 -6 -7 8 9 -10 -11 -12
leaf_value=0 -0.0012279364701414852 0.0066254755080259187 0.0012443808785391373 -0.028170422520874015 0.021728834955051735 -0.033689066117103074 -0.014208817773392782 0.034081155923810023 0.012984845517227055 0.0099902737614969723 -0.0065179359486288915
leaf_weight=8.6956430226564425 31.57965224981308 7.7074843496084204 8.6901653409004229 21.349841699004177 16.654981762170792 7.9444689303636542 11.180986300110819 13.689283862710003 9.4441834688186628 9.4539411365985835 7.9433857500553122
leaf_count=35 127 31 35 86 67 32 45 55 38 38 32
internal_value=0 -0.00592922 0.000409756 -0.0168784 0.00694973 -0.0164595 0.0114155 0.0195166 -0.00104686 0.0264142 -0.0235701
internal_weight=154.334 101.87 64.8693 37.0007 48.2346 16.6346 52.464 31.8389 20.6252 23.1432 29.2932
internal_count=621 410 261 149 194 67 211 128 83 93 118
is_linear=0
shrinkage=0.03


Tree=2
num_leaves=9
num_cat=0
split_feature=37 38 35 15 36 24 22 11
split_gain=13.1801 9.16519 8.78291 6.04499 4.95604 4.50535 3.49398 2.6486
threshold=0.037508997452498145 0.0070637468480644417 0.056294619725414836 0.61572030192911231 0.0080627815361906854 0.052626718119039829 0.21136730452967348 0.016719059066454215
decision_type=2 2 2 2 2 2 2 2
left_child=1 5 3 -3 6 -1 7 -2
right_child=4 2 -4 -5 -6 -7 -8 -9
leaf_value=0.0019280257108186332 -0.012082931835098763 0.020362620539766573 -0.01158626553434661 0.0027612991400185159 0.0066203260838367251 -0.026489420498907783 -0.00058137752468260487 -0.034627937902344669
leaf_weight=7.4574884772300711 19.086983248591427 45.802321389317513 12.641220092773436 32.328400328755379 7.7073616683483115 8.451281398534773 10.677596837282179 10.15460231900215
leaf_count=30 77 184 51 130 31 34 43 41
internal_value=0 0.00588808 0.00968541 0.0135176 -0.0127711 -0.0136031 -0.0170102 -0.0221078
internal_weight=154.307 106.681 90.7719 78.1307 47.6265 15.9088 39.9192 29.2416
internal_count=621 429 365 314 192 64 161 118
is_linear=0
shrinkage=0.03


Tree=3
num_leaves=9
num_cat=0
split_feature=40 35 5 23 17 2 19 19
split_gain=9.69596 10.5192 5.67115 5.48298 5.50639 3.17533 3.06 2.72337
threshold=0.052047021687314461 0.056294619725414836 -0.0061176282490711933 0.76711117211300384 -0.19185473258192587 -0.0028407242678940565 0.045569083600756954 0.074458318032874657
decision_type=2 2 2 2 2 2 2 2
left_child=1 3 6 -1 -5 -3 -2 -4
right_child=2 5 7 4 -6 -7 -8 -9
leaf_value=-0.0076892985189087109 0.013153232414287556 0 -0.028935915772002968 -0.010440927821233719 0.013561709800145861 -0.026650763048015447 -0.010705475543625411 -0.0040279926258386285
leaf_weight=14.18671017885208 7.6972196996211988 7.9216126352548626 14.594174861907961 7.4501290619373313 77.901846200227737 8.9082163721322996 7.4564013034105301 8.1665807366371137
leaf_count=57 31 32 59 30 313 36 30 33
internal_value=0 0.00432575 -0.0127724 0.00817888 0.0111038 -0.0161149 0.000659599 -0.0216519
internal_weight=154.283 116.369 37.9144 99.5387 85.352 16.8298 15.1536 22.7608
internal_count=621 468 153 400 343 68 61 92
is_linear=0
shrinkage=0.03


Tree=4
num_leaves=10
num_cat=0
split_feature=40 35 4 5 4 19 19 21 22
split_gain=9.21116 8.42947 8.3154 7.02495 8.63774 6.12259 4.62506 3.53283 0.863522
threshold=0.043440567939025516 0.056294619725414836 -0.010411397793897546 -0.00098827091540049073 0.018720161039657682 0.061847141949965559 0.074458318032874657 0.0067592029676125263 0.034726454965608784
decision_type=2 2 2 2 2 2 2 2 2
left_child=1 3 -2 5 -5 -1 7 -4 -3
right_child=2 8 6 4 -6 -7 -8 -9 -10
leaf_value=0.027910053383863848 0.011273586633295038 -0.0029351127732003463 -0.0029738743212051845 -0.0084712236720915681 0.014584971753979176 0.0021232726287472026 0 -0.030619611970332045 -0.020644978935869359
leaf_weight=21.432442784309387 9.6968842446804029 7.41597633063793 7.4147470742464092 32.090952187776566 23.409571006894112 15.447674751281737 11.146936014294623 18.295154675841331 7.9107033908367157
leaf_count=86 39 30 30 129 94 62 45 74 32
internal_value=0 0.00479102 -0.010903 0.00834761 0.00116183 0.0181596 -0.0174036 -0.023978 -0.0142695
internal_weight=154.261 107.707 46.5537 92.3806 55.5005 36.8801 36.8568 25.7099 15.3267
internal_count=621 433 188 371 223 148 149 104 62
is_linear=0
shrinkage=0.03


Tree=5
num_leaves=10
num_cat=0
split_feature=37 35 21 20 21 12 8 16 5
split_gain=15.7031 9.73046 12.1692 15.1545 12.0483 9.71469 6.5971 3.83241 1.33155
threshold=0.03878022695565609 0.056294619725414836 0.0094011023285822878 0.017955532331729907 0.0087466891162211301 66.057777647516545 -0.00070269077891377057 -0.29885888771153873 -0.0032579906318359604
decision_type=2 2 2 2 2 2 2 2 2
left_child=1 2 6 -4 -3 7 -1 -2 -9
right_child=5 4 3 -5 -6 -7 -8 8 -10
leaf_value=0.036543374756491706 -0.0010287603867418893 -0.030454563765409573 -0.010638467648429562 0.028993121956283115 0.014063117336366289 0.0080478649993934032 0.012765605868620074 -0.0096178246932075162 -0.032299453071034073
leaf_weight=18.207833394408226 8.6664020419120806 9.6245914399623889 29.619986787438393 9.96814316511154 8.1548385173082334 13.857941403985022 36.598576918244362 7.9409137070179012 14.795359313488005
leaf_count=73 35 39 119 40 33 56 147 32 60
internal_value=0.00309938 0.00915786 0.0130381 0 -0.00992006 -0.0113507 0.0219376 -0.0203296 -0.0264022
internal_weight=157.435 112.174 94.3945 39.5881 17.7794 45.2606 54.8064 31.4027 22.7363
internal_count=634 451 379 159 72 183 220 127 92
is_linear=0
shrinkage=0.03


Tree=6
num_leaves=11
num_cat=0
split_feature=37 35 21 21 20 10 11 14 11 5
split_gain=14.9093 9.22108 11.501 11.4666 14.3729 5.62541 4.56751 15.5334 1.7374 1.13898
threshold=0.03878022695565609 0.056294619725414836 0.0087466891162211301 0.0094011023285822878 0.017955532331729907 0.0023613530041914914 0.01849429689414506 0.2020785830176948 0.036361229839043337 -0.0066270541028272669
decision_type=2 2 2 2 2 2 2 2 2 2
left_child=1 3 -3 5 -5 -1 7 9 -8 -2
right_child=6 2 -4 4 -6 -7 8 -9 -10 -11
leaf_value=0.030713529096204083 -0.0082967672864269221 -0.029789636750269785 0.013708083937184548 -0.010346432890974432 0.028236741459115002 0.0096034717191574252 -0.032490093800693516 0.021678644305252324 -0.007227174369083135 -0.028758388959808371
leaf_weight=27.937121912837029 10.181941062211992 9.5894073396921176 8.1666793525218946 29.599117740988731 9.9814643263816816 26.919281989336014 8.116366431117056 11.389667943120001 7.6542973220348349 7.8637669086456325
leaf_count=112 41 39 33 119 40 108 33 46 31 32
internal_value=0.00300992 0.00891211 -0.00966176 0.0126879 0 0.0213204 -0.0110774 -0.00300512 -0.0232662 -0.0199413
internal_weight=157.399 112.193 17.7561 94.437 39.5806 54.8564 45.206 29.4354 15.7707 18.0457
internal_count=634 451 72 379 159 220 183 119 64 73
is_linear=0
shrinkage=0.03


Tree=7
num_leaves=9
num_cat=0
split_feature=37 24 0 14 16 32 20 19
split_gain=14.2047 8.56141 6.70518 8.04086 4.79079 3.97262 4.89814 8.26042
threshold=0.03878022695565609 0.68188938757145656 0.0040404694649847092 0.43118887037020676 0.65683851149789307 -0.0019910728651076899 0.015897808428431737 0.064518807647016993
decision_type=2 2 2 2 2 2 2 2
left_child=1 2 4 -4 -1 -2 7 -7
right_child=5 -3 3 -5 -6 6 -8 -9
leaf_value=0.0095483690459452018 -0.026997272094387029 -0.012626857469205348 0.040214373241867732 0.0030121108937201111 -0.012620878502623587 -0.0087009468932874347 -0.023375782879001647 0.024633950212480271
leaf_weight=69.151181668043137 9.1326832920312864 12.66040453314781 12.46399372816086 10.203585982322691 7.7121570557355872 20.683215409517292 7.8904470801353446 7.4437286406755439
leaf_count=278 37 51 50 41 31 84 32 30
internal_value=0.00290965 0.00867059 0.0117227 0.0256782 0.00687014 -0.0108479 -0.00515359 0.000672849
internal_weight=157.341 112.191 99.5309 22.6676 76.8633 45.1501 36.0174 28.1269
internal_count=634 451 400 91 309 183 146 114
is_linear=0
shrinkage=0.03


Tree=8
num_leaves=9
num_cat=0
split_feature=37 24 1 26 11 14 37 6
split_gain=13.4681 8.11563 6.47356 4.69905 4.93859 9.90567 3.60584 3.1007
threshold=0.03878022695565609 0.68188938757145656 -0.0060255953958953659 0.067606054084144399 0.02136774167313216 0.15054495704758611 0.0044061435624860321 -0.0067452845836132478
decision_type=2 2 2 2 2 2 2 2
left_child=1 2 7 -2 5 -5 -4 -1
right_child=3 -3 6 4 -6 -7 -8 -9
leaf_value=0.0065904682517941597 0.0041654935075364635 -0.012309886761264818 0.023642405830827419 -0.023966457514029104 -0.032610566008245648 0.011904032851653387 0.0082427471019099006 -0.011950962208159208
leaf_weight=21.395471408963207 11.865091383457182 12.648488000035284 33.401747927069664 12.292630270123484 9.8101036697626096 11.125468805432318 34.355233624577522 10.423974737524984
leaf_count=86 48 51 134 50 40 45 138 42
internal_value=0.00281424 0.0084223 0.011394 -0.0105891 -0.0162209 -0.0067392 0.0165095 0
internal_weight=157.318 112.225 99.5764 45.0933 33.2282 23.4181 67.757 31.8194
internal_count=634 451 400 183 135 95 272 128
is_linear=0
shrinkage=0.03


Tree=9
num_leaves=10
num_cat=0
split_feature=40 17 21 16 23 12 4 15 15
split_gain=8.01586 8.68863 8.28396 13.9057 8.2211 6.19584 10.2911 4.43363 2.75801
threshold=0.037335835215548625 0.2304985019981575 0.010607852607476499 -0.3214619554757388 1.1263698743683748 66.057777647516545 -0.0023682170498261486 0.092930353982267969 -0.33134362946410151
decision_type=2 2 2 2 2 2 2 2 2
left_child=1 2 3 -1 -4 6 7 -2 -8
right_child=5 -3 4 -5 -6 -7 8 -9 -10
leaf_value=0.036914822448651442 -0.0077206771881915496 0.034944706425404287 -0.020454067494207993 0.0030971142529774968 0.013394814053599866 0.0097394335812609496 -0.0070723683174891937 0.019544617684753594 -0.032563112007905334
leaf_weight=11.95963118970394 9.420759782195093 7.7321481853723517 17.415276274085048 58.945965528488159 7.4717276394367209 13.367268010973929 9.0753111243247986 7.676262527704238 14.212077438831329
leaf_count=48 38 31 70 237 30 54 37 31 58
internal_value=0.00272029 0.00761823 0.00458956 0.00986308 -0.00949341 -0.00637888 -0.0122758 0.00450033 -0.0245674
internal_weight=157.276 103.525 95.7926 70.9056 24.887 53.7517 40.3844 17.097 23.2874
internal_count=634 416 385 285 100 218 164 69 95
is_linear=0
shrinkage=0.03


Tree=10
num_leaves=9
num_cat=0
split_feature=19 20 19 18 20 33 33 3
split_gain=9.25758 11.5481 8.45786 8.04816 7.3618 6.37533 7.5195 4.77716
threshold=0.04075222401630333 0.0099223215044047294 0.050747386839716857 0.71856677692793813 0.017414486494618991 0.23232758425222816 0.44378221051423333 0.0050342260318241303
decision_type=2 2 2 2 2 2 2 2
left_child=3 -2 7 5 -4 -1 -7 -3
right_child=1 2 4 -5 -6 6 -8 -9
leaf_value=-0.021856297216834193 0.034153569329806351 0.025852931206046433 -0.0088454037520566426 -0.026538522527621958 0.012349638895657768 0.024534144549487564 -0.0053237349194832908 0
leaf_weight=7.6944359540939322 10.212094098329542 16.158352762460712 49.389682486653328 14.060593277215956 18.391158252954483 10.184224277734758 17.299497097730637 9.6625032275915128
leaf_count=31 41 65 199 57 74 41 70 39
internal_value=0.00144703 0.00658034 0.00276359 -0.00891756 -0.00269041 -0.000422301 0.00614523 0.0167839
internal_weight=153.053 103.814 93.6017 49.2388 67.7808 35.1782 27.4837 25.8209
internal_count=617 418 377 199 273 142 111 104
is_linear=0
shrinkage=0.03


Tree=11
num_leaves=7
num_cat=0
split_feature=38 21 19 38 7 26
split_gain=10.1379 8.21845 10.8912 13.4125 6.2489 1.02144
threshold=0.016207106913756032 0.011654714631889256 0.04075222401630333 0.012286949747291461 0.0024567999185751291 0.2105253647525864
decision_type=2 2 2 2 2 2
left_child=1 2 4 -4 -1 -3
right_child=-2 5 3 -5 -6 -7
leaf_value=5.2534691394315771e-05 0.025835101466449288 -0.02515172241663282 0.014517359015480338 -0.018779789139148847 -0.020637585280564062 -0.0055608028371224574
leaf_weight=28.259079545736313 11.966012790799139 10.162451863288881 63.582112550735474 10.915815889835356 20.433446705341339 7.6966793835163108
leaf_count=114 48 41 256 44 83 31
internal_value=0.00141357 -0.000885621 0.00186228 0.00907897 -0.00880569 -0.0188743
internal_weight=153.016 141.05 123.19 74.4979 48.6925 17.8591
internal_count=617 569 497 300 197 72
is_linear=0
shrinkage=0.03


Tree=12
num_leaves=10
num_cat=0
split_feature=37 23 19 20 18 40 37 40 3
split_gain=10.9942 7.3467 6.59896 12.6948 7.63632 6.47934 5.43199 2.95683 1.2419
threshold=0.0044061435624860321 1.0221023983094293 0.030529606909250443 0.0097973433894353416 0.29934946429115733 -0.036344859847558024 -0.025451017910930514 -0.01725763975552624 0.0071664170810746839
decision_type=2 2 2 2 2 2 2 2 2
left_child=1 5 -2 -4 -5 -1 -3 -8 -7
right_child=2 6 3 4 -6 8 7 -9 -10
leaf_value=0.00048616238386380316 -0.021572428712963651 0.018024541278277753 0.023421173009324756 0.010017475325305808 -0.011600656454490571 0.039394132210541118 -0.021705111027577401 0.0011214274370270592 0.013260344821752547
leaf_weight=9.965004891157152 14.737699821591375 7.4738433212041882 13.88450190424919 17.383018493652344 55.141055285930634 10.96769952774048 7.465228036046029 8.2239866703748667 7.7373265177011481
leaf_count=40 60 30 56 70 223 44 30 33 31
internal_value=0.00135391 0.0124008 -0.00429239 -0.000754126 -0.00608803 0.0220342 0 -0.0101179 0.0316335
internal_weight=152.979 51.8331 101.146 86.4086 72.5241 28.67 23.1631 15.6892 18.705
internal_count=617 208 409 349 293 115 93 63 75
is_linear=0
shrinkage=0.03


Tree=13
num_leaves=9
num_cat=0
split_feature=38 19 38 36 9 9 19 32
split_gain=9.53384 5.28546 10.47 7.33384 7.19952 5.50808 4.55167 2.91091
threshold=0.016207106913756032 0.04075222401630333 0.012286949747291461 0.0055537524095247833 0.0025453968053369791 -0.0066116234168481754 0.061847141949965559 0.0012719276752715116
decision_type=2 2 2 2 2 2 2 2
left_child=1 4 3 -3 5 -1 -4 -6
right_child=-2 2 6 -5 7 -7 -8 -9
leaf_value=-0.0069557239053170284 0.025025089039574962 -0.001001345158180742 0 0.016874514086754468 -0.027358693099456065 0.021620049276830072 -0.031936159288535652 -0.0055199498584602713
leaf_weight=13.568030253052713 11.967558160424231 38.991497546434402 7.4486173242330533 38.23336099088192 14.30948778986931 7.6721047163009635 7.4124161750078201 13.310767173767088
leaf_count=55 48 157 30 154 58 31 30 54
internal_value=0.00134201 -0.000885955 0.00322314 0.00786207 -0.00874741 0.00369294 -0.0180665 -0.0184239
internal_weight=152.914 140.946 92.0859 77.2249 48.8604 21.2401 14.861 27.6203
internal_count=617 569 371 311 198 86 60 112
is_linear=0
shrinkage=0.03


Tree=14
num_leaves=7
num_cat=0
split_feature=38 21 35 5 34 4
split_gain=9.06348 7.81044 9.40618 10.122 7.29874 1.58506
threshold=0.016207106913756032 0.011654714631889256 0.05536943604096279 -0.012400144719187876 0.025863559082524138 -0.02015595611056353
decision_type=2 2 2 2 2 2
left_child=1 2 3 -1 -4 -3
right_child=-2 5 4 -5 -6 -7
leaf_value=0.022415674848653977 0.024381801141201767 -0.0052887127389931758 0 0.00029048106844958702 -0.032111610094463686 -0.026845753936096266
leaf_weight=23.152007415890694 11.967568486928938 8.9241146147251147 13.066820383071901 77.316815391182899 9.5430382341146451 8.903866231441496
leaf_count=93 48 36 53 312 39 36
internal_value=0.00128874 -0.000881427 0.00179515 0.00587339 -0.0147219 -0.0184334
internal_weight=152.874 140.907 123.079 100.469 22.6099 17.828
internal_count=617 569 497 405 92 72
is_linear=0
shrinkage=0.03


Tree=15
num_leaves=9
num_cat=0
split_feature=37 35 35 20 36 20 37 40
split_gain=11.3063 7.69134 8.55212 8.38599 5.93726 5.56713 3.25528 2.95914
threshold=0.046648709310677001 0.056294619725414836 0.018588480705633906 0.017414486494618991 0.0054101259058263402 0.010166277948590969 1.0000000180025095e-35 0.075167417120873395
decision_type=2 2 2 2 2 2 2 2
left_child=1 2 3 -1 -3 -2 -4 -7
right_child=5 4 6 -5 -6 7 -8 -9
leaf_value=-0.0053034245526120552 0.0035387578960045722 0.0048936158021628531 0.028683839089643674 0.022220881587688764 -0.026352850365649008 -0.0084578960685579244 0.01007811114425111 -0.033373174423082297
leaf_weight=47.489574536681175 9.0774127393960935 8.1528469026088732 15.224253624677656 10.466245189309118 9.525962293148039 12.742800727486612 32.816340208053589 10.273800119757651
leaf_count=191 37 33 61 42 39 52 132 42
internal_value=0.000699256 0.00493677 0.00809737 0 -0.012148 -0.0145219 0.0171849 -0.0219578
internal_weight=155.769 123.675 105.996 57.9558 17.6788 32.094 48.0406 23.0166
internal_count=629 498 426 233 72 131 193 94
is_linear=0
shrinkage=0.03


Tree=16
num_leaves=9
num_cat=0
split_feature=37 35 35 21 15 36 36 36
split_gain=10.7518 7.30327 8.07769 9.06483 8.05514 5.68085 4.8134 9.16698
threshold=0.046648709310677001 0.056294619725414836 0.018588480705633906 0.0079707279378649406 0.087301464772187795 0.0054101259058263402 0.0060685481839526491 0.0048451869398475197
decision_type=2 2 2 2 2 2 2 2
left_child=1 2 4 -4 -1 -3 7 -2
right_child=6 5 3 -5 -6 -7 -8 -9
leaf_value=0.015136698070904682 -0.024015274597907681 0.0047738439495312781 0.031508884989671443 0.0045787558310441965 -0.0076109537614339482 -0.025786780567494481 -0.025948308499164508 0.015148689251222529
leaf_weight=19.388986051082611 7.7468744218349483 8.1567909866571444 19.668938249349594 28.390299469232559 38.55114458501339 9.4875090569257718 14.47407655417919 9.8141944557428342
leaf_count=78 32 33 79 114 155 39 59 40
internal_value=0.000676831 0.00480964 0.0078893 0.0167185 2.09772e-06 -0.0118477 -0.0141788 -0.00205021
internal_weight=155.679 123.644 105.999 48.0592 57.9401 17.6443 32.0351 17.5611
internal_count=629 498 426 193 233 72 131 72
is_linear=0
shrinkage=0.03


Tree=17
num_leaves=12
num_cat=0
split_feature=16 40 4 38 10 36 36 10 16 28 1
split_gain=8.92994 8.94662 7.47515 5.93165 5.8887 5.45006 11.6987 5.04336 6.21931 1.60589 0.954024
threshold=-0.3214619554757388 0.038435842747146183 0.020216999861135235 0.0082223794916943867 0.00386923146406204 0.0060038208782324251 0.0048451869398475197 -0.0027566777081040046 -0.93456882189322898 7.5000000000000009 -0.00046052443662547565
decision_type=2 2 2 2 2 2 2 2 2 2 2
left_child=7 2 4 -4 -2 6 -3 8 -1 -10 -7
right_child=1 5 3 -5 -6 10 -8 -9 9 -11 -12
leaf_value=0 0.003998503367542797 -0.028728385757092485 0.029106823721049696 0.00059160358670042295 -0.016188437548195683 -0.008762367646145389 0.014325526042451528 -0.0056986520863294959 0.035746145362571036 0.011204577929702673 -0.030028528872434727
leaf_weight=11.416828975081442 28.792941227555275 7.2420847266912487 11.728235840797426 14.894462361931799 19.844176024198532 7.3727783709764507 12.53630620241165 8.3936186879873258 10.952455192804342 8.9291234165430051 13.472733184695242
leaf_count=46 116 30 47 60 80 30 51 34 44 36 55
internal_value=0.000651945 -0.00347748 0.00251208 0.0148337 -0.00425572 -0.0145229 -0.00194091 0.0126564 0.0180759 0.0274412 -0.0245891
internal_weight=155.576 115.884 75.2598 26.6227 48.6371 40.6239 19.7784 39.692 31.2984 19.8816 20.8455
internal_count=629 469 303 107 196 166 81 160 126 80 85
is_linear=0
shrinkage=0.03


Tree=18
num_leaves=11
num_cat=0
split_feature=5 36 40 28 16 0 5 36 23 23
split_gain=8.83196 11.1312 9.88916 7.39661 8.55331 5.96943 5.66543 5.10072 4.86547 2.59266
threshold=-0.015801669782610935 0.0065992573228417662 0.020934772863902665 8.5000000000000018 -0.58813446980327011 0.0087883294000135077 0.02578522975157738 0.0092673901285861421 0.97406769840746155 0.92258467425960344
decision_type=2 2 2 2 2 2 2 2 2 2
left_child=3 2 8 4 -1 7 -4 -3 -2 -5
right_child=1 5 6 9 -6 -7 -8 -9 -10 -11
leaf_value=2.7126088145802896e-05 0.028485336724603225 -0.023094686170652832 -0.016420302174929752 0.0095385565893341528 0.04294077253895013 0.0079028050845300832 0.0071036014748147389 0.00013949535862525851 0.0048337324100663449 -0.010833867819739119
leaf_weight=7.7056639641523388 13.46000227332115 33.987660199403763 20.013386622071266 9.8944820910692233 9.4526818841695768 7.6953271180391303 13.261049345135687 9.4416652917861921 21.90252374112606 8.6599215567111951
leaf_count=31 54 138 82 40 38 31 54 38 88 35
internal_value=0.000634863 -0.00320334 0.00449996 0.0133912 0.0264663 -0.0136078 -0.00674874 -0.0179296 0.0152806 0
internal_weight=155.474 119.762 68.637 35.7127 17.1583 51.1247 33.2744 43.4293 35.3625 18.5544
internal_count=629 485 278 144 69 207 136 176 142 75
is_linear=0
shrinkage=0.03


Tree=19
num_leaves=10
num_cat=0
split_feature=37 16 2 4 26 20 16 11 23
split_gain=9.72324 6.5501 5.964 5.94321 9.82764 5.22577 3.50703 2.48957 2.17905
threshold=0.046648709310677001 -0.3214619554757388 -0.019458469362401695 0.022803867040943396 0.15894995179928428 0.010166277948590969 -0.93456882189322898 0.02136774167313216 0.97406769840746155
decision_type=2 2 2 2 2 2 2 2 2
left_child=1 2 -1 4 -3 -2 -4 -7 -5
right_child=5 3 6 8 -6 7 -8 -9 -10
leaf_value=-0.0054529710489163528 0.0039082956699124996 -0.021803922235719204 0.0020300173776159436 0.021243316754681059 0.0029486024933894949 -0.0088856425313110412 0.027808637359281966 -0.032414240975677848 0.0028523886375420725
leaf_weight=7.951073855161666 9.0454287528991717 19.275810480117798 8.1993062347173709 10.208866089582445 41.33967624604702 13.672781184315683 19.610476478934288 9.1581328660249692 16.895875439047813
leaf_count=32 37 78 33 41 167 56 79 38 68
internal_value=0.000646769 0.00457878 0.0150261 0 -0.0051282 -0.0135132 0.0213575 -0.0207783 0.0112784
internal_weight=155.357 123.481 35.7609 87.7202 60.6155 31.8763 27.8098 22.8309 27.1047
internal_count=629 498 144 354 245 131 112 94 109
is_linear=0
shrinkage=0.03


Tree=20
num_leaves=8
num_cat=0
split_feature=24 21 35 10 37 35 8
split_gain=7.26081 6.09055 12.0863 15.6114 9.95905 6.91557 1.43919
threshold=0.77321461268833713 0.0067592029676125263 0.030214068013356913 0.0021029651688284638 -0.039675273483341482 0.056294619725414836 0.0091312128737174991
decision_type=2 2 2 2 2 2 2
left_child=1 2 3 -1 -3 -6 -4
right_child=-2 4 6 -5 5 -7 -8
leaf_value=0.01836270469454759 -0.023057513375299332 0.022906673586233724 0.03760532584647136 -0.029981891336081239 -0.0011151336886731332 -0.021985933644251721 0.012505699025179952
leaf_weight=10.907188937067987 9.3614605665206891 10.945813298225401 9.1598108261823672 9.1241384595632535 83.089153319597244 15.814651459455488 9.1430725753307325
leaf_count=44 38 44 37 37 336 65 37
internal_value=0 0.00181442 0.0118388 -0.00369981 -0.00169882 -0.00497065 0.0282728
internal_weight=157.545 148.184 38.3342 20.0313 109.85 98.9038 18.3029
internal_count=638 600 155 81 445 401 74
is_linear=0
shrinkage=0.03


Tree=21
num_leaves=11
num_cat=0
split_feature=20 19 19 21 20 8 15 9 11 1
split_gain=6.67108 16.7892 7.5718 6.78811 6.53829 5.87026 5.36229 4.21161 4.10143 3.74877
threshold=0.014020284026277427 0.088380986245167617 0.031013580399399134 0.006816432119084395 0.017414486494618991 0.0033497491437849678 -0.78430299306679374 0.003368438803045107 0.017921618451698155 -0.0047987903304597115
decision_type=2 2 2 2 2 2 2 2 2 2
left_child=2 8 5 7 -3 9 -5 -4 -2 -1
right_child=1 4 3 6 -6 -7 -8 -9 -10 -11
leaf_value=-0.009605021599170694 -0.032609124738460608 -0.0052405841219422293 0.036046909586847455 -0.013163409246318631 0.023523123172824324 -0.021844733928769591 0.0080746540733558567 0.0066532150797109918 -0.0042622760199930807 0.015754463853690889
leaf_weight=7.858690112829211 17.460699275135998 12.588563814759256 9.9203999042511004 11.542366147041319 11.380208000540732 12.954522728919981 45.319609448313713 11.133445456624029 8.618089094758032 8.6709806472063082
leaf_count=32 71 51 40 47 46 53 183 45 35 35
internal_value=0 -0.00877201 0.00427463 0.00920843 0.00859847 -0.00804388 0.00320794 0.0230796 -0.0247466 0.00315292
internal_weight=157.448 50.0476 107.4 77.9158 23.9688 29.4842 56.862 21.0538 26.0788 16.5297
internal_count=638 203 435 315 97 120 230 85 106 67
is_linear=0
shrinkage=0.03


Tree=22
num_leaves=11
num_cat=0
split_feature=34 20 19 12 10 20 20 34 3 20
split_gain=6.79793 12.0428 9.9563 9.16962 6.49627 6.17828 5.37336 4.88357 3.68786 1.08178
threshold=-0.011231128742197725 0.014097177130004617 0.031013580399399134 36.629283591439084 0.0023613530041914914 0.0097973433894353416 0.014782687894752624 0.013821019345783616 -0.0094468638988512415 0.015264029429364665
decision_type=2 2 2 2 2 2 2 2 2 2
left_child=4 2 7 -3 8 -4 -6 -2 -1 -5
right_child=1 3 5 9 6 -7 -8 -9 -10 -11
leaf_value=0.003011096247632552 0.0010218904457775693 0.0057828798510848973 0.02602890658690224 -0.011070475731511466 -0.013523899401017099 0.0029546250144128245 0.015231091508866505 -0.026183831508982774 0.029290755899988301 -0.032759516448821989
leaf_weight=9.6722839921712893 8.6002176553010958 8.6870015710592252 12.407621979713438 8.39460237324238 12.912992939352991 47.885328233242035 7.443010985851287 11.393888324499128 13.643835783004759 16.294641837477684
leaf_count=39 35 35 50 34 52 194 30 47 55 67
internal_value=0 -0.00380466 0.00240057 -0.0184473 0.00986404 0.00862709 -0.00191691 -0.0147708 0.0200807 -0.0273292
internal_weight=157.335 113.663 80.2871 33.3762 43.6721 60.293 20.356 19.9941 23.3161 24.6892
internal_count=638 462 326 136 176 244 82 82 94 101
is_linear=0
shrinkage=0.03


Tree=23
num_leaves=8
num_cat=0
split_feature=24 21 21 8 34 18 32
split_gain=6.79009 5.40354 8.37063 8.65601 6.95507 4.34628 3.09464
threshold=0.77321461268833713 0.0067592029676125263 0.0051818859068732135 0.0047417269682595237 -0.02046685969699957 0.38244700209176946 -1.0000000180025095e-35
decision_type=2 2 2 2 2 2 2
left_child=1 2 -1 -4 6 -6 -3
right_child=-2 4 3 -5 5 -7 -8
leaf_value=-0.010954145707442849 -0.022329329055735841 -0.00026830590459317444 0.033106027742497261 2.2516301251064509e-05 0.0026369175767087445 -0.01062283839798178 0.020579413996405307
leaf_weight=9.2887911647558195 9.3222045004367811 8.4470358490943926 15.365043923258783 13.624766319990156 33.159843280911446 54.366863176226616 13.6232483536005
leaf_count=38 38 34 62 55 134 222 55
internal_value=0 0.00176301 0.0112114 0.0190462 -0.00154438 -0.00548509 0.0126178
internal_weight=157.198 147.876 38.2786 28.9898 109.597 87.5267 22.0703
internal_count=638 600 155 117 445 356 89
is_linear=0
shrinkage=0.03


Tree=24
num_leaves=11
num_cat=0
split_feature=34 20 17 10 20 20 17 8 28 20
split_gain=6.10305 11.3706 6.13134 5.98036 5.07619 4.92692 4.76595 4.65517 4.41587 0.316291
threshold=-0.011231128742197725 0.014097177130004617 0.027043711275717374 0.0023613530041914914 0.014782687894752624 0.012472620680124029 -0.034702781352240912 -0.025012716380922648 2.5000000000000004 0.015264029429364665
decision_type=2 2 2 2 2 2 2 2 2 2
left_child=3 2 8 6 -5 -4 -1 -3 -2 -9
right_child=1 7 5 4 -6 -7 -8 9 -10 -11
leaf_value=0 -0.0077581082943022151 0.00016859600129665264 -0.015852855672345588 -0.013212159886264268 0.014733530946149901 0.0067672217877244338 0.027795515161668262 -0.010569742160387492 0.013473621331235221 -0.027909102702156501
leaf_weight=7.6962429136037853 8.8127358555793744 8.1874019056558591 20.281820043921474 12.900148659944536 7.4410730600357047 11.603280425071715 15.588254272937773 8.3753830939531344 39.513382896780968 16.691851615905762
leaf_count=31 36 33 83 52 30 47 63 34 160 69
internal_value=0 -0.00359713 0.00242394 0.00936169 -0.00191408 -0.00726496 0.0191776 -0.0178592 0.00914931 -0.023879
internal_weight=157.092 113.466 80.2112 43.6257 20.3412 31.8851 23.2845 33.2546 48.3261 25.0672
internal_count=638 462 326 176 82 130 94 136 196 103
is_linear=0
shrinkage=0.03


Tree=25
num_leaves=9
num_cat=0
split_feature=38 4 5 11 15 40 37 14
split_gain=9.9391 5.57359 6.80454 6.43052 5.8918 4.92873 3.78531 2.47344
threshold=0.016207106913756032 -0.01201111333858401 0.029498783996437575 0.0037418278269804044 0.52931275567158809 0.0060545386976756941 0.028970807912079514 -0.401444800744926
decision_type=2 2 2 2 2 2 2 2
left_child=1 5 4 -4 -3 7 -7 -1
right_child=-2 2 3 -5 -6 6 -8 -9
leaf_value=-0.016954616043882206 0.020706287671830234 -0.0069588903035952953 -0.017285494548660678 0.0097915373582440207 -0.026159488161901851 0.026028513039440263 0 0.0031613921938704482
leaf_weight=7.6656476855278042 12.895319789648054 50.084286496043205 8.802551865577696 26.294468969106674 21.985394582152367 9.9044670164585131 8.8984865546226484 9.4181980788707715
leaf_count=31 52 204 36 107 90 40 36 38
internal_value=-0.00248581 -0.00493651 -0.00837779 0.00203032 -0.0135669 0.00484385 0.0149641 -0.00590971
internal_weight=155.949 143.054 107.167 35.097 72.0697 35.8868 18.803 17.0838
internal_count=634 582 437 143 294 145 76 69
is_linear=0
shrinkage=0.03


Tree=26
num_leaves=9
num_cat=0
split_feature=38 16 3 21 5 9 38 20
split_gain=9.43378 7.17288 9.33976 6.21341 4.53008 6.09963 5.73619 1.42841
threshold=0.016207106913756032 -0.3214619554757388 -0.015488878515385216 0.010643014595789384 0.029498783996437575 0.025397514003822622 0.0082223794916943867 0.014251182298874713
decision_type=2 2 2 2 2 2 2 2
left_child=1 2 7 -4 5 -3 -6 -1
right_child=-2 4 3 -5 6 -7 -8 -9
leaf_value=0 0.020187400399763238 -0.0084476044379803456 0.030273545292113197 -0.0011623313852699069 0.01092733203733481 -0.033020472724164682 -0.012349737827429758 -0.016984956352263866
leaf_weight=7.4424951672554007 12.881583005189894 62.104155331850052 13.017778903245928 7.4352233111858359 18.741405233740807 10.199352651834486 15.610667258501051 8.3919430971145612
leaf_count=30 52 253 53 30 76 42 64 34
internal_value=-0.00241315 -0.00480378 0.00624014 0.0190921 -0.00874501 -0.0129113 0 -0.00979876
internal_weight=155.825 142.943 36.2874 20.453 106.656 72.3035 34.3521 15.8344
internal_count=634 582 147 83 435 295 140 64
is_linear=0
shrinkage=0.03


Tree=27
num_leaves=9
num_cat=0
split_feature=38 16 7 12 11 38 7 37
split_gain=8.96117 6.78328 10.8089 6.51822 8.02731 5.31406 1.99118 1.63637
threshold=0.016207106913756032 -0.3214619554757388 -0.014744984140568894 67.812430850867187 0.022191098244735311 0.0082770689866778647 -0.0050380164154173639 -0.0073968816235162596
decision_type=2 2 2 2 2 2 2 2
left_child=1 2 7 4 -3 -5 -4 -1
right_child=-2 3 6 5 -6 -7 -8 -9
leaf_value=0 0.019684623702139768 -0.008575741847141086 0.030041716533807855 0.013052813520553184 -0.037335438522103151 -0.011554404871166849 0.0076868172790914386 -0.019293451548904501
leaf_weight=7.4296164512634268 12.865603715181349 68.831340804696083 8.8616951853036863 17.855889514088634 9.0875555574893934 10.768607795238493 11.841633751988413 8.1388499140739423
leaf_count=30 52 281 36 72 38 44 48 33
internal_value=-0.00234966 -0.00468266 0.00605219 -0.00851962 -0.012968 0.00315569 0.0197197 -0.0114452
internal_weight=155.681 142.815 36.2718 106.543 77.9189 28.6245 20.7033 15.5685
internal_count=634 582 147 435 319 116 84 63
is_linear=0
shrinkage=0.03


Tree=28
num_leaves=9
num_cat=0
split_feature=38 16 21 12 11 32 3 2
split_gain=8.50919 6.44251 8.6426 6.17544 7.73849 5.05785 2.87842 1.93933
threshold=0.016207106913756032 -0.3214619554757388 0.010528943947442167 67.812430850867187 0.022191098244735311 1.0000000180025095e-35 -0.01496645599195434 -0.0050541973279126786
decision_type=2 2 2 2 2 2 2 2
left_child=1 2 6 4 -3 -5 -1 -4
right_child=-2 3 7 5 -6 -7 -8 -9
leaf_value=0.0012359996041654438 0.019197167594386173 -0.008332636213888793 0 -0.01170275688892412 -0.036645797845544392 0.012457573618780081 0.027032939758355957 -0.018156692043566718
leaf_weight=7.4390878826379803 12.847575128078459 68.77355383336544 9.1194692701101321 10.331843331456186 9.0194825679063779 18.284443125128746 12.012313365936278 7.6790010482072821
leaf_count=30 52 281 37 42 38 74 49 31
internal_value=-0.00228255 -0.00455932 0.00589862 -0.00830343 -0.0126395 0.00304996 0.0189014 -0.00876875
internal_weight=155.507 142.659 36.2499 106.409 77.793 28.6163 19.4514 16.7985
internal_count=634 582 147 435 319 116 79 68
is_linear=0
shrinkage=0.03


Tree=29
num_leaves=9
num_cat=0
split_feature=38 16 7 12 11 38 18 37
split_gain=8.08097 6.11963 10.0606 5.85098 7.46557 5.00898 1.99468 1.54264
threshold=0.016207106913756032 -0.3214619554757388 -0.014744984140568894 67.812430850867187 0.022191098244735311 0.0082770689866778647 0.35124373841711271 -0.0073968816235162596
decision_type=2 2 2 2 2 2 2 2
left_child=1 2 7 4 -3 -5 -4 -1
right_child=-2 3 6 5 -6 -7 -8 -9
leaf_value=0 0.01872429942073817 -0.0080965074870046477 0.025571458877301889 0.012568186491453621 -0.03598469456813435 -0.011326045899707222 0.0030832051851040331 -0.018751567390997901
leaf_weight=7.4279091209173194 12.827678665518759 68.715131163597107 13.066291570663454 17.862252309918407 8.9474617689847928 10.755022138357161 7.6178838014602652 8.1197685748338682
leaf_count=30 52 281 53 72 38 44 31 33
internal_value=-0.00221746 -0.00443931 0.00574878 -0.00809308 -0.0123205 0.00294502 0.0189525 -0.0111203
internal_weight=155.339 142.512 36.2319 106.28 77.6626 28.6173 20.6842 15.5477
internal_count=634 582 147 435 319 116 84 63
is_linear=0
shrinkage=0.03


Tree=30
num_leaves=6
num_cat=0
split_feature=34 24 24 1 37
split_gain=6.71574 5.32234 5.6924 5.84671 4.86369
threshold=-0.047230162422328574 0.77321461268833713 0.21980545638199703 -0.0013863360152682744 0.048470839991612287
decision_type=2 2 2 2 2
left_child=-1 2 3 -2 -4
right_child=1 -3 4 -5 -6
leaf_value=0.02116523673120969 0.0014853422894323814 -0.022018514846214025 0.013249640962785468 -0.013393873738562071 -0.0092429766968806677
leaf_weight=9.0799094140529615 47.827037438750267 10.220782428979872 32.230852484703064 41.758088514208794 9.1844385564327222
leaf_count=37 195 42 131 171 38
internal_value=-0.00119162 -0.00300929 -0.00110459 -0.00542752 0.00772007
internal_weight=150.301 141.221 131 89.5851 41.4153
internal_count=614 577 535 366 169
is_linear=0
shrinkage=0.03


Tree=31
num_leaves=7
num_cat=0
split_feature=34 40 23 3 23 23
split_gain=6.39544 5.15877 5.92628 10.0962 6.88891 2.56868
threshold=-0.047230162422328574 0.078772876878322698 1.2023110050822849 0.0048117816793887833 1.2566360053626333 0.99185063797980011
decision_type=2 2 2 2 2 2
left_child=-1 2 3 -2 -4 -3
right_child=1 5 4 -5 -6 -7
leaf_value=0.020669557232367686 0.0042038837611276924 -0.002968910353052421 0.028773192237918813 -0.014213872757389549 -0.0025253109091018817 -0.02890217486427591
leaf_weight=9.0668837428092939 59.011963725090027 8.4251548051834124 10.104870289564134 44.965578734874725 11.012217432260512 7.6287645250558844
leaf_count=37 240 35 41 184 45 32
internal_value=-0.00115715 -0.0029332 -0.000634485 -0.00373735 0.0129963 -0.0179597
internal_weight=150.215 141.149 125.095 103.978 21.1171 16.0539
internal_count=614 577 510 424 86 67
is_linear=0
shrinkage=0.03


Tree=32
num_leaves=9
num_cat=0
split_feature=36 20 7 28 20 19 0 9
split_gain=6.02446 6.19476 5.72602 8.61111 6.1791 5.66237 3.98103 2.74943
threshold=0.0090503095185719678 0.014020284026277427 0.0023503582750649074 5.5000000000000009 0.012688515240910414 0.088380986245167617 -0.0054078697661316113 0.021017435966614307
decision_type=2 2 2 2 2 2 2 2
left_child=1 2 4 -4 -1 6 -3 -7
right_child=-2 5 3 -5 -6 7 -8 -9
leaf_value=0.0013590617536589384 0.016360917847315699 -0.0012199844228546863 -0.021429133591494242 0.003513726136523784 0.026271198651034888 0.011175229584299392 -0.029418120648194324 -0.0094188623871711147
leaf_weight=33.63872329890728 13.69084572792053 7.7897716462612179 17.69200524687767 30.660150662064552 11.127465009689329 8.628936246037485 15.962866619229315 10.929954066872595
leaf_count=137 56 32 73 125 45 35 66 45
internal_value=-0.00112134 -0.00319509 0.00106274 -0.0058036 0.00873087 -0.0123232 -0.0215658 0
internal_weight=150.121 136.43 93.1183 48.3522 44.7662 43.3115 23.7526 19.5589
internal_count=614 558 380 198 182 178 98 80
is_linear=0
shrinkage=0.03


Tree=33
num_leaves=11
num_cat=0
split_feature=37 35 21 20 6 18 25 20 38 22
split_gain=5.99986 6.68687 4.77286 8.8033 5.70679 3.86815 3.56502 6.13193 2.42262 0.625141
threshold=0.041364658524864269 0.056294619725414836 0.0094209296510465931 0.017414486494618991 0.0036943146107584631 0.50516524290264608 0.083331743845149339 0.012145584679876526 0.0081246644138015973 -0.0037407085465760988
decision_type=2 2 2 2 2 2 2 2 2 2
left_child=1 2 4 -4 -1 -3 -2 8 -8 -9
right_child=6 5 3 -5 -6 -7 7 9 -10 -11
leaf_value=0.01945280561116702 0.0042099260635492033 0 -0.01162052530016491 0.017519887148102438 0 -0.026347303313382232 -0.012633024799927225 -0.034910767925698298 0.0076623660473573302 -0.012132622786458243
leaf_weight=31.136859089136124 9.1723765730857831 8.0946924835443514 26.420703783631325 11.75609816610813 22.221208214759827 8.0660644918680173 7.5638498812913921 8.2240388542413729 9.4363432824611646 7.9129560589790335
leaf_count=126 38 33 107 48 90 34 31 35 39 33
internal_value=-0.00108403 0.00258513 0.00589002 -0.00184829 0.0115643 -0.013895 -0.0104572 -0.0149525 -0.000957406 -0.0271379
internal_weight=150.005 107.696 91.5349 38.1768 53.3581 16.1608 42.3096 33.1372 17.0002 16.137
internal_count=614 438 371 155 216 67 176 138 70 68
is_linear=0
shrinkage=0.03


Tree=34
num_leaves=8
num_cat=0
split_feature=40 23 3 7 35 23 35
split_gain=5.89956 6.07864 8.66122 10.1145 5.45071 5.32646 2.62079
threshold=0.078772876878322698 1.2023110050822849 0.0048117816793887833 -0.017515881031499612 0.055666227439163725 1.2566360053626333 0.020427822677168587
decision_type=2 2 2 2 2 2 2
left_child=1 2 3 -1 -4 -3 -2
right_child=6 5 4 -5 -6 -7 -8
leaf_value=-0.016650374816688688 -0.027315857518904176 0.028443872989814906 -0.0057039617411762354 0.011287872405144114 -0.03203998168896207 0 -0.0013774615856038605
leaf_weight=12.748648211359976 8.3129687458276731 10.348847061395647 39.460966274142265 50.882683306932449 7.7711246758699408 12.671844974160193 7.6310319602489463
leaf_count=52 35 42 161 207 33 52 32
internal_value=-0.00107073 0.000974409 -0.00188897 0.00512503 -0.0114673 0.0144122 -0.0172745
internal_weight=149.828 133.884 110.863 63.6313 47.2321 23.0207 15.944
internal_count=614 547 453 259 194 94 67
is_linear=0
shrinkage=0.03


Tree=35
num_leaves=8
num_cat=0
split_feature=34 21 35 4 21 11 8
split_gain=8.26924 6.91914 10.8885 6.88706 5.11373 3.04592 2.86527
threshold=-0.047230162422328574 0.0067592029676125263 0.013860247276322292 -0.02015595611056353 0.011784384529712562 0.0054866568830305171 0.0082156809792623062
decision_type=2 2 2 2 2 2 2
left_child=-1 2 -2 5 -5 -3 -4
right_child=1 3 6 4 -6 -7 -8
leaf_value=0.025996693777677524 -0.010360081484957885 -0.0019212714371315619 0.030776507555751939 -0.0052424516058293636 -0.02568076649833953 0.018852114865702992 0.0060475149468912082
leaf_weight=8.7597267478704435 13.032081931829451 9.1102682203054446 12.733842149376871 79.057143732905388 12.034173801541327 11.586600124835966 10.073864147067068
leaf_count=36 53 37 52 325 50 47 41
internal_value=0.00053603 -0.00120176 0.00979761 -0.00497025 -0.00859743 0.00968373 0.0218268
internal_weight=156.388 147.628 35.8398 111.788 91.0913 20.6969 22.8077
internal_count=641 605 146 459 375 84 93
is_linear=0
shrinkage=0.03


Tree=36
num_leaves=6
num_cat=0
split_feature=34 33 36 8 21
split_gain=7.88515 6.78557 6.27578 13.3496 8.76322
threshold=-0.047230162422328574 0.96702482915026577 0.0065992573228417662 -0.00038241151601215578 0.0067592029676125263
decision_type=2 2 2 2 2
left_child=-1 2 4 -4 -2
right_child=1 -3 3 -5 -6
leaf_value=0.025429667155454923 0.022068540627274147 -0.025668578872099806 0.0082794928749102929 -0.021231503364499315 0
leaf_weight=8.7314209192991239 19.384090259671211 7.5412825644016257 23.25450673699379 27.7848961353302 69.577922403812408
leaf_count=36 79 31 95 115 285
internal_value=0.000531965 -0.00116154 0.000395848 -0.00769774 0.00527137
internal_weight=156.274 147.543 140.001 51.0394 88.962
internal_count=641 605 574 210 364
is_linear=0
shrinkage=0.03


Tree=37
num_leaves=6
num_cat=0
split_feature=34 33 36 18 21
split_gain=7.52456 6.48667 5.93223 13.3454 8.28821
threshold=-0.047230162422328574 0.96702482915026577 0.0065992573228417662 0.48465718075284592 0.0067592029676125263
decision_type=2 2 2 2 2
left_child=-1 2 4 -4 -2
right_child=1 -3 3 -5 -6
leaf_value=0.024880253547954343 0.021463216677316346 -0.025122986588739005 0.0086107806287538027 -0.020933936069442646 0
leaf_weight=8.7011264860630018 19.38916976749897 7.5176934301853171 23.021084159612656 27.943726554512978 69.577922403812408
leaf_count=36 79 31 94 116 285
internal_value=0.000521049 -0.00112976 0.000389415 -0.00748401 0.00512998
internal_weight=156.151 147.45 139.932 50.9648 88.9671
internal_count=641 605 574 210 364
is_linear=0
shrinkage=0.03


Tree=38
num_leaves=12
num_cat=0
split_feature=37 2 8 17 11 11 11 5 24 37 35
split_gain=6.50664 6.98843 8.78008 6.54068 5.75518 10.0503 5.22069 4.43647 4.43074 3.36074 0.595862
threshold=0.0076244965783977001 -0.0079745696440550167 0.0044185892383777955 -0.0015700775425352279 0.022191098244735311 0.038425820328675371 0.011534135726468555 0.029498783996437575 -0.38887805707876527 -0.024128909820554541 0.042215911581833028
decision_type=2 2 2 2 2 2 2 2 2 2 2
left_child=1 9 10 -4 6 -6 8 -8 -2 -1 -3
right_child=4 2 3 -5 5 -7 7 -9 -10 -11 -12
leaf_value=0.0055446891196502639 0.0065285792644638975 0.033763848870548431 0.020162314983014608 -0.010459219351082809 -0.032103602668497752 0.0040562522032809465 -0.00020749946247738377 0.02755649116681495 -0.010274238367292592 -0.018312490551785514 0.011825260816357701
leaf_weight=7.6453440338373211 19.320319384336472 12.622277691960337 8.1024604737758654 14.381574243307112 13.250050455331804 10.739358574151991 8.4802041202783602 8.0630858689546567 37.109762698411942 8.8998147547245008 7.3989592641592017
leaf_count=31 79 52 33 59 56 44 35 33 153 36 30
internal_value=0.00051051 0.0082895 0.0146544 0.000708646 -0.00414712 -0.0162723 0 0.0140282 -0.00423808 -0.00707043 0.0281478
internal_weight=156.013 59.0504 42.5053 22.484 96.9628 23.9894 72.9734 16.5433 56.4301 16.5452 20.0212
internal_count=641 241 174 92 400 100 300 68 232 67 82
is_linear=0
shrinkage=0.03


Tree=39
num_leaves=9
num_cat=0
split_feature=33 21 35 10 35 36 22 19
split_gain=6.19496 5.00814 8.90604 11.4091 7.46502 8.27876 6.95552 0.527123
threshold=0.96702482915026577 0.0067592029676125263 0.02950493322693826 0.0021029651688284638 0.031891721255214008 0.0049452748353441744 -0.26251421369945682 0.031013580399399134
decision_type=2 2 2 2 2 2 2 2
left_child=1 2 3 -1 6 -6 -3 -4
right_child=-2 4 7 -5 5 -7 -8 -9
leaf_value=0.015990053884083713 -0.02257703936390798 -0.013644454410439056 0.012288305453168192 -0.027614386944374056 0.0039000993498263924 -0.02000661962082563 0.010277504732001438 0.033345348217490946
leaf_weight=10.269023075699808 7.7197514176368704 11.358055770397185 8.8224271088838595 7.5308804512023917 20.708194449543953 27.633984431624413 53.196984484791756 8.6072238087654096
leaf_count=42 32 47 36 31 85 115 218 35
internal_value=0.000512858 0.00210086 0.0116758 -0.00262663 -0.000907661 -0.00971972 0.00555967 0.0258209
internal_weight=155.847 148.127 35.2296 17.7999 112.897 48.3422 64.555 17.4297
internal_count=641 609 144 73 465 200 265 71
is_linear=0
shrinkage=0.03


Tree=40
num_leaves=9
num_cat=0
split_feature=19 18 21 5 14 34 10 0
split_gain=6.07052 7.6109 5.37518 6.40967 7.13786 3.84446 6.85761 1.7276
threshold=0.041154249021022833 0.71293050587134632 0.0067592029676125263 -0.044564909562322001 -1.109234432012556 0.013821019345783616 0.00084798573399358379 0.0054316613510840836
decision_type=2 2 2 2 2 2 2 2
left_child=1 5 -2 -4 -5 6 -1 -3
right_child=2 7 3 4 -6 -7 -8 -9
leaf_value=0.022487371860740644 0.023254551109737655 -0.03052601269898016 0.02434900843987128 -0.020932896441138601 0.00416158207945875 -0.0091774330998328404 -0.0094817508827849967 -0.0056881548423848858
leaf_weight=13.041186362504961 13.69003853201866 8.3216593861579877 9.7429455965757352 9.9083631038665754 68.193720564246178 13.370239853858946 7.8185348808765402 7.1432009041309348
leaf_count=53 56 35 40 41 280 55 32 30
internal_value=0.00261455 -0.00566801 0.00684439 0.0036593 0.000347561 0.00204473 0.0100675 -0.0218775
internal_weight=151.23 49.6948 101.535 87.845 78.1021 34.23 20.8597 15.4649
internal_count=622 205 417 361 321 140 85 65
is_linear=0
shrinkage=0.03


Tree=41
num_leaves=7
num_cat=0
split_feature=21 21 19 18 11 0
split_gain=6.03145 4.63135 6.71584 7.49615 5.00895 2.66595
threshold=0.015070088306994562 0.011784384529712562 0.041154249021022833 0.71293050587134632 -0.0072157579497741922 -0.00470466546363174
decision_type=2 2 2 2 2 2
left_child=1 2 3 -1 -4 -3
right_child=-2 5 4 -5 -6 -7
leaf_value=0.0023549697477038053 0.025265908013216629 0 -0.0068855593184151704 -0.021444851553916493 0.012050044382372413 -0.021568937753601185
leaf_weight=33.952120259404182 7.8772561848163596 7.3072451949119595 13.085349649190901 15.406098574399946 63.597596406936646 9.8789272606372815
leaf_count=139 33 30 54 65 260 41
internal_value=0.00253159 0.000847229 0.00299105 -0.00532739 0.0085353 -0.0127663
internal_weight=151.105 143.227 126.041 49.3582 76.6829 17.1862
internal_count=622 589 518 204 314 71
is_linear=0
shrinkage=0.03


Tree=42
num_leaves=10
num_cat=0
split_feature=19 23 3 10 34 7 38 20 38
split_gain=5.48181 7.89345 7.18897 6.83676 8.22821 5.87624 4.79972 3.49177 0.767029
threshold=0.041154249021022833 1.2234062361739542 0.0048117816793887833 0.00053560927506324252 0.01434313344237126 -0.017515881031499612 0.0079341229629100816 0.0094141662643955886 0.009728027904850679
decision_type=2 2 2 2 2 2 2 2 2
left_child=3 2 5 4 -1 -2 -4 -5 -3
right_child=1 8 6 7 -6 -7 -8 -9 -10
leaf_value=0.019603001931564178 -0.0072124333251859345 0.033161521711002374 0.0064561128021097857 -0.0035964142348631893 -0.013140208360610365 0.01602621539668134 -0.014058879475670092 -0.027027784086447324 0.010079361352402788
leaf_weight=13.974339470267298 10.802630662918089 7.6528309434652311 13.733695983886717 14.258417859673502 9.868143677711485 36.59568464756012 25.447247460484505 11.442283138632773 7.2072961330413818
leaf_count=57 44 31 56 59 41 150 106 48 30
internal_value=0.0024527 0.0064754 0.00256161 -0.00542442 0.00550238 0.0103486 -0.00653941 -0.0157681 0.0253798
internal_weight=150.983 101.439 86.5793 49.5432 23.8425 47.3983 39.1809 25.7007 14.8601
internal_count=622 417 356 205 98 194 162 107 61
is_linear=0
shrinkage=0.03


Tree=43
num_leaves=6
num_cat=0
split_feature=21 31 38 21 14
split_gain=5.8523 6.54905 7.69353 5.71331 4.27637
threshold=0.015070088306994562 -3.4999999999999996 0.011127670662910418 0.011784384529712562 -1.0170103313461991
decision_type=2 2 2 2 2
left_child=1 -1 3 -3 -4
right_child=-2 2 4 -5 -6
leaf_value=0.025004198625513771 0.02481435002566407 0.0058088683452512738 -0.027431359598604387 -0.017430079901345662 -0.004433129100231338
leaf_weight=7.3977431803941718 7.8423507660627356 90.996169149875641 10.164909377694128 8.4253817498683912 26.039595663547516
leaf_count=30 33 375 42 35 107
internal_value=0.00238574 0.00072724 -0.00083208 0.00338673 -0.0123808
internal_weight=150.866 143.024 135.626 99.4216 36.2045
internal_count=622 589 559 410 149
is_linear=0
shrinkage=0.03


Tree=44
num_leaves=9
num_cat=0
split_feature=21 38 19 21 38 6 15 35
split_gain=5.60608 5.95734 7.25152 8.20299 7.99212 6.47378 3.9297 3.7672
threshold=0.015070088306994562 0.011127670662910418 0.043287327658775292 0.011784384529712562 0.0068717366350434456 -0.00075521475486043418 0.51531215485050696 0.031891721255214008
decision_type=2 2 2 2 2 2 2 2
left_child=1 2 4 -4 -1 6 -3 -7
right_child=-2 5 3 -5 -6 7 -8 -9
leaf_value=-0.02655700235572326 0.02430625610211436 0.012585787121912804 0.015846137009188421 -0.01153853618452678 0.0021956198665744734 -0.0025337458963190845 -0.01165793770288134 -0.032104177206027873
leaf_weight=9.3140805661678296 7.8084194511175147 12.226289659738542 51.857404842972755 9.87011571228504 33.569398745894432 8.051526680588724 8.1351675242185575 9.9689273685216886
leaf_count=39 33 50 212 41 139 33 33 42
internal_value=0.00231461 0.000691552 0.00449388 0.0110073 -0.00462021 -0.00900964 0.00205237 -0.0212143
internal_weight=150.801 142.993 104.611 61.7275 42.8835 38.3819 20.3615 18.0205
internal_count=622 589 431 253 178 158 83 75
is_linear=0
shrinkage=0.03


Tree=45
num_leaves=10
num_cat=0
split_feature=37 11 36 36 36 35 25 25 19
split_gain=6.6586 5.77719 6.29361 5.50963 5.39091 4.24246 3.07424 2.36745 2.68193
threshold=-0.0011126116027244668 0.022191098244735311 0.0051292169386026459 0.0044523793803170758 0.0073095840377121911 0.05536943604096279 0.23273668645854331 0.067817672867638665 0.04075222401630333
decision_type=2 2 2 2 2 2 2 2 2
left_child=5 3 6 -2 -5 7 -3 -1 -9
right_child=1 2 -4 4 -6 -7 -8 8 -10
leaf_value=0 -0.020110078312681873 0.0095206831878682611 -0.033749488399795732 0.0091340938143389012 -0.0062889645050494053 -0.0075108707124641426 -0.014758393035871727 0.00016873954499947797 0.022899180516179361
leaf_weight=7.5661236196756354 8.966079890727995 7.2177585214376467 8.9268342256546003 46.004395946860313 32.652710974216461 8.0587040632963163 7.1621709614992142 7.5842842310667065 21.153672277927399
leaf_count=31 37 30 38 189 135 33 30 31 87
internal_value=1.6999e-05 -0.00381844 -0.0164476 0 0.00254841 0.00968212 -0.00198167 0.0140831 0.0177896
internal_weight=155.293 110.93 23.3068 87.6232 78.6571 44.3628 14.3799 36.3041 28.738
internal_count=641 459 98 361 324 182 60 149 118
is_linear=0
shrinkage=0.03


Tree=46
num_leaves=7
num_cat=0
split_feature=38 21 34 7 12 28
split_gain=6.59269 4.37699 5.54573 9.22968 4.20296 4.12484
threshold=0.016207106913756032 0.011784384529712562 0.024988987323897652 0.0024567999185751291 61.0169157897814 8.5000000000000018
decision_type=2 2 2 2 2 2
left_child=1 2 3 -1 -4 -3
right_child=-2 5 4 -5 -6 -7
leaf_value=0.012761978472057482 0.018234573103230567 -0.030087863226582558 -0.019355048938466082 -0.005611112260983344 0.001559422404425986 -0.00038660078460745568
leaf_weight=47.969591021537781 14.182845652103422 7.0607316344976452 17.780787944793705 45.518387690186501 12.698395133018492 9.951931953430174
leaf_count=196 59 30 74 188 53 41
internal_value=0 -0.00196598 0 0.00372905 -0.0106203 -0.0153707
internal_weight=155.163 140.98 123.967 93.488 30.4792 17.0127
internal_count=641 582 511 384 127 71
is_linear=0
shrinkage=0.03


Tree=47
num_leaves=7
num_cat=0
split_feature=38 21 10 7 12 40
split_gain=6.27235 4.20509 6.09691 5.70609 5.97393 5.45124
threshold=0.016207106913756032 0.011443490884436037 -0.0035776457529423373 0.0023503582750649074 67.812430850867187 -0.036344859847558024
decision_type=2 2 2 2 2 2
left_child=1 3 -3 5 -5 -1
right_child=-2 2 -4 4 -6 -7
leaf_value=-0.013797920433082152 0.017795665243606717 0 -0.030287010905261914 -0.012961994326776062 0.0054442962158554589 0.010764148414546329
leaf_weight=7.3727301359176627 14.146548226475714 12.69858428835869 8.6808794140815717 38.729908630251884 23.159831553697586 50.221476674079895
leaf_count=30 59 52 37 162 95 206
internal_value=0 -0.00192924 -0.0135782 0.000220871 -0.00588456 0.00701067
internal_weight=155.01 140.863 21.3795 119.484 61.8897 57.5942
internal_count=641 582 89 493 257 236
is_linear=0
shrinkage=0.03


Tree=48
num_leaves=10
num_cat=0
split_feature=37 11 36 36 26 0 11 35 36
split_gain=6.14598 5.40751 6.00279 5.16219 5.16742 4.84815 5.0947 5.37574 1.80289
threshold=-0.0011126116027244668 0.022191098244735311 0.0051292169386026459 0.0044523793803170758 0.21739137645992754 -0.00815309248884921 0.020661985083026638 0.037827511716566738 0.0044305451885316306
decision_type=2 2 2 2 2 2 2 2 2
left_child=5 3 8 -2 -5 -1 7 -7 -3
right_child=1 2 -4 4 -6 6 -8 -9 -10
leaf_value=-0.0096395503382338456 -0.019526007365141158 -0.011686434553810141 -0.032969557437077218 -0.0056112875212000913 0.009362116350323019 0.015568935016005588 0.032813302549628151 -0.0094046512909981145 0.0067968824491298112
leaf_weight=7.5993217527866355 8.9236225038766843 7.188669681549074 8.8263382762670499 35.469044730067253 43.090059861540794 18.48488882184029 8.0693069845437986 10.036790654063223 7.1602211892604828
leaf_count=31 37 30 38 147 177 77 33 41 30
internal_value=0 -0.00371449 -0.0159705 -1.57117e-05 0.00244403 0.00927901 0.0138927 0.00624887 -0.00184244
internal_weight=154.848 110.658 23.1752 87.4827 78.5591 44.1903 36.591 28.5217 14.3489
internal_count=641 459 98 361 324 182 151 118 60
is_linear=0
shrinkage=0.03


Tree=49
num_leaves=12
num_cat=0
split_feature=37 24 17 20 36 36 34 35 36 36 18
split_gain=5.84504 5.38761 5.26603 4.6751 4.76779 4.43891 4.2618 3.98405 3.40084 2.92847 0.929192
threshold=-0.0011126116027244668 -0.38887805707876527 -0.066359920384810964 0.012513596827471633 0.0050174476351997283 0.0044305451885316306 0.0015859725736107058 0.043205065488108658 0.0074077736295704681 0.0052746946737428314 0.52807830605776684
decision_type=2 2 2 2 2 2 2 2 2 2 2
left_child=3 6 10 7 -5 -4 -2 -1 -6 -8 -3
right_child=1 2 5 4 8 -7 9 -9 -10 -11 -12
leaf_value=0.0086362779186266361 0.018718461698564615 -0.0083612213676115023 -0.019800445414519929 0.034543156966634951 -0.005588839910606748 0.00014496274704427963 -0.012004338544075574 -0.016454654785673973 0.017864073368402969 0.0070581497526496983 -0.03081134081197837
leaf_weight=11.2094604074955 11.929056614637373 7.249437749385832 10.200742632150648 7.673875197768214 8.8235538601875323 48.681694254279137 11.454576328396799 7.7833217382431021 8.6521789878606779 13.16261640191078 7.8761882483959198
leaf_count=46 49 30 43 31 36 202 47 32 37 55 33
internal_value=0 -0.00363941 -0.00830002 0.00903867 0.0170892 -0.00360093 0.00535038 -0.0015196 0.00589453 -0.00148375 -0.0231603
internal_weight=154.697 110.554 74.0081 44.1424 25.1496 58.8824 36.5462 18.9928 17.4757 24.6172 15.1256
internal_count=641 459 308 182 104 245 151 78 73 102 63
is_linear=0
shrinkage=0.03


end of trees

feature_importances:
volatility=30
atr_pct=26
macro_usdjpy_ret_60=25
macro_usdjpy_vol_20=25
macro_topix_ret_20=24
macro_topix_vol_20=23
bb_bandwidth=21
ma_20_60_cross=18
macro_usdjpy_ret_20=16
return_20d=14
macd_hist=14
macro_nikkei_ret_20=13
vol_ratio=12
div_ma_20=10
ma_5_20_cross=10
div_ma_10=9
rsi=9
bb_pct_b=9
candle_body_pct=9
return_5d=8
return_10d=8
macd_signal=7
return_1d=6
return_2d=6
div_ma_60=6
macd=6
macd_hist_change=6
vol_change=5
month=5
price_position_20d=5
return_3d=4
lower_shadow_pct=4
gap=4
div_ma_5=3
upper_shadow_pct=3
streak=1

parameters:
[boosting: gbdt]
[objective: binary]
[metric: binary_logloss]
[tree_learner: serial]
[device_type: cpu]
[data_sample_strategy: bagging]
[data: ]
[valid: ]
[num_iterations: 50]
[learning_rate: 0.03]
[num_leaves: 15]
[num_threads: 0]
[seed: 42]
[deterministic: 0]
[force_col_wise: 0]
[force_row_wise: 0]
[histogram_pool_size: -1]
[max_depth: 4]
[min_data_in_leaf: 30]
[min_sum_hessian_in_leaf: 0.001]
[bagging_fraction: 0.7]
[pos_bagging_fraction: 1]
[neg_bagging_fraction: 1]
[bagging_freq: 5]
[bagging_seed: 400]
[bagging_by_query: 0]
[feature_fraction: 0.6]
[feature_fraction_bynode: 1]
[feature_fraction_seed: 30056]
[extra_trees: 0]
[extra_seed: 12879]
[early_stopping_round: 0]
[early_stopping_min_delta: 0]
[first_metric_only: 0]
[max_delta_step: 0]
[lambda_l1: 0.5]
[lambda_l2: 2]
[linear_lambda: 0]
[min_gain_to_split: 0]
[drop_rate: 0.1]
[max_drop: 50]
[skip_drop: 0.5]
[xgboost_dart_mode: 0]
[uniform_drop: 0]
[drop_seed: 17869]
[top_rate: 0.2]
[other_rate: 0.1]
[min_data_per_group: 100]
[max_cat_threshold: 32]
[cat_l2: 10]
[cat_smooth: 10]
[max_cat_to_onehot: 4]
[top_k: 20]
[monotone_constraints: ]
[monotone_constraints_method: basic]
[monotone_penalty: 0]
[feature_contri: ]
[forcedsplits_filename: ]
[refit_decay_rate: 0.9]
[cegb_tradeoff: 1]
[cegb_penalty_split: 0]
[cegb_penalty_feature_lazy: ]
[cegb_penalty_feature_coupled: ]
[path_smooth: 0]
[interaction_constraints: ]
[verbosity: -1]
[saved_feature_importance_type: 0]
[use_quantized_grad: 0]
[num_grad_quant_bins: 4]
[quant_train_renew_leaf: 0]
[stochastic_rounding: 1]
[linear_tree: 0]
[max_bin: 255]
[max_bin_by_feature: ]
[min_data_in_bin: 5]
[bin_construct_sample_cnt: 200000]
[data_random_seed: 175]
[is_enable_sparse: 1]
[enable_bundle: 1]
[use_missing: 1]
[zero_as_missing: 0]
[feature_pre_filter: 1]
[pre_partition: 0]
[two_round: 0]
[header: 0]
[label_column: ]
[weight_column: ]
[group_column: ]
[ignore_column: ]
[categorical_feature: ]
[forcedbins_filename: ]
[precise_float_parser: 0]
[parser_config_file: ]
[objective_seed: 16083]
[num_class: 1]
[is_unbalance: 0]
[scale_pos_weight: 1]
[sigmoid: 1]
[boost_from_average: 1]
[reg_sqrt: 0]
[alpha: 0.9]
[fair_c: 1]
[poisson_max_delta_step: 0.7]
[tweedie_variance_power: 1.5]
[lambdarank_truncation_level: 30]
[lambdarank_norm: 1]
[label_gain: ]
[lambdarank_position_bias_regularization: 0]
[eval_at: ]
[multi_error_top_k: 1]
[auc_mu_weights: ]
[num_machines: 1]
[local_listen_port: 12400]
[time_out: 120]
[machine_list_filename: ]
[machines: ]
[gpu_platform_id: -1]
[gpu_device_id: -1]
[gpu_use_dp: 0]
[num_gpu: 1]

end of parameters

pandas_categorical:[]
