tree
version=v4
num_class=1
num_tree_per_iteration=1
label_index=0
max_feature_idx=44
objective=binary sigmoid:1
feature_names=return_1d return_2d return_3d return_5d return_10d return_20d div_ma_5 div_ma_10 div_ma_20 div_ma_60 ma_5_20_cross ma_20_60_cross rsi rsi_change macd macd_signal macd_hist macd_hist_change bb_pct_b bb_bandwidth atr_pct volatility vol_change vol_ratio candle_body_pct upper_shadow_pct lower_shadow_pct day_of_week month is_month_end is_month_start streak gap price_position_20d macro_usdjpy_ret_20 macro_usdjpy_ret_60 macro_usdjpy_vol_20 macro_topix_ret_20 macro_topix_vol_20 macro_topix_above_200dma macro_nikkei_ret_20 macro_nikkei_above_200dma macro_nikkei_vi macro_jgb10y macro_bias_score
feature_infos=[-0.14107079957731594:0.097435897435897534] [-0.20101572739187423:0.16198482673774861] [-0.22439567430025442:0.13557758819460464] [-0.23196850393700785:0.22047992397243998] [-0.25564713064713063:0.28168662674650702] [-0.27982870643827529:0.31994884910485943] [-0.16583997537030074:0.08318890814558054] [-0.20029515454619989:0.16014363468009676] [-0.2376292567784091:0.21138518134226278] [-0.24776542990892059:0.32942768619270879] [-0.12983574366031703:0.15185223569512085] [-0.074859480134292777:0.19112389485440473] [6.3448275862068897:97.853550766453594] [-35.330985175794623:29.075722455357266] [-144.03086637327579:316.05603702437384] [-111.78364164871749:288.80405617540794] [-74.412829985609008:106.16750784234233] [-32.131356048979072:31.343135552076205] [-0.33148383503277951:1.2585197915218747] [0.029655699552275157:0.40488865905238219] [0.012572561538812277:0.05603746065863207] [0.0075340009333067452:0.047988398519303449] [-0.81977314271187673:6.4355525989320199] [0.46022980028186705:1.9430228495896495] [-1:1] [0:0.90666666666666662] [0:0.93103448275862066] [0:4] [1:12] none [0:1] [-8:11] [-0.11111111111111116:0.1127742464629895] [0:1] [-0.10288784967882303:0.08505611680078462] [-0.13986255140503889:0.13160084488587853] [0.0024251968629527628:0.011841457708833433] [-0.90806057657351702:0.19897857359448179] [0.0040695656242548776:0.20202552483846534] [0:1] [-0.22859537662338159:0.23022297972565586] [0:1] none none none
tree_sizes=1411 1470 1188 1206 1179 1208 1089 892 976 1104 1061 786 788 789 791 1303 1203 1417 1403 893 1186 971 1400 1442 1310 1178 1411 1100 1182 1072 890 952 868 896 969 1101 1193 1099 1297 1298 1209 1186 1310 1210 1093 1290 1311 1311 1484 1418

Tree=0
num_leaves=12
num_cat=0
split_feature=28 16 16 37 16 36 37 4 16 5 7
split_gain=12.9003 11.517 7.36292 11.9778 5.40852 11.5829 10.4362 8.05505 5.61675 3.53737 1.77834
threshold=8.5000000000000018 -8.5704332788547699 -4.8084435916969657 0.046076833074914732 7.1138710706231434 0.0064025124615287952 0.017350082282256877 0.010540511297798207 -1.193692934731432 0.081023578747737815 0.031888974276766922
decision_type=2 2 2 2 2 2 2 2 2 2 2
left_child=4 -2 -3 -4 6 9 7 -1 -8 -6 -7
right_child=1 2 3 -5 5 10 8 -9 -10 -11 -12
leaf_value=0.007207692039894369 0.0010004206771844926 -0.049784627515959114 -0.0090349559221741885 -0.048544677777103439 0.0037638117072233013 0.030216650502507707 -0.03978446777296412 -0.023175812831825862 -0.0087527911095947441 -0.019169425098111266 0.0025073132184928234
leaf_weight=29.499435573816299 13.749736919999121 9.9998086690902692 26.499492973089218 7.7498517185449591 7.7498517185449627 9.9998086690902728 9.9998086690902728 8.2498421519994718 10.74979431927204 13.499741703271864 7.4998565018177024
leaf_count=118 55 40 106 31 31 40 40 33 43 54 30
internal_value=-0.0102106 -0.0212492 -0.02861 -0.0200911 -0.00365913 0.00474868 -0.0092427 -0.000201377 -0.0256564 -0.00980314 0.0214834
internal_weight=155.247 57.9989 44.2492 34.2493 97.2481 38.7493 58.4989 37.7493 20.7496 21.2496 17.4997
internal_count=621 232 177 137 389 155 234 151 83 85 70
is_linear=0
shrinkage=1


Tree=1
num_leaves=13
num_cat=0
split_feature=28 23 9 16 12 16 36 34 38 5 1 7
split_gain=12.2684 16.2703 8.06591 7.50048 8.11575 5.18964 11.323 10.3908 13.4008 4.32338 2.31513 2.28974
threshold=8.5000000000000018 1.1079253169794634 -0.0038526823515312139 -8.5704332788547699 64.041973189732744 8.1978504153827156 0.0064025124615287952 0.019091889711883362 0.011010877249417699 0.081023578747737815 0.003151574338835617 0.031474072882428011
decision_type=2 2 2 2 2 2 2 2 2 2 2 2
left_child=5 3 -3 -2 -5 7 9 8 -1 -7 -9 -8
right_child=1 2 -4 4 -6 6 11 10 -10 -11 -12 -13
leaf_value=-0.018131175131298201 0 0.031003267980724072 -0.0071503515641145494 -0.036181215241485577 0 0.014121422069507302 0.04113031442648845 0.026825493900284453 0.017993484213651514 -0.011707228728081177 0.0030551134650047291 0.010971453444222297
leaf_weight=32.246222987771034 9.749997675418852 7.7494431585073471 7.9990067631006223 24.741830736398697 7.7484207451343527 7.4999736249446896 8.7480030208826083 9.2491656690835971 10.499616369605063 12.748828902840613 8.7490437477827054 7.4999317079782477
leaf_count=129 39 31 32 99 31 30 35 37 42 51 35 30
internal_value=-0.0014351 -0.0122025 0.012157 -0.0217626 -0.028341 0.00495132 0.0135799 -0.000261517 -0.00851504 -0.0010569 0.0174818 0.0307595
internal_weight=155.229 57.9887 15.7484 42.2402 32.4903 97.2408 36.4967 60.744 42.7458 20.2488 17.9982 16.2479
internal_count=621 232 63 169 130 389 146 243 171 81 72 65
is_linear=0
shrinkage=0.03


Tree=2
num_leaves=10
num_cat=0
split_feature=28 37 11 20 11 12 3 14 12
split_gain=11.6512 10.092 8.96397 12.0907 9.85477 7.67207 11.0524 10.1106 7.19293
threshold=8.5000000000000018 0.046076833074914732 0.1429069817236728 0.021689106294484586 0.051975555443853579 41.070630440427145 0.024233033238465155 -16.087216418030717 47.996021782426631
decision_type=2 2 2 2 2 2 2 2 2
left_child=2 5 3 4 -1 7 -7 -2 -5
right_child=1 -3 -4 8 -6 6 -8 -9 -10
leaf_value=0.0063071262618406791 -0.00057056856367031228 -0.039340148478484785 -0.01899485278237642 0.003722944843924401 -0.022791333519245113 0.01633414617733513 -0.020909461216642524 -0.041952731257518021 0.034456132711846561
leaf_weight=44.737831115722656 13.493869811296465 8.2394663095474225 10.247046783566473 13.247207850217821 11.495316594839094 19.992370903491977 8.497727692127226 7.7424410283565512 17.494429618120193
leaf_count=179 54 33 41 53 46 80 34 31 70
internal_value=-0.00135264 -0.0118511 0.0048683 0.00821213 0 -0.00566128 0.00409066 -0.0186158 0.0227071
internal_weight=155.188 57.9659 97.2218 86.9748 56.2331 49.7264 28.4901 21.2363 30.7416
internal_count=621 232 389 348 225 199 114 85 123
is_linear=0
shrinkage=0.03


Tree=3
num_leaves=10
num_cat=0
split_feature=19 11 11 3 23 9 36 10 20
split_gain=8.81897 8.52629 9.02943 9.3496 6.0686 6.37847 8.47732 5.16457 4.76808
threshold=0.10738083674361108 0.1429069817236728 0.080977597078301669 0.041852410785695245 1.1079253169794634 0.0048664757318368033 0.0068094986502908574 0.0042485636522213719 0.017810383103394532
decision_type=2 2 2 2 2 2 2 2 2
left_child=4 2 3 -2 5 8 -7 -6 -1
right_child=1 -3 -4 -5 7 6 -8 -9 -10
leaf_value=-0.0035006146539288559 0.010904474640754854 -0.018485845883075336 0.034110995070815935 -0.014764133452607929 0.019200435677715597 0.0071867188598419667 -0.026226653923912342 -0.0089273059827134627 -0.032229422106604358
leaf_weight=9.4950214326381701 47.220009297132492 9.4942311495542508 9.245128780603407 14.993457287549971 9.4981968402862567 20.234567865729336 7.7376243472099295 9.4947102516889554 17.732836946845055
leaf_count=38 189 38 37 60 38 81 31 38 71
internal_value=-0.00134734 0.00532744 0.00911271 0.00421757 -0.00877582 -0.0137554 -0.00268888 0.00491374 -0.0236493
internal_weight=155.146 80.9528 71.4586 62.2135 74.193 55.2001 27.9722 18.9929 27.2279
internal_count=621 324 286 249 297 221 112 76 109
is_linear=0
shrinkage=0.03


Tree=4
num_leaves=10
num_cat=0
split_feature=21 28 11 14 21 11 19 13 14
split_gain=15.3236 14.1952 16.5432 11.3323 14.8867 5.62331 5.24912 4.37798 4.0101
threshold=0.013705537667889211 8.5000000000000018 0.1429069817236728 -16.087216418030717 0.016787891653821344 0.06687993242677405 0.060875983502857618 -3.1829413913059628 51.524206325469784
decision_type=2 2 2 2 2 2 2 2 2
left_child=6 2 5 -3 -5 -2 -1 -8 -9
right_child=1 3 -4 4 -6 -7 7 8 -10
leaf_value=0.00035410984228907076 0.013775207980249261 0.011474477562851785 -0.018103483878587314 0 -0.044732999126497808 0.039012177801301652 -0.0023831560096818148 -0.03474091024746951 -0.0055226518039781219
leaf_weight=13.242875918745993 43.72540283203125 14.239392310380934 10.239044889807699 15.979270681738855 10.228713452816008 10.987436532974241 10.986593440175055 17.231935575604442 8.2429792284965497
leaf_count=53 175 57 41 64 41 44 44 69 33
internal_value=-0.00132269 0.00505083 0.0136662 -0.00842268 -0.0198121 0.0203048 -0.0148006 -0.020427 -0.0269229
internal_weight=155.104 105.399 64.9519 40.4474 26.208 54.7128 49.7044 36.4615 25.4749
internal_count=621 422 260 162 105 219 199 146 102
is_linear=0
shrinkage=0.03


Tree=5
num_leaves=10
num_cat=0
split_feature=21 28 37 36 16 35 22 15 34
split_gain=15.3053 14.3235 15.2221 12.6618 10.7757 6.01104 11.7974 2.63464 0.630843
threshold=0.013604857518322711 2.5000000000000004 0.017841489867405195 0.0052974122720070051 -8.5704332788547699 0.037607981997207725 -0.12364351771767577 25.121357323526048 0.022225591593769137
decision_type=2 2 2 2 2 2 2 2 2
left_child=5 -2 4 -4 -3 6 -1 -8 -7
right_child=1 2 3 -5 -6 8 7 -9 -10
leaf_value=-0.028167710698100215 0.030646687185178056 0.025277735594764421 -0.027228921130201377 0.0028299780663896476 -0.0010567300215175437 -0.013074649367089918 0.017722333482446374 -0.0022145405176261269 -0.037271666834536914
leaf_weight=11.234577864408495 14.478645801544188 23.983716696500778 22.218461528420448 23.953414171934128 27.721542775630951 7.4892916083335868 9.4942091256380099 9.2415865510702115 8.4825185984373075
leaf_count=45 58 96 89 96 111 30 38 37 34
internal_value=-0.0011187 0.00476078 0.000244369 -0.0118533 0.0113658 -0.0154092 -0.00606745 0.00789983 -0.0294778
internal_weight=158.298 112.356 97.8771 46.1719 51.7053 45.9422 29.9704 18.7358 15.9718
internal_count=634 450 392 185 207 184 120 75 64
is_linear=0
shrinkage=0.03


Tree=6
num_leaves=9
num_cat=0
split_feature=21 14 38 16 24 13 38 37
split_gain=14.5768 9.18237 8.57777 8.00516 6.4071 5.08656 4.17307 2.98941
threshold=0.013604857518322711 -31.532646637443118 0.012964331009681416 2.8444372474263226 0.17797575385322403 -2.1646774303629601 0.0074815886221529975 -0.005362728923539394
decision_type=2 2 2 2 2 2 2 2
left_child=4 -2 3 -3 5 -1 -6 -4
right_child=1 2 7 -5 6 -7 -8 -9
leaf_value=-0.006598669144813149 0.025389951979775387 -0.004323546975754166 -0.0015236917954873847 0.013775527305240585 0.014013481719336024 -0.033797953237758867 -0.013238143899772983 -0.029727831342471322
leaf_weight=13.732595533132555 14.486031413078306 39.930314153432846 7.491679459810257 42.925850138068199 7.9925098121166256 15.960163339972494 8.2338018715381605 7.4788507521152479
leaf_count=55 58 160 30 172 32 64 33 30
internal_value=-0.00110063 0.00463571 0.000965088 0.00498007 -0.015052 -0.0229021 0 -0.0183405
internal_weight=158.232 112.313 97.8267 82.8562 45.9191 29.6928 16.2263 14.9705
internal_count=634 450 392 332 184 119 65 60
is_linear=0
shrinkage=0.03


Tree=7
num_leaves=7
num_cat=0
split_feature=28 10 34 24 32 16
split_gain=12.8226 14.0049 6.43106 6.36429 4.0853 3.89763
threshold=2.5000000000000004 -0.040462683025367867 -0.021278489612409242 0.17797575385322403 0.00086500206436257454 -3.2236771979852583
decision_type=2 2 2 2 2 2
left_child=4 -2 5 -4 -1 -3
right_child=1 2 3 -5 -6 -7
leaf_value=0.00063482840040070753 0.028319815157712709 -0.0071053601554342226 -0.016644292646640153 -0.00097715466012916427 0.027225302245856405 0.015751888710024246
leaf_weight=9.4863659292459506 8.4842640757560712 9.2255162447690982 62.857706695795059 40.180191546678543 14.467987075448034 13.477555245161055
leaf_count=38 34 37 252 161 58 54
internal_value=-0.00108714 -0.00484327 -0.0076067 -0.0108125 0.0181333 0.00603323
internal_weight=158.18 134.225 125.741 103.038 23.9544 22.7031
internal_count=634 538 504 413 96 91
is_linear=0
shrinkage=0.03


Tree=8
num_leaves=8
num_cat=0
split_feature=28 10 4 37 11 11 9
split_gain=12.1491 13.3194 7.53748 17.8166 7.64463 4.13338 1.21657
threshold=2.5000000000000004 -0.040462683025367867 -0.0086077740857657386 0.0032872491602409242 0.016675925367166781 -0.012552039490867082 0.083492228518708328
decision_type=2 2 2 2 2 2 2
left_child=5 -2 3 -3 -4 -1 -7
right_child=1 2 4 -5 -6 6 -8
leaf_value=0 0.027659609335687757 0.0025836631691285258 0.0093273970426010593 -0.034340423065855795 -0.0089351686042220112 0.035136507486694099 0.010742823556130071
leaf_weight=7.9867997616529491 8.4740572869777662 20.456420674920082 31.43610954284668 22.920297026634216 50.897613763809204 7.4889483749866477 8.468349024653433
leaf_count=32 34 82 126 92 204 30 34
internal_value=-0.00103154 -0.00469086 -0.00738805 -0.0172501 -0.00172858 0.0176782 0.0256647
internal_weight=158.129 134.184 125.71 43.3767 82.3337 23.9441 15.9573
internal_count=634 538 504 174 330 96 64
is_linear=0
shrinkage=0.03


Tree=9
num_leaves=9
num_cat=0
split_feature=21 40 3 23 17 0 19 26
split_gain=13.4312 6.42589 7.3813 5.57591 4.97395 5.5954 5.40699 0.872632
threshold=0.013604857518322711 -0.047575993634514584 -0.028508434157633763 0.90870787993555002 -0.14340281525189444 -0.0040254094131971221 0.06363612601544523 0.2690691661279897
decision_type=2 2 2 2 2 2 2 2
left_child=4 -2 7 -4 5 -1 -6 -3
right_child=1 2 3 -5 6 -7 -8 -9
leaf_value=-0.014860087881083558 0.022947709902312895 -0.023282578564502058 -0.0030339862370684697 0.011977044786260733 -0.00017206116124047141 0.013852268288921167 -0.031584810137711562 -0.0043939977426552899
leaf_weight=12.211083233356478 12.956511199474333 7.4739140123128873 37.386687964200974 46.904653236269951 7.9815455228090313 8.4855433553457242 17.171906173229218 7.4804441630840302
leaf_count=49 52 30 150 188 32 34 69 30
internal_value=-0.000974493 0.00452897 0.00157044 0.0052292 -0.0143822 -0.00224392 -0.0229164 -0.0163518
internal_weight=158.052 112.202 99.2457 84.2913 45.8501 20.6966 25.1535 14.9544
internal_count=634 450 398 338 184 83 101 60
is_linear=0
shrinkage=0.03


Tree=10
num_leaves=9
num_cat=0
split_feature=16 28 21 14 19 19 32 33
split_gain=11.76 9.09485 8.74192 9.69573 8.33391 9.59432 7.87099 2.17489
threshold=-20.907340143326469 8.5000000000000018 0.016661944058057862 -16.087216418030717 0.075545488136573649 0.12835052240871975 0.0047500600745925556 0.46837101680212562
decision_type=2 2 2 2 2 2 2 2
left_child=-1 4 6 -4 7 -6 -3 -2
right_child=1 2 3 -5 5 -7 -8 -9
leaf_value=0.028765639696724507 -0.00018455431401530011 0.0061223464522324449 0 -0.042222039862823128 0.021890679386078412 0 -0.025044121609286867 -0.021963584519609586
leaf_weight=10.464554503560064 8.9781050533056277 26.659721747040749 7.4865670949220684 11.189047396183012 27.928267046809196 44.363493874669075 7.7025412619113913 8.9835687428712827
leaf_count=42 36 107 30 45 112 178 31 36
internal_value=0.000744612 -0.00156632 -0.0112729 -0.0267421 0.00409593 0.00876447 -0.00144454 -0.012938
internal_weight=153.756 143.291 53.0379 18.6756 90.2534 72.2918 34.3623 17.9617
internal_count=617 575 213 75 362 290 138 72
is_linear=0
shrinkage=0.03


Tree=11
num_leaves=6
num_cat=0
split_feature=16 38 21 36 23
split_gain=11.2002 12.3867 14.9463 15.1278 0.765793
threshold=-20.907340143326469 0.012964331009681416 0.021722021851386334 0.0071638962918784792 0.95125513374087833
decision_type=2 2 2 2 2
left_child=-1 2 3 -2 -3
right_child=1 4 -4 -5 -6
leaf_value=0.028063942919753181 -0.0095136357140770105 -0.033139526270282313 0.028182119284833822 0.013757823939133051 -0.010849234149561248
leaf_weight=10.454568490386007 78.24286088347435 7.6973976343870154 14.681116238236426 34.389943853020668 8.2213735282421094
leaf_count=42 314 31 59 138 33
internal_value=0.000704087 -0.0015486 0.0016035 -0.00216129 -0.0249605
internal_weight=153.687 143.233 127.314 112.633 15.9188
internal_count=617 575 511 452 64
is_linear=0
shrinkage=0.03


Tree=12
num_leaves=6
num_cat=0
split_feature=16 38 21 0 23
split_gain=10.6538 11.8318 14.1743 6.83154 0.713889
threshold=-20.907340143326469 0.012964331009681416 0.021722021851386334 -0.0054739295199386908 0.95125513374087833
decision_type=2 2 2 2 2
left_child=-1 2 3 -2 -3
right_child=1 4 -4 -5 -6
leaf_value=0.027388139716995785 -0.012028587095982477 -0.032373066540750985 0.027473875974747482 0.0031239409512454517 -0.010589421408017396
leaf_weight=10.440712019801138 38.846145913004875 7.6906948685646048 14.65966349840164 73.770182728767395 8.2194916158914548
leaf_count=42 156 31 59 296 33
internal_value=0.000686756 -0.00150738 0.00157095 -0.00209063 -0.0243959
internal_weight=153.627 143.186 127.276 112.616 15.9102
internal_count=617 575 511 452 64
is_linear=0
shrinkage=0.03


Tree=13
num_leaves=6
num_cat=0
split_feature=16 38 34 0 38
split_gain=10.1409 11.3246 10.9207 11.9689 6.96132
threshold=-20.907340143326469 0.013203536419604469 -0.021278489612409242 -0.0044774277944026322 0.0086449424513257243
decision_type=2 2 2 2 2
left_child=-1 2 4 -4 -2
right_child=1 -3 3 -5 -6
leaf_value=0.026736576205112533 0.00091466730990768629 -0.025835371391541431 -0.016379641480660973 0.0043129636810816654 0.034275247736583969
leaf_weight=10.423292294144629 11.69874243438244 13.414773210883139 36.092508092522621 70.735442504286766 11.193407133221625
leaf_count=42 47 54 145 284 45
internal_value=0.000664772 -0.00147274 0.00128683 -0.00271287 0.0192726
internal_weight=153.558 143.135 129.72 106.828 22.8921
internal_count=617 575 521 429 92
is_linear=0
shrinkage=0.03


Tree=14
num_leaves=6
num_cat=0
split_feature=16 38 21 36 34
split_gain=9.64534 10.8297 13.3263 14.0173 0.927552
threshold=-20.907340143326469 0.012964331009681416 0.021722021851386334 0.0071638962918784792 0.0019394252310781515
decision_type=2 2 2 2 2
left_child=-1 2 3 -2 -3
right_child=1 4 -4 -5 -6
leaf_value=0.026107743687000307 -0.0091140217568348742 -0.0089333211920691602 0.026664334212075355 0.013290146082095552 -0.031069611572278708
leaf_weight=10.402598440647123 78.199270516633987 7.7216475605964652 14.622928276658056 34.378348663449287 8.1554700434207898
leaf_count=42 314 31 59 138 33
internal_value=0.000657355 -0.00142405 0.00151528 -0.00202888 -0.0233468
internal_weight=153.48 143.078 127.201 112.578 15.8771
internal_count=617 575 511 452 64
is_linear=0
shrinkage=0.03


Tree=15
num_leaves=11
num_cat=0
split_feature=28 16 17 38 36 10 10 16 40 35
split_gain=12.4107 8.98633 8.47383 5.92475 4.76465 10.8065 7.79161 4.22253 4.6075 2.10196
threshold=8.5000000000000018 -8.5704332788547699 -1.8422715787743014 0.009992848672552292 0.005159720709247047 0.016752330735221536 0.01403733051176115 -4.8084435916969657 0.043304665039097696 0.016450038050778718
decision_type=2 2 2 2 2 2 2 2 2 2
left_child=2 -2 3 9 5 -4 -6 -3 -9 -1
right_child=1 7 4 -5 6 -7 -8 8 -10 -11
leaf_value=-0.026699300516085742 0.0082838782770126539 -0.034803258497012227 0.015333157214892937 0.0092174208696772768 0.0028622837282401225 -0.024860494732132726 0.026920659505165152 -0.0018763187837271633 -0.026375656146125078 -0.0044691875768868563
leaf_weight=8.4821055382490211 13.185825228691099 9.9058690518140775 13.210115090012552 10.436549648642538 24.625519320368767 7.9505732208490363 26.597791761159897 21.668448552489284 9.6261736601591092 10.719474568963049
leaf_count=34 53 40 53 42 99 32 107 87 39 43
internal_value=-0.000187974 -0.0116096 0.00586266 -0.00701931 0.0113858 0 0.0161786 -0.0184123 -0.0109945 -0.0165889
internal_weight=156.408 54.3863 102.022 29.6381 72.384 21.1607 51.2233 41.2005 31.2946 19.2016
internal_count=629 219 410 119 291 85 206 166 126 77
is_linear=0
shrinkage=0.03


Tree=16
num_leaves=10
num_cat=0
split_feature=21 28 14 16 40 16 15 35 28
split_gain=14.2701 10.3642 9.38493 6.41532 7.33964 7.85796 6.06835 5.06428 2.64799
threshold=0.018317890948860223 8.5000000000000018 170.4271129592594 -14.248476637516381 0.018107584634312616 -8.5704332788547699 62.41076729382474 0.041347002822479835 6.5000000000000009
decision_type=2 2 2 2 2 2 2 2 2
left_child=3 2 8 7 5 -5 -6 -1 -2
right_child=1 -3 -4 4 6 -7 -8 -9 -10
leaf_value=-0.0051223306440538368 0.034577568609544376 -0.013606055013703799 -0.0059400493151118795 0.0061892658640024063 0.0043494786953374278 -0.023605690858768597 -0.018869163454423521 0.025413234523852524 0.0097849353447267799
leaf_weight=7.4495570063590986 19.325758412480358 8.1476879864931089 7.9365425109863272 8.2319971621036512 40.554368674755096 36.087699472904205 11.204064369201658 7.7015388607978821 9.6597780585288984
leaf_count=30 78 33 32 33 163 145 45 31 39
internal_value=-0.00020395 0.0135839 0.0203602 -0.00606446 -0.00902157 -0.0177194 -0.000912607 0.0106783 0.0279641
internal_weight=156.299 45.0698 36.9221 111.229 96.0781 44.3197 51.7584 15.1511 28.9855
internal_count=629 182 149 447 386 178 208 61 117
is_linear=0
shrinkage=0.03


Tree=17
num_leaves=12
num_cat=0
split_feature=28 16 17 34 34 4 33 36 10 10 11
split_gain=11.285 8.19041 7.9223 8.6367 6.82605 4.68078 6.4547 4.45386 10.319 7.17407 2.23395
threshold=8.5000000000000018 -8.5704332788547699 -1.8422715787743014 0.019091889711883362 1.0000000180025095e-35 -0.0086077740857657386 0.78336635401764976 0.005159720709247047 0.016752330735221536 0.01403733051176115 -0.017719696023630545
decision_type=2 2 2 2 2 2 2 2 2 2 2
left_child=2 -2 3 4 -1 10 -7 8 -4 -9 -3
right_child=1 5 7 -5 -6 6 -8 9 -10 -11 -12
leaf_value=0.00028066552572325875 0.0078631864773887616 -0.010875408889881238 0.014918634091184265 0.013397654084141383 -0.032294567030156034 0.0052047224753405475 -0.023532572993987359 0.0027618523276439419 -0.024368003364576868 0.025899125696422668 -0.039618625312489525
leaf_weight=8.9338242113590294 13.181739032268522 8.1700892001390475 13.199910193681719 9.966314420104025 10.714101418852804 13.910575255751612 10.178581580519674 24.611019238829613 7.9429861903190604 26.522670939564705 8.841440871357916
leaf_count=36 53 33 53 40 43 56 41 99 32 107 36
internal_value=-0.000190053 -0.0110964 0.0055777 -0.00687055 -0.0181323 -0.0176078 -0.00723608 0.0109278 -2.28503e-05 0.0155684 -0.0291995
internal_weight=156.173 54.2824 101.891 29.6142 19.6479 41.1007 24.0892 72.2766 21.1429 51.1337 17.0115
internal_count=629 219 410 119 79 166 97 291 85 206 69
is_linear=0
shrinkage=0.03


Tree=18
num_leaves=12
num_cat=0
split_feature=28 16 15 16 40 14 9 4 33 26 26
split_gain=10.7282 7.81488 7.71701 10.0486 14.6942 9.41261 13.8822 4.48651 6.14835 3.70927 1.54262
threshold=8.5000000000000018 -8.5704332788547699 23.572781039757221 -19.542126191856756 0.04697245847115817 -4.6822847436865223 -0.05150362157549826 -0.0086077740857657386 0.78336635401764976 0.12808360675659256 0.29073119638088979
decision_type=2 2 2 2 2 2 2 2 2 2 2
left_child=2 -2 5 -4 -5 6 -1 10 -9 -7 -3
right_child=1 7 3 4 -6 9 -8 8 -10 -11 -12
leaf_value=0.024424795925519355 0.0076585130533701924 -0.037301293583859738 0.024626745828798462 -0.023591276357707323 0.0097076394322705862 0.0043115913220848987 -0.017851855872043732 0.0050671959270702817 -0.022977402012242812 0.032759330939173104 -0.010890276230019567
leaf_weight=10.155043020844461 13.181453078985212 9.3109311163425463 7.9210976213216773 24.127721324563026 19.609616801142693 7.7082822024822262 14.450623929500578 13.9137050062418 10.160372897982596 17.849375188350677 7.6478616744279853
leaf_count=41 53 38 32 97 79 31 58 56 41 72 31
internal_value=-0.000199016 -0.0108422 0.00542311 -0.00246529 -0.00856211 0.0136172 0 -0.0172137 -0.00704822 0.0256593 -0.0285873
internal_weight=156.036 54.2143 101.822 51.6584 43.7373 50.1633 24.6057 41.0329 24.0741 25.5577 16.9588
internal_count=629 219 410 208 176 202 99 166 97 103 69
is_linear=0
shrinkage=0.03


Tree=19
num_leaves=7
num_cat=0
split_feature=34 10 12 33 19 1
split_gain=6.88505 7.24948 13.3605 9.69918 6.91974 1.45245
threshold=0.037058102974630087 -0.030102592940406122 42.105039740780036 0.13117144293614885 0.13265630961233987 -0.001465471300440335
decision_type=2 2 2 2 2 2
left_child=1 -1 3 -3 -4 -2
right_child=5 2 4 -5 -6 -7
leaf_value=0.022061702211665615 -0.0037726492841560683 0.0031087072026035746 0.010709604604309779 -0.032083913740033047 -0.0051702313237346606 -0.024416330760513482
leaf_weight=12.59929485619068 8.1142731159925479 9.9324329197406787 63.296166479587555 15.821538567543028 36.728200629353523 9.3740637302398664
leaf_count=51 33 40 255 64 148 38
internal_value=-0.000186317 0.00204062 -0.000161435 -0.0187249 0.00474458 -0.0169779
internal_weight=155.866 138.378 125.778 25.754 100.024 17.4883
internal_count=629 558 507 104 403 71
is_linear=0
shrinkage=0.03


Tree=20
num_leaves=10
num_cat=0
split_feature=21 20 11 37 24 9 21 21 35
split_gain=8.23366 5.64263 11.073 10.0506 7.42737 6.27538 3.48102 2.41812 1.23968
threshold=0.021722021851386334 0.018057163320803222 0.051975555443853579 -0.015717999498693843 0.20864317728403162 0.012434742963586281 0.016637338944124207 0.028268797104582924 0.02950493322693826
decision_type=2 2 2 2 2 2 2 2 2
left_child=1 2 4 6 -1 -5 -3 8 -2
right_child=7 3 -4 5 -6 -7 -8 -9 -10
leaf_value=0 0.027476126758119501 0.024632103825177071 -0.02162981434265307 -0.022801810951544762 0.02760816179728735 -0.0041267680442660885 -0.00027687559806324877 0.00068944216510417107 0.0060716314032003421
leaf_weight=19.136631339788437 10.549440056085592 8.1624744236469251 8.1374772191047651 27.407207325100899 15.687269046902655 44.224517151713371 7.6774893254041663 9.6584015935659391 7.4307549744844428
leaf_count=77 43 33 33 111 63 178 31 39 30
internal_value=0.000483962 -0.00262502 0.00591647 -0.00702626 0.0135859 -0.0119011 0.0130406 0.0148491 0.0208742
internal_weight=158.072 130.433 42.9614 87.4717 34.8239 71.6317 15.84 27.6386 17.9802
internal_count=638 526 173 353 140 289 64 112 73
is_linear=0
shrinkage=0.03


Tree=21
num_leaves=8
num_cat=0
split_feature=21 38 16 16 5 25 1
split_gain=7.84842 6.01478 7.48535 9.79575 5.3338 3.37681 1.0366
threshold=0.021722021851386334 0.012816706703620088 -14.248476637516381 -3.9289652646135127 -0.012999643656296299 0.18804824561403513 0.0059617228309787338
decision_type=2 2 2 2 2 2 2
left_child=1 2 4 -4 -1 -2 -7
right_child=5 -3 3 -5 -6 6 -8
leaf_value=0.03145096699615408 0.025431726488198806 -0.025798135528029387 -0.016393640929589497 0.0024616220778011914 0 0.010230260296776102 -0.0029824143805098485
leaf_weight=8.1606776267290133 12.062067672610285 7.344930797815322 34.873445153236389 71.532332003116608 8.4344654679298383 7.8787129223346692 7.6603252589702606
leaf_count=33 49 30 141 288 34 32 31
internal_value=0.000486187 -0.00254718 -0.000648215 -0.00376808 0.016803 0.0145222 0.00326419
internal_weight=157.947 130.346 123.001 106.406 16.5951 27.6011 15.539
internal_count=638 526 496 429 67 112 63
is_linear=0
shrinkage=0.03


Tree=22
num_leaves=12
num_cat=0
split_feature=28 32 34 19 19 10 16 19 5 19 19
split_gain=11.0678 6.87558 6.34425 4.80871 6.14223 5.43563 3.99121 3.78667 2.91065 0.683731 0.779447
threshold=8.5000000000000018 0.002202488921299151 0.0078169247852096797 0.064674246746380226 0.13265630961233987 0.04581658851580573 -3.9289652646135127 0.083639887325016524 -0.01645200359948323 0.084238420147941598 0.11318709061606046
decision_type=2 2 2 2 2 2 2 2 2 2 2
left_child=3 2 8 -1 6 -6 -5 -4 -2 -3 -11
right_child=1 9 7 4 5 -7 -8 -9 -10 10 -12
leaf_value=-0.0089515969122644524 0.022886012874883677 -0.0077058309598297585 0.0016898502840800554 0.0031069374475588608 -0.0084026195987339375 0.011674487261245925 0.023741106153171536 -0.023442854726956928 0 -0.034560392661598376 -0.011425669163005813
leaf_weight=12.931151643395422 7.6774211674928692 7.6321511417627361 7.4345712065696743 15.374613791704176 23.287828847765923 21.071067899465561 27.200263544917107 10.105755031108854 9.6437917500734311 7.3664312064647666 8.1083619147539121
leaf_count=52 31 31 30 62 94 85 110 41 39 30 33
internal_value=0.000479788 -0.00965079 -0.00055118 0.00658156 0.00921008 0.000902931 0.0171 -0.0129399 0.0112588 -0.0216445 -0.0259919
internal_weight=157.833 57.9685 34.8615 99.8649 86.9338 44.3589 42.5749 17.5403 17.3212 23.1069 15.4748
internal_count=638 235 141 403 351 179 172 71 70 94 63
is_linear=0
shrinkage=0.03


Tree=23
num_leaves=13
num_cat=0
split_feature=28 24 32 34 17 8 34 5 40 5 14 17
split_gain=10.5213 7.71674 6.59974 6.02763 5.4299 7.10325 3.19251 3.06071 2.99829 2.77462 2.60869 0.589763
threshold=8.5000000000000018 0.16173039755707011 0.002202488921299151 0.0078169247852096797 -2.9289513433285346 -0.016793637590377278 0.027864674385350344 0.0067733449381206521 0.018107584634312616 -0.01645200359948323 -1.4091035709263904 2.2228524583624147
decision_type=2 2 2 2 2 2 2 2 2 2 2 2
left_child=1 4 3 9 8 -6 10 -5 -1 -2 -3 -4
right_child=2 6 11 7 5 -7 -8 -9 -10 -11 -12 -13
leaf_value=-0.026386824282897573 0.02233355868099212 0.003090930216052942 -0.025254076379448303 0 0.024936190950280421 -0.0024256828922391968 0 -0.024309557650809038 0 0 0.023644126396016204 -0.0074521139715393982
leaf_weight=7.6954682022333127 7.6807307004928616 9.9173850268125516 15.671122059226038 9.6098881661891955 9.4120879918336851 29.963433653116226 8.4530514329671842 7.9122591018676749 7.4509704858064651 9.6437917500734311 26.917398422956467 7.3925500363111487
leaf_count=31 31 40 64 39 38 121 34 32 30 39 109 30
internal_value=0.000447506 0.00640021 -0.0094329 -0.000512014 -0.00100049 0.00464141 0.0152926 -0.0126076 -0.0153729 0.010984 0.0189408 -0.0211965
internal_weight=157.72 99.8098 57.9103 34.8467 54.522 39.3755 45.2878 17.5221 15.1464 17.3245 36.8348 23.0637
internal_count=638 403 235 141 220 159 183 71 61 70 149 94
is_linear=0
shrinkage=0.03


Tree=24
num_leaves=11
num_cat=0
split_feature=28 32 17 34 15 35 7 35 35 17
split_gain=9.98005 6.28105 5.91275 5.74761 5.72899 5.15559 4.87898 4.88366 2.74215 0.541825
threshold=8.5000000000000018 0.002202488921299151 -2.9289513433285346 0.0078169247852096797 91.48578547243001 0.053768424479902495 0.042937017607218256 0.04845855219862983 0.0052147498903151188 2.2228524583624147
decision_type=2 2 2 2 2 2 2 2 2 2
left_child=2 3 4 8 -1 -5 7 -4 -2 -3
right_child=1 9 6 5 -6 -7 -8 -9 -10 -11
leaf_value=-0.02087922258466772 -0.00014509394087745296 -0.024648188586364167 0.016983825228586331 -0.024732753793493645 0.0090903859719108065 0.0046530437421317761 -0.004681932453322382 -0.0027738415940683258 0.02095746085414403 -0.0072795768436360233
leaf_weight=10.919721290469171 8.6537810415029544 15.624517634510996 54.43022820353508 10.094946309924127 7.9332115054130545 7.4085291326045981 14.57831199467182 11.873476028442381 8.6720833480358106 7.3882009834051123
leaf_count=44 35 64 220 41 32 30 59 48 35 30
internal_value=0.000418852 -0.00920763 0.00622051 -0.000495503 -0.00788652 -0.0123241 0.00980068 0.0132485 0.0107169 -0.0206997
internal_weight=157.577 57.8421 99.7349 34.8293 18.8529 17.5035 80.882 66.3037 17.3259 23.0127
internal_count=638 235 403 141 76 71 327 268 70 94
is_linear=0
shrinkage=0.03


Tree=25
num_leaves=10
num_cat=0
split_feature=34 24 1 23 38 5 25 18 21
split_gain=8.59469 6.45358 8.515 5.21499 4.67124 3.95961 9.35236 9.29394 2.02972
threshold=0.034649501004426438 -0.20389266817838245 0.0066281920393551639 1.0423594009431658 0.011716401985553052 -0.01645200359948323 0.23792873792873795 0.54890224281563416 0.017441873479028137
decision_type=2 2 2 2 2 2 2 2 2
left_child=1 5 4 -4 -3 6 -1 -7 -2
right_child=8 2 3 -5 -6 7 -8 -9 -10
leaf_value=0.023239944977591329 -0.023864338450344205 0.025260907740294821 -0.0085238972993441423 0.010772082055815974 0 -0.02740979012719701 -0.015138690414895555 0.0018822094407295199 -0.0015165175674221767
leaf_weight=11.07232314348221 11.305588468909265 27.928323954343796 24.431145295500755 21.954170823097229 7.3942189067602149 13.556176379323004 7.9174215644597998 23.246611520648003 7.5544560998678199
leaf_count=45 46 113 99 89 30 55 32 94 31
internal_value=0.00120659 0.00396483 0.00929786 0.000366639 0.0199762 -0.0036373 0.00660624 -0.00937747 -0.0166356
internal_weight=156.36 137.5 81.7079 46.3853 35.3225 55.7925 18.9897 36.8028 18.86
internal_count=634 557 331 188 143 226 77 149 77
is_linear=0
shrinkage=0.03


Tree=26
num_leaves=12
num_cat=0
split_feature=28 9 21 20 0 21 20 20 20 16 23
split_gain=11.4667 6.4647 7.19443 19.3418 5.24131 4.5701 3.72348 8.26413 3.36725 4.17243 2.30354
threshold=8.5000000000000018 -0.029092047952221329 0.016079075334660315 0.01874362871231745 -0.0051978602644454633 0.013655856902641999 0.019392618723236849 0.021197501098812934 0.018117301397519388 4.317341806202017 0.90870787993555002
decision_type=2 2 2 2 2 2 2 2 2 2 2
left_child=5 4 3 -3 -2 8 10 -8 9 -1 -7
right_child=1 2 -4 -5 -6 6 7 -9 -10 -11 -12
leaf_value=0.014197590298572435 -0.0088598743442791644 -0.030325374359794981 -0.02987541458534259 0.019369712152467806 0.020510039644044992 0.0067788049746193247 -0.017127550542512391 0.012150476778568037 -0.016883244266794356 -0.010658286813511776 0.033865386313961403
leaf_weight=12.686181738972669 9.0527476519346255 11.240731447935106 16.385343968868256 12.914240151643751 8.3688419461250287 7.8967624902725246 8.447150915861128 44.979735016822815 7.9428447335958472 7.9617276638746253 8.3921461254358274
leaf_count=51 37 46 67 52 34 32 34 183 32 32 34
internal_value=0.00115755 -0.00912539 -0.0155597 -0.00373335 0.00513549 0.00743102 0.0115165 0.00679981 -0.00214228 0.00385614 0.0237314
internal_weight=156.268 57.9619 40.5403 24.155 17.4216 98.3065 69.7158 53.4269 28.5908 20.6479 16.2889
internal_count=634 236 165 98 71 398 283 217 115 83 66
is_linear=0
shrinkage=0.03


Tree=27
num_leaves=9
num_cat=0
split_feature=16 16 38 9 34 34 35 19
split_gain=8.80078 9.86999 5.68051 7.0488 5.51675 4.87806 2.27352 1.71578
threshold=-14.248476637516381 -3.9289652646135127 0.010217158994409179 0.061444148216440057 -0.021278489612409242 0.004812674851750077 0.017060213902704072 0.073910692210829951
decision_type=2 2 2 2 2 2 2 2
left_child=6 4 3 -3 -2 -4 -1 -6
right_child=1 2 5 -5 7 -7 -8 -9
leaf_value=0.0020315664681346329 0.0044952318492127111 0.015949194538549785 0.0042633075374188412 -0.0029158684775618523 -0.0052254110854313054 -0.018029789420790861 0.024395786875743661 -0.025995707280486818
leaf_weight=8.0754676163196581 8.1634581089019758 39.156856894493103 14.781068354845049 28.47702744603157 8.1455103009939211 15.673745065927504 14.289749100804327 19.317543804645538
leaf_count=33 33 159 60 115 33 64 58 79
internal_value=0.00111854 -0.00177616 0.0030517 0.0079351 -0.0149228 -0.00715182 0.0177659 -0.0211173
internal_weight=156.08 133.715 98.0887 67.6339 35.6265 30.4548 22.3652 27.4631
internal_count=634 543 398 274 145 124 91 112
is_linear=0
shrinkage=0.03


Tree=28
num_leaves=10
num_cat=0
split_feature=28 14 37 12 21 11 21 24 1
split_gain=10.6107 9.20052 7.76496 6.4926 8.09013 4.8618 6.67255 4.84436 3.54128
threshold=8.5000000000000018 -19.930248468706733 0.0042914854966554792 42.343944047449043 0.016079075334660315 0.15548191385120527 0.013655856902641999 0.55159574468085115 -0.001465471300440335
decision_type=2 2 2 2 2 2 2 2 2
left_child=5 2 -2 -3 -5 6 8 -8 -1
right_child=1 3 -4 4 -6 -7 7 -9 -10
leaf_value=0.0087827066715041886 0.024210598079430181 -0.036476279002964115 -0.012117690059279212 0.0034623999632165418 -0.025719054173016859 -0.012831554395688909 0.019423140744091121 0 -0.011022256684264481
leaf_weight=11.919673278927805 9.8915602713823336 9.4447506219148618 7.2760885804891577 19.23138910531998 11.95156644284725 7.6819521337747565 45.924891993403435 15.972012057900427 16.653952896595001
leaf_count=48 40 39 30 78 49 31 187 65 67
internal_value=0.00108545 -0.00881798 0.00837333 -0.0164863 -0.00814604 0.00712632 0.00922405 0.0146534 -0.00223579
internal_weight=155.948 57.7954 17.1676 40.6277 31.183 98.1525 90.4705 61.8969 28.5736
internal_count=634 236 70 166 127 398 367 252 115
is_linear=0
shrinkage=0.03


Tree=29
num_leaves=9
num_cat=0
split_feature=16 16 20 9 34 9 24 12
split_gain=8.3247 9.24217 5.71372 6.27643 5.23409 4.9014 3.99322 1.65783
threshold=-14.248476637516381 -3.9289652646135127 0.018057163320803222 0.0041877846595683426 -0.021278489612409242 0.066735063485160021 -0.20389266817838245 42.343944047449043
decision_type=2 2 2 2 2 2 2 2
left_child=6 4 5 -4 -2 -3 -1 -6
right_child=1 2 3 -5 7 -7 -8 -9
leaf_value=0 0.0043698456540582995 0.01992100521346531 -0.014893145962879644 0.0041088372753162322 -0.029334084886742044 -0.0042415332955082425 0.026045924394516355 -0.01015896842198858
leaf_weight=8.3490113615989703 8.1489983350038511 23.024073630571369 21.07293064892292 45.198488101363182 12.108417421579363 8.6321353167295438 13.956818953156469 15.268650665879248
leaf_count=34 33 93 86 184 50 35 57 62
internal_value=0.00103325 -0.0017809 0.0028892 -0.00197297 -0.0145216 0.0130261 0.0172483 -0.0205701
internal_weight=155.76 133.454 97.9276 66.2714 35.5261 31.6562 22.3058 27.3771
internal_count=634 543 398 270 145 128 91 112
is_linear=0
shrinkage=0.03


Tree=30
num_leaves=7
num_cat=0
split_feature=36 22 36 16 36 26
split_gain=9.0739 9.63233 6.60884 6.12835 3.1864 1.96155
threshold=0.0085586150258135565 -0.39117145116748259 0.0076378465208449446 -8.5704332788547699 0.0096139401308158283 0.19701566065762807
decision_type=2 2 2 2 2 2
left_child=1 -1 3 -3 -2 -4
right_child=4 2 5 -5 -6 -7
leaf_value=0.02279344857940464 0.028752621881131733 0.0090763708148351007 -0.031426517917044511 -0.0071874359600270794 0.0020418427256885799 -0.0069250739451343843
leaf_weight=9.0621647834777814 9.0413119196891802 25.383153036236763 9.2659796625375765 80.716575056314468 8.917147368192671 8.5360509604215604
leaf_count=37 37 103 38 328 36 35
internal_value=-0.000988026 -0.00385917 -0.0062588 -0.00306181 0.0177748 -0.0223216
internal_weight=150.922 132.964 123.902 106.1 17.9585 17.802
internal_count=614 541 504 431 73 73
is_linear=0
shrinkage=0.03


Tree=31
num_leaves=8
num_cat=0
split_feature=36 36 9 9 21 17 26
split_gain=8.64969 7.69519 6.31356 10.6564 5.41015 4.42615 2.17692
threshold=0.0085586150258135565 0.0076378465208449446 -0.045908789729529283 -0.0038526823515312139 0.012709930940139563 1.0936265281237565 0.19701566065762807
decision_type=2 2 2 2 2 2 2
left_child=1 2 4 -4 -1 -2 -3
right_child=5 6 3 -5 -6 -7 -8
leaf_value=0 0.028769397372421623 -0.029520849044505672 -0.02307103221461371 0.001090343520851105 0.031336384915020915 0 -0.0054515255809952576
leaf_weight=9.7910948842763919 10.090721160173418 9.964754596352579 18.407115519046783 78.60286021232605 7.3887059092521659 7.8326178491115561 8.7801003009080869
leaf_count=40 41 41 75 319 30 32 36
internal_value=-0.000946125 -0.00375034 -0.000551448 -0.00371607 0.0150604 0.017388 -0.0205823
internal_weight=150.858 132.935 114.19 97.01 17.1798 17.9233 18.7449
internal_count=614 541 464 394 70 73 77
is_linear=0
shrinkage=0.03


Tree=32
num_leaves=7
num_cat=0
split_feature=36 22 9 9 15 17
split_gain=8.22454 9.19733 6.84394 13.5569 5.26176 4.22089
threshold=0.0085586150258135565 -0.39117145116748259 -0.045908789729529283 1.0000000180025095e-35 -31.965126075879933 1.0936265281237565
decision_type=2 2 2 2 2 2
left_child=1 -1 4 -4 -3 -2
right_child=5 2 3 -5 -6 -7
leaf_value=0.02238628286742959 0.028100199160867461 -0.0033139390769839298 -0.028406947175480198 -0.0028615296774600748 0.025337619210692806 0
leaf_weight=9.061487063765524 10.069050014019014 10.73875702917576 23.160854771733284 81.79103721678257 8.1242901980876905 7.8326178491115561
leaf_count=37 41 44 95 332 33 32
internal_value=-0.000915383 -0.00365207 -0.0060025 -0.00906495 0.00955325 0.0169698
internal_weight=150.778 132.876 123.815 104.952 18.863 17.9017
internal_count=614 541 504 427 77 73
is_linear=0
shrinkage=0.03


Tree=33
num_leaves=7
num_cat=0
split_feature=36 22 36 34 36 26
split_gain=7.80715 8.73899 5.99361 4.52417 3.21134 1.77548
threshold=0.0085586150258135565 -0.39117145116748259 0.0076378465208449446 -0.022650453738951578 0.0096139401308158283 0.19701566065762807
decision_type=2 2 2 2 2 2
left_child=1 -1 3 -3 -2 -4
right_child=4 2 5 -5 -6 -7
leaf_value=0.02183350398226104 0.027563865307569758 0.013986311251709793 -0.029844780563122415 -0.0050297043970266853 0.0011007127392075554 -0.0064414697565833455
leaf_weight=9.0627882182598096 8.9650459289550799 10.487398341298102 9.2235728651285189 95.504470601677895 8.9116411209106428 8.5323597937822324
leaf_count=37 37 43 38 388 36 35
internal_value=-0.000869659 -0.00353856 -0.0058337 -0.00278508 0.0165646 -0.0211485
internal_weight=150.687 132.811 123.748 105.992 17.8767 17.7559
internal_count=614 541 504 431 73 73
is_linear=0
shrinkage=0.03


Tree=34
num_leaves=8
num_cat=0
split_feature=36 36 21 32 5 17 4
split_gain=7.4431 7.0148 5.5157 9.9915 6.04668 4.08477 2.01501
threshold=0.0085586150258135565 0.0076378465208449446 0.014995912221187247 0.004351389552828989 0.016487936223200775 1.0936265281237565 0.020959450150044193
decision_type=2 2 2 2 2 2 2
left_child=1 2 3 -1 -4 -2 -3
right_child=5 6 4 -5 -6 -7 -8
leaf_value=0.0011136800841435256 0.027191953082704102 -0.026840227883640457 0.015922007224431461 -0.025907249611427204 -0.002222917787304741 0 -0.0033587424876614209
leaf_weight=35.774727374315262 10.021753028035166 11.319591775536539 26.16648356616497 15.937090560793875 36.2034832239151 7.8146871477365485 7.3704407662153235
leaf_count=145 41 47 107 65 147 32 30
internal_value=-0.000828942 -0.00343589 -0.000379801 -0.00758924 0.0054147 0.0162105 -0.019525
internal_weight=150.608 132.772 114.082 51.7118 62.37 17.8364 18.69
internal_count=614 541 464 210 254 73 77
is_linear=0
shrinkage=0.03


Tree=35
num_leaves=9
num_cat=0
split_feature=16 21 20 38 22 38 2 16
split_gain=8.92036 7.93301 6.18469 4.70879 4.49291 4.40709 3.71281 1.48819
threshold=-18.553358283457026 0.021089056644944624 0.019531323461327573 0.014183804913245536 -0.18273312687238399 0.0098489056799924892 -0.018569493658024013 9.6640119879891717
decision_type=2 2 2 2 2 2 2 2
left_child=6 2 4 7 -2 -4 -1 -3
right_child=1 3 5 -5 -6 -7 -8 -9
leaf_value=0.00042725438652343323 -0.011343512272203926 0.0043844129345656001 -0.020127054159539196 -0.0057240297456166824 0.0059080527432837388 -0.0018455047059987607 0.030039253251016598 0.025902251630484041
leaf_weight=7.306057512760165 17.365373969078064 7.3510828763246598 31.262736186385155 7.6359265446662894 42.885612457990646 22.160562619566917 9.7196220904588682 11.380829960107802
leaf_count=30 71 30 127 31 174 91 40 47
internal_value=0.000125147 -0.00236632 -0.0059093 0.0117188 0.000490196 -0.0131546 0.0195013 0.019419
internal_weight=157.068 140.042 113.674 26.3678 60.251 53.4233 17.0257 18.7319
internal_count=641 571 463 108 245 218 70 77
is_linear=0
shrinkage=0.03


Tree=36
num_leaves=10
num_cat=0
split_feature=21 17 24 28 9 2 34 20 28
split_gain=8.72791 11.8219 8.17718 5.36881 7.48715 7.09615 4.16604 3.04229 2.39916
threshold=0.013604857518322711 1.0936265281237565 -0.21666174282312631 2.5000000000000004 -0.046589900813890868 -0.017013756634426388 0.0074667888597346197 0.023686525381170397 6.5000000000000009
decision_type=2 2 2 2 2 2 2 2 2
left_child=1 2 6 7 -5 -6 -1 -2 -4
right_child=3 -3 8 4 5 -7 -8 -9 -10
leaf_value=0.00097794610372984301 0.0030294872410999807 -0.031045936251473533 0.00063658076006160532 0.022406704265022802 -0.017665433091227888 0.0030440395659336035 -0.025548090783027326 0.031368599860176823 0.024364125622927207
leaf_weight=7.8860939890146282 7.8737509846687308 14.405039265751837 8.6735847592353839 11.690099805593489 17.061065688729286 64.116806462407112 9.2837954163551313 8.0160771757364255 7.9212784171104422
leaf_count=32 32 59 35 48 70 262 38 33 32
internal_value=0.00013207 -0.0101536 0 0.00492419 0.00180556 -0.00144822 -0.0137513 0.020073 0.0141715
internal_weight=156.928 48.1698 33.7648 108.758 92.868 81.1779 17.1699 15.8898 16.5949
internal_count=641 196 137 445 380 332 70 65 67
is_linear=0
shrinkage=0.03


Tree=37
num_leaves=9
num_cat=0
split_feature=16 21 36 16 2 38 2 16
split_gain=8.51006 7.15951 7.34016 13.2777 5.18408 4.41018 3.44607 1.43129
threshold=-18.553358283457026 0.021089056644944624 0.0064712341951762295 -0.20401809796003742 0.0020295123242755069 0.014183804913245536 -0.018569493658024013 9.6640119879891717
decision_type=2 2 2 2 2 2 2 2
left_child=6 2 4 -4 -2 7 -1 -3
right_child=1 5 3 -5 -6 -7 -8 -9
leaf_value=0.00057854786561142575 -0.0023931043219898402 0.0039610043235535795 -0.013696054921157637 0.01568798584545034 -0.020421609866012162 -0.0057036499863946186 0.029298836866473769 0.024956108208368955
leaf_weight=7.3002164214849499 29.073675483465195 7.335859000682837 22.832108676433563 28.899070829153061 32.724546656012535 7.6346641927957526 9.6683221459388715 11.302114710211752
leaf_count=30 118 30 94 118 133 31 40 47
internal_value=0.000141041 -0.00229091 -0.00565961 0.00241279 -0.0125159 0.011106 0.0190974 0.018604
internal_weight=156.771 139.802 113.529 51.7312 61.7982 26.2726 16.9685 18.638
internal_count=641 571 463 212 251 108 70 77
is_linear=0
shrinkage=0.03


Tree=38
num_leaves=11
num_cat=0
split_feature=11 35 38 36 4 37 14 11 35 13
split_gain=4.49491 7.64571 6.50954 5.81609 7.6256 9.87667 5.99609 6.84727 4.51012 0.689861
threshold=0.064509584300269332 0.028409734978965377 0.0098119796908425622 0.0064712341951762295 0.0062021212862424244 0.0032872491602409242 34.940066571039559 -0.01809254106946517 -0.029073676457082417 0.72344642109330348
decision_type=2 2 2 2 2 2 2 2 2 2
left_child=3 9 -3 6 5 -5 7 -1 -6 -2
right_child=1 2 -4 4 8 -7 -8 -9 -10 -11
leaf_value=-0.014199365212237473 0.030020501239840604 -0.017141333345114945 0.015448927947006235 0.0069556297826573656 0 -0.024868046237666221 -0.024527566845629487 0.0080415041740510215 0.023708957438265059 0.0091282569893399706
leaf_weight=22.581352382898331 8.8483341932296771 11.086263686418535 7.3150574266910544 19.190868765115741 12.982244715094568 12.674485102295874 14.809978291392325 22.674639731645584 16.874058127403259 7.5385855585336676
leaf_count=92 36 45 30 79 53 53 60 93 69 31
internal_value=0.000149329 0.00944146 -0.00320608 -0.00249342 0.00375495 -0.00598045 -0.0090698 -0.00286987 0.0143394 0.0232634
internal_weight=156.576 34.7882 18.4013 121.788 61.7217 31.8654 60.066 45.256 29.8563 16.3869
internal_count=641 142 75 499 254 132 245 185 122 67
is_linear=0
shrinkage=0.03


Tree=39
num_leaves=11
num_cat=0
split_feature=21 17 0 16 16 23 38 3 12 38
split_gain=7.9549 11.0569 6.7712 5.90435 7.50539 9.14374 5.6493 3.97604 3.52237 1.15646
threshold=0.013604857518322711 1.0936265281237565 -0.00353650538717265 -19.173038269465206 -1.193692934731432 0.94297819260849491 0.0098119796908425622 -0.010557106104970014 54.695152743696447 0.011176707417364897
decision_type=2 2 2 2 2 2 2 2 2 2
left_child=1 2 7 9 6 -6 -5 -1 -4 -2
right_child=3 -3 8 4 5 -7 -8 -9 -10 -11
leaf_value=0.0016622051011197596 0.029679218933504628 -0.029950701068047932 -0.00078895543550098015 -0.023296786786916292 -0.0050939621263621877 0.017487226249548789 0.00036008772354336274 -0.024308898818607469 0.02373022330424425 0.0067780749546691235
leaf_weight=7.8461167067289344 7.2629621773958188 14.313107952475546 7.6494253724813488 13.026822641491888 25.700457334518433 35.427682265639305 19.804736509919167 9.0518426895141619 9.1496977210044843 7.1852065622806549
leaf_count=32 30 59 31 53 106 145 81 37 37 30
internal_value=0.000154292 -0.00967621 0 0.00474017 0.00162752 0.00789507 -0.0093945 -0.0125565 0.0128714 0.0214112
internal_weight=156.418 48.0102 33.6971 108.408 93.9597 61.1281 32.8316 16.898 16.7991 14.4482
internal_count=641 196 137 445 385 251 134 69 68 60
is_linear=0
shrinkage=0.03


Tree=40
num_leaves=10
num_cat=0
split_feature=21 21 36 37 19 26 35 5 12
split_gain=10.9785 12.1937 5.42345 6.99706 5.38194 4.20693 4.07617 10.1648 6.41802
threshold=0.013604857518322711 0.01151400764151197 0.0043786339792509241 0.017350082282256877 0.064674246746380226 0.29073119638088979 -0.040681330867750824 -0.0092858230932387747 41.714650488388791
decision_type=2 2 2 2 2 2 2 2 2
left_child=1 4 3 -2 -1 -3 7 -4 -8
right_child=2 5 6 -5 -6 -7 8 -9 -10
leaf_value=-0.0089413823079158121 0.0095333208568685237 -0.033926789117433256 0.020925631026585921 -0.023477317924527563 0.01733471797762446 -0.0049978252766643633 -0.0045431057720842008 -0.019584966325625095 0.016964606373726352
leaf_weight=12.595584079623224 8.5274844020605105 16.500633716583256 7.2651451677083996 10.320939660072325 11.097062468528746 8.7960484921932203 14.08735531568527 11.717292338609694 50.821718543767929
leaf_count=51 35 68 30 42 45 36 58 49 208
internal_value=-0.000265115 -0.011769 0.00519705 -0.00834119 0.00317325 -0.0255205 0.00853681 -0.00284875 0.0120763
internal_weight=151.729 48.9893 102.74 18.8484 23.6926 25.2967 83.8915 18.9824 64.9091
internal_count=622 200 422 77 96 104 345 79 266
is_linear=0
shrinkage=0.03


Tree=41
num_leaves=10
num_cat=0
split_feature=21 21 36 37 19 13 32 3 24
split_gain=10.3981 11.614 5.12768 6.67165 5.11224 3.73281 4.2775 2.74667 5.00439
threshold=0.013604857518322711 0.01151400764151197 0.0043786339792509241 0.017350082282256877 0.064674246746380226 -8.3959906765741454 0.007239496489318765 0.021223592692437902 -0.24807692307692306
decision_type=2 2 2 2 2 2 2 2 2
left_child=1 4 3 -2 -1 -4 -7 8 -3
right_child=2 7 5 -5 -6 6 -8 -9 -10
leaf_value=-0.0087143972806068178 0.0093043125867735537 -0.027589088209551388 -0.0091766599574758835 -0.022929868414664777 0.016889286263489775 0.015129264625621081 0 -0.040468617585282696 0.0010324439082098921
leaf_weight=12.588160514831545 8.5245224386453646 9.310074001550678 7.5095385611057273 10.298420131206511 11.10072700679302 51.782852366566658 24.511284410953522 7.3266442120075217 8.5780250281095505
leaf_count=51 35 39 31 42 45 213 101 30 35
internal_value=-0.00027263 -0.0114808 0.00504229 -0.00811978 0.00308051 0.00829377 0.0103954 -0.0249332 -0.0143862
internal_weight=151.53 48.9036 102.627 18.8229 23.6889 83.8037 76.2941 25.2147 17.8881
internal_count=622 200 422 77 96 345 314 104 74
is_linear=0
shrinkage=0.03


Tree=42
num_leaves=11
num_cat=0
split_feature=28 23 19 5 40 9 23 38 23 22
split_gain=6.01421 5.94751 5.34018 5.49729 11.1517 4.52088 3.39863 3.10932 2.43966 1.46619
threshold=8.5000000000000018 1.1079253169794634 0.065571528831078266 0.016487936223200775 0.026428413786205533 1.0000000180025095e-35 0.83437071632812454 0.0077277549065625064 0.74937261377638464 -0.041880550927262887
decision_type=2 2 2 2 2 2 2 2 2 2
left_child=2 6 7 5 -5 -4 8 -1 -2 -8
right_child=1 -3 3 4 -6 -7 9 -9 -10 -11
leaf_value=0.0010453055747859368 -0.013136471189781528 0.007693756171477586 0.0065297199597520762 -0.015882884100581172 0.010994440198113031 0.032623822506359083 -0.0088946985426844281 -0.02297624292852312 0.0078764272061142056 -0.028764051383002004
leaf_weight=7.412031561136244 7.4753347486257535 12.77658076584339 19.456336155533794 19.770998939871788 36.072957798838615 9.4913772493600828 11.55469189584255 7.3914604187011719 7.9371758252382278 12.024721920490267
leaf_count=30 31 52 80 81 148 39 48 30 33 50
internal_value=-0.000291003 -0.00848988 0.00390628 0.00694538 0.00099932 0.0171255 -0.0142754 -0.0113632 -0.00179199 -0.0210706
internal_weight=151.364 51.7685 99.5952 84.7917 55.844 28.9477 38.9919 14.8035 15.4125 23.5794
internal_count=622 214 408 348 229 119 162 60 64 98
is_linear=0
shrinkage=0.03


Tree=43
num_leaves=10
num_cat=0
split_feature=21 21 9 9 36 23 21 38 26
split_gain=9.64525 11.0552 5.07298 9.24195 6.81883 6.50778 4.66478 4.81826 4.03524
threshold=0.013604857518322711 0.01151400764151197 -0.042092005833809197 0.012434742963586281 0.0051283570860321129 1.1177017615716529 0.0099802159245966238 0.0074457547465179392 0.29073119638088979
decision_type=2 2 2 2 2 2 2 2 2
left_child=1 6 -2 5 -5 -4 -1 -8 -3
right_child=2 8 3 4 -6 -7 7 -9 -10
leaf_value=-0.012964096319101649 0.02106232394165649 -0.032524329740316577 -0.021468503588341178 -0.0028380256711058676 0.016416511247901687 0.0076043076481581533 0.026266024791374253 -0.0031312567019071728 -0.0043025138425246516
leaf_weight=7.8885622024536159 13.054040580987929 16.332874417304996 18.540105327963833 26.177998766303062 36.405886143445969 8.2613072395324689 8.1790494769811612 7.5972995012998572 8.7569264620542508
leaf_count=32 54 68 77 107 150 34 33 31 36
internal_value=-0.000285731 -0.0111011 0.00483207 0.00188855 0.00829186 -0.0120805 0.00308262 0.012506 -0.0242728
internal_weight=151.194 48.7547 102.439 89.3853 62.5839 26.8014 23.6649 15.7763 25.0898
internal_count=622 200 422 368 257 111 96 64 104
is_linear=0
shrinkage=0.03


Tree=44
num_leaves=9
num_cat=0
split_feature=21 21 28 9 9 19 26 12
split_gain=9.16577 10.5253 6.95013 7.50338 6.61946 4.74028 3.83943 1.03431
threshold=0.013604857518322711 0.01151400764151197 2.5000000000000004 -0.042092005833809197 0.012434742963586281 0.064674246746380226 0.29073119638088979 69.984719157938301
decision_type=2 2 2 2 2 2 2 2
left_child=1 5 7 -4 -5 -1 -3 -2
right_child=2 6 3 4 -6 -7 -8 -9
leaf_value=-0.008363834590385387 0.030197249091470674 -0.031812642222791031 0.020556619296721115 -0.014475807277312222 0.0036860761131920945 0.016295075157944632 -0.0041990334286930225 0.0076617221530103398
leaf_weight=12.564784005284311 7.7001952230930311 16.243407770991329 13.023584827780722 25.570724964141846 48.730961292982101 11.087926253676413 8.7528990656137449 7.2846188247203827
leaf_count=51 32 68 54 106 200 45 36 30
internal_value=-0.000283032 -0.0108407 0.004705 0.00108283 -0.0025833 0.00298024 -0.0237263 0.0223173
internal_weight=150.959 48.649 102.31 87.3253 74.3017 23.6527 24.9963 14.9848
internal_count=622 200 422 360 306 96 104 62
is_linear=0
shrinkage=0.03


Tree=45
num_leaves=11
num_cat=0
split_feature=37 9 5 9 36 11 2 13 19 2
split_gain=7.40763 12.2831 12.1659 9.44341 6.76165 4.42069 2.76817 6.53688 2.00415 1.57083
threshold=0.0032872491602409242 0.015341014952097427 0.014900238219297425 0.05460707018813378 0.0055382943536720179 -0.027387236704287717 -0.026366777248417125 -2.3187560595540861 0.087254002241291609 0.0048814764107750772
decision_type=2 2 2 2 2 2 2 2 2 2
left_child=2 5 6 8 -5 9 -1 -8 -3 -2
right_child=1 3 -4 4 -6 -7 7 -9 -10 -11
leaf_value=0 0.002805048753747953 0.003769956234274229 -0.0155888252406915 -0.014657677178045387 0.0062825605717778642 -0.029147601056939042 0.041295491572540331 0.010197879010204585 0.027475412263759501 -0.013757278519507388
leaf_weight=8.9279927015304548 7.6685468107461912 7.4367882162332561 11.811328917741774 25.445906609296799 25.24423423409462 17.257572412490845 8.3338592946529335 25.055694326758388 10.851542457938192 7.4545782059431076
leaf_count=37 32 30 49 104 104 72 34 103 45 31
internal_value=5.78459e-05 -0.00461219 0.00892273 0.00243099 -0.0041019 -0.0193207 0.0164974 0.0202787 0.019897 -0.00513624
internal_weight=155.488 101.359 54.1289 68.9785 50.6901 32.3807 42.3175 33.3896 18.2883 15.1231
internal_count=641 418 223 283 208 135 174 137 75 63
is_linear=0
shrinkage=0.03


Tree=46
num_leaves=11
num_cat=0
split_feature=21 38 21 17 7 28 16 17 16 34
split_gain=7.2354 8.57052 5.69896 5.18608 5.73847 4.50332 3.42523 3.16701 2.61029 0.654903
threshold=0.013705537667889211 0.0075516974502015761 0.011689898676116273 -1.971603777139644 0.046470086218330119 8.5000000000000018 7.1138710706231434 -0.3976934261515303 -15.154432365861984 -0.0032981526639749843
decision_type=2 2 2 2 2 2 2 2 2 2
left_child=1 2 9 6 5 -5 8 -3 -2 -1
right_child=3 7 -4 4 -6 -7 -8 -9 -10 -11
leaf_value=0.0038415571830013331 0.00010951895522792328 -0.0041724577435414134 -0.013454468454820548 0.018565658264713888 -0.0084086411258862282 0.0014839043832680203 0.0082778859314258171 -0.028115201632967376 -0.01934229287049892 0.020598254246940371
leaf_weight=7.6367064267396927 7.9739925563335445 10.22896668314934 8.4813770055770856 39.058245688676834 12.138960078358648 24.617357596755028 8.606663376092909 16.055290162563324 13.112450674176218 7.4183248430490512
leaf_count=31 33 42 35 163 50 101 35 67 54 30
internal_value=6.87216e-05 -0.00904375 0.00352437 0.00459935 0.00877575 0.0124364 -0.00547174 -0.0202817 -0.0119645 0.0144251
internal_weight=155.328 49.8207 23.5364 105.508 75.8146 63.6756 29.6931 26.2843 21.0864 15.055
internal_count=641 205 96 436 314 264 122 109 87 61
is_linear=0
shrinkage=0.03


Tree=47
num_leaves=11
num_cat=0
split_feature=37 9 7 9 40 2 11 9 0 2
split_gain=6.94032 11.6788 9.06525 8.91696 7.51134 6.17253 4.18164 2.69179 1.84088 1.5355
threshold=0.0032872491602409242 0.015341014952097427 0.01384693334713267 0.05460707018813378 0.030787553786406411 -0.026366777248417125 -0.027387236704287717 0.029009776092277433 -0.0022702399790827661 0.0048814764107750772
decision_type=2 2 2 2 2 2 2 2 2 2
left_child=2 6 5 8 -5 -1 9 -7 -3 -2
right_child=1 3 -4 4 -6 7 -8 -9 -10 -11
leaf_value=-0.003666416495183076 0.0028408249603841668 0.0036429297906939865 -0.015377005629070635 -0.021114984237596095 0.0030946520384811139 0.025058033974474821 -0.028432479209476575 0.0024127945416593613 0.026625159128210233 -0.013542763154382917
leaf_weight=10.878941789269446 7.6515666246414167 7.3355748951435116 9.268824025988577 14.173197388648985 36.440534085035324 25.762623578310013 17.166807979345322 8.0912643373012525 10.903981387615202 7.4354127049446106
leaf_count=45 32 30 38 58 150 106 72 34 45 31
internal_value=5.88397e-05 -0.0044641 0.00865197 0.00239993 -0.00394454 0.0143968 -0.0188395 0.0205006 0.0193966 -0.0049958
internal_weight=155.109 101.107 54.0017 68.8533 50.6137 44.7328 32.2538 33.8539 18.2396 15.087
internal_count=641 418 223 283 208 185 135 140 75 63
is_linear=0
shrinkage=0.03


Tree=48
num_leaves=13
num_cat=0
split_feature=21 38 21 37 36 4 3 2 35 35 36 2
split_gain=6.91467 8.15131 5.415 3.7896 11.654 10.898 8.72337 11.0166 3.1439 3.04157 2.7303 0.300725
threshold=0.013705537667889211 0.0075516974502015761 0.011689898676116273 0.017350082282256877 0.0054855478218233346 0.0092325247710318709 0.038671099829799223 -0.012412909811398863 0.02950493322693826 0.023498666623702261 0.0070624294123895282 -0.0071024555150456239
decision_type=2 2 2 2 2 2 2 2 2 2 2 2
left_child=1 2 10 6 8 -6 7 -2 -5 -3 -1 -11
right_child=3 9 -4 4 5 -7 -8 -9 -10 11 -12 -13
leaf_value=0 -0.0013348179565080881 -0.0033580105633907462 -0.013165379109290535 0 -0.015958173708249063 0.022910425464333396 -0.015526941764665153 0.02755696328990993 -0.021215139374182315 -0.012165271225515353 0.024530659350241839 -0.033457412197770389
leaf_weight=7.3845230638980883 18.935292780399323 9.5312749743461627 8.4620277285575849 7.2867791950702694 7.0570112317800548 20.318032220005989 7.8215436190366736 25.499679267406464 18.336136788129807 7.4048410207033202 7.6535452008247375 9.2518687546253169
leaf_count=30 78 39 35 30 30 85 32 106 75 31 31 39
internal_value=5.00355e-05 -0.00886775 0.00338179 0.00448662 -0.000930119 0.0119755 0.0100885 0.0153949 -0.0151301 -0.0198522 0.0140258 -0.0271147
internal_weight=154.943 49.6881 23.5001 105.254 52.998 27.375 52.2565 44.435 25.6229 26.188 15.0381 16.6567
internal_count=641 205 96 436 220 115 216 184 105 109 61 70
is_linear=0
shrinkage=0.03


Tree=49
num_leaves=12
num_cat=0
split_feature=37 9 20 9 10 36 12 9 20 36 9
split_gain=6.3226 10.9826 11.4975 8.41259 7.26957 6.00917 3.58828 2.91136 2.32151 1.5308 0.638724
threshold=0.0032872491602409242 0.015341014952097427 0.018501123067775686 0.05460707018813378 -0.015908252158376598 0.0055382943536720179 46.04491865902655 0.025689207592637816 0.018427260389017163 0.0076943225189459582 -0.042092005833809197
decision_type=2 2 2 2 2 2 2 2 2 2 2
left_child=4 2 -2 8 9 -5 -6 -8 -3 10 -1
right_child=1 3 -4 5 6 -7 7 -9 -10 -11 -12
leaf_value=0.032961498911674936 0.0024137861886156893 0.0037243903563985684 -0.032092862515772536 -0.013779937267231538 -0.015988963949298298 0.0059846311351083661 0.016628422089437375 -0.0037255344055159329 0.027939862144908168 0.0056083006848985381 0.010681852946680857
leaf_weight=7.9328472018241882 13.07651926577091 8.4801169484853762 19.024890527129173 25.381652817130089 8.7427535057067889 25.114825248718262 8.7541285306215304 12.004775509238241 9.7136333584785444 8.9126381576061231 7.5063638985157031
leaf_count=33 54 35 81 104 36 104 36 50 40 37 31
internal_value=1.87594e-05 -0.00430087 -0.0182795 0.00235201 0.0082364 -0.00381064 -0.0014322 0.00490572 0.0188825 0.0197386 0.0254568
internal_weight=154.645 100.792 32.1014 68.6902 53.8535 50.4965 29.5017 20.7589 18.1938 24.3518 15.4392
internal_count=641 418 135 283 223 208 122 86 75 101 64
is_linear=0
shrinkage=0.03


end of trees

feature_importances:
macd_hist=39
volatility=38
macro_usdjpy_vol_20=29
div_ma_60=28
month=23
macro_topix_vol_20=22
macro_usdjpy_ret_20=19
bb_bandwidth=17
ma_20_60_cross=15
macro_topix_ret_20=15
macd_hist_change=14
macro_usdjpy_ret_60=13
atr_pct=12
vol_ratio=12
return_20d=11
return_3d=10
ma_5_20_cross=10
rsi=10
macd=10
candle_body_pct=9
lower_shadow_pct=9
return_10d=7
gap=7
macro_nikkei_ret_20=7
return_1d=6
return_5d=6
vol_change=6
return_2d=5
div_ma_10=5
rsi_change=5
macd_signal=5
price_position_20d=4
upper_shadow_pct=2
div_ma_20=1
bb_pct_b=1

parameters:
[boosting: gbdt]
[objective: binary]
[metric: binary_logloss]
[tree_learner: serial]
[device_type: cpu]
[data_sample_strategy: bagging]
[data: ]
[valid: ]
[num_iterations: 50]
[learning_rate: 0.03]
[num_leaves: 15]
[num_threads: 0]
[seed: 42]
[deterministic: 0]
[force_col_wise: 0]
[force_row_wise: 0]
[histogram_pool_size: -1]
[max_depth: 4]
[min_data_in_leaf: 30]
[min_sum_hessian_in_leaf: 0.001]
[bagging_fraction: 0.7]
[pos_bagging_fraction: 1]
[neg_bagging_fraction: 1]
[bagging_freq: 5]
[bagging_seed: 400]
[bagging_by_query: 0]
[feature_fraction: 0.6]
[feature_fraction_bynode: 1]
[feature_fraction_seed: 30056]
[extra_trees: 0]
[extra_seed: 12879]
[early_stopping_round: 0]
[early_stopping_min_delta: 0]
[first_metric_only: 0]
[max_delta_step: 0]
[lambda_l1: 0.5]
[lambda_l2: 2]
[linear_lambda: 0]
[min_gain_to_split: 0]
[drop_rate: 0.1]
[max_drop: 50]
[skip_drop: 0.5]
[xgboost_dart_mode: 0]
[uniform_drop: 0]
[drop_seed: 17869]
[top_rate: 0.2]
[other_rate: 0.1]
[min_data_per_group: 100]
[max_cat_threshold: 32]
[cat_l2: 10]
[cat_smooth: 10]
[max_cat_to_onehot: 4]
[top_k: 20]
[monotone_constraints: ]
[monotone_constraints_method: basic]
[monotone_penalty: 0]
[feature_contri: ]
[forcedsplits_filename: ]
[refit_decay_rate: 0.9]
[cegb_tradeoff: 1]
[cegb_penalty_split: 0]
[cegb_penalty_feature_lazy: ]
[cegb_penalty_feature_coupled: ]
[path_smooth: 0]
[interaction_constraints: ]
[verbosity: -1]
[saved_feature_importance_type: 0]
[use_quantized_grad: 0]
[num_grad_quant_bins: 4]
[quant_train_renew_leaf: 0]
[stochastic_rounding: 1]
[linear_tree: 0]
[max_bin: 255]
[max_bin_by_feature: ]
[min_data_in_bin: 5]
[bin_construct_sample_cnt: 200000]
[data_random_seed: 175]
[is_enable_sparse: 1]
[enable_bundle: 1]
[use_missing: 1]
[zero_as_missing: 0]
[feature_pre_filter: 1]
[pre_partition: 0]
[two_round: 0]
[header: 0]
[label_column: ]
[weight_column: ]
[group_column: ]
[ignore_column: ]
[categorical_feature: ]
[forcedbins_filename: ]
[precise_float_parser: 0]
[parser_config_file: ]
[objective_seed: 16083]
[num_class: 1]
[is_unbalance: 0]
[scale_pos_weight: 1]
[sigmoid: 1]
[boost_from_average: 1]
[reg_sqrt: 0]
[alpha: 0.9]
[fair_c: 1]
[poisson_max_delta_step: 0.7]
[tweedie_variance_power: 1.5]
[lambdarank_truncation_level: 30]
[lambdarank_norm: 1]
[label_gain: ]
[lambdarank_position_bias_regularization: 0]
[eval_at: ]
[multi_error_top_k: 1]
[auc_mu_weights: ]
[num_machines: 1]
[local_listen_port: 12400]
[time_out: 120]
[machine_list_filename: ]
[machines: ]
[gpu_platform_id: -1]
[gpu_device_id: -1]
[gpu_use_dp: 0]
[num_gpu: 1]

end of parameters

pandas_categorical:[]
