tree
version=v4
num_class=1
num_tree_per_iteration=1
label_index=0
max_feature_idx=44
objective=binary sigmoid:1
feature_names=return_1d return_2d return_3d return_5d return_10d return_20d div_ma_5 div_ma_10 div_ma_20 div_ma_60 ma_5_20_cross ma_20_60_cross rsi rsi_change macd macd_signal macd_hist macd_hist_change bb_pct_b bb_bandwidth atr_pct volatility vol_change vol_ratio candle_body_pct upper_shadow_pct lower_shadow_pct day_of_week month is_month_end is_month_start streak gap price_position_20d macro_usdjpy_ret_20 macro_usdjpy_ret_60 macro_usdjpy_vol_20 macro_topix_ret_20 macro_topix_vol_20 macro_topix_above_200dma macro_nikkei_ret_20 macro_nikkei_above_200dma macro_nikkei_vi macro_jgb10y macro_bias_score
feature_infos=[-0.14107079957731594:0.097435897435897534] [-0.20101572739187423:0.16198482673774861] [-0.22439567430025442:0.12487184744720126] [-0.23196850393700785:0.17408242772196014] [-0.25564713064713063:0.2557956777996071] [-0.27982870643827529:0.31947527749747739] [-0.16583997537030074:0.075044439292062684] [-0.20029515454619989:0.12699895974751843] [-0.2376292567784091:0.18788329306820295] [-0.24776542990892059:0.32942768619270879] [-0.12983574366031703:0.13656668793873661] [-0.074859480134292777:0.19112389485440473] [6.3448275862068897:97.853550766453594] [-35.330985175794623:29.075722455357266] [-144.03086637327579:209.13705203986319] [-111.78364164871749:187.06211485384617] [-74.412829985609008:49.312516599999427] [-32.131356048979072:14.94640309754007] [-0.33148383503277951:1.2585197915218747] [0.029655699552275157:0.40201490823509289] [0.012572561538812277:0.05603746065863207] [0.0075340009333067452:0.047988398519303449] [-0.81977314271187673:6.4355525989320199] [0.46022980028186705:1.9430228495896495] [-1:1] [0:0.90666666666666662] [0:0.93103448275862066] [0:4] [1:12] none [0:1] [-8:11] [-0.11111111111111116:0.1127742464629895] [0:1] [-0.10288784967882303:0.08505611680078462] [-0.13986255140503889:0.13160084488587853] [0.0024251968629527628:0.011841457708833433] [-0.22586491944566001:0.19897857359448179] [0.0040695656242548776:0.036437272436454948] [0:1] [-0.22859537662338159:0.23022297972565586] [0:1] none none none
tree_sizes=1082 784 1196 681 1198 1203 1185 1074 1085 1101 1419 1492 1302 1413 995 1093 1418 992 1202 1414 1418 1277 975 1316 1080 1310 1212 1001 991 890 1315 889 995 1286 1313 1184 991 1075 996 994 987 842 782 783 1210 997 789 1105 872 1000 1182 1273 1099 874 1147

Tree=0
num_leaves=9
num_cat=0
split_feature=28 21 23 21 12 12 33 7
split_gain=19.6178 8.95701 7.22938 5.05279 7.22868 4.83232 7.29197 2.48174
threshold=8.5000000000000018 0.019931054483624953 1.1175558981301597 0.016705849767313662 40.872808907231466 74.754381597015893 0.1144086731262887 0.038056408299116641
decision_type=2 2 2 2 2 2 2 2
left_child=1 5 3 4 -2 6 -1 -3
right_child=2 7 -4 -5 -6 -7 -8 -9
leaf_value=-0.024181712453599454 -0.073440194035792522 -0.015146525816123302 -0.04280302276866392 -0.081052239566870812 -0.044781906890810644 -0.028620508770749849 -0.052542985834178588 -0.04099826643961102
leaf_weight=7.7457492649555197 11.493692457675936 14.74190989136696 13.992321252822874 13.242732614278792 16.490950047969818 12.992869734764097 46.974221348762512 7.4958863854408255
leaf_count=31 46 59 56 53 66 52 188 30
internal_value=-0.0464794 -0.0378045 -0.0601704 -0.0663262 -0.0570407 -0.04376 -0.0476063 -0.0220401
internal_weight=145.17 89.9506 55.2197 41.2274 27.9846 67.7128 54.72 22.2378
internal_count=581 360 221 165 112 271 219 89
is_linear=0
shrinkage=1


Tree=1
num_leaves=6
num_cat=0
split_feature=10 38 4 37 17
split_gain=11.0974 10.5103 10.1167 17.9954 10.6536
threshold=-0.038593163677178181 0.012664157606798603 0.036441279920316323 0.026469506244859001 1.2236538744022216
decision_type=2 2 2 2 2
left_child=-1 2 3 -2 -4
right_child=1 -3 4 -5 -6
leaf_value=0.031391791396227504 0.0036324774647373726 -0.025476009002088008 0.024084968334228397 -0.026509279034182612 -0.005804693203323409
leaf_weight=7.7482725083827964 60.456937119364738 12.986435636878012 25.989453971385956 22.73442567884922 15.242350265383719
leaf_count=31 242 52 104 91 61
internal_value=0.000369952 -0.00169697 0.00103003 -0.00485752 0.0129312
internal_weight=145.158 137.41 124.423 83.1914 41.2318
internal_count=581 550 498 333 165
is_linear=0
shrinkage=0.03


Tree=2
num_leaves=10
num_cat=0
split_feature=28 21 19 34 1 13 19 7 21
split_gain=18.207 8.4045 7.96291 10.9575 4.54495 5.84719 4.04844 2.24115 1.10932
threshold=8.5000000000000018 0.019931054483624953 0.06426952957495001 0.012787564016839783 -0.018334142241392733 2.3344821016852113 0.10873773200869673 0.038056408299116641 0.014604374943228691
decision_type=2 2 2 2 2 2 2 2 2
left_child=1 4 -2 6 -1 -6 -4 -3 -5
right_child=2 7 3 8 5 -7 -8 -9 -10
leaf_value=-0.01553352462139916 0.012419881955141652 0.030568536079157195 -0.01298637629246845 -0.045363758764441021 0.012766078277585635 -0.0060542855417966921 0.0083156057921810831 0.0057394870802240329 -0.018472433347371003
leaf_weight=7.995753362774848 7.4931082725524893 14.748130083084108 18.226749137043956 8.2414485216140765 39.229199454188347 20.486326962709427 10.740979492664335 7.4960645735263816 10.481510058045385
leaf_count=32 30 59 73 33 157 82 43 30 42
internal_value=0.000356269 0.00871504 -0.0128354 -0.0174455 0.00293966 0.00607945 -0.00457648 0.0239838 -0.034269
internal_weight=145.139 89.9555 55.1838 47.6907 67.7113 59.7155 28.9677 22.2442 18.723
internal_count=581 360 221 191 271 239 116 89 75
is_linear=0
shrinkage=0.03


Tree=3
num_leaves=5
num_cat=0
split_feature=21 38 36 38
split_gain=13.702 9.7881 6.55619 7.44605
threshold=0.023832458896369115 0.012664157606798603 0.0085586150258135565 0.01108865156309787
decision_type=2 2 2 2
left_child=1 2 3 -1
right_child=-2 -3 -4 -5
leaf_value=-0.0055945711292808096 0.026202148024715009 -0.028661018333344578 0.021119571187116017 0.016228053042929201
leaf_weight=96.665991589426994 14.493827849626539 9.9694885611534101 9.7454206794500333 14.236424446105955
leaf_count=387 58 40 39 57
internal_value=0.00033081 -0.00277873 -8.52041e-05 -0.00242252
internal_weight=145.111 130.617 120.648 110.902
internal_count=581 523 483 444
is_linear=0
shrinkage=0.03


Tree=4
num_leaves=10
num_cat=0
split_feature=28 14 14 21 37 20 35 14 7
split_gain=16.9219 8.21905 9.71128 7.62513 7.32643 5.42005 4.84943 8.7515 2.13776
threshold=8.5000000000000018 -17.163744806481983 15.401393812667722 0.019931054483624953 0.0033529433055122797 0.018767082646239646 -0.027705565093941006 -12.070196176011903 0.038056408299116641
decision_type=2 2 2 2 2 2 2 2 2
left_child=3 4 -3 6 -2 -4 -1 -8 -5
right_child=1 2 5 8 -6 -7 7 -9 -10
leaf_value=-0.01236968426422164 0.019920291333612415 -0.035896419216298554 -0.021608482304333168 0.029356265972680838 -0.015303635389272199 0.0064270250855943305 -0.012110588769493568 0.013810247482567263 0.005240712602127726
leaf_weight=12.491213396191595 9.7295281589031237 16.706437289714813 8.2346160411834735 14.740212023258211 7.4824331849813452 12.984218820929526 13.740042507648466 41.476688921451569 7.4983649104833594
leaf_count=50 39 67 33 59 30 52 55 166 30
internal_value=0.000332834 -0.0123878 -0.0199459 0.00839357 0.00382782 -0.0047311 0.00287702 0.00690013 0.0229472
internal_weight=145.084 55.1372 37.9253 89.9465 17.212 21.2188 67.7079 55.2167 22.2386
internal_count=581 221 152 360 69 85 271 221 89
is_linear=0
shrinkage=0.03


Tree=5
num_leaves=10
num_cat=0
split_feature=28 21 35 16 11 16 16 40 23
split_gain=16.0644 13.4302 12.3835 7.68746 7.56309 10.3748 7.20867 5.74606 4.01208
threshold=8.5000000000000018 0.013604857518322711 0.062741177410862395 -8.4880789548572579 0.050123407994761011 5.1403764705146964 -4.6782009249291789 0.043304665039097696 0.92137318362415188
decision_type=2 2 2 2 2 2 2 2 2
left_child=1 4 8 -2 5 -1 -5 -8 -3
right_child=3 2 -4 6 -6 -7 7 -9 -10
leaf_value=0.016366707989621317 0.0058038745791270689 0.0098245873010948982 -0.014959158501914614 -0.038065661999870042 -0.025583660098022761 -0.021723170866498689 -0.0012739692699699668 -0.029013111024361989 0.02865490994168652
leaf_weight=15.739912629127504 13.718921422958372 24.483193293213844 8.2433552742004377 10.970773905515669 10.993528649210928 7.9957255870103827 25.200728595256805 7.9721508622169486 28.981575980782509
leaf_count=63 55 98 33 44 44 32 101 32 116
internal_value=-3.82254e-05 0.0073195 0.0156138 -0.0123865 -0.00705752 0.00226165 -0.0183713 -0.00963743 0.0209676
internal_weight=154.3 96.4373 61.7081 57.8626 34.7292 23.7356 44.1437 33.1729 53.4648
internal_count=618 386 247 232 139 95 177 133 214
is_linear=0
shrinkage=0.03


Tree=6
num_leaves=10
num_cat=0
split_feature=28 21 35 34 19 23 11 11 23
split_gain=15.2198 12.7274 11.7589 11.6563 11.2148 9.96845 7.17354 8.37276 3.77088
threshold=8.5000000000000018 0.013604857518322711 0.062741177410862395 -0.037518279428509486 0.062609814560903518 1.1175558981301597 0.050123407994761011 0.0064920779828611117 0.92137318362415188
decision_type=2 2 2 2 2 2 2 2 2
left_child=1 6 8 -2 -5 -6 7 -1 -3
right_child=3 2 -4 4 5 -7 -8 -9 -10
leaf_value=-0.014021050253471081 0.017621846946700354 0.0095520118762345146 -0.014597505473428437 0.012457711420599376 -0.03228041992240293 0 -0.024948213099146899 0.018815199826943633 0.027854933645715299
leaf_weight=11.740290850400926 7.9926777333021155 24.48345285654068 8.2436987757682783 7.4896417856216422 30.368228405714035 11.976027593016623 10.986376628279684 11.996054217219351 28.976971343159676
leaf_count=47 32 98 33 30 122 48 44 48 116
internal_value=-6.69813e-05 0.00709154 0.0151686 -0.0120927 -0.0176439 -0.0236281 -0.00689768 0.00216368 0.0203899
internal_weight=154.253 96.4268 61.7041 57.8266 49.8339 42.3443 34.7227 23.7363 53.4604
internal_count=618 386 247 232 200 170 139 95 214
is_linear=0
shrinkage=0.03


Tree=7
num_leaves=9
num_cat=0
split_feature=28 34 36 23 35 35 12 17
split_gain=14.3101 11.068 8.51359 7.80842 7.05831 6.2614 6.1448 2.58907
threshold=8.5000000000000018 -0.037518279428509486 0.0085586150258135565 1.1175558981301597 0.049857185515147735 -0.026878640861689115 41.629239147260627 -0.050040334311653993
decision_type=2 2 2 2 2 2 2 2
left_child=2 -2 4 6 5 -1 -3 -6
right_child=1 3 -4 -5 7 -7 -8 -9
leaf_value=-0.0094535617875787618 0.017194396462095932 -0.039514341206068122 0.028956159796383826 0.0019105473668235562 -0.023919774616737336 0.011990023346311381 -0.011993943474344812 0
leaf_weight=13.219556003808973 7.9953095465898505 13.400530397891997 11.729383841156958 12.72558434307575 7.7426504492759731 54.962289437651634 23.643519014120102 8.742189407348631
leaf_count=53 32 54 47 51 31 220 95 35
internal_value=-5.98342e-05 -0.0117311 0.006878 -0.0171524 0.00304866 0.00746775 -0.0238476 -0.0132478
internal_weight=154.161 57.7649 96.3961 49.7696 84.6667 68.1818 37.044 16.4848
internal_count=618 232 386 200 339 273 149 66
is_linear=0
shrinkage=0.03


Tree=8
num_leaves=9
num_cat=0
split_feature=16 16 36 37 5 2 35 8
split_gain=12.7391 13.1225 21.6337 11.0586 13.5892 7.40165 4.6043 1.1203
threshold=-18.635644079943102 -4.449004829196503 0.0062727771891288196 0.0033529433055122797 -0.0087153072457618035 -0.00099483825441348795 -0.060682542583234959 0.00090609822577265083
decision_type=2 2 2 2 2 2 2 2
left_child=-1 3 5 4 -2 -3 -4 -5
right_child=1 2 6 7 -6 -7 -8 -9
leaf_value=0.025696532968853186 0.015000571398024841 0.0042386283563947422 0 -0.037676419499028377 -0.028287206407169498 -0.017560074344250408 0.023856130982300588 -0.0133309212020536
leaf_weight=13.465257927775381 15.214108318090441 20.687985777854919 8.7187599092721921 12.920153722167017 8.4694449454545957 33.174511075019836 33.191471338272095 8.237133637070654
leaf_count=54 61 83 35 52 34 133 133 33
internal_value=-6.71826e-05 -0.00296528 0.00320794 -0.0160445 -0.000892785 -0.00906693 0.0190195 -0.0308157
internal_weight=154.079 140.614 95.7727 44.8408 23.6836 53.8625 41.9102 21.1573
internal_count=618 564 384 180 95 216 168 85
is_linear=0
shrinkage=0.03


Tree=9
num_leaves=9
num_cat=0
split_feature=35 23 23 23 5 18 32 38
split_gain=7.14252 5.88297 5.57986 5.06536 4.05925 10.0522 3.33489 2.51684
threshold=0.046141183928610892 0.80369785681771211 1.1175558981301597 1.4502892664585987 -0.020043080621462036 0.55901001656613858 0.0041932455086993734 0.0086003191850569961
decision_type=2 2 2 2 2 2 2 2
left_child=3 -2 6 4 7 -6 -3 -1
right_child=1 2 -4 -5 5 -7 -8 -9
leaf_value=-0.00016960913793076098 0.0097162398488999813 -0.010844032374262152 0.00024503204865658387 0.025248819217440988 -0.018816484961705959 0.0050456601778569215 -0.036641228607388256 0.018225370158286004
leaf_weight=7.9783184230327633 8.9883732944726926 16.403734147548679 12.97945876419544 7.4687942564487448 19.910688668489456 54.870112389326096 8.9441387206315976 16.464884996414185
leaf_count=32 36 66 52 30 80 220 36 66
internal_value=-7.41198e-05 -0.00963468 -0.0148015 0.00412703 0.0019215 -0.00143701 -0.0225092 0.0120952
internal_weight=154.009 47.3157 38.3273 106.693 99.224 74.7808 25.3479 24.4432
internal_count=618 190 154 428 398 300 102 98
is_linear=0
shrinkage=0.03


Tree=10
num_leaves=12
num_cat=0
split_feature=28 23 21 17 14 6 21 9 37 17 21
split_gain=13.2476 12.5133 12.4118 7.07597 8.09224 6.98307 6.48982 4.51342 4.19867 4.50563 0.00648751
threshold=8.5000000000000018 1.0966470656378673 0.013655856902641999 -1.971603777139644 -4.6822847436865223 -0.0062087332455064408 0.01151400764151197 -0.018598689993572112 0.021250913663954599 0.074012602896619498 0.016705849767313662
decision_type=2 2 2 2 2 2 2 2 2 2 2
left_child=2 8 5 -4 -5 -1 -7 -3 9 -2 -10
right_child=1 7 3 4 -6 6 -8 -9 10 -11 -12
leaf_value=0.0085819798171488815 0.00044737254502867342 0.021156050441030309 -0.004481200200512069 -0.00039278705201255628 0.026043002131565032 -0.0025999573380776318 -0.036173279917431293 -0.006811412659438393 -0.018873513523607385 -0.024557361776945605 -0.042443963965801565
leaf_weight=9.7339901775121707 11.906544402241709 7.9771316051483181 14.729704573750494 13.453561350703238 31.449999496340752 12.222667649388315 9.2382753789424878 8.2266358882188779 9.4302204698324221 9.6772743165492994 8.1457417607307416
leaf_count=39 48 32 59 54 126 49 37 33 38 39 33
internal_value=-0.00258571 -0.0139544 0.00433378 0.0123326 0.0181238 -0.010327 -0.0195433 0.00694465 -0.0228839 -0.0112595 -0.033784
internal_weight=146.192 55.3635 90.8282 59.6333 44.9036 31.1949 21.4609 16.2038 39.1598 21.5838 17.576
internal_count=587 223 364 239 180 125 86 65 158 87 71
is_linear=0
shrinkage=0.03


Tree=11
num_leaves=13
num_cat=0
split_feature=28 23 21 23 37 40 1 9 11 14 23 37
split_gain=12.5694 11.9387 11.7508 6.25543 19.035 9.71578 5.70051 4.30256 4.20519 4.19795 5.80348 3.03426
threshold=8.5000000000000018 1.0966470656378673 0.013655856902641999 0.87816758664094763 0.021250913663954599 0.0016464917232389411 -0.0018391497230523244 -0.018598689993572112 0.026388080854961585 15.401393812667722 0.87583603787067754 -0.0044608297766307028
decision_type=2 2 2 2 2 2 2 2 2 2 2 2
left_child=2 9 6 4 -4 -5 -1 -3 -8 11 -11 -2
right_child=1 7 3 5 -6 -7 8 -9 -10 10 -12 -13
leaf_value=0.0029968557749255305 -0.010277920789979257 0.020638640218580331 0.023695482486366007 0 -0.026534339491489554 0.031632685981977347 -0.035090429380855714 -0.006648612874940534 -0.0036886872574178825 0.008703651525024312 -0.023353205534606576 -0.038813454036344584
leaf_weight=14.224823817610742 8.6755626946687698 7.9818673729896572 12.226077020168306 15.204944118857382 10.987212568521498 21.191935166716576 7.7334365844726589 8.2242425829172117 9.2258980274200422 7.7051020115613928 8.200300917029379 14.509368553757668
leaf_count=57 35 32 49 61 44 85 31 33 37 31 33 59
internal_value=-0.00255163 -0.0136346 0.00418495 0.0119733 0 0.0194075 -0.0100752 0.0067579 -0.0209902 -0.0223714 -0.00774849 -0.0303955
internal_weight=146.091 55.2964 90.7943 59.6102 23.2133 36.3969 31.1842 16.2061 16.9593 39.0903 15.9054 23.1849
internal_count=587 223 364 239 93 146 125 65 68 158 64 94
is_linear=0
shrinkage=0.03


Tree=12
num_leaves=11
num_cat=0
split_feature=23 9 9 15 38 15 38 12 17 23
split_gain=9.02361 8.87096 11.5808 7.69305 8.20882 7.15901 7.89963 6.38093 4.8117 3.16725
threshold=0.99801798499279926 -0.0038526823515312139 -0.046242435915026261 27.852775470572482 0.0096458858222873579 63.997189179839928 0.007530094691757412 33.200897989679341 0.031080516196642097 1.190234966728293
decision_type=2 2 2 2 2 2 2 2 2 2
left_child=1 2 -1 8 -5 6 9 -8 -3 -2
right_child=5 3 -4 4 -6 -7 7 -9 -10 -11
leaf_value=0.0020178874303880844 0.029914178430896804 0.022730779826202904 -0.034034607880956524 -0.02113620416694479 0.012042648469247399 0.026994171450007421 0.015147477362092421 -0.01217648280513999 -0.0023007444042124365 0.0011406729584338181
leaf_weight=11.167267918586733 7.476189121603964 12.20596392452717 19.778693795204163 20.161774709820751 7.471512407064437 9.7201734334230405 7.7133498638868323 31.837879553437233 10.931658551096914 7.4793713092803955
leaf_count=45 30 49 80 81 30 39 31 128 44 30
internal_value=-0.00250152 -0.0090884 -0.0212366 -0.000875359 -0.0114518 0.00567394 0.000785599 -0.00601411 0.0110655 0.0182409
internal_weight=145.944 81.7169 30.946 50.7709 27.6333 64.227 54.5068 39.5512 23.1376 14.9556
internal_count=587 329 125 204 111 258 219 159 93 60
is_linear=0
shrinkage=0.03


Tree=13
num_leaves=12
num_cat=0
split_feature=28 23 21 17 14 6 21 4 16 14 4
split_gain=11.6442 11.2317 11.1058 6.52408 7.16494 6.4238 6.18696 4.34947 7.73706 3.1447 0.634794
threshold=8.5000000000000018 1.0966470656378673 0.013655856902641999 -1.971603777139644 -4.6822847436865223 -0.0062087332455064408 0.01151400764151197 -0.0073565507603696725 5.8485031960704257 -17.163744806481983 -0.039496573446015641
decision_type=2 2 2 2 2 2 2 2 2 2 2
left_child=2 7 5 -4 -5 -1 -7 10 -9 -3 -2
right_child=1 9 3 4 -6 6 -8 8 -10 -11 -12
leaf_value=0.0083057821589487511 -0.014287675666840166 0.018769895172058012 -0.0044528109854631995 -0.00014995424871003127 0.024692159308511902 -0.0021487349494073004 -0.034881201025790447 0.0062898388794727488 -0.028298023783944921 -0.0044483226459530274 -0.037973810332307345
leaf_weight=9.7313761413097399 7.8685408532619503 7.7359727621078518 14.717485830187796 13.44874633848667 31.381265118718147 12.206051677465441 9.2173115760087949 11.137688964605333 8.1612509042024595 8.4653125107288343 11.778202667832373
leaf_count=39 32 31 59 54 126 49 37 45 33 34 48
internal_value=-0.00239967 -0.0130878 0.00407907 0.0116576 0.0172312 -0.00978322 -0.018648 -0.0215925 -0.00891638 0.00665833 -0.031377
internal_weight=145.849 55.147 90.7022 59.5475 44.83 31.1547 21.4234 38.9457 19.2989 16.2013 19.6467
internal_count=587 223 364 239 180 125 86 158 78 65 80
is_linear=0
shrinkage=0.03


Tree=14
num_leaves=8
num_cat=0
split_feature=16 18 37 16 19 19 4
split_gain=10.7766 9.32858 10.6951 9.00695 7.51957 13.5864 11.7841
threshold=-18.635644079943102 0.55901001656613858 0.013841137229762769 -8.678126019747106 0.13277879522096633 0.089045450079816221 0.052438053650914813
decision_type=2 2 2 2 2 2 2
left_child=-1 2 3 -2 5 -3 -6
right_child=1 4 -4 -5 6 -7 -8
leaf_value=0.020814282223518117 0.013388250642171964 -0.007780044479286828 -0.031422906525821609 -0.014604001067975709 -0.034941400344956242 0.024548636599085748 0.0028738468644994228
leaf_weight=13.932320937514303 14.195260897278784 19.365518942475319 18.944917678833008 25.768359422683716 8.6963300704956072 23.390006393194199 21.404447138309479
leaf_count=56 57 78 77 104 35 94 86
internal_value=-0.00236736 -0.00520519 -0.0139037 -0.00413937 0.00181122 0.00987734 -0.00908028
internal_weight=145.697 131.765 58.9085 39.9636 72.8563 42.7555 30.1008
internal_count=587 531 238 161 293 172 121
is_linear=0
shrinkage=0.03


Tree=15
num_leaves=9
num_cat=0
split_feature=28 19 15 35 17 23 7 23
split_gain=11.7139 10.7616 5.87685 7.13667 6.81785 4.92712 5.03235 4.67953
threshold=8.5000000000000018 0.06426952957495001 23.572781039757221 -0.0038962612884215204 2.0095698639359729 1.1113833353119327 -0.017620013259994016 0.83270134325164824
decision_type=2 2 2 2 2 2 2 2
left_child=1 -1 4 -4 -3 6 -2 -8
right_child=5 2 3 -5 -6 -7 7 -9
leaf_value=-0.015485790350642448 0.0027395148645681959 0.026623292339809927 -0.015864821469074669 0.010496595380620456 0.00033333285118132886 0.0036883054786146486 -0.0028218442028370844 -0.02927193297558801
leaf_weight=13.935334265232084 8.5870267152786237 28.853812605142593 11.203618630766867 27.896430090069771 14.184193655848501 14.195149078965185 10.825171187520029 19.716251105070114
leaf_count=56 35 116 45 112 57 57 44 80
internal_value=0.000668837 0.00697836 0.0112454 0.00217366 0.0186914 -0.0102692 -0.0156306 -0.0211075
internal_weight=149.397 96.0734 82.1381 39.1 43.038 53.3236 39.1284 30.5414
internal_count=602 386 330 157 173 216 159 124
is_linear=0
shrinkage=0.03


Tree=16
num_leaves=12
num_cat=0
split_feature=28 37 21 16 37 19 32 16 37 19 4
split_gain=11.0635 11.3967 10.5291 5.6015 10.9528 8.85144 5.5893 4.33956 4.00397 8.29155 0.320206
threshold=8.5000000000000018 0.048460313830394626 0.013655856902641999 6.0467723762370627 0.026750941020568301 0.15915282343920928 0.0041932455086993734 -8.4880789548572579 0.0061546273279123884 0.089495835124618062 0.0074112975650184607
decision_type=2 2 2 2 2 2 2 2 2 2 2
left_child=2 6 8 4 -4 -5 7 -2 -1 -10 -8
right_child=1 -3 3 5 -6 -7 10 -9 9 -11 -12
leaf_value=0.0073945972433304696 0.020336521478437921 -0.03995668424991252 0.014143561267136711 0.036496378692959165 -0.023012164909775409 0.0020676763792726654 -0.022825033888615006 -0.0027453884674704526 -0.02762071979593975 0.0055828930989504522 -0.0066728223716225254
leaf_weight=10.473503306508062 8.1797828227281553 7.5653925091028205 25.870477765798569 16.626339152455333 7.4742971509695044 12.434926018118857 7.3935676217079145 22.20406344532967 12.918306946754457 10.224840849637983 7.9160409867763519
leaf_count=42 33 31 104 67 30 50 30 90 52 41 32
internal_value=0.00064139 -0.00999308 0.00677635 0.0139863 0.00455976 0.0233294 -0.00325002 0.00387761 -0.00622091 -0.0130773 -0.0170759
internal_weight=149.282 53.2588 96.0227 62.406 33.3448 29.0613 45.6935 30.3838 33.6167 23.1431 15.3096
internal_count=602 216 386 251 134 117 185 123 135 93 62
is_linear=0
shrinkage=0.03


Tree=17
num_leaves=8
num_cat=0
split_feature=28 37 19 7 16 16 16
split_gain=10.5388 10.926 9.76663 4.78166 5.78214 4.41081 5.40406
threshold=8.5000000000000018 0.048460313830394626 0.06426952957495001 0.051919752163807148 7.6578802179863992 -8.678126019747106 -5.1253490825430648
decision_type=2 2 2 2 2 2 2
left_child=2 5 -1 4 -4 -2 -7
right_child=1 -3 3 -5 -6 6 -8
leaf_value=-0.014800978004314347 0.011773630542174065 -0.03920265918969356 0.0056676241122814042 -0.0087242734243061643 0.023541801715711332 -0.026121499998413619 -0.00041493109326975824
leaf_weight=13.909061625599859 10.674261227250097 7.5187453478574744 45.767328396439552 7.9710689336061469 28.280691370368004 9.0698073953390068 25.931433916091922
leaf_count=56 43 31 184 32 114 37 105
internal_value=0.000605083 -0.00977797 0.00659799 0.0106714 0.013131 -0.00317831 -0.00853349
internal_weight=149.122 53.1942 95.9282 82.0191 74.048 45.6755 35.0012
internal_count=602 216 386 330 298 185 142
is_linear=0
shrinkage=0.03


Tree=18
num_leaves=10
num_cat=0
split_feature=37 33 5 34 35 16 19 37 31
split_gain=9.52113 13.2125 6.57868 6.3441 6.00881 4.19525 5.43082 3.51513 6.86438
threshold=0.0033529433055122797 0.67554354659253757 0.013086767507883958 0.0013658598621949516 0.027840685008895142 -11.46865664541455 0.1231683739784268 0.027020190989293317 -1.4999999999999998
decision_type=2 2 2 2 2 2 2 2 2
left_child=2 7 5 -3 -5 -1 -7 8 -2
right_child=1 3 -4 4 -6 6 -8 -9 -10
leaf_value=0.027131500244112924 -0.030259969823182527 0.020035870562486013 -0.008329514645826621 0.0085025602326606626 -0.012490136517659903 0.01533152226015415 -0.011608028053206775 -0.032341063566261756 0.00015565825893180287
leaf_weight=16.633309170603752 7.8915135413408306 13.87328055500984 10.886351376771925 22.314270511269569 22.323830559849739 18.602407634258274 7.6710983812808982 11.205655619502066 17.579466015100479
leaf_count=67 32 56 44 90 90 75 31 46 71
internal_value=0.000559162 -0.00501496 0.0105177 0.00365155 -0.00175981 0.0157917 0.00667069 -0.0187026 -0.0102388
internal_weight=148.981 95.188 53.7932 58.5114 44.6381 42.9068 26.2735 36.6766 25.471
internal_count=602 385 217 236 180 173 106 149 103
is_linear=0
shrinkage=0.03


Tree=19
num_leaves=12
num_cat=0
split_feature=28 37 37 8 9 32 5 12 14 26 26
split_gain=9.76011 10.3184 6.37433 13.7152 6.26044 5.33398 5.2276 4.79728 4.70963 0.943358 0.0608891
threshold=8.5000000000000018 0.048460313830394626 0.0076462226194665703 0.018186325659418173 0.071371699751105563 0.0041932455086993734 0.016487936223200775 45.420547370605426 -23.656142409121909 0.1733786977648317 0.20341322157118058
decision_type=2 2 2 2 2 2 2 2 2 2 2
left_child=2 5 6 10 -5 7 8 -2 -1 -7 -4
right_child=1 -3 3 4 -6 9 -8 -9 -10 -11 -12
leaf_value=0.0047981489195018786 -0.0056155352710853335 -0.038206482168750826 -0.028912271227215978 0.022143718367631064 -0.00041646568937833841 -0.0044820622865170993 -0.0030708701273959469 0.01677598865745588 0.030563609242170803 -0.023689210838922163 -0.01082063438614563
leaf_weight=13.15165324509144 17.442188635468487 7.4401276707649222 7.4241899102926237 16.3271174877882 24.630834326148033 7.6246046572923643 8.9369932115077955 12.901728570461271 17.391930237412453 7.6468838900327682 7.9399708807468414
leaf_count=53 71 31 30 66 99 31 36 52 70 31 32
internal_value=0.000530187 -0.00947273 0.0063036 -5.0037e-06 0.0088398 -0.00306313 0.0152313 0.00388985 0.020907 -0.0165976 -0.0227498
internal_weight=148.858 53.0555 95.8027 56.3221 40.958 45.6154 39.4806 30.3439 30.5436 15.2715 15.3642
internal_count=602 216 386 227 165 185 159 123 123 62 62
is_linear=0
shrinkage=0.03


Tree=20
num_leaves=12
num_cat=0
split_feature=28 14 14 21 21 23 20 34 20 22 25
split_gain=7.24952 9.56329 10.7018 7.80377 7.54073 7.17669 5.19874 6.80912 5.05885 4.61261 1.64001
threshold=8.5000000000000018 -16.136852122952401 14.562974414744078 0.018364634839618438 0.013604857518322711 0.88156805156451046 0.018457126822026677 0.018946996336555836 0.031704153451726273 -0.046169645593471857 0.13989116053427422
decision_type=2 2 2 2 2 2 2 2 2 2 2
left_child=3 4 -3 6 -2 -4 9 -8 10 -1 -5
right_child=1 2 5 8 -6 -7 7 -9 -10 -11 -12
leaf_value=-0.0044465016003454637 -0.012636542641121618 -0.038876149519289256 0.01350288180108835 0.0073639242691313318 0.020707360388000442 -0.017436805054132146 -0.022458580270981784 0.0056813789542130748 -0.00036733930470285838 0.016819878032433726 0.030768671843063037
leaf_weight=14.372682720422743 8.0805000364780444 11.408677905797957 9.6413300037384051 7.4357147365808549 12.841318368911741 13.535248443484305 15.157440379261972 11.686913609504698 8.6804727315902692 17.649150937795639 14.329293668270109
leaf_count=58 33 47 39 30 52 55 61 47 35 71 58
internal_value=0.000327517 -0.00791258 -0.0173559 0.00567414 0.00719585 -0.00392006 -0.000572995 -0.0101431 0.017506 0.00713351 0.0246966
internal_weight=144.819 55.5071 34.5853 89.3117 20.9218 23.1766 58.8662 26.8444 30.4455 32.0218 21.765
internal_count=586 226 141 360 85 94 237 108 123 129 88
is_linear=0
shrinkage=0.03


Tree=21
num_leaves=11
num_cat=0
split_feature=28 14 14 21 21 23 17 1 19 13
split_gain=6.89034 9.08287 10.2552 7.41803 7.16559 6.82419 5.11159 4.85195 3.37063 2.9865
threshold=8.5000000000000018 -16.136852122952401 14.562974414744078 0.018364634839618438 0.013604857518322711 0.88156805156451046 -3.0965354942532861 0.0078023538961038428 0.2329651226855316 2.667178653445291
decision_type=2 2 2 2 2 2 2 2 2 2
left_child=3 4 -3 6 -2 -4 -1 -8 9 -5
right_child=1 2 5 8 -6 -7 7 -9 -10 -11
leaf_value=-0.020735780947713122 -0.012346334487917627 -0.038090290698815206 0.013158588770006941 0.030327844034354085 0.020147499954765048 -0.017010212192489077 0.011109879105296696 -0.0066141300627355192 0 0.0042698904529585103
leaf_weight=7.7194876819849005 8.069502606987955 11.337073415517805 9.6489962041378039 14.290733993053442 12.857529088854788 13.509009003639219 28.049807548522949 23.09072071313858 7.943262815475463 8.1624052673578245
leaf_count=31 33 47 39 58 52 55 113 93 32 33
internal_value=0.000314114 -0.00772385 -0.0169486 0.0055294 0.00697956 -0.00379709 -0.000552822 0.00287721 0.0170771 0.0225924
internal_weight=144.679 55.4221 34.4951 89.2564 20.927 23.158 58.86 51.1405 30.3964 22.4531
internal_count=586 226 141 360 85 94 237 206 123 91
is_linear=0
shrinkage=0.03


Tree=22
num_leaves=8
num_cat=0
split_feature=21 16 16 36 35 16 19
split_gain=6.58769 7.88035 9.29018 11.6854 4.35624 3.56258 1.84108
threshold=0.021722021851386334 -14.248476637516381 -4.449004829196503 0.0062727771891288196 0.039897816092498657 -8.4880789548572579 0.20603416206679095
decision_type=2 2 2 2 2 2 2
left_child=1 4 5 -4 -1 -3 -2
right_child=6 2 3 -5 -6 -7 -8
leaf_value=0 0.022878294937450597 -0.0048082044436657603 -0.010106208926620551 0.013427756769317917 0.029338416248498665 -0.026558875731248852 0.0028868286744531198
leaf_weight=10.140558928251268 11.051014289259912 14.596579596400259 39.937882348895073 32.622760683298111 7.6829711347818366 18.586781248450279 9.9095590114593488
leaf_count=41 45 59 162 132 31 76 40
internal_value=0.000295375 -0.00230701 -0.00557329 0.000349689 0.0149218 -0.0182348 0.0151549
internal_weight=144.528 123.568 105.744 72.5606 17.8235 33.1834 20.9606
internal_count=586 501 429 294 72 135 85
is_linear=0
shrinkage=0.03


Tree=23
num_leaves=11
num_cat=0
split_feature=37 4 11 38 38 8 19 11 37 0
split_gain=5.8156 12.16 7.39771 7.11819 6.69506 7.8081 6.41761 3.59219 2.82849 2.58292
threshold=0.0033529433055122797 -0.0093720022522525964 0.035849782305518059 0.0081829894855656189 0.0090356108761418964 0.020057282350164216 0.075762158071259925 0.052210239451993441 -0.022199825009121651 -0.0024488245255051551
decision_type=2 2 2 2 2 2 2 2 2 2
left_child=2 9 3 -1 6 -6 -3 -4 -5 -2
right_child=1 4 7 8 5 -7 -8 -9 -10 -11
leaf_value=-0.0056715294601155288 -0.032061565317893746 -0.013434648367416171 -0.019379751960659875 0.0080357969019362891 0.010617839519663603 -0.02100024881207006 0.013869373523675406 0.0043164535252225925 0.031738761805456546 -0.0058996502509769504
leaf_weight=8.4160415381193143 11.962334096431734 7.4066930562257758 8.1418928205966967 11.358843311667441 8.8194968998432177 17.250312268733978 37.57430474460125 10.317471057176588 15.103793546557428 8.0451362133026105
leaf_count=34 49 30 33 46 36 70 152 42 61 33
internal_value=0.000300173 -0.00417807 0.00809114 0.016029 0.00161687 -0.00977497 0.00867362 -0.00627486 0.0233711 -0.0237155
internal_weight=144.396 91.0583 53.338 34.8787 71.0508 26.0698 44.981 18.4594 26.4626 20.0075
internal_count=586 370 216 141 288 106 182 75 107 82
is_linear=0
shrinkage=0.03


Tree=24
num_leaves=9
num_cat=0
split_feature=16 16 35 19 35 35 38 5
split_gain=6.39268 13.0305 4.67446 5.74814 4.42363 4.10089 3.53068 1.69484
threshold=-14.248476637516381 -4.449004829196503 0.047977911349197384 0.13164928974281556 0.066495938640532284 0.016450038050778718 0.010989590860442751 -0.0061734834171514033
decision_type=2 2 2 2 2 2 2 2
left_child=5 6 3 -3 -4 -1 7 -2
right_child=1 2 4 -5 -6 -7 -8 -9
leaf_value=-4.2942282221615987e-05 -0.010665816935950378 0.014068297173638996 -0.017207659508412226 -0.0035182041468352948 0.0078248172960127191 0.025243909875517959 0 -0.03015219240162199
leaf_weight=7.8931442350149181 14.686078488826753 43.795031845569611 13.811632305383684 23.461427748203278 8.1291409581899625 11.867194712162016 7.4247021973133078 13.21321691572666
leaf_count=32 60 178 56 95 33 48 30 54
internal_value=0.000273262 -0.00221041 0.00380337 0.00779248 -0.0074276 0.0153783 -0.0171879 -0.0217959
internal_weight=144.282 124.521 89.1972 67.2565 21.9408 19.7603 35.324 27.8993
internal_count=586 506 362 273 89 80 144 114
is_linear=0
shrinkage=0.03


Tree=25
num_leaves=11
num_cat=0
split_feature=28 21 35 7 21 7 14 21 14 26
split_gain=8.65168 7.13785 6.32674 5.05809 4.99399 4.8785 4.63278 8.08922 7.16029 3.99429
threshold=8.5000000000000018 0.013655856902641999 0.062741177410862395 0.0032934139465560139 0.010844506465203489 0.012720812393912416 -20.482907601011899 0.013604857518322711 45.305288853925965 0.15184545705440963
decision_type=2 2 2 2 2 2 2 2 2 2
left_child=1 4 3 -3 -1 -6 7 -2 9 -8
right_child=6 2 -4 -5 5 -7 8 -9 -10 -11
leaf_value=0.0060582389890376119 -0.015729916836738727 0.0015827033474702015 -0.012353826392603311 0.021075285680974064 -0.00015552334125830928 -0.029777105844335489 -0.0071320221978220652 0.021679583098192297 0.0038026784570151526 -0.031896293515100684
leaf_weight=14.38643231987953 8.4840519577264804 21.518257796764374 7.4548325091600409 32.723028466105461 11.169946253299715 8.9659557789564115 13.208980873227121 8.1555723398923856 10.840580895543097 17.159663870930672
leaf_count=58 35 87 30 133 45 36 54 33 44 71
internal_value=-0.0012341 0.00415306 0.0102395 0.0139403 -0.00627862 -0.0155215 -0.0102844 0.00215966 -0.0155236 -0.0226946
internal_weight=154.067 96.2185 61.6961 54.2413 34.5223 20.1359 57.8488 16.6396 41.2092 30.3686
internal_count=626 389 250 220 139 81 237 68 169 125
is_linear=0
shrinkage=0.03


Tree=26
num_leaves=10
num_cat=0
split_feature=34 20 9 37 6 40 22 35 9
split_gain=6.58414 8.1897 6.69379 11.8525 6.75066 6.20404 6.38715 4.98557 2.78785
threshold=-0.019056532167070758 0.022406358482809391 0.042464814186823137 0.027020190989293317 -0.014622809730020883 0.03080676383107073 -0.0053306570024905233 0.028409734978965377 -0.023699939065386529
decision_type=2 2 2 2 2 2 2 2 2
left_child=1 8 3 4 -2 6 -4 -7 -1
right_child=2 -3 5 -5 -6 7 -8 -9 -10
leaf_value=-0.01458579386246661 -0.021893117272171771 0.027510614277164305 -0.022665080968478517 -0.033347481329426387 0.0028886162614291831 0.019160285763190676 0.0057601993509963593 -0.0020935524616744507 0.0063512285944270991
leaf_weight=7.3456719517707869 11.068573176860808 12.506643578410147 12.04916323721409 14.463098406791685 36.668511345982552 20.993252873420715 11.864518240094183 14.830236315727232 12.085219740867615
leaf_count=30 45 51 49 60 149 85 48 60 49
internal_value=-0.00121524 0.0103788 -0.00449144 -0.0112681 -0.00320512 0.00245815 -0.00862722 0.0103196 -0.00148643
internal_weight=153.875 31.9375 121.937 62.2002 47.7371 59.7372 23.9137 35.8235 19.4309
internal_count=626 130 496 254 194 242 97 145 79
is_linear=0
shrinkage=0.03


Tree=27
num_leaves=8
num_cat=0
split_feature=34 20 38 40 37 36 25
split_gain=6.25533 7.80409 6.30047 7.12086 9.19971 7.94742 2.57249
threshold=-0.019056532167070758 0.022406358482809391 0.012806079522199207 0.020507887258790828 0.026469506244859001 0.0049452748353441744 0.24439417153463491
decision_type=2 2 2 2 2 2 2
left_child=1 6 3 5 -5 -2 -1
right_child=2 -3 -4 4 -6 -7 -8
leaf_value=0.0070260484091864651 0.0040356437096055152 0.026870960865626417 -0.026615687909127293 0.021565543363807223 -0.002703840868993126 -0.019252623657496103 -0.012743300933641861
leaf_weight=10.774931848049169 19.221382930874825 12.468413814902304 8.6309992522001249 17.814046904444695 44.533745810389519 31.621446505188942 8.6489479690790159
leaf_count=44 78 51 36 72 181 129 35
internal_value=-0.00118997 0.0101154 -0.00438639 -0.00212846 0.00445207 -0.010345 -0.00144444
internal_weight=153.714 31.8923 121.822 113.191 62.3478 50.8428 19.4239
internal_count=626 130 496 460 253 207 79
is_linear=0
shrinkage=0.03


Tree=28
num_leaves=8
num_cat=0
split_feature=9 9 11 3 35 35 9
split_gain=6.22048 6.7104 7.45569 13.8035 8.6287 5.31365 8.7381
threshold=-0.083461111332604407 0.0064974876898427876 0.015578216256917911 0.03950038542624424 -0.027705565093941006 -0.082039518755381388 -0.046242435915026261
decision_type=2 2 2 2 2 2 2
left_child=-1 5 3 -3 -4 -2 -7
right_child=1 2 4 -5 -6 6 -8
leaf_value=0.02208414961401562 0.0089253499601582437 0.034423397893743365 -0.027724399569618995 -0.0096859267601445229 0.0013670545989328761 0.0027662277793515729 -0.023746654582031755
leaf_weight=7.6116939634084693 7.8897981941699973 13.164156392216684 8.6189170330762845 9.0852312892675382 61.459650382399559 14.96587599813938 30.798374697566032
leaf_count=31 32 54 35 37 249 61 127
internal_value=-0.00115303 -0.0027481 0.00203525 0.01648 -0.00267278 -0.0110262 -0.0150096
internal_weight=153.594 145.982 92.328 22.2494 70.0786 53.654 45.7643
internal_count=626 595 375 91 284 220 188
is_linear=0
shrinkage=0.03


Tree=29
num_leaves=7
num_cat=0
split_feature=21 3 4 16 37 38
split_gain=7.76467 7.43826 6.35676 7.86068 6.87647 2.00176
threshold=0.021722021851386334 0.059601758749943119 0.045274640819545693 -14.248476637516381 0.040915876502171551 0.011866355942293899
decision_type=2 2 2 2 2 2
left_child=1 2 3 -1 -4 -2
right_child=5 -3 4 -5 -6 -7
leaf_value=0.010580039623663539 0.021993633768348678 -0.028734868313083292 -0.0034484150121276828 -0.0095812978271081848 0.02549601714997379 0.0013488912786030602
leaf_weight=19.725132822990417 12.216814920306208 8.1567505747079831 12.839819908142092 79.466533064842224 12.290456116199492 8.7672554254531843
leaf_count=80 50 33 52 325 50 36
internal_value=-0.00110751 -0.00393653 -0.00176158 -0.00529394 0.0109905 0.0148887
internal_weight=153.463 132.479 124.322 99.1917 25.1303 20.9841
internal_count=626 540 507 405 102 86
is_linear=0
shrinkage=0.03


Tree=30
num_leaves=11
num_cat=0
split_feature=21 37 4 40 9 6 24 9 36 22
split_gain=9.72794 7.64422 11.9275 7.59355 4.55185 7.55424 3.96753 3.65299 3.06787 1.98627
threshold=0.013705537667889211 0.021250913663954599 0.037516992270540957 0.018620239876719461 -0.046242435915026261 -0.0018587338874066662 0.2349896480331263 -0.053887737081656263 0.0052974122720070051 0.087187295634997178
decision_type=2 2 2 2 2 2 2 2 2 2
left_child=3 4 9 7 -2 -6 -5 -1 -4 -3
right_child=1 2 8 6 5 -7 -8 -9 -10 -11
leaf_value=-0.004178992527309423 0.027726529996885112 -0.03096344082695238 -0.0032923277790895202 -0.011422368783700454 -0.0086984922723542454 0.016493440275546657 0.011488874941986022 -0.032118834566812325 0.01531222090935206 -0.0058806546539352071
leaf_weight=8.0730397403240222 9.8596969097852689 11.017564922571184 12.331921547651293 12.57918141782284 16.920173451304436 21.852634161710739 10.653046429157255 16.323829665780067 14.43826077878475 7.2538283765316001
leaf_count=33 40 46 50 51 69 89 43 67 59 30
internal_value=-0.00263147 0.00287117 -0.00569637 -0.0134356 0.0110139 0.00524455 -0.000244113 -0.0244588 0.00658741 -0.0233081
internal_weight=141.303 93.6741 45.0416 47.6291 48.6325 38.7728 23.2322 24.3969 26.7702 18.2714
internal_count=577 383 185 194 198 158 94 100 109 76
is_linear=0
shrinkage=0.03


Tree=31
num_leaves=7
num_cat=0
split_feature=34 4 9 35 13 4
split_gain=11.0629 6.11028 8.89683 8.86361 7.93723 1.42758
threshold=0.034649501004426438 -0.055361837744686497 0.01235397332939164 -0.027705565093941006 -3.879904899441573 0.014458508297012231
decision_type=2 2 2 2 2 2
left_child=1 -1 4 -4 -3 -2
right_child=5 2 3 -5 -6 -7
leaf_value=0.021425224117043777 -0.02928589904111981 0.0076582773493673395 -0.015263128275524384 0.011207706172006476 -0.01852513390941312 -0.0076049822204796958
leaf_weight=9.830181732773779 11.391180649399759 12.467588618397711 12.114352270960806 53.013415187597275 33.662693321704865 8.6291685551404935
leaf_count=40 48 51 50 215 138 35
internal_value=-0.00257327 0.000851015 -0.00118062 0.00575239 -0.0111127 -0.0221617
internal_weight=141.109 121.088 111.258 65.1278 46.1303 20.0203
internal_count=577 494 454 265 189 83
is_linear=0
shrinkage=0.03


Tree=32
num_leaves=8
num_cat=0
split_feature=34 34 8 12 28 40 1
split_gain=10.5602 5.91699 6.44011 8.13454 3.22702 1.93683 0.401506
threshold=0.034649501004426438 0.018946996336555836 -0.034763730751448202 42.986534160910892 8.5000000000000018 0.028276338865083187 -0.0084356029462702136
decision_type=2 2 2 2 2 2 2
left_child=1 2 -1 -4 5 -3 -2
right_child=6 4 3 -5 -6 -7 -8
leaf_value=0.016699631765483218 -0.0082236552187609068 0.0034986652350381736 -0.021446140321087739 -1.2980500062330533e-05 -0.00095665849768870111 0.026293705417973646 -0.026099091231573404
leaf_weight=11.039216026663778 7.186023652553561 7.6748898029327455 20.129292115569115 62.053766950964928 8.7581238150596601 11.353121459484099 12.77120231091976
leaf_count=45 30 31 83 253 36 46 53
internal_value=-0.00251156 0.00082914 -0.00270598 -0.00582563 0.0125783 0.01902 -0.0216811
internal_weight=140.966 121.008 93.2223 82.1831 27.7861 19.028 19.9572
internal_count=577 494 381 336 113 77 83
is_linear=0
shrinkage=0.03


Tree=33
num_leaves=11
num_cat=0
split_feature=21 37 23 40 32 9 23 23 1 21
split_gain=9.00431 7.38894 19.4438 6.97226 4.80137 5.75662 3.84422 3.81661 3.23429 2.09363
threshold=0.013705537667889211 0.022188881324796909 0.94173317447496807 0.018620239876719461 0.0069092978367275579 -0.045666217914750937 0.92612385438983014 1.0621968697091757 0.0087705054053148785 0.015996780968265834
decision_type=2 2 2 2 2 2 2 2 2 2
left_child=3 4 9 7 5 -2 -5 -1 -4 -3
right_child=1 2 8 6 -6 -7 -8 -9 -10 -11
leaf_value=-0.03097230238419333 0.036464599533899272 -0.0069535903843030685 0.022656001237234238 0.013307923557878664 -0.0047817837228418918 0.0079807176744173015 -0.0097612586863644723 -0.002613538558942064 0 -0.03234595645554051
leaf_weight=16.584839910268787 7.8530313819646826 7.3283862024545696 11.229436844587328 8.6307735145092028 11.28612472116947 29.840707495808601 14.56294025480747 7.6431495249271384 12.04760406911373 13.814027175307272
leaf_count=69 32 30 46 35 46 122 59 31 49 58
internal_value=-0.00244628 0.0028474 -0.00567062 -0.0128692 0.010786 0.0158312 -0.000206465 -0.0234794 0.012389 -0.0255542
internal_weight=140.821 93.3993 44.4195 47.4217 48.9799 37.6937 23.1937 24.228 23.277 21.1424
internal_count=577 383 183 194 200 154 94 100 95 88
is_linear=0
shrinkage=0.03


Tree=34
num_leaves=11
num_cat=0
split_feature=21 37 4 40 9 3 24 1 9 9
split_gain=8.55735 7.01229 10.2354 6.65929 4.02084 6.3872 3.81606 3.54258 3.4891 1.23309
threshold=0.013705537667889211 0.022188881324796909 0.037516992270540957 0.018620239876719461 -0.046242435915026261 -0.014318715356920806 0.2349896480331263 -0.0020890082878076695 -0.053887737081656263 0.015684121450394509
decision_type=2 2 2 2 2 2 2 2 2 2
left_child=3 4 9 8 -2 -6 -5 -4 -1 -3
right_child=1 2 7 6 5 -7 -8 -9 -10 -11
leaf_value=-0.0033167855294084481 0.026341780306792285 -0.029629337799991627 0.021064933802004349 -0.011173304645573447 -0.0097188728933845694 0.013976887878770022 0.011316578450474336 -0.00072585132875961406 -0.030449245152389219 -0.0078824895642476012
leaf_weight=8.0224733650684374 9.7858899980783445 9.516297250986101 7.3689194470644024 12.543505460023882 13.952603280544279 25.212553575634956 10.646424219012259 19.100529119372368 16.115616247057915 8.3734268993139249
leaf_count=33 40 41 30 51 57 103 43 78 67 34
internal_value=-0.00237956 0.00277848 -0.005521 -0.0125534 0.0105153 0.00510882 -0.000174068 0.00586734 -0.0229492 -0.0220209
internal_weight=140.638 93.3102 44.3592 47.328 48.951 39.1652 23.1899 26.4694 24.1381 17.8897
internal_count=577 383 183 194 200 160 94 108 100 75
is_linear=0
shrinkage=0.03


Tree=35
num_leaves=10
num_cat=0
split_feature=28 19 14 40 40 40 40 19 36
split_gain=6.19785 8.45625 8.69175 7.88075 6.13784 5.6225 4.9521 4.76857 3.4717
threshold=8.5000000000000018 0.06363612601544523 -20.482907601011899 -0.0052914954046285869 0.066999318071193983 -0.030172783247627618 0.0039381340697518539 0.11815576610419383 0.0070926940345379247
decision_type=2 2 2 2 2 2 2 2 2
left_child=4 -2 3 -3 5 7 -4 -1 -7
right_child=1 2 6 -5 -6 8 -8 -9 -10
leaf_value=0.032305582325499065 0.019432990937059098 0.024213344405871761 -0.033801610161271249 -0.012913271967287169 0.024306719440736941 -0.0069880121545794777 -0.0080997449829210613 0 0.0073523030448349033
leaf_weight=7.5635623037815076 8.0485533326864225 8.5630888789892214 11.6839742064476 7.7344968765974036 13.513710573315619 35.732364654541016 21.155081555247307 7.2875205874443054 22.997812002897263
leaf_count=31 33 35 49 32 55 145 88 30 94
internal_value=0.00192836 -0.00548708 -0.0104627 0.00628845 0.00697946 0.00303974 -0.0190904 0.0183745 -0.00106838
internal_weight=144.28 57.1852 49.1366 16.2976 87.095 73.5813 32.8391 14.8511 58.7302
internal_count=592 237 204 67 355 300 137 61 239
is_linear=0
shrinkage=0.03


Tree=36
num_leaves=8
num_cat=0
split_feature=37 38 40 22 26 28 19
split_gain=6.31906 14.1798 6.79762 5.50389 3.06506 2.416 2.01033
threshold=-0.011858199189252959 0.012664157606798603 0.074545034170289584 -0.3716115721343336 0.39833953424280011 5.5000000000000009 0.11109382407493464
decision_type=2 2 2 2 2 2 2
left_child=4 2 3 -2 5 -1 -7
right_child=1 -3 -4 -5 -6 6 -8
leaf_value=0.01747602865784155 0.020134379374949243 -0.034682190096739597 0.021791754692406937 -0.0034960788571259151 0.027553550482618181 -0.010606272586792446 0.0083978471288045538
leaf_weight=8.0561961084604281 7.8258545398712149 8.5165308862924558 11.420884653925894 84.187951967120171 8.3279713094234449 7.9615733772516233 7.8189756870269775
leaf_count=33 32 36 47 345 34 33 32
internal_value=0.0018914 -0.00141073 0.00179241 -0.000941164 0.0132335 0.00590421 -0.000461004
internal_weight=144.116 111.951 103.435 92.0138 32.1647 23.8367 15.7805
internal_count=592 460 424 377 132 98 65
is_linear=0
shrinkage=0.03


Tree=37
num_leaves=9
num_cat=0
split_feature=21 21 15 3 2 15 36 22
split_gain=5.89098 10.4177 5.95269 5.88346 5.90656 4.35245 3.65004 3.36465
threshold=0.013604857518322711 0.01151400764151197 55.69679040049764 0.059601758749943119 -0.019732581275579527 108.97182764394624 0.0065385107959399433 -0.038332151248186223
decision_type=2 2 2 2 2 2 2 2
left_child=1 6 3 4 -2 -4 -1 -3
right_child=2 7 5 -5 -6 -7 -8 -9
leaf_value=-0.0020556752032720592 -0.010776924859147679 -0.0045685039143325964 0.028760772147269683 -0.018618643291682075 0.0095371264687677416 0 0.021032142782652401 -0.02926550250680076
leaf_weight=11.553790867328646 14.207456588745115 11.197939887642862 13.275691241025926 8.8320440202951414 55.403498783707619 7.8908668309450141 8.6157590597867948 13.012677580118178
leaf_count=47 59 46 54 36 229 32 35 54
internal_value=0.00185837 -0.00688308 0.00595949 0.00175428 0.00499641 0.0193996 0.00813774 -0.0196351
internal_weight=143.99 44.3802 99.6096 78.443 69.611 21.1666 20.1695 24.2106
internal_count=592 182 410 324 288 86 82 100
is_linear=0
shrinkage=0.03


Tree=38
num_leaves=8
num_cat=0
split_feature=37 38 4 37 3 11 28
split_gain=5.99712 13.5149 6.39603 7.0688 5.8654 4.57604 5.66064
threshold=-0.011858199189252959 0.012664157606798603 -0.0093720022522525964 0.015593032464615854 0.038007786817404916 -0.0076842240372680384 7.5000000000000009
decision_type=2 2 2 2 2 2 2
left_child=5 2 3 -2 -4 -1 -7
right_child=1 -3 4 -5 -6 6 -8
leaf_value=0.026638404824705437 0.00097961325441674662 -0.033999492527245621 0.011769769975864344 -0.028108360060976653 -0.005618522726863623 0.014656423945946946 -0.014624226611810221
leaf_weight=11.492953360080717 17.907168462872509 8.4581523388624174 52.806628227233887 9.7777639180421811 22.846910253167152 12.984793975949289 7.617125377058982
leaf_count=47 74 36 216 41 93 53 32
internal_value=0.00179411 -0.00142065 0.00169839 -0.00998999 0.00631598 0.0128586 0.00283075
internal_weight=143.891 111.797 103.338 27.6849 75.6535 32.0949 20.6019
internal_count=592 460 424 115 309 132 85
is_linear=0
shrinkage=0.03


Tree=39
num_leaves=8
num_cat=0
split_feature=37 38 40 2 26 24 38
split_gain=5.71631 12.9235 6.34426 6.30169 2.90956 2.60103 2.13287
threshold=-0.011858199189252959 0.012664157606798603 0.074545034170289584 0.024776679800306737 0.39833953424280011 -0.44957627118644067 0.011144632305320893
decision_type=2 2 2 2 2 2 2
left_child=4 2 3 -2 5 -1 -7
right_child=1 -3 -4 -5 -6 6 -8
leaf_value=0.017966415547158172 0.0027970259354405534 -0.033364066990835259 0.020991721052895033 -0.01608920983509737 0.026477337699084249 -0.010731907575307785 0.0086142671958555489
leaf_weight=7.5348273813724544 73.929660692811012 8.399636968970297 11.380098924040793 17.978611871600151 8.2981203943490964 8.6549288928508776 7.5476099401712409
leaf_count=31 304 36 47 73 34 36 31
internal_value=0.00172728 -0.00140882 0.00163179 -0.00100165 0.012542 0.00540866 -0.000939542
internal_weight=143.723 111.688 103.288 91.9083 32.0355 23.7374 16.2025
internal_count=592 460 424 377 132 98 67
is_linear=0
shrinkage=0.03


Tree=40
num_leaves=8
num_cat=0
split_feature=33 40 23 28 23 35 7
split_gain=6.03836 6.48052 9.13823 6.28217 5.37393 3.98109 2.14829
threshold=0.13282227509031636 0.026208392410732698 0.78052286090556111 6.5000000000000009 0.74440121008847171 0.062108917370563572 -0.02508254318941083
decision_type=2 2 2 2 2 2 2
left_child=6 4 -3 -4 -2 -6 -1
right_child=1 2 3 -5 5 -7 -8
leaf_value=0.025254539273240385 0.011235866525884894 -0.018168597978748983 0.022401727787916097 0.00014546596870084353 -0.014421077872030272 0.005139230522998136 0.0020615066914775886
leaf_weight=9.7558882832527178 9.5003310441970807 8.9830404818057996 23.044695973396301 23.563799500465393 47.52443927526474 9.1936619728803617 7.9516518563032141
leaf_count=40 39 38 94 97 195 38 33
internal_value=0.00141445 -0.000946904 0.0063415 0.0119272 -0.00729206 -0.010928 0.0168669
internal_weight=139.518 121.81 55.5915 46.6085 66.2184 56.7181 17.7075
internal_count=574 501 229 191 272 233 73
is_linear=0
shrinkage=0.03


Tree=41
num_leaves=7
num_cat=0
split_feature=33 12 38 21 12 19
split_gain=5.74601 7.75673 6.1284 4.29038 3.56307 3.21294
threshold=0.13282227509031636 40.872808907231466 0.013065730881712503 0.012614791837448458 34.085861980730719 0.11394921663406359
decision_type=2 2 2 2 2 2
left_child=4 5 3 -3 -1 -2
right_child=1 2 -4 -5 -6 -7
leaf_value=0.02645807849073922 -0.024864802151393698 -0.005097985278487021 -0.019611540712168661 0.0088334932459979889 0 0
leaf_weight=10.21767979860306 13.09909148514271 24.788532212376595 8.0084845721721631 68.103712022304535 7.4824540317058554 7.713631182909011
leaf_count=42 55 101 34 279 31 32
internal_value=0.00139689 -0.000905206 0.00249183 0.00492868 0.0164732 -0.0168063
internal_weight=139.414 121.713 100.901 92.8922 17.7001 20.8127
internal_count=574 501 414 380 73 87
is_linear=0
shrinkage=0.03


Tree=42
num_leaves=6
num_cat=0
split_feature=8 38 16 38 36
split_gain=6.6492 7.82712 5.98115 14.7281 10.6134
threshold=-0.038122549069831542 0.013065730881712503 7.9032084058838494 0.0098184560430549187 0.0064890285127842543
decision_type=2 2 2 2 2
left_child=-1 2 3 -2 -4
right_child=1 -3 4 -5 -6
leaf_value=0.019866614130161928 -0.012062394798686956 -0.02412472479482225 -0.0016938856961284251 0.014058736025497419 0.03018994614407609
leaf_weight=13.588169693946837 53.80149632692337 9.8511884361505491 20.713548064231873 27.557172060012817 13.796514868736265
leaf_count=56 221 42 85 113 57
internal_value=0.001342 -0.000822488 0.00140715 -0.00290987 0.0115974
internal_weight=139.308 125.72 115.869 81.3587 34.5101
internal_count=574 518 476 334 142
is_linear=0
shrinkage=0.03


Tree=43
num_leaves=6
num_cat=0
split_feature=8 38 16 38 20
split_gain=6.31264 7.46531 5.66094 13.9118 4.36067
threshold=-0.038122549069831542 0.013065730881712503 7.9032084058838494 0.0098184560430549187 0.017794350831682845
decision_type=2 2 2 2 2
left_child=-1 2 3 -2 -4
right_child=1 -3 4 -5 -6
leaf_value=0.019374852280455483 -0.011725393064276949 -0.02358751181107973 -0.0026784921433852609 0.013660759324427329 0.018350186689250373
leaf_weight=13.566160395741461 53.74571467936039 9.819319158792494 11.246012330055235 27.567294016480446 23.20332932472229
leaf_count=56 221 42 46 113 96
internal_value=0.00131126 -0.000795652 0.00137801 -0.00281743 0.0113035
internal_weight=139.148 125.582 115.762 81.313 34.4493
internal_count=574 518 476 334 142
is_linear=0
shrinkage=0.03


Tree=44
num_leaves=10
num_cat=0
split_feature=32 10 35 9 11 26 26 10 35
split_gain=5.59023 5.59955 6.46716 7.70511 6.85059 4.86904 6.03648 4.6804 4.02366
threshold=0.0043760303489204242 -0.026500316153820588 -0.026878640861689115 -0.0025650660567089535 0.016353738625103812 0.15907530853713772 0.36626016260162603 0.016199414312504493 0.023498666623702261
decision_type=2 2 2 2 2 2 2 2 2
left_child=1 -1 4 -4 -3 7 8 -2 -7
right_child=5 2 3 -5 -6 6 -8 -9 -10
leaf_value=0.024420687930144923 -0.0073172288340679886 0.0036823322532333639 -0.0068765049193410584 0.014117796421727924 -0.031463877708574603 -0.0041377529384689265 0.0015129464936765736 0.019703009346361069 -0.035966737387758997
leaf_weight=10.636757776141165 10.81623785197735 8.5986334234476072 21.576602324843407 43.073387280106544 7.2859191447496405 7.6996327340602937 11.556242629885672 8.0764261037111265 9.6752404719591123
leaf_count=44 45 36 90 176 30 32 48 33 40
internal_value=0.00127578 0.00568488 0.00249676 0.00688991 -0.0133156 -0.00671945 -0.0142105 0.00429608 -0.0245191
internal_weight=138.995 91.1713 80.5345 64.65 15.8846 47.8238 28.9311 18.8927 17.3749
internal_count=574 376 332 266 66 198 120 78 72
is_linear=0
shrinkage=0.03


Tree=45
num_leaves=8
num_cat=0
split_feature=21 16 11 16 7 40 23
split_gain=6.76334 6.4094 6.97308 6.03114 8.18195 7.7233 2.42976
threshold=0.022598966654937901 -14.248476637516381 0.05142500323131239 -3.7474524145408501 0.042937017607218256 -0.011151603880629078 0.97123145995110993
decision_type=2 2 2 2 2 2 2
left_child=1 2 -1 5 -5 -3 -2
right_child=6 3 -4 4 -6 -7 -8
leaf_value=-0.0056873798037706006 0.00040331573750812213 0.00092328131885592319 0.027230540353747838 0.0026759031792426501 -0.026743487716443651 -0.025886494370407191 0.023302380700694226
leaf_weight=8.7920504957437533 8.2293784171342867 14.209603890776632 10.192323774099348 69.137015789747238 7.6321235448122016 22.048707887530327 11.180203735828398
leaf_count=36 34 59 42 285 31 93 47
internal_value=-0.000312412 -0.00290412 0.0121817 -0.00573612 -0.000663214 -0.0154887 0.0152388
internal_weight=151.421 132.012 18.9844 113.027 76.7691 36.2583 19.4096
internal_count=627 546 78 468 316 152 81
is_linear=0
shrinkage=0.03


Tree=46
num_leaves=6
num_cat=0
split_feature=34 16 22 34 38
split_gain=7.52611 6.634 4.57069 4.44777 3.60191
threshold=0.038130874387779297 -18.635644079943102 -0.38258491607739809 -0.021746953533478271 0.0086247772839937158
decision_type=2 2 2 2 2
left_child=1 -1 -3 -4 -2
right_child=4 2 3 -5 -6
leaf_value=0.020966962366792262 -0.00090737105025136982 0.01862249641238807 0.0080294213218181677 -0.0053989710965943044 -0.030874963829237951
leaf_weight=12.780363291501997 7.5624629855155927 8.5082617700099927 27.006749764084816 87.436858683824539 7.9542562067508698
leaf_count=53 31 35 112 361 35
internal_value=-0.000296147 0.0019649 -0.000194231 -0.0020178 -0.018897
internal_weight=151.249 135.732 122.952 114.444 15.5167
internal_count=627 561 508 473 66
is_linear=0
shrinkage=0.03


Tree=47
num_leaves=9
num_cat=0
split_feature=34 16 16 37 20 37 38 4
split_gain=7.21767 6.31744 6.18019 6.54062 4.85607 4.24597 3.45884 1.88919
threshold=0.038130874387779297 -10.764406124609708 -3.7474524145408501 -0.0091836175492852039 0.018501123067775686 0.015159711832300029 0.0086247772839937158 -0.044482483026506418
decision_type=2 2 2 2 2 2 2 2
left_child=1 5 3 -3 -4 7 -2 -1
right_child=6 2 4 -5 -6 -7 -8 -9
leaf_value=0.0061655580641673301 -0.00088587140758879051 0.0063639286553460097 0.010950127715747141 -0.02377819475297201 -0.0033021908086712515 -0.003209757123045498 -0.030337893519631599 0.028634060487943792
leaf_weight=9.0416535586118734 7.5621652603149396 7.7661846578121212 34.350196719169617 16.916404381394386 48.866245537996292 7.2889695465564719 7.8886187374591827 11.439268961548805
leaf_count=38 31 32 140 71 203 30 35 47
internal_value=-0.000280595 0.00192858 -0.00129735 -0.0139659 0.0025238 0.0142118 -0.0185362 0.0208131
internal_weight=151.12 135.669 107.899 24.6826 83.2164 27.7699 15.4508 20.4809
internal_count=627 561 446 103 343 115 66 85
is_linear=0
shrinkage=0.03


Tree=48
num_leaves=7
num_cat=0
split_feature=21 38 16 19 11 16
split_gain=6.34759 6.86583 7.06288 6.29365 3.78811 1.97583
threshold=0.022598966654937901 0.013065730881712503 -14.248476637516381 0.13164928974281556 0.05142500323131239 18.184820919803023
decision_type=2 2 2 2 2 2
left_child=1 2 4 -4 -1 -2
right_child=5 -3 3 -5 -6 -7
leaf_value=0 0.021818116165600778 -0.027503585958337372 9.1317000489357652e-05 -0.016449565014685731 0.026011004533645479 0.00051580544086969105
leaf_weight=7.5799210369586971 11.564960554242136 7.4457463920116416 81.483168914914131 24.971635520458221 10.131979346275328 7.7638745009899131
leaf_count=31 49 33 338 102 42 32
internal_value=-0.000276443 -0.00279373 -0.000780601 -0.00388225 0.0156029 0.0148155
internal_weight=150.941 131.612 124.167 106.455 17.7119 19.3288
internal_count=627 546 513 440 73 81
is_linear=0
shrinkage=0.03


Tree=49
num_leaves=8
num_cat=0
split_feature=34 37 23 38 9 20 31
split_gain=6.77816 5.10159 3.3598 3.31995 3.30695 8.53706 5.66453
threshold=0.038130874387779297 -0.018541556054946614 0.97649440523699604 0.0086247772839937158 0.004791731996609574 0.018457126822026677 2.5000000000000004
decision_type=2 2 2 2 2 2 2
left_child=1 2 -1 -2 5 -3 -6
right_child=3 4 -4 -5 6 -7 -8
leaf_value=0.00059848308455214124 -0.00074568738287528159 0.011311865372830691 0.023231894562718951 -0.029648070499703191 0.0069008697812720388 -0.017797749349324692 -0.012813067826873289
leaf_weight=12.342838004231455 7.563181132078169 11.397264793515204 12.845805987715719 7.7944286465644836 59.640179201960564 24.829921156167984 14.389361664652823
leaf_count=51 31 47 54 35 245 105 59
internal_value=-0.000259342 0.0018763 0.0135527 -0.0180046 -0.000851542 -0.00813463 0.00263546
internal_weight=150.803 135.445 25.1886 15.3576 110.257 36.2272 74.0295
internal_count=627 561 105 66 456 152 304
is_linear=0
shrinkage=0.03


Tree=50
num_leaves=10
num_cat=0
split_feature=37 14 33 5 9 26 2 13 20
split_gain=7.50721 10.2129 7.73355 6.96548 5.3656 4.46226 3.64954 6.97915 1.30102
threshold=0.0033529433055122797 8.2579272340639154 0.95168899626617176 0.014900238219297425 0.059161097658024173 0.074695631452195627 -0.025606153776440484 -1.2241685746623536 0.018457126822026677
decision_type=2 2 2 2 2 2 2 2 2
left_child=3 5 4 6 -3 -2 -1 -8 -7
right_child=1 2 -4 -5 -6 8 7 -9 -10
leaf_value=-0.00048679077511109713 0 0.0089166232890299357 0.02351235850051572 -0.010468715133152636 -0.010258286135219676 -0.0090315579852955578 0.0372962395780876 0.0068597783554045092 -0.031769817355341221
leaf_weight=9.6345849186182004 7.6540060341358211 18.077643305063248 9.7308529019355756 11.158558189868925 34.254371896386147 7.6039681285619762 10.392912164330481 21.237374842166904 14.160058647394179
leaf_count=40 32 75 40 47 140 32 43 88 61
internal_value=-0.000243333 -0.00549523 0.00129462 0.00851096 -0.003274 -0.0194677 0.0142367 0.0189297 -0.0258854
internal_weight=143.904 91.4809 62.0629 52.4234 52.332 29.418 41.2649 31.6303 21.764
internal_count=598 380 255 218 215 125 171 131 93
is_linear=0
shrinkage=0.03


Tree=51
num_leaves=11
num_cat=0
split_feature=37 4 5 40 17 16 2 37 5 23
split_gain=7.11237 8.80522 6.62548 5.58276 6.12499 5.0277 5.36754 4.43936 7.65716 4.16969
threshold=0.0033529433055122797 0.036441279920316323 0.014900238219297425 0.023709628993975777 -0.32021281886894032 -1.8155186913532979 -0.025606153776440484 0.026750941020568301 0.022429290266132832 0.97514508582001602
decision_type=2 2 2 2 2 2 2 2 2 2
left_child=2 7 5 -3 -5 6 -1 8 -2 -9
right_child=1 3 -4 4 -6 -7 -8 9 -10 -11
leaf_value=0 -0.015045222327278378 -0.015720270854303608 -0.010204133030112165 0.024562258664563297 0 -0.00012462894713587982 0.028748002340116381 -0.031334786183823467 0.016193142464250129 -0.0019741363426330552
leaf_weight=8.2182093709707242 18.448137030005459 7.4119927287101737 11.156341627240179 13.07929442822933 20.875809282064438 13.610984340310095 19.400187090039257 15.22329616546631 8.5694820582866651 7.7361815124750128
leaf_count=34 78 30 47 54 86 56 81 65 35 32
internal_value=-0.000229753 -0.00534945 0.00829002 0.00452098 0.00998526 0.0138819 0.0208334 -0.0136676 -0.00418689 -0.0229936
internal_weight=143.73 91.3442 52.3857 41.3671 33.9551 41.2294 27.6184 49.9771 27.0176 22.9595
internal_count=598 380 218 170 140 171 115 210 113 97
is_linear=0
shrinkage=0.03


Tree=52
num_leaves=9
num_cat=0
split_feature=21 32 28 15 15 0 10 7
split_gain=6.32102 9.00226 3.55277 4.4504 7.86214 3.53124 2.78317 2.75659
threshold=0.013604857518322711 0.0043760303489204242 2.5000000000000004 92.736476048141114 56.344436851087039 -0.003554704024077648 -0.0037653916418394213 -0.011934403399730873
decision_type=2 2 2 2 2 2 2 2
left_child=1 5 -2 4 -4 7 -7 -1
right_child=2 -3 3 -5 -6 6 -8 -9
leaf_value=0.0012427107348343576 0.019711981509122269 -0.027902410932579336 0.00050826856057254604 -0.014898141411053436 0.028832480153998231 -0.0036630081304683268 0.016677221044197391 -0.02087534939035645
leaf_weight=7.4902240484952918 9.8211062401533109 13.580541625618933 66.617192849516869 10.119029492139815 8.4011762738227826 8.3453792482614499 11.111649215221407 8.0136679857969266
leaf_count=31 41 57 280 41 35 35 45 33
internal_value=-0.000233506 -0.00892751 0.00414852 0.00176981 0.00454135 -3.98949e-05 0.0077257 -0.0104117
internal_weight=143.5 48.5415 94.9585 85.1374 75.0184 34.9609 19.457 15.5039
internal_count=598 201 397 356 315 144 80 64
is_linear=0
shrinkage=0.03


Tree=53
num_leaves=7
num_cat=0
split_feature=36 36 40 15 38 40
split_gain=7.47808 4.73704 6.35897 4.65472 3.61968 2.82726
threshold=0.0085586150258135565 0.0079928188188220697 -0.030172783247627618 50.990111620828941 0.010510415470505447 0.021125035640814142
decision_type=2 2 2 2 2 2
left_child=1 2 4 -4 -1 -2
right_child=5 -3 3 -5 -6 -7
leaf_value=0.028541700193910946 0.0038353433454645642 -0.023979597104167975 -0.0080846714673586464 0.0056561872207825485 0 0.029396399428801581
leaf_weight=7.0643588602542868 10.812194362282755 7.0831509530544272 74.503298357129097 28.312398329377174 8.3695950061082822 7.1992698162794104
leaf_count=30 45 30 312 116 35 30
internal_value=-0.000220735 -0.00299724 -0.00123773 -0.00412201 0.0153846 0.0167186
internal_weight=143.344 125.333 118.25 102.816 15.434 18.0115
internal_count=598 523 493 428 65 75
is_linear=0
shrinkage=0.03


Tree=54
num_leaves=10
num_cat=0
split_feature=37 14 40 5 34 16 26 12 20
split_gain=6.72378 9.03897 7.00684 6.33049 6.19435 4.68978 4.29807 3.98473 1.34007
threshold=0.0033529433055122797 8.2579272340639154 0.021125035640814142 0.014900238219297425 0.0013658598621949516 -1.8155186913532979 0.074695631452195627 40.136721761954156 0.018457126822026677
decision_type=2 2 2 2 2 2 2 2 2
left_child=3 6 -3 5 -4 7 -2 -1 -8
right_child=1 2 4 -5 -6 -7 8 -9 -10
leaf_value=0.0081825405112996834 0 -0.015934955091238937 0.023278535642327354 -0.0099898463141727192 0 0 -0.0081773192947240704 0.033608031449251959 -0.030632290053634239
leaf_weight=16.697415634989742 7.6129661351442364 13.86964690685272 12.655895963311194 11.118255868554114 35.302530154585838 13.590937420725821 7.5443325489759472 10.840161725878714 13.962036073207853
leaf_count=70 32 57 52 47 146 56 32 45 61
internal_value=-0.000188313 -0.00518318 0.00119059 0.00810041 0.00688323 0.013575 -0.0184052 0.020297 -0.0247593
internal_weight=143.194 90.9474 61.8281 52.2468 47.9584 41.1285 29.1193 27.5376 21.5064
internal_count=598 380 255 218 198 171 125 115 93
is_linear=0
shrinkage=0.03


end of trees

feature_importances:
volatility=34
macro_topix_ret_20=34
macd_hist=31
vol_ratio=27
macro_topix_vol_20=25
month=22
macro_usdjpy_ret_60=21
div_ma_60=20
macro_nikkei_ret_20=20
bb_bandwidth=19
macd=17
macro_usdjpy_ret_20=15
return_10d=14
ma_20_60_cross=11
macro_usdjpy_vol_20=11
div_ma_10=10
atr_pct=10
return_20d=9
rsi=9
macd_hist_change=9
lower_shadow_pct=9
macd_signal=8
return_2d=6
div_ma_20=6
vol_change=6
gap=6
return_3d=5
return_5d=5
price_position_20d=5
div_ma_5=4
ma_5_20_cross=4
rsi_change=4
candle_body_pct=3
return_1d=2
bb_pct_b=2
upper_shadow_pct=2
streak=2

parameters:
[boosting: gbdt]
[objective: binary]
[metric: binary_logloss]
[tree_learner: serial]
[device_type: cpu]
[data_sample_strategy: bagging]
[data: ]
[valid: ]
[num_iterations: 500]
[learning_rate: 0.03]
[num_leaves: 15]
[num_threads: 0]
[seed: 43]
[deterministic: 0]
[force_col_wise: 0]
[force_row_wise: 0]
[histogram_pool_size: -1]
[max_depth: 4]
[min_data_in_leaf: 30]
[min_sum_hessian_in_leaf: 0.001]
[bagging_fraction: 0.7]
[pos_bagging_fraction: 1]
[neg_bagging_fraction: 1]
[bagging_freq: 5]
[bagging_seed: 11149]
[bagging_by_query: 0]
[feature_fraction: 0.6]
[feature_fraction_bynode: 1]
[feature_fraction_seed: 21351]
[extra_trees: 0]
[extra_seed: 16806]
[early_stopping_round: 0]
[early_stopping_min_delta: 0]
[first_metric_only: 0]
[max_delta_step: 0]
[lambda_l1: 0.5]
[lambda_l2: 2]
[linear_lambda: 0]
[min_gain_to_split: 0]
[drop_rate: 0.1]
[max_drop: 50]
[skip_drop: 0.5]
[xgboost_dart_mode: 0]
[uniform_drop: 0]
[drop_seed: 2965]
[top_rate: 0.2]
[other_rate: 0.1]
[min_data_per_group: 100]
[max_cat_threshold: 32]
[cat_l2: 10]
[cat_smooth: 10]
[max_cat_to_onehot: 4]
[top_k: 20]
[monotone_constraints: ]
[monotone_constraints_method: basic]
[monotone_penalty: 0]
[feature_contri: ]
[forcedsplits_filename: ]
[refit_decay_rate: 0.9]
[cegb_tradeoff: 1]
[cegb_penalty_split: 0]
[cegb_penalty_feature_lazy: ]
[cegb_penalty_feature_coupled: ]
[path_smooth: 0]
[interaction_constraints: ]
[verbosity: -1]
[saved_feature_importance_type: 0]
[use_quantized_grad: 0]
[num_grad_quant_bins: 4]
[quant_train_renew_leaf: 0]
[stochastic_rounding: 1]
[linear_tree: 0]
[max_bin: 255]
[max_bin_by_feature: ]
[min_data_in_bin: 5]
[bin_construct_sample_cnt: 200000]
[data_random_seed: 179]
[is_enable_sparse: 1]
[enable_bundle: 1]
[use_missing: 1]
[zero_as_missing: 0]
[feature_pre_filter: 1]
[pre_partition: 0]
[two_round: 0]
[header: 0]
[label_column: ]
[weight_column: ]
[group_column: ]
[ignore_column: ]
[categorical_feature: ]
[forcedbins_filename: ]
[precise_float_parser: 0]
[parser_config_file: ]
[objective_seed: 26397]
[num_class: 1]
[is_unbalance: 0]
[scale_pos_weight: 1]
[sigmoid: 1]
[boost_from_average: 1]
[reg_sqrt: 0]
[alpha: 0.9]
[fair_c: 1]
[poisson_max_delta_step: 0.7]
[tweedie_variance_power: 1.5]
[lambdarank_truncation_level: 30]
[lambdarank_norm: 1]
[label_gain: ]
[lambdarank_position_bias_regularization: 0]
[eval_at: ]
[multi_error_top_k: 1]
[auc_mu_weights: ]
[num_machines: 1]
[local_listen_port: 12400]
[time_out: 120]
[machine_list_filename: ]
[machines: ]
[gpu_platform_id: -1]
[gpu_device_id: -1]
[gpu_use_dp: 0]
[num_gpu: 1]

end of parameters

pandas_categorical:[]
