tree
version=v4
num_class=1
num_tree_per_iteration=1
label_index=0
max_feature_idx=44
objective=binary sigmoid:1
feature_names=return_1d return_2d return_3d return_5d return_10d return_20d div_ma_5 div_ma_10 div_ma_20 div_ma_60 ma_5_20_cross ma_20_60_cross rsi rsi_change macd macd_signal macd_hist macd_hist_change bb_pct_b bb_bandwidth atr_pct volatility vol_change vol_ratio candle_body_pct upper_shadow_pct lower_shadow_pct day_of_week month is_month_end is_month_start streak gap price_position_20d macro_usdjpy_ret_20 macro_usdjpy_ret_60 macro_usdjpy_vol_20 macro_topix_ret_20 macro_topix_vol_20 macro_topix_above_200dma macro_nikkei_ret_20 macro_nikkei_above_200dma macro_nikkei_vi macro_jgb10y macro_bias_score
feature_infos=[-0.075028419856006057:0.092089728453364827] [-0.10749542961608771:0.072600234508718442] [-0.13592920353982296:0.079661511526116113] [-0.11653999276149118:0.09688246473133999] [-0.12238410596026494:0.12208111429741919] [-0.14365883772622057:0.15946632782719194] [-0.089926180001491246:0.061571125265392754] [-0.10083801455014274:0.063498315211700365] [-0.095666348674156437:0.085518255329576021] [-0.12276333772448145:0.14527170132987477] [-0.065863240454653416:0.067117776152157971] [-0.061384247062958197:0.090126101122239621] [10.915043411533304:97.882736156351797] [-22.375620096251524:24.070654814645437] [-85.031145468112754:119.43496125647289] [-71.712211758319683:107.24128860996282] [-40.500441321307989:34.831373065277916] [-18.860445779579706:18.954262000134491] [-0.26624188755557282:1.3477180589501505] [0.023590912830590949:0.2160664966273102] [0.0099025495878150797:0.040524384140577213] [0.0062393301991226372:0.030173420090933423] [-0.76185152057245076:3.7541073887104179] [0.52538993059312733:1.8868679035856968] [-1:1] [0:0.93548387096774188] [0:0.93749713898578191] [0:4] [1:12] none [0:1] [-12:8] [-0.077770576798444568:0.082644628099173501] [0:1] [-0.10288784967882303:0.075418833481041947] [-0.13986255140503889:0.13160084488587853] [0.0013645753646662553:0.011841457708833433] [-0.21871130063915301:0.21255327098343968] [0.0039190447556898995:0.040640984327119503] [0:1] [-0.22859537662338159:0.23022297972565586] [0:1] none none none
tree_sizes=1180 1079 1194 1192 1210 1210 1106 1299 1316 1310 988 1491 1083 1479 1370 1423 1304 1101 1071 986 1163 1284 1518 1390 1405 1213 1296 1211 1311 1319 955 1149 1280 1304 1188 1295 871 1394 1292 1180 996 1510 1292 891 861 950 971 1100 956 920

Tree=0
num_leaves=10
num_cat=0
split_feature=35 26 37 18 18 14 35 16 34
split_gain=18.1676 10.0877 11.7695 7.1985 6.91091 11.2975 5.42392 3.80041 2.37886
threshold=0.055550182736072824 0.13130934532733637 0.02397775073697617 0.81367975312543239 0.5755539184532702 37.73826831350835 -0.020838955077919438 -6.9131692470848831 0.021211177458744904
decision_type=2 2 2 2 2 2 2 2 2
left_child=1 4 3 -3 7 -6 -4 -1 -2
right_child=8 2 6 -5 5 -7 -8 -9 -10
leaf_value=-0.12024332449493533 -0.12664821834735918 -0.090692905127103152 -0.13583454085390229 -0.11829969802902356 -0.09698318584010493 -0.13924305066951428 -0.11275052356390078 -0.15123740919437653 -0.14902878254136748
leaf_weight=7.4738207459449759 12.456367909908296 35.126957505941391 9.7159669697284681 10.2142216861248 11.958113193511965 7.4738207459449759 39.611249953508377 8.4703301787376386 12.207240551710127
leaf_count=30 50 141 39 41 48 30 159 34 49
internal_value=-0.117277 -0.112638 -0.107523 -0.0968323 -0.125769 -0.114374 -0.118096 -0.139381 -0.139762
internal_weight=154.708 130.044 94.6684 45.3412 35.3761 19.4319 49.3272 15.9442 24.6636
internal_count=621 522 380 182 142 78 198 64 99
is_linear=0
shrinkage=1


Tree=1
num_leaves=9
num_cat=0
split_feature=35 20 28 34 7 35 20 12
split_gain=17.2218 10.7258 16.332 18.3041 13.6561 8.88931 4.95768 0.596376
threshold=0.055550182736072824 0.014382146759625092 5.5000000000000009 -0.0093967307369348645 0.0087042050877366422 -0.013338560249196661 0.019979975902537559 45.893505189184779
decision_type=2 2 2 2 2 2 2 2
left_child=1 5 3 -3 -4 -1 7 -2
right_child=6 2 4 -5 -6 -7 -8 -9
leaf_value=0 -0.039504881914107247 0.014832694444450935 0.024771700570924846 -0.023246020593846697 -0.0043531622464196293 0.033720829915410089 -0.0017654763435440892 -0.014094046032856489
leaf_weight=10.216388568282129 7.4638750553131121 14.452646940946577 30.41023588180542 34.129683420062065 23.920546114444733 16.951559334993362 9.7056431174278242 7.4627255499362946
leaf_count=41 30 58 122 137 96 68 39 30
internal_value=0.00095676 0.0054727 0.000754777 -0.0114829 0.0119832 0.0215529 -0.0209484 -0.0308531
internal_weight=154.713 130.081 102.913 48.5823 54.3308 27.1679 24.6322 14.9266
internal_count=621 522 413 195 218 109 99 60
is_linear=0
shrinkage=0.03


Tree=2
num_leaves=10
num_cat=0
split_feature=35 20 28 3 35 35 20 24 10
split_gain=16.4434 10.1311 15.3889 11.8783 8.41326 7.47756 4.73507 0.810985 0.564538
threshold=0.055550182736072824 0.014382146759625092 5.5000000000000009 -0.0028473915678872137 -0.013338560249196661 1.0000000180025095e-35 0.019979975902537559 0.067989214175654858 -0.0030121826791641988
decision_type=2 2 2 2 2 2 2 2 2
left_child=1 4 5 -4 -1 -3 8 -6 -2
right_child=6 2 3 -5 7 -7 -8 -9 -10
leaf_value=0 -0.038686508556049631 0.0025397493118241459 0.028875446058546264 0.00017290763068534664 0.015284127344481334 -0.020340651658918546 -0.0017217345955081898 0.041337709461784541 -0.013750555334751278
leaf_weight=10.216388568282129 7.4412337094545364 19.42746102809906 19.964593976736069 34.395778730511665 7.9887943565845516 29.115240275859833 9.7044833451509458 8.9882713556289655 7.4543534368276614
leaf_count=41 30 78 80 138 32 117 39 36 30
internal_value=0.000913458 0.00532594 0.000734456 0.0116311 0.0209462 -0.0111487 -0.0205038 0.0327711 -0.0302003
internal_weight=154.697 130.097 102.903 54.3604 27.1935 48.5427 24.6001 16.9771 14.8956
internal_count=621 522 413 218 109 195 99 68 60
is_linear=0
shrinkage=0.03


Tree=3
num_leaves=10
num_cat=0
split_feature=35 36 35 9 38 40 20 20 10
split_gain=15.7311 9.80366 11.0905 8.632 14.2206 6.36833 4.52536 2.81031 0.526241
threshold=0.055550182736072824 0.0059284282506639622 -0.080758289681522974 0.048450554729686519 0.0080883864373458309 0.047153480431448964 0.019979975902537559 0.017347644768673235 -0.0030121826791641988
decision_type=2 2 2 2 2 2 2 2 2
left_child=1 3 -3 4 -1 -4 8 -5 -2
right_child=6 2 5 7 -6 -7 -8 -9 -10
leaf_value=0.028614499853531386 -0.037886342063562888 -0.014283119360924234 0.023194007936326082 -0.02807893546894585 -0.0071765020337063281 0 -0.0016790733929252274 -0.0034322863213716425 -0.013437303142779397
leaf_weight=12.722501114010809 7.4130999147891998 9.4694112390279752 44.638046011328697 10.717756211757662 28.390983790159225 14.691184371709822 9.703338608145712 9.4603269994258863 7.4460368603467959
leaf_count=51 30 38 179 43 114 59 39 38 30
internal_value=0.000889261 0.00520488 0.0128643 -0.00329049 0.00436467 0.0177663 -0.0200737 -0.0185515 -0.0295719
internal_weight=154.653 130.09 68.7986 61.2916 41.1135 59.3292 24.5625 20.1781 14.8591
internal_count=621 522 276 246 165 238 99 81 60
is_linear=0
shrinkage=0.03


Tree=4
num_leaves=10
num_cat=0
split_feature=35 21 36 35 38 4 28 20 10
split_gain=14.9946 10.0595 13.5965 9.91793 9.8653 9.68354 6.47356 4.32758 0.492301
threshold=0.055550182736072824 0.010542723159167202 0.0061611186093608753 -0.05141627340112364 0.0087374905882300225 0.037353632163006696 9.5000000000000018 0.019979975902537559 -0.0030121826791641988
decision_type=2 2 2 2 2 2 2 2 2
left_child=1 3 6 -1 -4 -5 -3 8 -2
right_child=7 2 4 5 -6 -7 -8 -9 -10
leaf_value=-0.011474509184872183 -0.037122288213097189 -0.017342349470452368 -0.014905113230605036 0.030616622844215114 0.019752022013098135 -0.0044141931501534507 0.006451650304282382 -0.0016374707358529962 -0.013131944690841104
leaf_weight=7.470584660768508 7.3803586959838867 36.811711966991425 7.4755955338478079 28.464301198720932 30.420097902417183 7.7350405305623999 11.726828202605246 9.7022079527378065 7.4372442215681094
leaf_count=30 30 148 30 114 122 31 47 39 30
internal_value=0.000825938 0.005039 -0.000796048 0.0164456 0.0121348 0.0228994 -0.0112691 -0.0196574 -0.0289667
internal_weight=154.624 130.104 86.4342 43.6699 37.8957 36.1993 48.5385 24.5198 14.8176
internal_count=621 522 347 175 152 145 195 99 60
is_linear=0
shrinkage=0.03


Tree=5
num_leaves=10
num_cat=0
split_feature=34 28 35 8 20 28 20 23 33
split_gain=18.6617 11.4776 11.6514 13.6764 10.1196 7.03495 6.06477 7.35316 1.84499
threshold=-0.0052016892422453434 5.5000000000000009 0.0065938654777143455 0.019458361089501743 0.014382146759625092 11.500000000000002 0.023167872326968455 0.94897364962384456 0.26809730690738826
decision_type=2 2 2 2 2 2 2 2 2
left_child=5 4 -3 -4 -2 6 7 -1 -6
right_child=1 2 3 -5 8 -7 -8 -9 -10
leaf_value=0.026816735656149952 0.0054721502520137617 0.028747869981895827 0.0047580765715565356 -0.025472333285924777 -0.012709399967133385 -0.0066690562762231472 0.04115221042943909 -0.00059450766103076732 -0.033029749983522795
leaf_weight=12.977384701371195 9.4726910740137082 8.4882558137178403 36.552329570055008 18.428299009799957 12.904056414961813 10.481314688920973 7.4873874932527533 18.704770088195801 22.340586960315704
leaf_count=52 38 34 147 74 52 42 30 75 90
internal_value=-0.00159217 -0.00863095 -8.25811e-05 -0.00564967 -0.0199199 0.0131948 0.0189403 0.0111138 -0.0270746
internal_weight=157.837 108.186 63.4689 54.9806 44.7173 49.6509 39.1695 31.6822 35.2446
internal_count=634 435 255 221 180 199 157 127 142
is_linear=0
shrinkage=0.03


Tree=6
num_leaves=9
num_cat=0
split_feature=34 10 37 5 34 21 32 32
split_gain=17.6898 8.05926 8.93282 11.6629 6.83536 5.42255 6.79417 5.43872
threshold=-0.0052016892422453434 0.027866062385443983 0.038223408593960791 0.01986281848749483 0.0099806677244137516 0.017568327841066846 0.003156777326302485 -0.00035701905970753062
decision_type=2 2 2 2 2 2 2 2
left_child=5 2 4 -4 -2 6 7 -1
right_child=1 -3 3 -5 -6 -7 -8 -9
leaf_value=0.0020553386252596716 0.015611012224074058 -0.029180020676265274 -0.031020128859450609 0.0024108702459199956 -0.0048858814619397832 0.033067231333319479 -0.011005328945828919 0.028033229922657419
leaf_weight=17.711835637688637 19.926573559641838 12.913178488612173 19.33546856045723 14.916109681129454 41.000904321670532 8.2423723340034467 10.980961576104162 12.729631677269937
leaf_count=71 80 52 78 60 165 33 44 51
internal_value=-0.00153204 -0.0083931 -0.00487603 -0.0167178 0.00186244 0.0128571 0.00715238 0.0144393
internal_weight=157.757 108.092 95.1791 34.2516 60.9275 49.6648 41.4224 30.4415
internal_count=634 435 383 138 245 199 166 122
is_linear=0
shrinkage=0.03


Tree=7
num_leaves=11
num_cat=0
split_feature=34 28 9 20 28 36 20 23 24 6
split_gain=16.8042 10.7351 13.2267 9.54731 6.64407 6.5897 5.56664 6.937 2.36444 1.3252
threshold=-0.0052016892422453434 5.5000000000000009 0.065043497472259224 0.014382146759625092 11.500000000000002 0.0066665461986932864 0.023167872326968455 0.94897364962384456 -0.5940448113207546 0.0092484783272509443
decision_type=2 2 2 2 2 2 2 2 2 2
left_child=4 3 5 -2 6 -3 7 -1 -5 -4
right_child=1 2 9 8 -6 -7 -8 -9 -10 -11
leaf_value=0.025860702357979222 0.0054926100617157594 0.0010479147891039123 -0.031073322721278027 -0.0069724372573184163 -0.0067230673853653144 0.026948035681341125 0.039421897258626916 -0.00073215649499544142 -0.03047711773885356 -0.0074195329528234663
leaf_weight=12.989076107740404 9.4707515835762006 37.824717342853546 7.9503066539764387 8.1642903089523298 10.479982674121855 10.19491922855377 7.4958084821701041 18.70762999355793 26.951227948069572 7.450615718960762
leaf_count=52 38 152 32 33 42 41 30 75 109 30
internal_value=-0.00147956 -0.00817369 0 -0.019109 0.0125387 0.00770421 0.0181297 0.0106084 -0.0260867 -0.0226602
internal_weight=157.679 108.007 63.4206 44.5863 49.6725 48.0196 39.1925 31.6967 35.1155 15.4009
internal_count=634 435 255 180 199 193 157 127 142 62
is_linear=0
shrinkage=0.03


Tree=8
num_leaves=11
num_cat=0
split_feature=37 9 11 5 4 9 9 40 37 40
split_gain=11.3621 17.7114 11.6966 10.4158 9.96705 7.94889 3.05475 2.99534 6.10786 2.54512
threshold=0.038223408593960791 0.065043497472259224 0.0068748050623466126 0.01986281848749483 -0.031926183521914502 0.0087380588338833633 -0.031730414262308791 0.047520940324222057 0.068040966692963792 -0.016048729264473312
decision_type=2 2 2 2 2 2 2 2 2 2
left_child=1 2 4 6 -1 -4 -2 -5 -9 -3
right_child=3 9 5 7 -6 -7 -8 8 -10 -11
leaf_value=0.024454489368792454 -0.0053373399765957478 -0.0045088192192703587 -0.0013745185862634533 0.014626247957912708 -0.0048304731480111581 0.031634634166685868 -0.032124327307201161 -0.021464069823375592 0.011321183749739953 -0.030502002015680135
leaf_weight=11.214173346757887 7.6810161769390133 7.9539317935705212 7.4346127212047604 7.7130056172609356 47.261574313044548 23.963924542069435 18.044591188430786 8.6766784489154833 7.4526975303888312 10.173859342932699
leaf_count=45 31 32 30 31 190 96 73 35 30 41
internal_value=-0.00143073 0.00393059 0.00956285 -0.0131026 0.00116062 0.0237553 -0.0256294 0.000770656 -0.00591026 -0.0214235
internal_weight=157.57 108.002 89.8743 49.568 58.4757 31.3985 25.7256 23.8424 16.1294 18.1278
internal_count=634 434 361 200 235 126 104 96 65 73
is_linear=0
shrinkage=0.03


Tree=9
num_leaves=11
num_cat=0
split_feature=34 25 19 40 22 21 26 1 23 25
split_gain=15.7668 7.30866 7.0638 9.83816 5.33576 6.25199 3.41013 3.12826 2.82656 2.63198
threshold=-0.0052016892422453434 0.14286013231333092 0.11630730530041412 0.059193236502242626 0.12599089654721221 0.012780315502896817 0.48749925613630335 0.0036367899281568587 1.108983999267829 0.18942408587816126
decision_type=2 2 2 2 2 2 2 2 2 2
left_child=4 2 3 -2 5 9 8 -6 -3 -1
right_child=1 6 -4 -5 7 -7 -8 -9 -10 -11
leaf_value=0.018219387383890014 0.01976623135725394 -0.020263605059034077 -0.018802575492389569 -0.013645430530452715 0.0094940763264193609 0.03365343202031016 0.00021901284519598594 -0.013844752382198516 -0.0023383299636751901 -0.0016356858729603006
leaf_weight=7.4892618507146862 21.874126732349399 43.826991647481918 8.9051596373319608 9.6602078080177289 8.7311265021562594 13.227213516831396 10.905408203601835 7.7321369647979727 12.645487591624258 12.478899314999579
leaf_count=30 88 177 36 39 35 53 44 31 51 50
internal_value=-0.00140143 -0.00789758 0.00183197 0.00888024 0.0121722 0.0187994 -0.0138378 -0.000967158 -0.0167235 0.0061091
internal_weight=157.476 107.817 40.4395 31.5343 49.6586 33.1954 67.3779 16.4633 56.4725 19.9682
internal_count=634 435 163 127 199 133 272 66 228 80
is_linear=0
shrinkage=0.03


Tree=10
num_leaves=8
num_cat=0
split_feature=20 35 33 9 11 11 9
split_gain=10.7334 9.04922 8.70298 8.9207 6.41837 9.37882 2.91823
threshold=0.012587146290965695 0.0065938654777143455 0.39676235151375899 0.051946780505907099 -0.041601013412906888 0.0076686264507370714 -0.040924035540597946
decision_type=2 2 2 2 2 2 2
left_child=-1 2 6 -4 -3 -6 -2
right_child=1 4 3 -5 5 -7 -8
leaf_value=0.028589780529971093 0.0026703682860528388 0.015145104473983964 0.0275158573183302 -0.0016090777441219524 -0.021905107268656167 -0.0015295001818773539 -0.01958154618422045
leaf_weight=8.9903480559587461 7.7062828093767193 7.7020389437675467 20.943183481693268 14.184233427047728 34.675103753805161 50.297954171895981 8.6892979592084867
leaf_count=36 31 31 84 57 140 203 35
internal_value=0 -0.00215158 0.00760171 0.0158982 -0.00777843 -0.0103292 -0.00915403
internal_weight=153.188 144.198 51.523 35.1274 92.6751 84.9731 16.3956
internal_count=617 581 207 141 374 343 66
is_linear=0
shrinkage=0.03


Tree=11
num_leaves=13
num_cat=0
split_feature=36 32 24 16 16 21 5 11 32 12 26 7
split_gain=15.361 9.10222 7.89923 6.5543 6.46615 6.42135 5.05611 6.35407 4.78149 6.7355 3.48 2.79615
threshold=0.0059284282506639622 0.0020842646848924233 -0.20067293569290764 4.5223145435126257 -7.8020508197548226 0.011408283010050738 -0.04009177543132824 0.033665099698858898 0.0016305232294893115 52.145139663175698 0.43173345759552662 0.015919956060189578
decision_type=2 2 2 2 2 2 2 2 2 2 2 2
left_child=1 5 8 4 -4 -1 -3 -8 9 -2 -7 -5
right_child=2 6 3 11 -6 10 7 -9 -10 -11 -12 -13
leaf_value=0 -0.0081658090762038171 -0.016525076713965983 0.0033260874647975166 0.013396014683080963 0.033952575248184555 -0.031656375447162648 0.019561492101899513 -0.0089348465558393483 -0.018764382603133758 0.023987171615972105 -0.0043885413010799137 -0.0080253516361883954
leaf_weight=13.404273957014082 11.666129231452947 7.4255946725606909 10.926919892430307 7.7229647189378765 19.931719541549683 21.719830259680752 16.148016527295116 9.1527840942144376 9.1840429306030256 7.9690383970737448 7.6494476050138465 10.213353186845778
leaf_count=54 47 30 44 31 80 88 65 37 37 32 31 41
internal_value=0 -0.00949864 0.00926392 0.016436 0.0244269 -0.0183309 0.0020041 0.00880391 -0.00267131 0.00520144 -0.025765 0.000864378
internal_weight=153.114 75.4999 77.6142 48.795 30.8586 42.7736 32.7264 25.3008 28.8192 19.6352 29.3693 17.9363
internal_count=617 305 312 196 124 173 132 102 116 79 119 72
is_linear=0
shrinkage=0.03


Tree=12
num_leaves=9
num_cat=0
split_feature=20 12 26 28 4 19 14 37
split_gain=9.93073 7.7117 8.53942 9.82817 8.03945 7.88852 4.94518 4.0407
threshold=0.012587146290965695 49.071572779593033 0.14899950269712794 6.5000000000000009 0.041714097291496229 0.053505700089696975 -37.85039597646891 0.032513598261883277
decision_type=2 2 2 2 2 2 2 2
left_child=-1 2 6 -4 5 -3 -2 -6
right_child=1 4 3 -5 7 -7 -8 -9
leaf_value=0.027510663413772198 -0.0019063736348191556 -0.010232320353947038 -0.012184893720152303 0.016954265545264764 -0.020998718308418748 0.014719273538992449 -0.034075890766766134 0.0036917510075972029
leaf_weight=8.9827029556035978 7.6664999127388027 12.387063324451445 26.160031288862228 14.42794558405876 12.638228654861452 49.239283427596092 13.834722220897673 7.6858334243297568
leaf_count=36 31 50 106 58 51 198 56 31
internal_value=0 -0.00206963 -0.00994884 -0.00116472 0.00381613 0.0093042 -0.0243821 -0.0114955
internal_weight=153.022 144.04 62.0892 40.588 81.9504 61.6263 21.5012 20.3241
internal_count=617 581 251 164 330 248 87 82
is_linear=0
shrinkage=0.03


Tree=13
num_leaves=13
num_cat=0
split_feature=36 32 32 0 10 8 13 34 0 6 7 40
split_gain=14.5211 8.55033 7.5105 8.50197 6.10155 7.37911 5.98457 4.15009 3.39564 5.36374 3.06903 1.41603
threshold=0.0059284282506639622 0.0020842646848924233 0.0027914635231949263 0.0042217486027582582 -0.001416780449853938 0.025243847178375783 -6.6024957070614247 0.027457251351965754 0.0010342762866819568 -0.014803071317637606 0.013397615688199698 0.030645670053911059
decision_type=2 2 2 2 2 2 2 2 2 2 2 2
left_child=1 8 6 -4 -3 -6 -2 -8 9 -1 -5 -10
right_child=2 4 3 10 5 -7 7 -9 11 -11 -12 -13
leaf_value=0 -0.0023970213545801947 -0.01177722029406836 -0.024252981837190657 0.020728833122624472 0.027200893902462737 -0.0070310109614331673 0.02482082866049733 0 0.0031081861031778497 -0.031313068428210071 -0.0029516098903217092 -0.012624352805893458
leaf_weight=7.3775916099548331 11.670658916234968 13.860252648591993 9.4120842218399066 7.4631007015705091 10.925830721855165 7.9276799857616416 33.359571143984795 8.1852268576621992 7.68159072101116 20.213034957647327 7.4676590263843536 7.3956942111253738
leaf_count=30 47 56 38 30 44 32 134 33 31 82 30 30
internal_value=0 -0.00926299 0.00898965 -0.00412115 0.00187254 0.0127937 0.0151908 0.0203591 -0.0178381 -0.0239355 0.00904946 -0.00430527
internal_weight=152.94 75.3817 77.5583 24.3428 32.7138 18.8535 53.2155 41.5448 42.6679 27.5906 14.9308 15.0773
internal_count=617 305 312 98 132 76 214 167 173 112 60 61
is_linear=0
shrinkage=0.03


Tree=14
num_leaves=12
num_cat=0
split_feature=36 32 32 0 21 10 4 13 18 25 34
split_gain=13.7342 8.11648 7.10037 8.09471 6.09246 5.78165 6.92996 5.66961 4.71551 3.93126 3.90656
threshold=0.0059284282506639622 0.0020842646848924233 0.0027914635231949263 0.0042217486027582582 0.011408283010050738 -0.001416780449853938 0.035823832571276755 -6.6024957070614247 0.78834805882316217 0.057737077985491082 0.027457251351965754
decision_type=2 2 2 2 2 2 2 2 2 2 2
left_child=1 4 7 -4 -1 -3 -7 -2 -5 -6 -9
right_child=2 5 3 8 9 6 -8 10 -10 -11 -12
leaf_value=0 -0.0023358192535923635 -0.011478482511880123 -0.023687717334765317 0.023459619096705114 -0.0024584992697393492 0.025772028747025374 -0.0075948940796292932 0.02411547365653046 -0.006098357590801102 -0.03070235633631593 0
leaf_weight=13.379007801413534 11.66957452893257 13.846607849001883 9.3955593705177325 7.4618511497974378 7.3815036714077022 11.432159304618837 7.4315501898527137 33.363656967878342 7.4676316380500793 21.82804211974144 8.1852268576621992
leaf_count=54 47 56 38 30 30 46 30 134 30 89 33
internal_value=0 -0.00903122 0.00872555 -0.0040152 -0.017398 0.00180486 0.0124399 0.0147552 0.00881506 -0.0246605 0.0197867
internal_weight=152.842 75.2989 77.5435 24.325 42.5886 32.7103 18.8637 53.2185 14.9295 29.2095 41.5489
internal_count=617 305 312 98 173 132 76 214 60 119 167
is_linear=0
shrinkage=0.03


Tree=15
num_leaves=12
num_cat=0
split_feature=36 32 40 11 38 10 16 38 3 28 0
split_gain=11.6062 11.9225 8.26054 7.25608 6.49882 6.64913 6.36218 7.92423 5.14378 3.59801 1.15245
threshold=0.0059284282506639622 0.00046517814386448647 0.047520940324222057 0.04546139609977818 0.0085184714079367761 0.017837104017345954 4.0912071611557197 0.008881906498433333 -0.0091484266065114932 9.5000000000000018 0.0065520872289237539
decision_type=2 2 2 2 2 2 2 2 2 2 2
left_child=3 2 9 4 5 -1 7 -3 -6 -2 -8
right_child=1 6 -4 -5 8 -7 10 -9 -10 -11 -12
leaf_value=0.021211564761952049 0.030488632438056551 -0.013152805978963952 -0.0042126889753384949 -0.02609097486687556 0.0025451991815829316 -0.010687021665182022 -0.026290490508022107 0.019863851381380866 -0.018700985751331223 0.0040828233522299485 -0.0055420290531606742
leaf_weight=12.913337036967279 23.636434778571132 9.6755785346031207 10.163853853940962 16.248235210776329 13.996543601155279 7.4234027862548819 7.9378025233745557 12.414773315191267 25.088842928409576 8.211321145296095 7.9671214669942856
leaf_count=52 95 39 41 66 57 30 32 50 102 33 32
internal_value=-0.000970552 0.00680829 0.0175424 -0.00935184 -0.00383 0.00898193 -0.00496912 0.00488853 -0.0109741 0.0247671 -0.0185149
internal_weight=155.677 80.0069 42.0116 75.6704 59.4221 20.3367 37.9953 22.0904 39.0854 31.8478 15.9049
internal_count=629 322 169 307 241 82 153 89 159 128 64
is_linear=0
shrinkage=0.03


Tree=16
num_leaves=11
num_cat=0
split_feature=36 32 40 28 14 23 35 3 0 16
split_gain=10.9571 11.4589 7.23137 7.17839 5.56442 6.02217 11.1293 4.55737 3.33169 2.31821
threshold=0.0059284282506639622 0.0027914635231949263 0.047520940324222057 10.500000000000002 -45.745058989345573 1.0424970133571521 0.026817262859412331 0.0022586667916981722 0.0090086370269468769 2.0812691589219363
decision_type=2 2 2 2 2 2 2 2 2 2
left_child=4 2 3 -2 -1 7 -7 -6 9 -3
right_child=1 8 -4 -5 5 6 -8 -9 -10 -11
leaf_value=0.0088218570235389093 0.026633841419450438 -0.0019093117621026088 -0.0038052312108550973 -0.001949997905523475 -0.0084846135731005828 0.025093730939735659 -0.014450480318547908 -0.03055022166301297 0.0024168193198059931 -0.027328399361150404
leaf_weight=10.842192351818083 32.330343246459961 7.4230349808931368 12.889366492629049 8.7037709653377515 23.354830950498581 7.9348899275064495 16.008093163371086 17.435378313064575 10.952965363860129 7.6653632074594498
leaf_count=44 130 30 52 35 95 32 65 71 44 31
internal_value=-0.000955423 0.00660031 0.0144272 0.0204135 -0.00910741 -0.0125096 0 -0.019254 -0.00894484 -0.0173878
internal_weight=155.54 79.9648 53.9235 41.0341 75.5754 64.7332 23.943 40.7902 26.0414 15.0884
internal_count=629 322 217 165 307 263 97 166 105 61
is_linear=0
shrinkage=0.03


Tree=17
num_leaves=9
num_cat=0
split_feature=11 36 16 38 34 38 28 15
split_gain=10.7174 7.28691 7.6335 10.2096 6.49736 4.50396 3.37263 1.32657
threshold=0.051282448471722926 0.0059284282506639622 4.5223145435126257 0.008881906498433333 -0.0048998827391287794 0.0082373605243141364 8.5000000000000018 64.822169006837981
decision_type=2 2 2 2 2 2 2 2
left_child=1 4 3 -3 -1 -6 -4 -2
right_child=7 2 6 -5 5 -7 -8 -9
leaf_value=0.016377958381565492 -0.028666519554479665 -0.000443434417243654 0.0023480498603459235 0.026251923489194022 0.0034857691868665297 -0.014565055891451949 -0.018812984120637897 -0.0064281028276710964
leaf_weight=8.2105429917573911 10.28175336122513 20.574261099100113 18.409983068704609 28.054720595479012 15.07901671528816 39.699440374970436 7.6918652802705756 7.3925924301147452
leaf_count=33 42 83 74 113 61 162 31 30
internal_value=-0.000943302 0.00188936 0.00820498 0.0150899 -0.00539466 -0.00938421 -0.00424916 -0.0217263
internal_weight=155.394 137.72 74.7308 48.629 62.989 54.7785 26.1018 17.6743
internal_count=629 557 301 196 256 223 105 72
is_linear=0
shrinkage=0.03


Tree=18
num_leaves=9
num_cat=0
split_feature=36 9 28 16 33 23 28 15
split_gain=9.75754 6.59086 6.21647 8.02723 10.7036 5.3898 3.38667 2.3562
threshold=0.0059284282506639622 -0.060067212319196962 10.500000000000002 4.5223145435126257 0.38941299790356404 1.194053305629861 10.500000000000002 6.4742000292558055
decision_type=2 2 2 2 2 2 2 2
left_child=1 -1 3 4 -2 6 -3 -5
right_child=2 5 -4 7 -6 -7 -8 -9
leaf_value=0.013174985359508609 0.0005974424219079656 -0.019207904768701951 -0.010167155442409185 -0.01336599112746711 0.031731686917988021 0.0056029681913059796 0 0.0038798716866740896
leaf_weight=8.6302069127559644 19.072465106844902 45.023206442594528 14.404788509011267 9.4375095218420046 21.551447093486786 10.843587517738341 10.886343017220495 15.395827323198317
leaf_count=35 77 184 58 38 87 44 44 62
internal_value=-0.000923848 -0.00863257 0.00620247 0.0102218 0.0181803 -0.0119714 -0.0157147 -0.00262286
internal_weight=155.245 75.3833 79.862 65.4572 40.6239 66.7531 55.9095 24.8333
internal_count=629 307 322 264 164 272 228 100
is_linear=0
shrinkage=0.03


Tree=19
num_leaves=8
num_cat=0
split_feature=11 16 5 37 3 24 15
split_gain=10.1036 6.55487 15.5417 8.72967 5.39949 4.13985 1.25324
threshold=0.051282448471722926 3.6145135950275784 0.015539176619372654 0.03859316734026131 -0.0016485142386095661 0.06250143050710906 64.822169006837981
decision_type=2 2 2 2 2 2 2
left_child=1 2 3 -1 -3 -6 -2
right_child=6 4 -4 -5 5 -7 -8
leaf_value=0.0068396386050525995 -0.027878388885929792 0.013306903552400003 0.029733828906267037 -0.016972069088933804 -0.019352299431569447 -0.0011404449801865673 -0.0061728913774505524
leaf_weight=45.175832629203796 10.227590933442118 8.6511804610490781 18.847943261265755 17.613842979073524 20.967120036482811 26.245507225394249 7.377690151333808
leaf_count=183 42 35 76 72 85 106 30
internal_value=-0.00088507 0.00186179 0.00728939 0 -0.0057885 -0.00999091 -0.0211052
internal_weight=155.107 137.501 81.6376 62.7897 55.8638 47.2126 17.6053
internal_count=629 557 331 255 226 191 72
is_linear=0
shrinkage=0.03


Tree=20
num_leaves=10
num_cat=0
split_feature=15 35 14 37 11 20 15 19 11
split_gain=9.12968 10.6187 10.5389 9.05274 7.42061 6.1601 7.20717 4.84291 3.9649
threshold=36.778469935446218 0.052076279981205349 2.3877315282140903 0.03859316734026131 0.0071944961753377399 0.017347644768673235 61.262257052773798 0.091932430304199689 0.041718468215423805
decision_type=2 2 2 2 2 2 2 2 2
left_child=1 2 3 -1 -4 -2 8 -3 -7
right_child=5 7 4 -5 -6 6 -8 -9 -10
leaf_value=0.0072202242508849976 -0.026508082080201917 -0.025767605738974946 0.002331963704034809 -0.018686377201461189 0.029382984175438043 0 0.016254148030655266 0.0010854008817828917 -0.026684152549352205
leaf_weight=40.60876302421093 14.413475394248961 11.455945938825609 16.343550652265549 14.971737816929815 24.801617294549942 8.3622515648603493 9.3737624883651716 8.8533322513103467 8.0696256607770902
leaf_count=164 59 47 66 61 100 34 38 36 33
internal_value=0 0.00420755 0.00846581 0 0.0195917 -0.0120294 -0.00207803 -0.0143414 -0.0139786
internal_weight=157.254 117.035 96.7257 55.5805 41.1452 40.2191 25.8056 20.3093 16.4319
internal_count=638 474 391 225 166 164 105 83 67
is_linear=0
shrinkage=0.03


Tree=21
num_leaves=11
num_cat=0
split_feature=15 5 37 26 25 16 38 3 32 15
split_gain=8.65233 14.6548 13.2431 8.25344 7.96474 7.84487 7.95394 3.88523 1.8114 1.69782
threshold=36.778469935446218 0.021013605403932937 0.03859316734026131 0.24707692307692311 0.033520599250936332 4.8880261493652144 0.0078699928815773538 -0.023758429665664878 1.0000000180025095e-35 44.529757056454649
decision_type=2 2 2 2 2 2 2 2 2 2
left_child=1 2 3 -1 -2 -3 -7 -6 -4 -9
right_child=4 5 8 -5 7 6 -8 9 -10 -11
leaf_value=-0.0058015130424040598 0.012440117721276992 0.039496418925313102 -0.0084062796127030315 0.015698249535667397 0 0.029350481808918569 -0.0033529738234022318 -0.0061660699938430605 -0.030272443357186658 -0.028573320427813593
leaf_weight=31.09149058163166 7.6384809315204611 10.640964388847349 10.740845769643785 28.481389373540878 7.3292411416769019 8.2147703170776385 16.564663857221603 7.4139903187751797 11.222411766648291 17.775197952985764
leaf_count=126 31 43 44 115 30 33 67 30 46 73
internal_value=0 0.00408536 -0.00282338 0.00440979 -0.0117312 0.0196907 0.00831091 -0.0182353 -0.0217991 -0.0234685
internal_weight=157.113 116.957 81.5361 59.5729 40.1569 35.4204 24.7794 32.5184 21.9633 25.1892
internal_count=638 474 331 241 164 143 100 133 90 103
is_linear=0
shrinkage=0.03


Tree=22
num_leaves=13
num_cat=0
split_feature=34 37 12 4 19 28 38 38 36 37 28 16
split_gain=9.97573 7.12511 14.7091 7.36258 6.74732 6.23604 8.39977 4.07472 3.29132 3.07018 2.00629 1.16613
threshold=0.0085365384170701403 0.02350304968459838 57.449238654084724 0.017694881854982695 0.11630730530041412 7.5000000000000009 0.0087716550803123815 0.011726829028055807 0.0079904187825387309 0.042912958260106777 6.5000000000000009 -2.0545717624593216
decision_type=2 2 2 2 2 2 2 2 2 2 2 2
left_child=1 3 9 8 5 6 -2 -7 -1 -3 -5 -6
right_child=4 2 -4 10 11 7 -8 -9 -10 -11 -12 -13
leaf_value=0.028343289287654769 0.0021320867880965789 -0.0055998069980909403 0.018711432428656201 0.0071630513774943354 -0.0089805623854299563 0.017501847149069879 -0.024235332407967082 -0.0065076238181605616 0.0031407529831214507 -0.032431598234429961 -0.011261024856336498 -0.033255021978196693
leaf_weight=22.750858485698704 21.609519258141518 10.577011540532117 13.353189900517462 9.4243821352720278 7.3647835701704025 15.131080210208895 17.66406661272049 7.6514234244823447 8.1567134857177717 8.0629208534955961 7.6774723678827277 7.5200807750225049
leaf_count=92 88 43 54 38 30 61 73 31 33 33 31 31
internal_value=0 0.00727746 -0.00322139 0.0144228 -0.00766271 -0.00271965 -0.00996346 0.00895865 0.0227431 -0.0199509 -0.000635793 -0.0246192
internal_weight=156.944 80.0025 31.9931 48.0094 76.941 62.0561 39.2736 22.7825 30.9076 18.6399 17.1019 14.8849
internal_count=638 324 130 194 314 253 161 92 125 76 69 61
is_linear=0
shrinkage=0.03


Tree=23
num_leaves=12
num_cat=0
split_feature=34 23 28 5 40 4 4 36 21 21 5
split_gain=9.46501 7.49597 5.76869 11.0098 5.10486 8.535 7.93086 5.51337 4.40272 4.29822 2.13406
threshold=0.0085365384170701403 1.0893770508017824 6.5000000000000009 0.039848691215081729 0.047520940324222057 -0.00045302809922742599 0.026567150968266565 0.0079904187825387309 0.011856903090118434 0.011929576961176566 0.048770111346307161
decision_type=2 2 2 2 2 2 2 2 2 2 2
left_child=4 2 9 -4 6 -6 7 -1 -3 -2 -8
right_child=1 8 3 -5 5 -7 10 -9 -10 -11 -12
leaf_value=0.023608137549940473 -0.0042224143241096175 0.022681423643621836 0.010872795629997449 -0.027273419971826005 -0.027314517582515303 0.012629671177754976 0.0043648460153854112 0 -0.0030020836516667718 -0.029854221255368296 -0.013526491695316164
leaf_weight=32.789798453450203 11.297576308250429 7.663857206702235 17.778108090162281 8.3020493239164335 7.5346419662237167 7.4412549883127195 8.9284752011299151 13.370578125119208 12.738589331507681 19.046337828040123 9.8837238550186139
leaf_count=133 46 31 72 34 31 30 36 54 52 79 40
internal_value=0 -0.00749056 -0.0131007 -0.00181369 0.00706955 -0.00743373 0.0107586 0.0173084 0.00713956 -0.021626 -0.00471089
internal_weight=156.775 76.8265 56.4241 26.0802 79.9485 14.9759 64.9726 46.1604 20.4024 30.3439 18.8122
internal_count=638 314 231 106 324 61 263 187 83 125 76
is_linear=0
shrinkage=0.03


Tree=24
num_leaves=12
num_cat=0
split_feature=34 23 28 20 35 28 23 25 32 7 37
split_gain=9.04089 11.295 10.0786 10.7515 7.61052 6.13098 5.6772 5.01648 4.5228 3.3401 2.42752
threshold=-0.0055182736971171589 1.0893770508017824 9.5000000000000018 0.014504837523572086 0.026817262859412331 8.5000000000000018 0.92872299232337008 0.31101190476190482 0.00074320609817857275 1.0000000180025095e-35 -1.0000000180025095e-35
decision_type=2 2 2 2 2 2 2 2 2 2 2
left_child=5 2 3 -2 -3 6 -1 -4 -6 -7 -8
right_child=1 4 7 -5 8 9 10 -9 -10 -11 -12
leaf_value=0.031559897749904281 0.0018407895917753219 0.027403672769487495 0.01683395055012725 -0.025437429345402093 -0.017924306027506842 0.0077505337223344106 0.015185837767291398 -0.010584435806987178 0.0093724833346224366 -0.016321795781473004 -0.0036151456266942388
leaf_weight=13.295003876090048 16.965560629963875 11.380794838070871 13.091429248452188 40.398900866508484 7.314011454582217 8.1940463334321993 9.3897697180509567 7.5824539214372626 10.837962612509726 7.9553051292896262 10.189693108201027
leaf_count=54 69 46 53 167 30 33 38 31 44 32 41
internal_value=0 -0.00493674 -0.0109446 -0.017327 0.0101501 0.0103506 0.0175373 0.00606969 -0.00156926 -0.00377309 0.00527797
internal_weight=156.595 107.571 78.0383 57.3645 29.5328 49.0238 32.8745 20.6739 18.152 16.1494 19.5795
internal_count=638 440 320 236 120 198 133 84 74 65 79
is_linear=0
shrinkage=0.03


Tree=25
num_leaves=10
num_cat=0
split_feature=34 25 25 27 40 36 24 36 23
split_gain=8.70834 5.68783 6.42268 5.64553 5.36069 5.31237 4.89415 4.00911 1.60804
threshold=-0.0055182736971171589 0.026937146327978775 0.20000209264122717 1.0000000180025095e-35 0.084788123245063143 0.0056168711060979931 0.17632058287795996 0.0071176564050825014 0.96689386176029646
decision_type=2 2 2 2 2 2 2 2 2
left_child=1 -1 8 6 5 -5 -2 -4 -3
right_child=3 2 7 4 -6 -7 -8 -9 -10
leaf_value=-0.012083483704190592 0.020286720720434546 0.036086082199842294 0.013349618863601411 -0.012876950237238869 -0.029970814250785016 0.0025708467789786905 -0.0081901040673757301 -0.0090185131896708751 0.011365670585789767
leaf_weight=8.1749781519174558 9.8413823395967501 7.6282881200313595 11.894664585590364 48.171796888113022 9.3377285748720151 30.078584983944893 7.5712369978427878 12.612789556384085 10.186895057559012
leaf_count=33 40 31 48 198 39 122 31 51 41
internal_value=-0.00196729 0.00793775 0.0125142 -0.0069304 -0.0100838 -0.00683599 0.00756381 0.00146007 0.0252816
internal_weight=155.498 50.4976 42.3226 105.001 87.5881 78.2504 17.4126 24.5075 17.8152
internal_count=634 204 171 430 359 320 71 99 72
is_linear=0
shrinkage=0.03


Tree=26
num_leaves=11
num_cat=0
split_feature=26 20 5 28 35 38 22 38 25 40
split_gain=6.96083 6.81541 7.59091 8.09646 6.25299 6.80977 5.70645 5.16055 3.21734 2.2495
threshold=0.14461454346637512 0.014981428929829831 0.047349001363599992 5.5000000000000009 -0.023040564360045864 0.0086748396195516688 -0.16846655335144975 0.011326606921125601 0.54202072083255748 0.047520940324222057
decision_type=2 2 2 2 2 2 2 2 2 2
left_child=7 4 3 -3 -2 -6 -4 8 9 -1
right_child=1 2 6 -5 5 -7 -8 -9 -10 -11
leaf_value=-0.012728351992009553 -0.0031782747253601786 -0.0080301729146966261 0.0020180795760871319 0.013872074603349891 0.037469455631278133 0.00097080129342327339 -0.026361355185583829 0.0032776439111558021 0 -0.036284081598132248
leaf_weight=17.985050156712536 10.654671847820284 26.413598492741585 8.3493694365024584 29.876778528094292 10.669272258877756 8.770186707377432 14.849337831139563 12.917727142572401 7.3598946183919898 7.4971664100885382
leaf_count=73 43 109 34 121 43 36 61 53 30 31
internal_value=-0.00190309 0.00211225 -0.00238381 0.00341447 0.0138638 0.0233292 -0.0162026 -0.0115187 -0.0176231 -0.0223407
internal_weight=155.343 109.583 79.4891 56.2904 30.0941 19.4395 23.1987 45.7598 32.8421 25.4822
internal_count=634 447 325 230 122 79 95 187 134 104
is_linear=0
shrinkage=0.03


Tree=27
num_leaves=10
num_cat=0
split_feature=34 35 27 40 19 32 7 22 34
split_gain=8.19737 8.69191 5.28456 5.07844 5.33587 3.61919 3.30321 4.02495 3.42102
threshold=-0.0055182736971171589 -0.080758289681522974 1.0000000180025095e-35 0.084788123245063143 0.11630730530041412 0.0016305232294893115 0.0032857862837850564 -0.10342542959842292 -0.025411936753627736
decision_type=2 2 2 2 2 2 2 2 2
left_child=1 -1 5 4 -4 -2 8 -8 -3
right_child=2 6 3 -5 -6 -7 7 -9 -10
leaf_value=-0.015048470055825833 -0.0036268526762021067 0.033261399889145067 -0.0017826673450073217 -0.029172394453779772 -0.020120390311550447 0.020736989228937748 -0.010924011935461426 0.01372119560351303 0.0057427224135902823
leaf_weight=9.6631733924150449 9.7665842026472109 10.334253519773485 60.151157185435295 9.2621072828769666 17.940318658947945 7.6369822025299063 7.4689366817474374 13.085391238331795 9.8942031562328321
leaf_count=39 40 42 246 39 74 31 30 53 40
internal_value=-0.00185607 0.0077527 -0.00668225 -0.00974269 -0.00658 0.00732681 0.0139568 0.00392611 0.022204
internal_weight=155.203 50.446 104.757 87.3536 78.0915 17.4036 40.7828 20.5543 20.2285
internal_count=634 204 430 359 320 71 165 83 82
is_linear=0
shrinkage=0.03


Tree=28
num_leaves=11
num_cat=0
split_feature=34 28 12 20 20 17 37 18 9 21
split_gain=7.78701 9.8647 9.58708 7.93346 7.0691 4.63461 4.39988 7.31759 4.52292 1.31157
threshold=-0.0055182736971171589 5.5000000000000009 65.193735423988201 0.014504837523572086 0.020701948497652792 -2.5457630058720482 0.033019277655432784 0.77723524864866089 -0.022406118072872312 0.012914812510056885
decision_type=2 2 2 2 2 2 2 2 2 2
left_child=6 3 4 -2 -3 -5 7 8 -1 -4
right_child=1 2 9 5 -6 -7 -8 -9 -10 -11
leaf_value=0.00108564146222306 0.004180376445365442 0.00055475774899674962 -0.026253622971090258 -0.003288212498390891 0.026812507401859382 -0.030798649373550084 -0.007348075525745873 -0.0070010609663027955 0.027872624369369645 -0.0043932931107558242
leaf_weight=9.6645587533712369 10.168376684188841 35.522831365466118 7.5793216377496702 9.3258288204669935 11.139673620462416 23.633537739515305 11.138888478279112 10.663074702024458 18.936621293425564 7.272561639547348
leaf_count=39 41 145 31 39 45 99 45 43 77 30
internal_value=-0.00180798 -0.00651672 0.00103748 -0.0171923 0.00797583 -0.0240771 0.00755721 0.0123004 0.0199738 -0.0182311
internal_weight=155.045 104.642 61.5144 43.1277 46.6625 32.9594 50.4031 39.2643 28.6012 14.8519
internal_count=634 430 251 179 190 138 204 159 116 61
is_linear=0
shrinkage=0.03


Tree=29
num_leaves=11
num_cat=0
split_feature=34 27 40 19 24 7 15 22 22 8
split_gain=7.36872 5.00663 4.83088 5.16479 4.51852 4.34376 6.06506 3.52795 3.4114 1.09516
threshold=-0.0055182736971171589 1.0000000180025095e-35 0.084788123245063143 0.11630730530041412 0.17632058287795996 0.0032857862837850564 -15.279975772955224 -0.11200945246985687 0.13569342115288721 -0.0098720823079023294
decision_type=2 2 2 2 2 2 2 2 2 2
left_child=5 4 3 -3 -2 6 -1 -7 -9 -8
right_child=1 2 -4 -5 -6 7 9 8 -10 -11
leaf_value=-0.0023206321424264417 0.019504696808067375 -0.0015447027744396407 -0.028360597067121608 -0.019599420967278479 -0.007852689621149718 -0.015895642686867582 0.0097295995380077202 0.01816548481206513 -0.0055655217638616314 0.033636755128004348
leaf_weight=9.1668506562709826 9.8410109430551547 60.048151284456253 9.1779977232217771 17.86569219827652 7.5402889996767035 7.9560676664114025 7.4045316427946117 8.3959817588329333 8.6433921903371793 8.7812454104423505
leaf_count=37 40 246 39 74 31 32 30 34 35 36
internal_value=-0.00176373 -0.00635069 -0.00934111 -0.00625927 0.00727704 0.00734675 0.0156561 -0.00106114 0.00601974 0.0257975
internal_weight=154.821 104.473 87.0918 77.9138 17.3813 50.3481 25.3526 24.9954 17.0394 16.1858
internal_count=634 430 359 320 71 204 103 101 69 66
is_linear=0
shrinkage=0.03


Tree=30
num_leaves=8
num_cat=0
split_feature=34 20 23 40 26 34 0
split_gain=11.92 8.28672 6.24453 7.534 6.91474 4.11308 1.1656
threshold=-0.024322119049262955 0.012956488839141514 1.0424970133571521 0.012514953370328487 0.48063511830635125 -0.051469665498601762 0.004579466027937463
decision_type=2 2 2 2 2 2 2
left_child=5 -2 4 -4 -3 -1 -7
right_child=1 2 3 -5 -6 6 -8
leaf_value=0 0.018243751719586303 -0.016661887024761256 -0.011996461738567015 0.012863119380394023 0.0045555739507223249 0.031867263855550651 0.009030452030920625
leaf_weight=7.3483851999044445 11.372676849365233 56.239534974098206 16.431635558605194 24.490340039134026 15.835508018732069 10.555085793137552 7.6354684978723517
leaf_count=30 46 232 67 100 65 43 31
internal_value=0 -0.00392125 -0.006561 0.00243777 -0.0118006 0.0178606 0.0248685
internal_weight=149.909 124.37 112.997 40.922 72.075 25.5389 18.1906
internal_count=614 510 464 167 297 104 74
is_linear=0
shrinkage=0.03


Tree=31
num_leaves=10
num_cat=0
split_feature=34 23 40 17 8 23 5 26 28
split_gain=11.3184 7.37584 9.81398 6.15535 6.02984 5.48975 5.15656 2.1986 0.856138
threshold=-0.024322119049262955 1.0217191923279565 0.0016464917232389411 1.2904968016409344 0.029583147438169786 0.92326548593626367 -0.0081694621168305042 0.22961542018695172 7.5000000000000009
decision_type=2 2 2 2 2 2 2 2 2
left_child=3 4 7 8 5 -2 -4 -3 -1
right_child=1 2 6 -5 -6 -7 -8 -9 -10
leaf_value=0.035995656601936044 0 -0.021100967967963912 -0.0016653542474350568 -0.0012693338081529949 -0.03064731894536616 -0.017767854085456926 0.022454312167465774 0 0.012488565369557546
leaf_weight=8.0404105931520515 46.619828894734383 8.777079641819002 9.985604330897333 8.8860588818788511 8.9662861078977567 20.875099435448647 21.650996565818787 7.3792736232280722 8.5794594138860685
leaf_count=33 192 36 41 36 37 86 88 30 35
internal_value=0 -0.0037969 0.00511799 0.0174404 -0.00954885 -0.00572886 0.014749 -0.0124621 0.0273113
internal_weight=149.76 124.254 47.793 25.5059 76.4612 67.4949 31.6366 16.1564 16.6199
internal_count=614 510 195 104 315 278 129 66 68
is_linear=0
shrinkage=0.03


Tree=32
num_leaves=11
num_cat=0
split_feature=35 15 20 35 35 20 16 17 22 25
split_gain=13.2857 14.4573 5.34952 7.98043 7.44389 5.1158 4.30818 3.58825 0.608963 0.415072
threshold=0.049857185515147735 35.819370591365676 0.016430835093778479 0.0065938654777143455 -0.029663460040684427 0.019979975902537559 0.35906824963863931 -1.5924306777272859 0.0041286822624758699 0.14976504370563556
decision_type=2 2 2 2 2 2 2 2 2 2
left_child=1 2 4 -4 -1 9 -7 -3 -9 -2
right_child=5 7 3 -5 -6 6 -8 8 -10 -11
leaf_value=0 -0.011465865236973656 -3.6445940300960576e-05 0.01802266751769644 -0.0059621551093380232 0.02668305857774609 0.011597354234601349 -0.016835851737165005 -0.0091247031327256253 -0.029772825747421478 -0.032370115258497915
leaf_weight=13.061503663659094 7.5037153363227871 12.800034493207933 18.30950790643692 29.507770106196404 28.145198076963425 7.6705644428729993 7.2634267210960388 7.7659795284271222 7.2470780909061432 10.341979727149008
leaf_count=53 31 53 75 122 114 31 30 32 30 43
internal_value=0 0.0047703 0.0107318 0.00327552 0.0184849 -0.0163108 -0.001701 -0.013248 -0.0223019 -0.0263775
internal_weight=149.617 116.837 89.024 47.8173 41.2067 32.7797 14.934 27.8131 15.0131 17.8457
internal_count=614 479 364 197 167 135 61 115 62 74
is_linear=0
shrinkage=0.03


Tree=33
num_leaves=11
num_cat=0
split_feature=35 11 34 38 28 10 20 19 26 25
split_gain=12.6332 9.96115 5.83373 13.5386 6.34525 5.0795 4.89808 3.02941 2.17325 0.382142
threshold=0.049857185515147735 0.037227309103946567 -0.0055182736971171589 0.011520590079437587 10.500000000000002 0.0050521505976212086 0.019979975902537559 0.11191858327015641 0.36965720478735864 0.14976504370563556
decision_type=2 2 2 2 2 2 2 2 2 2
left_child=1 2 4 -4 -1 -3 9 -8 -7 -2
right_child=6 5 3 -5 -6 8 7 -9 -10 -11
leaf_value=0.025492917243102473 -0.01121002796829334 0.0065801407983624169 0.012261691258982842 -0.022106337607167556 -0.0011238522529745344 -0.023619204839319001 0.0093725374315309865 -0.014416217236912861 -0.0020018299196916944 -0.031709847379852725
leaf_weight=27.885594829916954 7.4905623346567181 10.419849559664724 34.741602897644043 12.238782644271849 9.3746706992387754 13.545324951410295 7.6654640138149244 7.2534842640161514 8.5100955069065076 10.283135801553724
leaf_count=114 31 43 142 51 38 56 31 30 35 43
internal_value=0 0.00461902 0.0100861 0.00246521 0.018698 -0.00888995 -0.01596 -0.00164374 -0.0167616 -0.0258366
internal_weight=149.409 116.716 84.2407 46.9804 37.2603 32.4753 32.6926 14.9189 22.0554 17.7737
internal_count=614 479 345 193 152 134 135 61 91 74
is_linear=0
shrinkage=0.03


Tree=34
num_leaves=10
num_cat=0
split_feature=35 14 5 37 28 23 4 23 6
split_gain=12.0168 17.041 9.00277 8.28946 4.01591 3.02158 2.90651 2.47616 0.148042
threshold=0.049857185515147735 40.77289506434159 0.016163647137031448 0.03859316734026131 11.500000000000002 1.0303245734906843 0.043862203496059411 0.99675715545909804 0.0024783866234741442
decision_type=2 2 2 2 2 2 2 2 2
left_child=1 2 3 -1 7 8 -4 -2 -3
right_child=4 5 6 -5 -6 -7 -8 -9 -10
leaf_value=0.010308920290102946 -0.029645034576480059 -0.010799185372118927 0.028228362319257006 -0.01338551525447714 0.0017505670043219544 -0.0019819547712386664 0.0035129952514803922 -0.0073072931396243081 -0.030636227768001647
leaf_weight=43.010655000805855 13.379613414406778 7.1218984276056307 23.727276057004932 16.578183531761169 7.4076068997383109 11.025474563241003 7.6441636681556693 11.820126399397848 7.4791419506072998
leaf_count=176 56 30 97 69 30 45 31 49 31
internal_value=0 0.00447538 0.0106546 0.00325274 -0.0156166 -0.0160979 0.023227 -0.0210266 -0.0243307
internal_weight=149.194 116.587 90.9603 59.5888 32.6073 25.6265 31.3714 25.1997 14.601
internal_count=614 479 373 245 135 106 128 105 61
is_linear=0
shrinkage=0.03


Tree=35
num_leaves=11
num_cat=0
split_feature=35 15 11 16 15 38 17 13 38 21
split_gain=8.11525 7.88926 8.96817 8.16269 7.64796 6.32183 4.70941 4.58398 3.2072 0.899666
threshold=0.043739751958837288 35.819370591365676 0.0090729798581293836 -12.765005047662438 -4.4206428711750032 0.011486480576303604 -1.4687030373461745 4.8794633437188297 0.0087374905882300225 0.011740181849231391
decision_type=2 2 2 2 2 2 2 2 2 2
left_child=1 2 4 -4 -1 7 8 9 -3 -2
right_child=5 6 3 -5 -6 -7 -8 -9 -10 -11
leaf_value=0.0076694309066477184 -0.0086854811529625073 -0.010491341623049492 -0.0030768827544283409 0.030300072176261308 -0.015434312845061159 0.0052377825314808401 -0.021828285131126113 0 0.014118545668720865 -0.029371848285932072
leaf_weight=39.861943304538727 7.2238095253706041 7.5866856127977389 7.7947696149349239 20.205738365650177 16.584470734000206 11.687257677316664 13.290094435214995 7.4854331314563742 7.2548846006393433 16.591567650437355
leaf_count=164 30 32 32 82 68 48 55 31 30 69
internal_value=-0.00115447 0.00299575 0.00765692 0.0209229 0.000328827 -0.0120066 -0.010078 -0.0188237 0.000895897 -0.0248372
internal_weight=155.567 112.579 84.4469 28.0005 56.4464 42.9881 28.1317 31.3008 14.8416 23.8154
internal_count=641 463 346 114 232 178 117 130 62 99
is_linear=0
shrinkage=0.03


Tree=36
num_leaves=7
num_cat=0
split_feature=20 4 37 8 37 23
split_gain=5.63183 6.32017 5.70735 8.17521 7.10354 4.92212
threshold=0.026500993420481272 0.041714097291496229 0.036187183019415488 0.0053963752962866152 -0.01800859096959306 1.3424324553940672
decision_type=2 2 2 2 2 2
left_child=1 2 4 -4 -1 -3
right_child=-2 5 3 -5 -6 -7
leaf_value=-0.010453628180597684 0.017373619804577422 -0.02798948515757476 -0.020507485416638781 0.0048430664521853283 0.0092759298555535486 0
leaf_weight=19.571085706353188 11.35592797398567 12.493697360157968 22.892867550253868 18.631671100854874 62.856571793556213 7.5815020203590384
leaf_count=81 47 52 96 77 257 31
internal_value=-0.00113351 -0.0029134 -0.000154508 -0.00908843 0.00427714 -0.0177111
internal_weight=155.383 144.027 123.952 41.5245 82.4277 20.0752
internal_count=641 594 511 173 338 83
is_linear=0
shrinkage=0.03


Tree=37
num_leaves=12
num_cat=0
split_feature=26 16 9 7 2 16 16 16 3 2 38
split_gain=6.45422 4.95729 6.89687 6.62417 10.3828 5.02373 4.81626 3.22949 3.78268 3.7334 2.25299
threshold=0.13130934532733637 1.2602604357443037 0.0087380588338833633 0.0042290323383375088 0.012752355180021826 -7.6580635667251533 -5.385518853109442 -9.2939660468654672 0.0065131900755616154 -0.0057857032879398687 0.0085184714079367761
decision_type=2 2 2 2 2 2 2 2 2 2 2
left_child=7 2 5 -3 -5 -2 -4 -1 9 -9 -10
right_child=1 3 6 4 -6 -7 -8 8 10 -11 -12
leaf_value=-0.023825513999057486 0.010815604362396718 0.014960801341100418 0.004233555072386745 -0.026254104165822256 0.0033868586984029522 -0.011952907419180595 0.030407632370208184 -0.0067578428405352144 0 0.01824761270170119 -0.020547176021575644
leaf_weight=10.513761550188063 14.391434460878374 10.434340134263037 14.260920688509943 16.913376107811928 21.705867603421211 16.387045443058014 13.996454685926436 9.1770742386579531 7.6097502708435085 7.7852068543434134 12.070432394742964
leaf_count=44 59 43 59 70 89 68 58 38 31 32 50
internal_value=-0.0011056 0.00283881 0.00864673 -0.00392211 -0.0098787 -0.000838824 0.0188468 -0.0101996 -0.004871 0.00464204 -0.013434
internal_weight=155.246 108.089 59.0359 49.0536 38.6192 30.7785 28.2574 47.1562 36.6425 16.9623 19.6802
internal_count=641 446 244 202 159 127 117 195 151 70 81
is_linear=0
shrinkage=0.03


Tree=38
num_leaves=11
num_cat=0
split_feature=35 14 37 11 5 38 13 32 37 26
split_gain=7.75123 7.26145 9.5582 11.9167 6.77416 6.02801 4.37663 2.59458 1.83382 1.16602
threshold=0.043739751958837288 40.77289506434159 0.036645463385868278 0.0090729798581293836 0.021736794518218864 0.011486480576303604 4.8794633437188297 -0.0017957757444275189 0.038841604642758883 0.16823219637991446
decision_type=2 2 2 2 2 2 2 2 2 2
left_child=1 2 3 -1 -4 6 9 -3 -9 -2
right_child=5 7 4 -5 -6 -7 -8 8 -10 -11
leaf_value=0.0054458130902185166 -0.034388032770126788 0.0013535882757641554 -0.015239431272994656 0.036917439528628665 0.012475020274840418 0.0051105292307896512 0 -0.024484208374423985 -0.0020722367905324245 -0.013799497337012667
leaf_weight=42.049588799476624 9.0070964097976738 8.8579176217317599 20.801187157630924 13.858308359980581 9.8543620705604535 11.687167048454283 7.4767462760210028 9.4175574928522128 7.428381919860839 14.680829763412474
leaf_count=172 38 37 87 57 40 48 31 39 31 61
internal_value=-0.00107105 0.00298729 0.00723482 0.0145116 -0.00565275 -0.011697 -0.0183804 -0.0102654 -0.0166661 -0.0242799
internal_weight=155.119 112.267 86.5634 55.9079 30.6555 42.8518 31.1647 25.7039 16.8459 23.6879
internal_count=641 463 356 229 127 178 130 107 70 99
is_linear=0
shrinkage=0.03


Tree=39
num_leaves=10
num_cat=0
split_feature=35 14 38 11 16 11 13 3 26
split_gain=7.36601 6.91429 5.75755 5.28337 10.5915 6.3842 4.2028 3.74896 1.12892
threshold=0.043739751958837288 40.77289506434159 0.011486480576303604 0.0090729798581293836 -12.765005047662438 -0.041118382578719963 4.8794633437188297 0.011975609945109713 0.16823219637991446
decision_type=2 2 2 2 2 2 2 2 2
left_child=1 3 6 5 -5 -1 8 -3 -2
right_child=2 7 -4 4 -6 -7 -8 -9 -10
leaf_value=0.02284347513578408 -0.033743919366294645 0.0013665382057513006 0.0049771067453452033 -0.0054764519882497704 0.028637315232282606 -0.003226357809620232 0 -0.019686653421634469 -0.013458543822932219
leaf_weight=8.149761036038397 8.9428034573793465 11.856705188751222 11.693964689970015 11.054351031780245 20.245497941970825 46.986230999231339 7.4767462760210028 13.813680589199064 14.652268737554548
leaf_count=33 38 50 48 46 83 194 31 57 61
internal_value=-0.00104613 0.00290944 -0.0114171 0.00706013 0.0165334 0.00102928 -0.0179685 -0.0100245 -0.023769
internal_weight=154.872 112.106 42.7658 86.4358 31.2998 55.136 31.0718 25.6704 23.5951
internal_count=641 463 178 356 129 227 130 107 99
is_linear=0
shrinkage=0.03


Tree=40
num_leaves=8
num_cat=0
split_feature=35 8 8 9 34 8 26
split_gain=8.09182 6.23206 6.22912 8.98662 6.23818 2.68032 2.01835
threshold=0.055838616090323263 -0.028837735874290501 0.00028241664396714785 0.06839394861967403 -0.012466109534901402 -0.0069032629086865837 0.19098277608915909
decision_type=2 2 2 2 2 2 2
left_child=1 6 4 -4 -3 -2 -1
right_child=5 2 3 -5 -6 -7 -8
leaf_value=0.0033771071925544163 -0.0252073610807357 0.0092756311319592034 0.012958589023031685 -0.0088304864473950934 -0.015774635496687228 -0.002675897363741186 0.027580812421257987
leaf_weight=7.2555785030126598 10.743220731616022 10.275569319725035 49.825219973921776 22.880064323544502 28.733748897910118 11.116185739636419 9.5804414451122266
leaf_count=30 45 42 204 95 120 47 39
internal_value=0.000395401 0.00342077 0.000579773 0.00584803 -0.00867974 -0.0155629 0.0194125
internal_weight=150.41 128.551 111.715 72.7053 39.0093 21.8594 16.836
internal_count=622 530 461 299 162 92 69
is_linear=0
shrinkage=0.03


Tree=41
num_leaves=13
num_cat=0
split_feature=34 37 18 11 11 37 12 11 25 19 3 19
split_gain=5.51004 6.24106 7.60172 5.59485 12.0355 5.91204 5.29735 5.27761 4.33597 3.21376 2.8874 1.43995
threshold=0.010320476997857876 0.012242428135037288 0.78834805882316217 0.0076686264507370714 0.023381362893099004 0.017300715859841279 58.949744999550383 -0.042261045474454188 0.27500263213308068 0.091932430304199689 0.022848985591082064 0.075792790407362684
decision_type=2 2 2 2 2 2 2 2 2 2 2 2
left_child=1 2 9 7 -5 -6 8 -2 -3 -1 -8 -9
right_child=3 6 -4 4 5 -7 10 11 -10 -11 -12 -13
leaf_value=0.010443171177945899 0.0024164179414189473 -0.018567999772937976 -0.0069215889808537769 0.023689277004890735 -0.027126431962061257 0 0.02155986303037298 -0.032642972696525156 0.0044060419457781202 0.033501218531229331 -0.00090951162026865545 -0.0084221335454305966
leaf_weight=18.804699361324314 7.5622753500938442 17.393781423568729 9.8306363672018033 12.404768019914625 8.9891001731157321 21.240746542811394 7.7768594026565543 9.8777560889720935 9.4674772173166257 11.349936515092848 8.0498782545328122 7.4685021489858618
leaf_count=77 31 72 40 51 38 89 32 42 39 47 33 31
internal_value=0.000381161 0.00560613 0.0138768 -0.00577584 0.000620452 -0.00926299 -0.00207954 -0.0165139 -0.0102067 0.0211324 0.0104701 -0.0249387
internal_weight=150.216 82.6733 39.9853 67.5431 42.6346 30.2298 42.688 24.9085 26.8613 30.1546 15.8267 17.3463
internal_count=622 340 164 282 178 127 176 104 111 124 65 73
is_linear=0
shrinkage=0.03


Tree=42
num_leaves=11
num_cat=0
split_feature=34 11 11 40 11 19 40 16 11 23
split_gain=5.25604 5.33359 11.434 5.74312 5.07165 3.62977 5.66732 5.39448 2.11184 1.70531
threshold=0.010320476997857876 0.0076686264507370714 0.023381362893099004 0.02650856033373639 -0.042261045474454188 0.12892021991474303 0.043739661811262549 -7.0752592238262322 -0.011819580128285155 0.95174009616121213
decision_type=2 2 2 2 2 2 2 2 2 2
left_child=5 4 -3 -4 -2 6 7 -1 -8 -6
right_child=1 2 3 -5 9 -7 8 -9 -10 -11
leaf_value=0.022085407940870706 0.0023588747583834359 0.023074016398859733 -0.0248800544740388 0.00033987642184277081 -0.034457121562406871 0.018869398748343376 0 0.000781253721409466 -0.021753293640974912 -0.0096227358765690642
leaf_weight=13.761749058961867 7.5631252080202129 12.406761050224302 10.603779077529909 19.580253854393959 8.1194598972797412 13.292364194989203 9.1920613497495669 38.833788722753525 7.5100300163030616 9.1463346183300001
leaf_count=56 31 51 45 82 35 55 38 160 31 38
internal_value=0.000367461 -0.00564989 0.000586977 -0.00904946 -0.0161537 0.0054743 0.00223729 0.00723514 -0.0117897 -0.0244447
internal_weight=150.01 67.4197 42.5908 30.184 24.8289 82.59 69.2976 52.5955 16.7021 17.2658
internal_count=622 282 178 127 104 340 285 216 69 73
is_linear=0
shrinkage=0.03


Tree=43
num_leaves=7
num_cat=0
split_feature=35 20 20 11 20 3
split_gain=7.40897 5.39622 6.44273 4.67766 1.96862 1.11617
threshold=0.055838616090323263 0.023631160231762597 0.021259240710402829 0.040556491667634649 0.019979975902537559 0.0019806955932680785
decision_type=2 2 2 2 2 2
left_child=1 2 3 -1 -2 -4
right_child=4 -3 5 -5 -6 -7
leaf_value=0.0072177943469461164 -0.022542748863019272 0.020438944562066155 -0.0035032065559970015 -0.007909436345739318 -0.002417771776020271 -0.023775164079309984
leaf_weight=79.788935914635658 11.804076105356218 12.676947385072706 7.1707133799791318 21.11556901037693 9.9158491343259794 7.3625625520944595
leaf_count=328 51 53 30 88 41 31
internal_value=0.000347555 0.00324915 0.000917773 0.00381426 -0.014966 -0.016314
internal_weight=149.835 128.115 115.438 100.905 21.7199 14.5333
internal_count=622 530 477 416 92 61
is_linear=0
shrinkage=0.03


Tree=44
num_leaves=7
num_cat=0
split_feature=35 19 9 37 13 12
split_gain=7.04616 5.693 8.02584 8.34111 2.97103 1.66351
threshold=0.055838616090323263 0.1427732555679754 0.06655162626990814 0.037641261258959953 1.5992167889555626 52.145139663175698
decision_type=2 2 2 2 2 2
left_child=1 2 3 -1 -4 -2
right_child=5 -3 4 -5 -6 -7
leaf_value=0.010214158219273102 -0.022367775676242103 0.022025271081233769 -0.024193866465241527 -0.0083646417722422137 0 -0.0034733768497485235
leaf_weight=69.186883822083473 10.82027241587639 11.011039361357687 11.534918531775476 28.745863199234009 7.565541833639144 10.826712891459463
leaf_count=285 46 45 49 120 31 46
internal_value=0.000312511 0.00314292 0.00090014 0.00455242 -0.0157717 -0.0146451
internal_weight=149.691 128.044 117.033 97.9327 19.1005 21.647
internal_count=622 530 485 405 80 92
is_linear=0
shrinkage=0.03


Tree=45
num_leaves=8
num_cat=0
split_feature=4 35 37 18 25 19 10
split_gain=7.50237 7.606 6.53672 8.79942 4.80741 3.24189 2.74443
threshold=0.041714097291496229 0.05607982061815709 0.035811431511813659 0.7593633897460399 0.033520599250936332 0.11191858327015641 1.0000000180025095e-35
decision_type=2 2 2 2 2 2 2
left_child=1 2 4 -4 -1 -2 -3
right_child=5 6 3 -5 -6 -7 -8
leaf_value=-0.0038769495337812251 0 -0.022797761275594818 -0.010623818001193204 0.020967632857352279 0.016130766714551808 -0.021978670123544996 0
leaf_weight=10.726213842630385 11.530654400587084 8.1004769653081912 27.665994733572006 8.7320358306169492 64.318832725286484 12.508801877498625 10.378010958433149
leaf_count=44 47 35 116 36 266 53 44
internal_value=0.00205389 0.00501593 0.00806831 -0.00195689 0.01305 -0.0125342 -0.0116505
internal_weight=153.961 129.922 111.443 36.398 75.045 24.0395 18.4785
internal_count=641 541 462 152 310 100 79
is_linear=0
shrinkage=0.03


Tree=46
num_leaves=8
num_cat=0
split_feature=4 34 20 28 40 17 19
split_gain=7.1128 6.00587 8.07899 4.58206 3.33342 3.29332 2.87692
threshold=0.041714097291496229 -0.024322119049262955 0.012956488839141514 5.5000000000000009 0.040513827669366627 1.0252811453568926 0.11191858327015641
decision_type=2 2 2 2 2 2 2
left_child=1 5 -3 -4 6 -1 -2
right_child=4 2 3 -5 -6 -7 -8
leaf_value=0.026216792215358619 -0.0016822023924689688 0.023142496991824288 -0.0084278904719442323 0.0044061984919717368 0.0026036018643084955 0 -0.028757156910320453
leaf_weight=14.250337585806848 7.3364705741405549 11.890285879373549 42.986479341983795 53.380447775125504 7.2992093861103049 7.2752517461776725 9.3591156452894193
leaf_count=60 30 49 181 221 30 30 40
internal_value=0.0019742 0.00486168 0.00168998 -0.00122118 -0.012239 0.0186756 -0.0191148
internal_weight=153.778 129.783 108.257 96.3669 23.9948 21.5256 16.6956
internal_count=641 541 451 402 100 90 70
is_linear=0
shrinkage=0.03


Tree=47
num_leaves=9
num_cat=0
split_feature=9 9 25 11 18 21 11 18
split_gain=6.09313 5.69418 7.70944 6.66779 8.85083 6.66584 3.07619 2.29872
threshold=0.06839394861967403 0.0055099151047377061 0.026937146327978775 0.051282448471722926 0.78834805882316217 0.0085855051113554025 0.04546139609977818 0.82970028209802227
decision_type=2 2 2 2 2 2 2 2
left_child=1 2 -1 4 -3 -4 -2 -8
right_child=6 3 5 -5 -6 -7 7 -9
leaf_value=-0.025416870472136147 -0.020548420266680072 0.023908111641169887 0.02123115832590472 -0.012333099188251798 -0.00012638178554280838 -0.0024159651633301805 -0.010520965567600885 0.010093864672580248
leaf_weight=8.1914785355329496 11.900186687707903 33.944340512156487 11.708285212516783 7.2534240931272498 20.34870944917202 44.832636415958405 8.2779065966606122 7.1398356705903998
leaf_count=34 50 142 48 31 84 187 35 30
internal_value=0.00192659 0.00480418 -0.00121588 0.0112109 0.0149492 0.00278261 -0.0102839 -5.03646e-05
internal_weight=153.597 126.279 64.7324 61.5465 54.293 56.5409 27.3179 15.4177
internal_count=641 526 269 257 226 235 115 65
is_linear=0
shrinkage=0.03


Tree=48
num_leaves=8
num_cat=0
split_feature=4 35 37 18 20 34 10
split_gain=6.57265 7.10581 5.94372 8.30278 3.82531 2.96393 2.55678
threshold=0.041714097291496229 0.05607982061815709 0.035811431511813659 0.7593633897460399 0.013481895579576846 0.0063783452106762626 1.0000000180025095e-35
decision_type=2 2 2 2 2 2 2
left_child=1 2 4 -4 -1 -2 -3
right_child=5 6 3 -5 -6 -7 -8
leaf_value=0.026580814818031179 0 -0.022293727640622766 -0.010395158258604407 0.020316082952570685 0.0083223951245340877 -0.021263717635882078 0
leaf_weight=13.247445851564406 12.002014562487604 8.0480175614357012 27.585182249546051 8.7135953307151777 61.525320202112198 11.91552349925041 10.389372348785399
leaf_count=55 49 35 116 36 255 51 44
internal_value=0.00185301 0.00463461 0.00759774 -0.00195527 0.0123608 -0.0118254 -0.0114788
internal_weight=153.426 129.509 111.072 36.2988 74.7728 23.9175 18.4374
internal_count=641 541 462 152 310 100 79
is_linear=0
shrinkage=0.03


Tree=49
num_leaves=8
num_cat=0
split_feature=4 35 28 20 26 34 10
split_gain=6.25016 6.77881 6.07852 8.44438 5.34059 2.82346 2.44729
threshold=0.041714097291496229 0.05607982061815709 5.5000000000000009 0.014937763596905464 0.16229175168554341 0.0063783452106762626 1.0000000180025095e-35
decision_type=2 2 2 2 2 2 2
left_child=1 2 3 -1 -4 -2 -3
right_child=5 6 4 -5 -6 -7 -8
leaf_value=0.01905674249042057 0 -0.021859757156198825 0 -0.0067701434773973067 0.020042784519773885 -0.020793205696931737 0
leaf_weight=13.55338706076145 12.002014562487604 8.0019625574350375 17.81576070189476 40.578497499227524 39.00385157763958 11.865611627697943 10.389372348785399
leaf_count=56 49 35 73 172 161 51 44
internal_value=0.00179334 0.00450916 0.0074056 0 0.0140827 -0.011555 -0.0112415
internal_weight=153.21 129.343 110.951 54.1319 56.8196 23.8676 18.3913
internal_count=641 541 462 228 234 100 79
is_linear=0
shrinkage=0.03


end of trees

feature_importances:
macro_usdjpy_ret_60=32
atr_pct=29
macro_usdjpy_ret_20=28
month=25
ma_20_60_cross=24
macro_topix_ret_20=22
macd_hist=18
macro_topix_vol_20=17
macro_nikkei_ret_20=17
vol_ratio=16
div_ma_60=14
lower_shadow_pct=14
gap=14
macro_usdjpy_vol_20=14
return_10d=13
bb_bandwidth=13
upper_shadow_pct=13
return_20d=11
ma_5_20_cross=11
macd_signal=11
volatility=10
return_5d=9
bb_pct_b=9
div_ma_20=8
div_ma_10=7
rsi=7
macd=7
return_1d=6
rsi_change=6
vol_change=6
candle_body_pct=6
macd_hist_change=5
div_ma_5=3
day_of_week=3
price_position_20d=3
return_3d=2
return_2d=1

parameters:
[boosting: gbdt]
[objective: binary]
[metric: binary_logloss]
[tree_learner: serial]
[device_type: cpu]
[data_sample_strategy: bagging]
[data: ]
[valid: ]
[num_iterations: 50]
[learning_rate: 0.03]
[num_leaves: 15]
[num_threads: 0]
[seed: 42]
[deterministic: 0]
[force_col_wise: 0]
[force_row_wise: 0]
[histogram_pool_size: -1]
[max_depth: 4]
[min_data_in_leaf: 30]
[min_sum_hessian_in_leaf: 0.001]
[bagging_fraction: 0.7]
[pos_bagging_fraction: 1]
[neg_bagging_fraction: 1]
[bagging_freq: 5]
[bagging_seed: 400]
[bagging_by_query: 0]
[feature_fraction: 0.6]
[feature_fraction_bynode: 1]
[feature_fraction_seed: 30056]
[extra_trees: 0]
[extra_seed: 12879]
[early_stopping_round: 0]
[early_stopping_min_delta: 0]
[first_metric_only: 0]
[max_delta_step: 0]
[lambda_l1: 0.5]
[lambda_l2: 2]
[linear_lambda: 0]
[min_gain_to_split: 0]
[drop_rate: 0.1]
[max_drop: 50]
[skip_drop: 0.5]
[xgboost_dart_mode: 0]
[uniform_drop: 0]
[drop_seed: 17869]
[top_rate: 0.2]
[other_rate: 0.1]
[min_data_per_group: 100]
[max_cat_threshold: 32]
[cat_l2: 10]
[cat_smooth: 10]
[max_cat_to_onehot: 4]
[top_k: 20]
[monotone_constraints: ]
[monotone_constraints_method: basic]
[monotone_penalty: 0]
[feature_contri: ]
[forcedsplits_filename: ]
[refit_decay_rate: 0.9]
[cegb_tradeoff: 1]
[cegb_penalty_split: 0]
[cegb_penalty_feature_lazy: ]
[cegb_penalty_feature_coupled: ]
[path_smooth: 0]
[interaction_constraints: ]
[verbosity: -1]
[saved_feature_importance_type: 0]
[use_quantized_grad: 0]
[num_grad_quant_bins: 4]
[quant_train_renew_leaf: 0]
[stochastic_rounding: 1]
[linear_tree: 0]
[max_bin: 255]
[max_bin_by_feature: ]
[min_data_in_bin: 5]
[bin_construct_sample_cnt: 200000]
[data_random_seed: 175]
[is_enable_sparse: 1]
[enable_bundle: 1]
[use_missing: 1]
[zero_as_missing: 0]
[feature_pre_filter: 1]
[pre_partition: 0]
[two_round: 0]
[header: 0]
[label_column: ]
[weight_column: ]
[group_column: ]
[ignore_column: ]
[categorical_feature: ]
[forcedbins_filename: ]
[precise_float_parser: 0]
[parser_config_file: ]
[objective_seed: 16083]
[num_class: 1]
[is_unbalance: 0]
[scale_pos_weight: 1]
[sigmoid: 1]
[boost_from_average: 1]
[reg_sqrt: 0]
[alpha: 0.9]
[fair_c: 1]
[poisson_max_delta_step: 0.7]
[tweedie_variance_power: 1.5]
[lambdarank_truncation_level: 30]
[lambdarank_norm: 1]
[label_gain: ]
[lambdarank_position_bias_regularization: 0]
[eval_at: ]
[multi_error_top_k: 1]
[auc_mu_weights: ]
[num_machines: 1]
[local_listen_port: 12400]
[time_out: 120]
[machine_list_filename: ]
[machines: ]
[gpu_platform_id: -1]
[gpu_device_id: -1]
[gpu_use_dp: 0]
[num_gpu: 1]

end of parameters

pandas_categorical:[]
