tree
version=v4
num_class=1
num_tree_per_iteration=1
label_index=0
max_feature_idx=44
objective=binary sigmoid:1
feature_names=return_1d return_2d return_3d return_5d return_10d return_20d div_ma_5 div_ma_10 div_ma_20 div_ma_60 ma_5_20_cross ma_20_60_cross rsi rsi_change macd macd_signal macd_hist macd_hist_change bb_pct_b bb_bandwidth atr_pct volatility vol_change vol_ratio candle_body_pct upper_shadow_pct lower_shadow_pct day_of_week month is_month_end is_month_start streak gap price_position_20d macro_usdjpy_ret_20 macro_usdjpy_ret_60 macro_usdjpy_vol_20 macro_topix_ret_20 macro_topix_vol_20 macro_topix_above_200dma macro_nikkei_ret_20 macro_nikkei_above_200dma macro_nikkei_vi macro_jgb10y macro_bias_score
feature_infos=[-0.10044843049327357:0.13517862890247834] [-0.14322323462414577:0.13108504398826981] [-0.1845528455284553:0.1721502160186108] [-0.20079681274900396:0.14709791758972091] [-0.21957123098201936:0.18449276849700635] [-0.19863459037711317:0.25609215773150207] [-0.13140118930777664:0.088177218314204678] [-0.1732835123773937:0.10133175951348442] [-0.19461889808735372:0.13755632122979061] [-0.18005327406729527:0.20685347757629979] [-0.11742576427188722:0.097412692851923666] [-0.11066150816098164:0.10270414206107281] [9.0909090909090935:95.567375886524829] [-22.123078405473017:25.161290322580641] [-178.43426347394188:139.31394449666595] [-165.04390851525034:119.42543863606599] [-80.967368507862588:63.477569006706332] [-33.153865848124795:27.683899524540038] [-0.26107588055125502:1.3289053884714932] [0.049124655423006508:0.34779926159906338] [0.012767710049423394:0.062210217828711396] [0.010781717652296664:0.054218616058865833] [-0.82406350141810014:2.4585588783388057] [0.4775067407076698:1.7808856936749027] [-0.99342105263157898:0.984375] [0:0.92307692307692313] [0:0.967741935483871] [0:4] [1:12] [0:1] [0:1] [-9:10] [-0.10313901345291476:0.13614419053749605] [0:1] [-0.10288784967882303:0.08505611680078462] [-0.13986255140503889:0.13160084488587853] [0.0024251968629527628:0.011841457708833433] [-0.21871130063915301:0.21255327098343968] [0.0039190589040050275:0.040640984327119517] [0:1] [-0.22859537662338159:0.23022297972565586] [0:1] none none none
tree_sizes=970 1001 1189 1206 1261 1392 1006 997 898 998 1000 887 999 1303 1000 1293 1290 1397 1289 1365 1210 1307 997 971 1184 1379 1079 1256 984 1398 1402 1093 1002 1321 1615 1213 1206 1414 1064 1406 975 1193 1297 975 891 1417 1208 1385 1523 1184

Tree=0
num_leaves=8
num_cat=0
split_feature=37 33 28 16 16 21 34
split_gain=12.1181 8.29156 8.51291 11.0755 9.36317 5.39 4.7295
threshold=0.050380761824754379 0.82142954671833757 5.5000000000000009 1.0000000180025095e-35 1.6260737654883217 0.015880612300148114 0.018946996336555836
decision_type=2 2 2 2 2 2 2
left_child=1 2 4 -4 -1 -3 -2
right_child=6 5 3 -5 -6 -7 -8
leaf_value=-0.26460970208304541 -0.32289640976886486 -0.28802267279560556 -0.30156069329822438 -0.27642416601688008 -0.29394508730233926 -0.31671162187969271 -0.29652436890160916
leaf_weight=23.490700721740723 13.702908754348757 7.3408439755439785 44.779148250818253 21.777837127447128 14.192298352718351 13.458213955163954 13.213519155979155
leaf_count=96 56 30 183 89 58 55 54
internal_value=-0.293974 -0.290077 -0.286508 -0.293298 -0.275505 -0.306342 -0.311578
internal_weight=151.955 125.039 104.24 66.557 37.683 20.7991 26.9164
internal_count=621 511 426 272 154 85 110
is_linear=0
shrinkage=1


Tree=1
num_leaves=8
num_cat=0
split_feature=37 33 27 31 21 41 35
split_gain=11.5231 7.84372 5.64237 6.23824 5.14813 4.72477 2.69145
threshold=0.050380761824754379 0.82142954671833757 1.0000000180025095e-35 1.0000000180025095e-35 0.015880612300148114 1.0000000180025095e-35 0.022017727214020181
decision_type=2 2 2 2 2 2 2
left_child=1 2 3 -1 -3 -4 -2
right_child=6 4 5 -5 -6 -7 -8
leaf_value=-0.019787335459889747 -0.0054404402771924404 0.0052811594228037474 0.023976911214726507 0.011655310846834108 -0.022739623808357663 0.0059613313328885451 -0.026743153428000661
leaf_weight=11.754536196589472 13.428392723202707 7.3465812206268337 16.416581511497498 7.348120689392089 13.410880863666533 68.812520638108253 13.420481279492376
leaf_count=48 55 30 67 30 55 281 55
internal_value=-0.000532078 0.00326088 0.00672893 -0.0070233 -0.0125707 0.0100736 -0.0177244
internal_weight=151.938 125.089 104.332 19.1027 20.7575 85.2291 26.8489
internal_count=621 511 426 78 85 348 110
is_linear=0
shrinkage=0.03


Tree=2
num_leaves=10
num_cat=0
split_feature=40 33 32 26 7 35 33 40 17
split_gain=10.6723 7.77762 8.98816 5.72876 5.4723 4.80172 4.2285 3.56245 0.0762109
threshold=0.037079180436868649 0.85736889692585905 -0.0074335627915715343 0.14379699248120303 -0.0034802709442743013 0.022017727214020181 0.9078877927982788 0.0045212096463873594 -0.66652792632315172
decision_type=2 2 2 2 2 2 2 2 2
left_child=1 2 7 -4 5 -2 8 -1 -6
right_child=4 -3 3 -5 6 -7 -8 -9 -10
leaf_value=-0.012777934014962026 0.01540000421450204 -0.015030299651848208 0.027321146924249442 0.0070797758365286172 -0.012321030030237152 -0.01192903364891868 0 0.0084960274593337288 -0.028925628872816873
leaf_weight=18.369346067309383 9.0553869307041186 12.666326597332953 20.110652178525925 41.181867375969887 9.2824970334768295 9.9935112595558149 8.0463458746671659 8.3261626809835416 14.881910815834999
leaf_count=75 37 52 82 168 38 41 33 34 61
internal_value=-0.000524629 0.00503457 0.00835955 0.0146116 -0.0115015 0.000578748 -0.0187003 -0.00549029 -0.0245498
internal_weight=151.914 100.654 87.988 61.2925 51.2597 19.0489 32.2108 26.6955 24.1644
internal_count=621 411 359 250 210 78 132 109 99
is_linear=0
shrinkage=0.03


Tree=3
num_leaves=10
num_cat=0
split_feature=38 37 1 23 5 37 10 15 13
split_gain=12.4573 17.7407 5.98591 6.10782 5.40183 5.2333 4.50185 4.07054 2.39916
threshold=0.0078614841789808858 -0.0081548664447407253 -0.0062734703746000755 0.94219317851688633 -0.016652224505459164 0.05014452248980273 -0.032232932054298051 -35.863040328120547 1.2238957023425956
decision_type=2 2 2 2 2 2 2 2 2
left_child=2 4 -1 -4 6 7 -2 -3 -5
right_child=1 5 3 8 -6 -7 -8 -9 -10
leaf_value=0.028799235325303575 0.0025648077317747997 0.0070904546043099445 0.019911866890856909 -0.016097383149659111 -0.0021507861135340845 -0.027414106557984631 0.033262567085250661 -0.011943835531889421 0.0033916397093357517
leaf_weight=12.740957275032995 8.8347810506820696 10.050454482436178 11.25982750952244 8.793293699622156 12.254059240221975 17.968878418207169 10.550438627600672 50.639691323041916 8.792011082172392
leaf_count=52 36 41 46 36 50 74 43 207 36
internal_value=-0.000517915 -0.00588712 0.0129953 0.00411367 0.0123246 -0.0135224 0.0215218 -0.00842679 -0.00623637
internal_weight=151.884 110.298 41.5861 28.8451 31.6393 78.659 19.3852 60.6901 17.5853
internal_count=621 451 170 118 129 322 79 248 72
is_linear=0
shrinkage=0.03


Tree=4
num_leaves=11
num_cat=0
split_feature=38 37 9 34 13 37 9 6 6 32
split_gain=11.7845 16.8297 6.87602 6.06536 5.72983 5.00537 6.27402 4.91612 3.62071 0.388887
threshold=0.0078614841789808858 -0.0081548664447407253 0.0020595822401443956 0.016229913177655656 -0.68794221648650467 0.05014452248980273 -0.053168413511981483 0.014630926149334771 1.0000000180025095e-35 1.0000000180025095e-35
decision_type=2 2 2 2 2 2 2 2 2 2
left_child=4 2 3 -2 8 6 -3 9 -1 -6
right_child=1 5 -4 -5 7 -7 -8 -9 -10 -11
leaf_value=0.01049275576507918 0.032698814017974386 0.010461443445317856 -0.0057707160874223293 0 0.014222881752089737 -0.026791568791958067 -0.012761252494226025 0 -0.01431069118637472 0.037512369548642704
leaf_weight=9.8240983337163943 13.030379518866544 10.798817083239554 10.785906970500944 7.867150366306304 7.8493181467056337 17.882598012685776 49.81157560646534 7.8178779184818259 7.5550438016653052 8.6025299280881864
leaf_count=40 53 44 44 32 32 74 204 32 31 35
internal_value=-0.000479925 -0.00571262 0.0119985 0.0215279 0.0126463 -0.0131685 -0.00818213 0.021495 0 0.0299597
internal_weight=151.825 110.176 31.6834 20.8975 41.6489 78.493 60.6104 24.2697 17.3791 16.4518
internal_count=621 451 129 85 170 322 248 99 71 67
is_linear=0
shrinkage=0.03


Tree=5
num_leaves=12
num_cat=0
split_feature=37 38 24 14 26 34 26 16 15 33 4
split_gain=15.9522 11.5073 12.3372 5.82258 5.78962 5.3193 5.16205 4.46663 4.26733 1.16373 0.658806
threshold=0.0073815436514036445 0.0083504098219224793 0.32583417593528824 21.040421006149476 0.42752100840336138 0.023372289972194763 0.15384544610076528 0.91580971804462064 45.432867440598393 0.59791526639838244 0.031343602909713282
decision_type=2 2 2 2 2 2 2 2 2 2 2
left_child=3 2 8 4 5 -1 7 -3 -2 -8 -4
right_child=1 6 10 -5 -6 -7 9 -9 -10 -11 -12
leaf_value=0.028612141525185035 0.025608786701767382 -0.017027332145517243 -0.0052202229519228626 -0.0057506777087681718 -0.00052977842744947475 0 -0.013462138477875163 0.0098575644703867045 0.00087434004783299574 -0.02953999702331718 -0.023175298772793725
leaf_weight=25.826706111431122 14.459774538874628 8.284856781363489 7.568323686718939 11.490631431341169 11.773204594850538 7.8513407260179511 19.017305463552475 9.7106360793113691 12.511314228177069 18.66481152176857 7.3206796944141388
leaf_count=105 59 34 31 47 48 32 78 40 51 77 30
internal_value=-0.000629291 -0.00803532 0.00349394 0.0116445 0.0164153 0.022457 -0.016784 -0.00223477 0.0155052 -0.0228913 -0.0166356
internal_weight=154.48 97.5377 41.8601 56.9419 45.4513 33.678 55.6776 17.9955 26.9711 37.6821 14.889
internal_count=632 400 171 232 185 137 229 74 110 155 61
is_linear=0
shrinkage=0.03


Tree=6
num_leaves=8
num_cat=0
split_feature=39 24 20 37 22 22 4
split_gain=16.0893 13.1777 10.438 7.98571 5.58163 3.91007 2.85821
threshold=1.0000000180025095e-35 -0.55634920634920626 0.019785735647766662 0.0087735921042859672 -0.022676215149463826 -0.024868961407055353 -0.0093674579859903667
decision_type=2 2 2 2 2 2 2
left_child=-1 4 5 -4 6 -3 -2
right_child=1 2 3 -5 -6 -7 -8
leaf_value=0.028487789661482934 0.036530060532127442 -0.0041884040760979393 -0.00025873175507940189 -0.02031296176021433 -8.0328248598238953e-05 0.016672393464127428 0.0072141649283870559
leaf_weight=13.31820699572563 7.3706645518541327 12.948187410831453 28.205202743411064 55.624014630913734 13.959419250488279 14.447002202272413 8.5540771782398242
leaf_count=54 30 53 115 229 57 59 35
internal_value=-0.000627629 -0.00384016 -0.00867064 -0.0139035 0.0130839 0.00668823 0.0241816
internal_weight=154.427 141.109 111.224 83.8292 29.8842 27.3952 15.9247
internal_count=632 578 456 344 122 112 65
is_linear=0
shrinkage=0.03


Tree=7
num_leaves=8
num_cat=0
split_feature=39 24 23 20 37 40 12
split_gain=15.1988 12.5122 11.3546 9.88363 7.56157 3.5131 1.23489
threshold=1.0000000180025095e-35 -0.55634920634920626 0.80464355427536571 0.019785735647766662 0.0087735921042859672 0.024827067041170662 39.895438647624609
decision_type=2 2 2 2 2 2 2
left_child=-1 2 -2 5 -5 -3 -4
right_child=1 3 6 4 -6 -7 -8
leaf_value=0.027671107383079957 -0.015126805386139891 -0.0023976841815293907 0.0077487161520593323 -0.00025149219080345899 -0.019791744488050489 0.017401774021736253 0.028874206422278385
leaf_weight=13.358335778117178 7.5858600139617947 15.211016625165941 7.8580331653356579 28.20422175526619 55.431814044713974 12.20893147587776 14.480802386999128
leaf_count=54 31 62 32 115 229 50 59
internal_value=-0.000582337 -0.00371396 0.0127567 -0.00843191 -0.0135372 0.00649199 0.0233067
internal_weight=154.339 140.981 29.9247 111.056 83.636 27.4199 22.3388
internal_count=632 578 122 456 344 112 91
is_linear=0
shrinkage=0.03


Tree=8
num_leaves=7
num_cat=0
split_feature=39 40 6 19 6 22
split_gain=14.3699 7.57952 4.89172 8.12232 6.90738 0.415542
threshold=1.0000000180025095e-35 0.080507707087290062 0.010374374205590781 0.089871381177202281 -0.011021332219719049 -0.08299670410448011
decision_type=2 2 2 2 2 2
left_child=-1 2 4 -4 -2 -3
right_child=1 5 3 -5 -6 -7
leaf_value=0.026888693098606493 -0.0070653371584404497 -0.008684850802315602 0.010678291470283844 -0.019366473731098947 0.0093279829598046735 -0.027873937273675851
leaf_weight=13.392288491129873 36.203845247626305 7.2237991392612448 9.4917901903390867 24.228522971272469 55.073311656713486 8.6302523463964445
leaf_count=54 148 30 39 100 225 36
internal_value=-0.000546078 -0.00359954 -0.000848722 -0.010365 0.00265291 -0.021923
internal_weight=154.244 140.852 124.997 33.7203 91.2772 15.8541
internal_count=632 578 512 139 373 66
is_linear=0
shrinkage=0.03


Tree=9
num_leaves=8
num_cat=0
split_feature=39 24 23 20 11 22 22
split_gain=13.6163 11.8402 10.7833 9.22262 5.3254 3.74746 3.69534
threshold=1.0000000180025095e-35 -0.55634920634920626 0.80464355427536571 0.019785735647766662 0.017095469306980585 -0.0076956424668999093 -0.024868961407055353
decision_type=2 2 2 2 2 2 2
left_child=-1 2 -2 6 -5 -4 -3
right_child=1 3 5 4 -6 -7 -8
leaf_value=0.026138199934258387 -0.014713344956285648 -0.0042724096124782647 0.032796770634622434 -0.0051765741083027164 -0.021092283903307047 0.0052518084130098132 0.015977847861305773
leaf_weight=13.420487582683561 7.5626796185970333 12.95318451523781 12.563932970166212 44.624590739607811 38.735435232520103 9.823793530464167 14.493639037013052
leaf_count=54 31 53 51 184 160 40 59
internal_value=-0.000536576 -0.00351551 0.0124896 -0.0081193 -0.0130689 0.0227469 0.00627051
internal_weight=154.178 140.757 29.9504 110.807 83.36 22.3877 27.4468
internal_count=632 578 122 456 344 91 112
is_linear=0
shrinkage=0.03


Tree=10
num_leaves=8
num_cat=0
split_feature=39 37 20 1 7 33 3
split_gain=15.9861 8.02699 12.8972 10.5119 8.66338 12.1152 3.19976
threshold=1.0000000180025095e-35 0.02664510990220104 0.020061719292726727 -0.015130493993243286 0.003165609699428799 0.89510718144083712 -1.0000000180025095e-35
decision_type=2 2 2 2 2 2 2
left_child=-1 4 -3 -4 6 -6 -2
right_child=1 2 3 -5 5 -7 -8
leaf_value=0.028096059175919379 -0.001460387026530546 0.011005260847972658 0.0010449138681543056 -0.028003502745652751 0.024987842557465199 -0.015329780400651853 -0.02161662611054321
leaf_weight=12.947893485426901 36.331243947148323 14.456305667757986 14.541250184178351 34.709938362240791 22.290012612938884 7.2365854680538169 7.6033005714416495
leaf_count=52 148 59 60 145 91 30 31
internal_value=-0.00126777 -0.00451126 -0.0121693 -0.0194283 0.00207777 0.0142851 -0.00606449
internal_weight=150.117 137.169 63.7075 49.2512 73.4611 29.5266 43.9345
internal_count=616 564 264 205 300 121 179
is_linear=0
shrinkage=0.03


Tree=11
num_leaves=7
num_cat=0
split_feature=39 40 4 9 33 23
split_gain=15.15 7.36934 5.19147 5.18754 5.13451 1.11252
threshold=1.0000000180025095e-35 0.080507707087290062 0.072842738780772645 0.089503270838133378 0.85420750159637981 1.0195086224351646
decision_type=2 2 2 2 2 2
left_child=-1 2 4 -4 -2 -3
right_child=1 5 3 -5 -6 -7
leaf_value=0.02733174658480125 -0.0012364675860786975 -0.030008795882798971 0.028960285356383782 -0.002101858861476289 -0.020163241919161842 -0.0073579731758152672
leaf_weight=12.966304719448088 92.630448117852211 8.5602460205554944 7.2793175578117353 7.902299776673317 13.508968874812124 7.1303792148828498
leaf_count=52 379 36 30 33 56 30
internal_value=-0.0012293 -0.00439446 -0.00159584 0.0135563 -0.00411246 -0.0225589
internal_weight=149.978 137.012 121.321 15.1816 106.139 15.6906
internal_count=616 564 498 63 435 66
is_linear=0
shrinkage=0.03


Tree=12
num_leaves=8
num_cat=0
split_feature=41 38 35 24 4 10 7
split_gain=12.7063 5.99254 5.22098 7.25462 3.67219 5.98913 3.67145
threshold=1.0000000180025095e-35 0.0081477959247636626 -0.027312719808771532 0.29679679679679688 0.077692571264741619 -0.0032810417876605875 0.003781154118789026
decision_type=2 2 2 2 2 2 2
left_child=6 2 -2 -4 5 -3 -1
right_child=1 4 3 -5 -6 -7 -8
leaf_value=0.004707047062891428 -0.015974666686009602 -0.0021349100960325967 0.019099329665255717 -0.006336499582842629 0.0057356867585229756 -0.0201827740010899 0.029139125802409682
leaf_weight=14.374527812004091 7.8257767260074607 32.144881933927536 21.316812247037888 15.264930814504622 9.1153697371482831 38.819336131215096 11.023116916418074
leaf_count=58 32 132 87 63 38 161 45
internal_value=-0.0012013 -0.00528921 0.0032101 0.00831835 -0.0101486 -0.0124958 0.0172116
internal_weight=149.885 124.487 44.4075 36.5817 80.0796 70.9642 25.3976
internal_count=616 513 182 150 331 293 103
is_linear=0
shrinkage=0.03


Tree=13
num_leaves=11
num_cat=0
split_feature=37 38 17 19 40 5 19 21 21 23
split_gain=14.0067 7.39575 5.41574 5.85671 4.87275 6.58996 4.30824 4.13413 2.69338 1.49181
threshold=0.026234463515162568 0.012340048644724861 -5.3805907058210414 0.092297885901455601 0.011984135885101612 1.0000000180025095e-35 0.090707062302440758 0.015638717686261367 0.020493323466968565 1.2056481937894883
decision_type=2 2 2 2 2 2 2 2 2 2
left_child=1 4 -2 7 5 -1 -6 -4 -3 -5
right_child=2 8 3 9 6 -7 -8 -9 -10 -11
leaf_value=0.0063301881341624794 0.0097161098303124634 0.03254069208313206 0.015050153571693639 -0.024015074552983462 -0.0011901939949732654 -0.015048614789894936 0.0264108722228827 -0.011789482191669448 0.0077807557136089032 -0.0061127161578658131
leaf_weight=25.169533655047417 7.2715784162282935 9.3771151304245013 7.3194688409566906 31.122933372855186 7.3323083072900799 22.183461546897888 9.0349981039762479 9.5819250941276533 11.859168022871016 9.5453196018934232
leaf_count=102 30 38 30 130 30 91 37 40 48 40
internal_value=-0.00115794 0.00668669 -0.0115531 -0.0147274 0.00111681 -0.00358518 0.0144461 0 0.0212191 -0.0206482
internal_weight=149.798 84.9566 64.8412 57.5696 63.7203 47.353 16.3673 16.9014 21.2363 40.6683
internal_count=616 346 270 240 260 193 67 70 86 170
is_linear=0
shrinkage=0.03


Tree=14
num_leaves=8
num_cat=0
split_feature=39 37 20 1 7 18 3
split_gain=13.6709 6.80814 12.0143 9.87818 8.06841 4.93813 3.00491
threshold=1.0000000180025095e-35 0.02664510990220104 0.020061719292726727 -0.015130493993243286 0.003165609699428799 0.80099669783864136 -1.0000000180025095e-35
decision_type=2 2 2 2 2 2 2
left_child=-1 4 -3 -4 6 -6 -2
right_child=1 2 3 -5 5 -7 -8
leaf_value=0.026000050023033325 -0.0014651963818592298 0.0110893129509964 0.0014783659663403041 -0.026698935446362496 0.025211744878568938 0.00037019183432050989 -0.021050539427506117
leaf_weight=12.984857231378554 36.32278810441494 14.443052574992178 14.495197132229803 34.269000068306923 14.300173848867418 15.281238496303557 7.5731418579816809
leaf_count=52 148 59 60 145 58 63 31
internal_value=-0.00110323 -0.00412398 -0.0112199 -0.0182995 0.00191691 0.0136901 -0.00594105
internal_weight=149.669 136.685 63.2072 48.7642 73.4773 29.5814 43.8959
internal_count=616 564 264 205 300 121 179
is_linear=0
shrinkage=0.03


Tree=15
num_leaves=11
num_cat=0
split_feature=37 32 20 1 9 0 20 19 2 1
split_gain=15.2415 10.1803 6.79303 9.16984 5.40883 3.31559 3.15458 2.7291 2.61086 1.29475
threshold=0.025963254658036065 -0.0066446123484472088 0.01965973077542706 -0.017287755115594879 -0.037203992171589338 -0.012795627896998117 0.030097321036820817 0.12537071165047292 0.012163094336839488 0.022547195216262476
decision_type=2 2 2 2 2 2 2 2 2 2
left_child=1 5 8 7 -3 -1 -6 -4 -2 -5
right_child=2 4 3 9 6 -7 -8 -9 -10 -11
leaf_value=0.0035336801943353004 0.016933657321013405 0 -0.0061430033635447067 -0.026998453710836368 0.015493561807909015 -0.016529465587033325 0.038886469111206141 0.01570119748964454 -0.0042896432450497601 -0.0094588970157311377
leaf_weight=13.551495864987375 8.6200505495071393 13.307771742343901 8.677892401814459 23.652399152517319 39.849972575902939 11.238878101110457 7.6341710537672034 7.2907135635614386 7.3354088962078086 11.72381556034088
leaf_count=55 35 54 36 100 162 46 31 30 30 50
internal_value=0.00151192 0.00989339 -0.00890784 -0.0141927 0.0164092 -0.00555713 0.0209773 0.00363306 0.00695002 -0.0224043
internal_weight=152.883 85.5823 67.3003 51.3448 60.7919 24.7904 47.4841 15.9686 15.9555 35.3762
internal_count=629 348 281 216 247 101 193 66 65 150
is_linear=0
shrinkage=0.03


Tree=16
num_leaves=11
num_cat=0
split_feature=37 32 20 17 9 5 5 13 5 14
split_gain=14.4271 9.62992 6.45709 7.03447 5.11712 4.26752 3.76374 3.1732 3.13573 2.34113
threshold=0.025963254658036065 -0.0066446123484472088 0.01965973077542706 -4.3477756711195932 -0.037203992171589338 0.0020959930469265369 0.0068720669206706617 -1.1541255028340627 0.024907003315289614 -16.011999015673378
decision_type=2 2 2 2 2 2 2 2 2 2
left_child=1 5 8 -4 -3 9 -6 -5 -2 -1
right_child=2 4 3 7 6 -7 -8 -9 -10 -11
leaf_value=-0.0061822930835332395 -0.0055485312201912764 0 0.0042239071531352274 -0.030546742308588209 0.029022546348562685 -0.02143146601604495 0.0097884138195716962 -0.010415465146595967 0.017797078089134635 0.013559746695267829
leaf_weight=9.1293777823448217 7.3808131963014594 13.307771742343901 12.556658342480658 15.590054795145983 23.513714656233788 7.7809673845767966 24.062595769762993 23.029403820633892 8.586061939597128 7.8584287762641916
leaf_count=37 30 54 52 66 95 32 98 98 35 32
internal_value=0.00147279 0.00961927 -0.00868019 -0.0138507 0.0159485 -0.00540734 0.0203844 -0.0200153 0.00675416 0.00262657
internal_weight=152.796 85.6529 67.143 51.1761 60.8841 24.7688 47.5763 38.6195 15.9669 16.9878
internal_count=629 348 281 216 247 101 193 164 65 69
is_linear=0
shrinkage=0.03


Tree=17
num_leaves=12
num_cat=0
split_feature=37 32 20 6 19 9 14 20 0 15 36
split_gain=13.6369 9.11817 6.13877 8.34087 7.40374 4.83616 3.42108 3.10669 2.48541 2.30791 1.67978
threshold=0.025963254658036065 -0.0066446123484472088 0.01965973077542706 -0.006545042794921482 0.13375552891545783 -0.037203992171589338 21.040421006149476 0.030097321036820817 -0.012795627896998117 12.595131419455138 0.0064467046915818267
decision_type=2 2 2 2 2 2 2 2 2 2 2
left_child=1 6 9 4 -4 -3 8 -7 -1 -2 -5
right_child=2 5 3 10 -6 7 -8 -9 -10 -11 -12
leaf_value=0.013001871016076831 -0.0036311440975346975 0 -0.011682493280581376 -0.029622332937591367 0.022468227824803087 0.014457439239688182 -0.019332990460204442 0.037344388651995242 -0.0075118140029002845 0.016221591203931334 -0.010632724869960572
leaf_weight=8.1541342288255709 7.6277429163455954 13.307771742343901 12.683426588773729 17.258992180228237 7.2726046890020362 39.984570756554604 8.0308160334825498 7.6675983071327201 8.564326614141466 8.3534695953130704 13.80013597011566
leaf_count=33 31 54 53 74 30 162 33 31 35 34 59
internal_value=0.00142448 0.00933858 -0.00845993 -0.0135187 0.000992892 0.0154914 -0.0052809 0.0197981 0.00201221 0.00656185 -0.0227923
internal_weight=152.706 85.7092 66.9964 51.0152 19.956 60.9599 24.7493 47.6522 16.7185 15.9812 31.0591
internal_count=629 348 281 216 83 247 101 193 68 65 133
is_linear=0
shrinkage=0.03


Tree=18
num_leaves=11
num_cat=0
split_feature=37 17 24 2 7 4 25 7 23 17
split_gain=12.9174 8.54878 6.03052 6.00422 5.46723 5.36113 5.19641 2.79156 3.78762 2.29968
threshold=0.02664510990220104 -3.9008127674333148 -0.5974683544303796 0.012163094336839488 0.0056695017311455672 0.033033419023136286 0.13172353961827649 0.021526645072274742 1.199804860490006 -6.5911107308240693
decision_type=2 2 2 2 2 2 2 2 2 2
left_child=1 9 -3 5 -4 6 -2 -5 -9 -1
right_child=3 2 4 7 -6 -7 -8 8 -10 -11
leaf_value=0.000600828080155914 0.0065808592579084625 0.031724793479283135 0 -0.0013459244187770639 0.017751828217148741 0.017554463105172845 -0.016769170907153016 -0.035071197764074837 -0.0039796524157679983 -0.019647408965547467
leaf_weight=7.3788763284683228 12.501963436603548 11.930962607264517 32.497567296028137 7.8275625407695797 27.814007997512817 8.7444153875112516 17.810361951589584 10.982006311416628 7.2613297551870337 7.8391386866569501
leaf_count=30 52 48 132 33 113 36 75 47 31 32
internal_value=0.00138293 0.00891251 0.0132673 -0.00846945 0.00847418 -0.000442206 -0.00686326 -0.0190724 -0.0250528 -0.0100289
internal_weight=152.588 87.4606 72.2425 65.1276 60.3116 39.0567 30.3123 26.0709 18.2433 15.218
internal_count=629 355 293 274 245 163 127 111 78 62
is_linear=0
shrinkage=0.03


Tree=19
num_leaves=12
num_cat=0
split_feature=13 15 0 17 33 35 12 21 36 9 35
split_gain=6.55675 7.79916 6.94533 6.74543 6.30333 5.0503 6.20127 7.27711 3.77131 3.34127 0.881292
threshold=-1.3213963404817297 18.339110749185867 -0.02079040193643333 -3.0865733726014057 0.39359605911330053 0.022589612287033049 69.581603670526562 0.01418235612345746 0.0054824966107122827 -0.018891837308625772 0.016006689504870945
decision_type=2 2 2 2 2 2 2 2 2 2 2
left_child=1 3 -3 -1 -5 8 7 -7 -2 -10 -4
right_child=5 2 10 4 -6 6 -8 -9 9 -11 -12
leaf_value=-0.012452528276003147 0 0.0072252968221107328 -0.028858908340829562 0.027004508642168554 -0.0025474324279589162 0.01654570286877716 0.019052264282898159 -0.013504366443452202 0 0.024434977773886535 -0.010846208760224007
leaf_weight=11.436659231781958 11.128759294748304 7.3591335564851752 14.137796208262445 12.022133871912958 9.9563916623592359 7.3841604441404334 9.4135876148939115 27.712087020277977 7.3037958443164852 23.174885854125023 11.469289764761923
leaf_count=47 46 30 59 49 41 30 39 115 30 95 48
internal_value=0.0013374 -0.00553228 -0.0155632 0.00426039 0.0138959 0.00680833 0 -0.00622638 0.0140676 0.0192409 -0.0227047
internal_weight=152.499 66.3814 32.9662 33.4152 21.9785 86.1173 44.5098 35.0962 41.6074 30.4787 25.6071
internal_count=629 274 137 137 90 355 184 145 171 125 107
is_linear=0
shrinkage=0.03


Tree=20
num_leaves=10
num_cat=0
split_feature=10 36 4 19 32 40 15 23 36
split_gain=6.07695 6.72373 7.71052 9.1069 5.7977 6.03401 4.36967 4.03991 4.29258
threshold=-0.011228176705329605 0.0061325581168434106 1.0000000180025095e-35 0.19194842193946671 -0.0074335627915715343 0.044350021459573681 -34.890937163515453 0.86533756016243657 0.0047150117151990144
decision_type=2 2 2 2 2 2 2 2 2
left_child=4 7 -3 -4 -1 6 -6 -2 -9
right_child=1 2 3 -5 5 -7 -8 8 -10
leaf_value=-0.0051009265516940867 -0.025626953526051561 -0.016252249771929576 0.01723108422025146 -0.013682364785807019 0.003877552068636202 -0.0050065319440515711 0.031878841541936667 0.0052242362194624978 -0.013006120500347766
leaf_weight=14.153248950839041 10.822689160704611 10.599174097180365 34.199422404170036 9.0615184456109983 9.633559972047804 7.3374528139829627 16.097607448697094 17.56673039495945 24.834992170333862
leaf_count=58 45 44 141 38 39 31 65 72 104
internal_value=0.000896534 -0.00295882 0.00425425 0.010106 0.00970901 0.0164048 0.022972 -0.0104194 -0.00522047
internal_weight=154.306 107.085 53.8601 43.2609 47.2219 33.0686 25.7312 53.2244 42.4017
internal_count=637 444 223 179 193 135 104 221 176
is_linear=0
shrinkage=0.03


Tree=21
num_leaves=11
num_cat=0
split_feature=5 8 37 38 20 5 24 19 9 19
split_gain=7.02642 8.94588 8.48005 7.47766 5.71925 5.62414 5.2158 5.01766 4.25018 3.59147
threshold=-0.012108376845235467 -0.060560047032019011 -0.01249855525546034 0.0078614841789808858 0.024370431625771509 0.11000545992516532 0.48490990990990995 0.12594035159322034 0.036530165920367848 0.12537071165047292
decision_type=2 2 2 2 2 2 2 2 2 2
left_child=1 -1 -3 5 -4 7 9 -2 -8 -5
right_child=3 2 4 6 -6 -7 8 -9 -10 -11
leaf_value=-0.013193213614136882 0.0028799206277134674 0.033144289789723537 -0.004738180467844022 -0.022320599258216355 0.020245804794118007 -0.013832354700608304 0.016944945782047322 0.029198346930764719 -0.0092532954721468823 -0.0033265543544946101
leaf_weight=10.328525021672247 21.997008293867115 14.163889259099959 18.528884172439579 26.468924522399902 11.339666709303854 7.4717445820569983 8.2860234677791613 8.712262034416197 9.7016760259866697 17.25969922542572
leaf_count=42 90 57 76 111 47 31 34 36 41 72
internal_value=0.000852876 0.00941947 0.0153923 -0.00375497 0.00495168 0.00624358 -0.0101778 0.0121339 0.00255242 -0.015625
internal_weight=154.258 54.361 44.0324 99.8973 29.8686 38.181 61.7163 30.7093 17.9877 43.7286
internal_count=637 222 180 415 123 157 258 126 75 183
is_linear=0
shrinkage=0.03


Tree=22
num_leaves=8
num_cat=0
split_feature=5 23 38 8 6 24 36
split_gain=6.64246 9.46182 9.02161 8.49826 5.26553 5.10616 4.76809
threshold=-0.012108376845235467 0.74544512951572062 0.0067253309502357146 -0.060560047032019011 0.0098587087207957953 -0.40976933514246944 0.0056898751211427916
decision_type=2 2 2 2 2 2 2
left_child=3 -2 -3 -1 6 -4 -5
right_child=1 2 5 4 -6 -7 -8
leaf_value=-0.012876164645528498 -0.028219582545781864 0.022006230365025747 0.0098743193404935859 0.0081611925055556315 -0.0020771920783203444 -0.0081441566545204166 0.03290216048824262
leaf_weight=10.314812973141668 10.392446458339689 11.959383994340895 15.740105673670767 19.026897236704826 10.491177573800085 61.708062291145325 14.549981117248533
leaf_count=42 44 49 65 78 43 257 59
internal_value=0.000835094 -0.0036463 -7.09301e-05 0.00916272 0.0149819 -0.004137 0.0205508
internal_weight=154.183 99.8 89.4076 54.3829 44.0681 77.4482 33.5769
internal_count=637 415 371 222 180 322 137
is_linear=0
shrinkage=0.03


Tree=23
num_leaves=8
num_cat=0
split_feature=5 19 4 7 40 24 37
split_gain=6.45344 7.12571 7.7178 7.37214 5.98969 4.95045 3.39854
threshold=0.12928292313942849 0.12594035159322034 -0.0361022116762637 -0.031723419149625197 0.073619591665308529 0.33428122912028341 0.0081261944306387796
decision_type=2 2 2 2 2 2 2
left_child=1 2 6 -3 -4 -5 -1
right_child=-2 3 4 5 -6 -7 -8
leaf_value=0.027148258634375002 -0.018849697167817984 -0.010160211400835981 -0.0030597457850222499 0.023306727974074466 -0.028938603976666158 0.0010302056413433586 0
leaf_weight=7.6918174773454693 11.557198524475096 9.5767551660537702 64.928918808698654 29.097329869866371 7.6947659105062476 14.941075578331946 8.6312947869300825
leaf_count=31 49 39 267 119 34 62 36
internal_value=0.00081533 0.00275202 -0.0023285 0.0112309 -0.00670482 0.0164478 0.0149303
internal_weight=154.119 142.562 88.9468 53.6152 72.6237 44.0384 16.3231
internal_count=637 588 368 220 301 181 67
is_linear=0
shrinkage=0.03


Tree=24
num_leaves=10
num_cat=0
split_feature=33 2 19 37 25 25 16 37 37
split_gain=6.20265 5.01427 4.67971 4.49323 8.46984 3.79705 2.79927 2.53401 1.51834
threshold=0.76474618456320786 0.012163094336839488 0.17046573518143773 0.0073815436514036445 0.11351921274601688 0.22295321637426904 -12.519103586205949 0.026982185175060684 0.061066578589117244
decision_type=2 2 2 2 2 2 2 2 2
left_child=2 -2 3 5 -5 -1 -4 -3 -9
right_child=1 7 6 4 -6 -7 -8 8 -10
leaf_value=0 0.0066564919862801388 -0.0025982488741580212 0.0028246531582079249 0.012274331670529447 -0.01096202567787111 0.019335027238520631 0.029457661985556556 -0.028075430085139325 -0.0052533930001812234
leaf_weight=18.274489998817444 11.630873009562491 13.132439851760866 8.3574768751859683 18.861818894743919 40.357311695814133 17.072372287511826 8.1094758659601194 11.298301979899408 6.9449584186077109
leaf_count=74 48 54 34 78 168 69 33 49 30
internal_value=0.000783386 -0.00853055 0.00461078 0.00169948 -0.00315681 0.00997057 0.0185227 -0.0146713 -0.0215058
internal_weight=154.04 43.0066 111.033 94.566 59.2191 35.3469 16.467 31.3757 18.2433
internal_count=637 181 456 389 246 143 67 133 79
is_linear=0
shrinkage=0.03


Tree=25
num_leaves=12
num_cat=0
split_feature=37 1 20 40 3 35 36 15 20 9 3
split_gain=8.59741 9.76675 8.69598 6.99118 6.8723 10.6975 5.15212 4.8725 4.7741 4.05315 2.99414
threshold=0.010736221430679095 -0.0071497069532877591 0.020526362341258746 -0.013586814766345766 -0.041469088680244064 -0.037362869202858744 0.0062151404478681472 9.6144740726479494 0.022938607965492012 0.026288482306450051 -0.036825416217777122
decision_type=2 2 2 2 2 2 2 2 2 2 2
left_child=3 8 7 4 -1 -6 -4 -3 -2 -5 -10
right_child=1 2 6 9 5 -7 -8 -9 10 -11 -12
leaf_value=-0.01946003787857388 -0.0068283558727113515 -0.010549277667124879 -0.031872411430694303 0.030877198351859141 0.030957240828998769 -0.0043358830745284602 -0.0077773913226385442 0.01789299404384358 0 0.0045533180937773841 0.022102797120216882
leaf_weight=9.6580563187599164 12.734485045075415 8.7570522874593753 19.273640796542168 12.877013489603998 9.442542642354967 20.982110515236855 18.81057944893837 8.5441710352897626 7.2276539504528037 11.781518206000326 13.778922706842424
leaf_count=39 53 36 83 52 38 85 80 35 30 48 57
internal_value=0 -0.00593335 -0.0135872 0.0082382 0 0.00738888 -0.0213275 0.00311833 0.00626788 0.0201479 0.0147624
internal_weight=153.868 89.1265 55.3854 64.7412 40.0827 30.4247 38.0842 17.3012 33.7411 24.6585 21.0066
internal_count=636 374 234 262 162 123 163 71 140 100 87
is_linear=0
shrinkage=0.03


Tree=26
num_leaves=9
num_cat=0
split_feature=1 41 27 26 35 15 32 36
split_gain=6.34357 8.24727 5.92011 7.00368 4.43939 3.21218 3.89034 2.63249
threshold=0.011143862941352058 1.0000000180025095e-35 1.0000000180025095e-35 0.61237373737373757 0.034654756365754109 23.513622141374324 1.0000000180025095e-35 0.0067321795170828909
decision_type=2 2 2 2 2 2 2 2
left_child=2 -2 7 4 -4 6 -3 -1
right_child=1 5 3 -5 -6 -7 -8 -9
leaf_value=0 0.012101546118562284 0.0088243550050159016 0.017005783730055183 -0.015787913806263057 0.0016956178706180544 -0.026351902539377893 -0.014387716050799949 -0.019432890380003707
leaf_weight=11.831648692488672 11.010779052972792 7.2660027891397503 43.404761850833893 7.7679022699594489 31.845768555998802 13.724539414048193 17.592210248112679 9.2675771713256818
leaf_count=49 45 30 178 32 131 59 74 38
internal_value=0 -0.00856777 0.00425571 0.0079432 0.0109324 -0.0151417 -0.00689252 -0.00903548
internal_weight=153.711 49.5935 104.118 83.0184 75.2505 38.5828 24.8582 21.0992
internal_count=636 208 428 341 309 163 104 87
is_linear=0
shrinkage=0.03


Tree=27
num_leaves=11
num_cat=0
split_feature=37 38 34 40 3 35 28 5 9 12
split_gain=8.00986 9.05575 8.64552 6.69142 6.54342 10.1139 4.89887 4.83137 3.78887 3.06582
threshold=0.010736221430679095 0.0079549286277964485 0.027805095720300769 -0.013586814766345766 -0.041469088680244064 -0.037362869202858744 5.5000000000000009 -0.076783658014020581 0.026288482306450051 70.022354694485855
decision_type=2 2 2 2 2 2 2 2 2 2
left_child=3 2 6 4 -1 -6 -2 -3 -5 -9
right_child=1 7 -4 8 5 -7 -8 9 -10 -11
leaf_value=-0.019117294347500254 0.025684070635572882 0.0068590595514829112 -0.01788648409520582 0.029950656646413103 0.030049153034871282 -0.0042774291546300736 0 -0.019671703262952329 0.0044352735675968289 0
leaf_weight=9.6463228911161405 13.634107813239099 7.2434185296297064 7.8706269264221183 12.901537597179415 9.4234313070774096 20.974783569574356 12.210881263017653 40.752428278326988 11.783713161945341 7.1968455463647834
leaf_count=39 56 30 33 52 38 85 50 174 48 31
internal_value=0 -0.00574716 0.00598958 0.00793934 0 0.00709889 0.0145618 -0.0131378 0.0195781 -0.0166126
internal_weight=153.638 88.9083 33.7156 64.7298 40.0445 30.3982 25.845 55.1927 24.6853 47.9493
internal_count=636 374 139 262 162 123 106 235 100 205
is_linear=0
shrinkage=0.03


Tree=28
num_leaves=8
num_cat=0
split_feature=20 21 21 34 19 20 23
split_gain=5.62186 5.81659 6.12036 5.44233 7.82203 5.96624 4.22071
threshold=0.040039177587029649 0.020493323466968565 0.026744502192260235 0.0268667792984747 0.14443395423841532 0.020213178528557908 0.76000820690440574
decision_type=2 2 2 2 2 2 2
left_child=1 3 6 4 -1 -5 -3
right_child=-2 2 -4 5 -6 -7 -8
leaf_value=0.00062132235138661566 0.021967980164442479 0.00055514749286946787 0.0083549204182803202 0.0074657562360810588 0.022505998215414845 -0.021178247435003402 -0.023361845220659032
leaf_weight=66.082616850733757 7.8826320916414252 7.3008805811405209 8.9176237434148771 8.6200421154499072 17.546451449394226 14.246009632945059 22.862499997019768
leaf_count=273 32 31 37 35 72 60 96
internal_value=0 -0.00140278 -0.0110624 0.00214238 0.0058066 -0.0100448 -0.017432
internal_weight=153.459 145.576 39.081 106.495 83.6291 22.8661 30.1634
internal_count=636 604 164 440 345 95 127
is_linear=0
shrinkage=0.03


Tree=29
num_leaves=12
num_cat=0
split_feature=37 1 20 40 11 35 36 15 20 6 19
split_gain=7.46253 9.00024 8.01016 6.32461 6.5844 11.3541 4.82923 4.53672 4.42547 3.77573 3.30549
threshold=0.010736221430679095 -0.0071497069532877591 0.020526362341258746 -0.013586814766345766 0.02081819895036097 0.010714251522749409 0.0062151404478681472 9.6144740726479494 0.022938607965492012 0.0075631385360967395 0.12693896429555585
decision_type=2 2 2 2 2 2 2 2 2 2 2
left_child=3 8 7 4 5 -1 -4 -3 -2 -5 -10
right_child=1 2 6 9 -6 -7 -8 -9 10 -11 -12
leaf_value=0.031851582007956736 -0.0064624789209388016 -0.010134685751995186 -0.030723585979486195 0.02665602617588889 -0.017246416590564258 -0.0051381672642193251 -0.0072927074418556483 0.017304871132278573 0.0013306219570733389 0.00031845273187327953 0.025849903632527916
leaf_weight=9.3890278488397616 12.682857096195219 8.7262757718563098 18.957996591925621 16.35235166549683 11.567051753401755 19.017945915460587 18.704276993870735 8.558680981397627 11.55690358579159 8.3565536886453611 9.4887069910764676
leaf_count=38 53 36 83 66 47 77 80 35 48 34 39
internal_value=0 -0.00552245 -0.0129222 0.00769733 0 0.00788519 -0.0204198 0.00305986 0.00616129 0.0190011 0.0143203
internal_weight=153.359 88.6757 54.9472 64.6829 39.974 28.407 37.6623 17.285 33.7285 24.7089 21.0456
internal_count=636 374 234 262 162 115 163 71 140 100 87
is_linear=0
shrinkage=0.03


Tree=30
num_leaves=12
num_cat=0
split_feature=38 41 13 37 0 23 4 35 19 19 34
split_gain=7.4483 12.1966 9.58642 6.82914 6.06602 4.82595 4.43073 4.13858 4.02279 8.34497 3.58556
threshold=0.0082176195871514115 1.0000000180025095e-35 0.36988584933137508 -0.0093106910944509829 -0.014496268673052091 0.98089265349546018 0.044125964879830011 -0.0047477430073212803 0.12693896429555585 0.090707062302440758 0.0093740313565865447
decision_type=2 2 2 2 2 2 2 2 2 2 2
left_child=2 5 4 10 -1 -2 -5 -6 9 -4 -3
right_child=1 3 8 6 7 -7 -8 -9 -10 -11 -12
leaf_value=0.015070028395961357 0.031224073574757965 0.018527677114339808 0.02865074388054719 -0.019675988440551708 -0.026723014980177789 0.0014225769549363685 -9.5337857585974171e-05 0 0.037088247211458002 -0.010722647052994317 -0.0061284340129889713
leaf_weight=8.8310378342866915 7.3858339339494732 7.9294177591800716 7.634778097271921 44.080461874604225 7.6915116757154509 13.053554013371466 15.466288283467291 10.442340433597561 8.9936771094799024 7.4703052639961243 8.6303685605525953
leaf_count=36 30 32 31 186 32 53 66 43 37 31 35
internal_value=0.000111877 -0.00466832 0.00926776 -0.0103003 -0.00260493 0.0146831 -0.0150023 -0.0125995 0.0223088 0.00932453 0.0055939
internal_weight=147.61 96.5459 51.0637 76.1065 26.9649 20.4394 59.5468 18.1339 24.0988 15.1051 16.5598
internal_count=612 402 210 319 111 83 252 75 99 62 67
is_linear=0
shrinkage=0.03


Tree=31
num_leaves=9
num_cat=0
split_feature=15 5 20 28 9 11 25 28
split_gain=4.98695 8.60864 5.08285 6.28572 4.97241 6.53294 6.26076 3.05967
threshold=-77.666581483771395 -0.012108376845235467 0.024690773665968231 4.5000000000000009 0.0546720653422876 0.063679863355160973 0.11647286821705428 4.5000000000000009
decision_type=2 2 2 2 2 2 2 2
left_child=-1 2 3 -2 6 -6 -3 -4
right_child=1 4 7 -5 5 -7 -8 -9
leaf_value=-0.020402554357089365 0.021984083114427368 0.0050184256872747171 0.0062703865981231666 -0.0065140460376716764 0.011208156867138877 -0.011889983431882691 -0.017306380330474453 0.032889520713101333
leaf_weight=7.8423519730567923 8.1731296777725237 14.332102701067923 9.6943840086460131 19.330782115459442 30.349117040634155 14.379721045494078 32.742674589157104 10.608233600854872
leaf_count=33 33 59 40 79 127 61 137 43
internal_value=0.000136539 0.00166807 0.0117997 0.0023623 -0.00358717 0.00327034 -0.0102763 0.0225537
internal_weight=147.452 139.61 47.8065 27.5039 91.8036 44.7288 47.0748 20.3026
internal_count=612 579 195 112 384 188 196 83
is_linear=0
shrinkage=0.03


Tree=32
num_leaves=8
num_cat=0
split_feature=41 11 36 1 1 11 36
split_gain=6.15659 6.36511 5.42573 7.41027 6.8342 8.10883 4.97265
threshold=1.0000000180025095e-35 0.024234497113454049 0.0038172235813779408 -0.001666892344655446 -0.012149568293911615 0.044779606536482726 0.0075810445386823135
decision_type=2 2 2 2 2 2 2
left_child=1 -1 3 -2 6 -6 -4
right_child=2 -3 4 -5 5 -7 -8
leaf_value=0.024579549556871711 -0.0069541381296405625 -0.0030051915901119683 0.011987133315465803 0.030248493623778357 -0.015915898515048526 0.0062359728025134752 -0.013136051113367244
leaf_weight=15.018183603882791 7.2315085977315903 11.25424303114414 25.731501162052155 7.8885959386825544 55.278018936514854 17.729071587324142 7.2262891232967368
leaf_count=61 30 46 106 32 232 75 30
internal_value=0.000140661 0.0128559 -0.00266043 0.0128456 -0.00520889 -0.0103137 0.00561318
internal_weight=147.357 26.2724 121.085 15.1201 105.965 73.0071 32.9578
internal_count=612 107 505 62 443 307 136
is_linear=0
shrinkage=0.03


Tree=33
num_leaves=11
num_cat=0
split_feature=38 41 13 0 37 22 22 35 2 40
split_gain=6.95102 10.8665 9.22455 6.54876 6.29006 7.44787 4.13518 3.3718 3.03038 2.96502
threshold=0.0082176195871514115 1.0000000180025095e-35 -0.68794221648650467 -0.014496268673052091 -0.0093106910944509829 -0.31844569206416568 -0.049898784511479437 -0.019946893251553795 0.012163094336839488 -0.034851846460604956
decision_type=2 2 2 2 2 2 2 2 2 2
left_child=2 6 3 -1 9 -6 -2 -4 -9 -3
right_child=1 4 7 -5 5 -7 -8 8 -10 -11
leaf_value=0.01339731024821208 -0.0022582040642362467 -0.0060099766239353359 0.00035497781905060363 -0.016700176490496297 0.0088222769768071235 -0.018746658055773715 0.022970462944303036 0.034070602638671128 0.0060142337693444188 0.01634475763089616
leaf_weight=8.5951138436794299 7.4065577089786556 7.8761545568704632 7.5363148152828243 14.162686601281164 8.5532995015382749 50.651954784989357 13.017530634999273 13.060957580804827 7.7131182551383963 8.6779569387435895
leaf_count=35 30 32 31 59 36 216 53 53 32 35
internal_value=0.000146807 -0.00448195 0.00898776 -0.00456316 -0.00982224 -0.0143606 0.0137672 0.0199581 0.0257553 0.00539897
internal_weight=147.252 96.1835 51.0682 22.7578 75.7594 59.2053 20.4241 28.3104 20.7741 16.5541
internal_count=612 402 210 94 319 252 83 116 85 67
is_linear=0
shrinkage=0.03


Tree=34
num_leaves=14
num_cat=0
split_feature=19 5 21 3 11 23 35 35 37 22 19 10 24
split_gain=4.80916 8.69027 8.87293 7.2646 6.47926 5.6985 8.90802 7.02527 3.60535 3.50706 3.10965 2.69217 1.39213
threshold=0.12491327043022071 -0.0051955939018261113 0.01606324318130262 -0.0075571263300615579 0.011918127617703724 0.98089265349546018 0.013356826289609993 -0.0078154842535687035 0.0065879445481492613 -0.049898784511479437 0.093082316734115919 0.041280388114599116 0.41897974493623413
decision_type=2 2 2 2 2 2 2 2 2 2 2 2 2
left_child=1 3 4 8 -3 6 -2 9 -1 -7 -5 -9 -4
right_child=5 2 12 10 -6 7 -8 11 -10 -11 -12 -13 -14
leaf_value=0.030759929347834662 -0.0029714395751745419 -0.01464648088979531 -0.025755407884059243 0.0036679809062322172 0.016634572354170912 -0.0016174360325164501 0.030337188019566825 -0.020455122925736476 0.0022168413696276121 0.022976155313837784 -0.018928012464298982 0 -0.0051638112892492928
leaf_weight=9.1997955441474932 10.659276321530344 8.4612731188535708 23.125635087490085 9.7986915707588214 11.480737954378126 7.3370180577039745 15.074943125247954 12.275320842862131 8.6154289245605451 9.2423732429742795 7.5113035440444937 7.3689236640930167 6.9145629405975333
leaf_count=37 45 35 99 40 47 30 62 51 36 38 31 31 30
internal_value=0.000171433 -0.00431471 -0.0122567 0.0066339 0.00255334 0.00651051 0.0167803 -0.000889268 0.0193305 0.0122827 -0.00630516 -0.0128069 -0.0221021
internal_weight=147.065 85.1074 49.9822 35.1252 19.942 61.9579 25.7342 36.2236 17.8152 16.5794 17.31 19.6442 30.0402
internal_count=612 355 211 144 82 257 107 150 73 68 71 82 129
is_linear=0
shrinkage=0.03


Tree=35
num_leaves=10
num_cat=0
split_feature=37 20 24 0 24 38 38 17 28
split_gain=7.10896 7.97505 7.59015 7.45702 6.40809 6.32318 4.7369 2.08721 0.656481
threshold=0.035945288942115468 0.019912242688432117 -0.61684397163120563 0.0015116931334331343 -0.054182974559686882 0.012820525892451239 0.007774650621326277 -3.9008127674333148 7.5000000000000009
decision_type=2 2 2 2 2 2 2 2 2
left_child=2 -2 8 5 -5 -4 -3 -8 -1
right_child=1 6 3 4 -6 -7 7 -9 -10
leaf_value=0.0072775618619003004 0.0088814333880973609 0.0012771944476862927 -0.014760419289509609 -0.011378815282698169 0.013771382922994692 0.012615760447174433 -0.0044809509552960975 -0.027674789865271641 0.025708855069087284
leaf_weight=7.8681781440973309 11.951542273163794 7.8058700561523429 35.253299102187157 9.7637454271316511 35.245628520846367 7.3155763149261466 7.1195432245731345 20.830908149480823 10.079748734831808
leaf_count=32 49 33 145 40 145 30 30 94 41
internal_value=-0.00104477 -0.0104867 0.00320004 -0.000427391 0.00774455 -0.00936419 -0.0174853 -0.0229614 0.0199205
internal_weight=153.234 47.7079 105.526 87.5782 45.0094 42.5689 35.7563 27.9505 17.9479
internal_count=639 206 433 360 185 175 157 124 73
is_linear=0
shrinkage=0.03


Tree=36
num_leaves=10
num_cat=0
split_feature=37 20 24 12 13 17 13 23 20
split_gain=6.75223 7.60605 7.22117 6.99035 7.00878 4.11033 2.41271 1.28744 0.812044
threshold=0.035945288942115468 0.019912242688432117 -0.61684397163120563 62.577075080469065 2.1049550440259961 -4.3050694739776114 2.3722147949953301 0.93452999948904403 0.031098110322736499
decision_type=2 2 2 2 2 2 2 2 2
left_child=2 -2 7 4 -4 -3 -5 -1 -7
right_child=1 5 3 6 -6 8 -8 -9 -10
leaf_value=0.0061799173532421873 0.0086449364705241862 0.00029901369026882896 -0.011878557832018586 0.024341501148937426 0.0072429262693589277 -0.025591713241212989 0.00092007608411236077 0.026945746645899951 -0.0066378843728889482
leaf_weight=8.5466605275869387 11.964652940630911 7.8694373816251746 45.151962757110596 9.3612237125635165 24.535318970680237 20.944503068923954 8.4950522780418378 9.4191313683986646 6.7481069117784491
leaf_count=35 49 33 186 38 101 94 35 38 30
internal_value=-0.0010024 -0.0102285 0.00312695 -0.000409839 -0.00492283 -0.0170999 0.0151693 0.019427 -0.0222364
internal_weight=153.036 47.5267 105.509 87.5436 69.6873 35.562 17.8563 17.9658 27.6926
internal_count=639 206 433 360 287 157 73 73 124
is_linear=0
shrinkage=0.03


Tree=37
num_leaves=12
num_cat=0
split_feature=37 38 32 26 27 8 26 26 7 0 0
split_gain=6.43373 7.26229 6.02022 5.89511 5.88418 3.28937 3.15885 3.55423 2.06792 1.39044 0.79513
threshold=0.035945288942115468 0.0081477959247636626 -0.0069200916595859576 0.12500012887474821 2.5000000000000004 0.035648953396648565 0.32086973477610775 0.070176302570668786 -0.006266245212584844 0.0058018023806240002 0.0099992289329222678
decision_type=2 2 2 2 2 2 2 2 2 2 2
left_child=2 5 6 9 -5 -2 7 -1 -3 -4 -10
right_child=1 8 3 4 -6 -7 -8 -9 10 -11 -12
leaf_value=-0.014486042167958259 0.013980468976964925 -0.0048557456164330659 0.029077251400436571 -0.0053847327335774207 0.013823085713501741 -0.0090437053488503748 -0.019971278999228764 0.0096131383105932441 -0.03003478899126032 0.0086724453956743656 -0.0084170712339470665
leaf_weight=7.3164471536874833 10.902554720640184 10.360503792762758 9.6067399829626101 34.520206674933434 21.269215688109398 7.3289692550897589 10.075112923979757 11.459166437387465 12.191525280475618 11.246361926198004 6.5727280378341666
leaf_count=30 45 45 39 142 87 31 42 47 55 46 30
internal_value=-0.00094775 -0.00997646 0.00307593 0.00753245 0.00190348 0.00400441 -0.00799751 0 -0.0189051 0.0204511 -0.024725
internal_weight=152.85 47.3563 105.493 76.6425 55.7894 18.2315 28.8507 18.7756 29.1248 20.8531 18.7643
internal_count=639 206 433 314 229 76 119 77 130 85 85
is_linear=0
shrinkage=0.03


Tree=38
num_leaves=9
num_cat=0
split_feature=21 24 13 38 21 28 21 16
split_gain=6.63663 8.1278 8.88748 13.1132 5.82201 5.63892 3.65489 3.5751
threshold=0.026360563767009616 -0.61684397163120563 1.5472529503128778 0.008237335474326991 0.019619180082221233 9.5000000000000018 0.017509624601319076 10.083309774465059
decision_type=2 2 2 2 2 2 2 2
left_child=1 5 4 -4 -3 6 -1 -2
right_child=7 2 3 -5 -6 -7 -8 -9
leaf_value=0.013794046143576211 0.027569768675052602 -0.0077964781609051997 0.022649771673429873 -0.0087866410207380619 -0.029328700837446011 0.029942146163610309 -0.012569573633162474 0
leaf_weight=7.3566827625036257 8.3293449282646197 52.632391840219498 17.343078523874283 28.686483725905418 14.891716137528418 7.7717344015836707 7.5513275861740112 8.1168617606163007
leaf_count=30 34 220 71 122 65 32 31 34
internal_value=-0.000930385 -0.00326455 -0.00664511 0.00319564 -0.013468 0.0122204 0 0.0158492
internal_weight=152.68 136.233 113.554 46.0296 67.5241 22.6797 14.908 16.4462
internal_count=639 571 478 193 285 93 61 68
is_linear=0
shrinkage=0.03


Tree=39
num_leaves=12
num_cat=0
split_feature=37 20 32 26 27 2 40 26 26 5 20
split_gain=6.03801 6.99572 5.59812 5.55927 5.46989 4.66003 3.51981 2.97538 3.34463 2.86256 0.695146
threshold=0.035945288942115468 0.019912242688432117 -0.0069200916595859576 0.12500012887474821 2.5000000000000004 -0.01073142459023285 1.0000000180025095e-35 0.32086973477610775 0.070176302570668786 0.01281660182954736 0.031340071993284958
decision_type=2 2 2 2 2 2 2 2 2 2 2
left_child=2 -2 7 6 -5 9 -4 8 -1 -3 -7
right_child=1 5 3 4 -6 10 -8 -9 -10 -11 -12
leaf_value=-0.01401587270063462 0.0083799371985649948 -0.013638897782055548 0.030309522799892543 -0.0051978045117407499 0.013318152840050087 -0.029967268298419922 0.003567015615775469 -0.019335701058038789 0.00938220086899017 0.0098371689781016625 -0.0095506852799785991
leaf_weight=7.292583689093596 11.958789870142935 7.4099319875240308 11.08527095615864 34.477939039468765 21.284647271037102 13.392809495329859 9.7669127285480482 10.019381001591681 11.458462625741957 6.9415648877620697 7.412207603454589
leaf_count=30 49 32 45 142 87 62 40 42 47 30 33
internal_value=-0.00088591 -0.00966259 0.00300514 0.0073025 0.0018265 -0.0163243 0.0198485 -0.00768195 0 -0.00155224 -0.0248267
internal_weight=152.501 47.1153 105.385 76.6148 55.7626 35.1565 20.8522 28.7704 18.751 14.3515 20.805
internal_count=639 206 433 314 229 157 85 119 77 62 95
is_linear=0
shrinkage=0.03


Tree=40
num_leaves=8
num_cat=0
split_feature=15 38 33 21 17 24 33
split_gain=10.9767 6.79598 5.8182 5.51005 4.63657 4.30528 1.33643
threshold=44.128558199923525 0.0078614841789808858 0.85420750159637981 0.015571998895815085 -3.9580680925686855 -0.35981504833963845 0.71970319400225946
decision_type=2 2 2 2 2 2 2
left_child=1 3 4 -1 -3 -2 -7
right_child=5 2 -4 -5 -6 6 -8
leaf_value=0.001459048060209268 0 -0.011075528636553972 -0.017917294104836751 0.029455780359695705 0.0069526456686839653 -0.0094270471573396544 -0.028765171177838316
leaf_weight=13.592410132288935 13.310876294970511 13.975247412919996 12.192201659083365 12.725500851869581 57.910762384533882 11.73087038099766 12.607563495635985
leaf_count=55 56 58 53 52 242 50 55
internal_value=-0.000762456 0.00393091 -0.000170564 0.0166503 0.00303987 -0.0144069 -0.0214375
internal_weight=148.045 110.396 84.0782 26.3179 71.886 37.6493 24.3384
internal_count=621 460 353 107 300 161 105
is_linear=0
shrinkage=0.03


Tree=41
num_leaves=10
num_cat=0
split_feature=15 38 37 21 21 38 32 0 19
split_gain=10.4466 6.46548 6.1542 5.19895 4.33888 3.72069 3.21585 2.97209 2.92922
threshold=44.128558199923525 0.0078614841789808858 0.0065879445481492613 0.015571998895815085 0.020493323466968565 0.012561278940732898 1.0000000180025095e-35 -0.013732704988967613 0.12787313856989282
decision_type=2 2 2 2 2 2 2 2 2
left_child=1 3 5 -1 -4 -3 7 -2 -8
right_child=6 2 4 -5 -6 -7 8 -9 -10
leaf_value=0.0014207766409471475 -0.0031090214248780078 0 -0.0011279664768461329 0.028643423326766924 -0.021624781143891096 0.018573751806125097 -0.013685778700237135 -0.029490119133822303 0.0086247378419197721
leaf_weight=13.593648239970209 7.6855769306421307 24.285233840346336 31.914163559675217 12.750145629048346 12.394717380404471 15.451930895447729 8.8893742412328738 13.170178711414335 7.7910869568586341
leaf_count=55 32 99 137 52 54 63 39 57 33
internal_value=-0.000753731 0.00381763 -0.000181142 0.0162169 -0.00787185 0.00800126 -0.01409 -0.0215474 -0.00265432
internal_weight=147.926 110.39 84.046 26.3438 44.3089 39.7372 37.5362 20.8558 16.6805
internal_count=621 460 353 107 191 162 161 89 72
is_linear=0
shrinkage=0.03


Tree=42
num_leaves=11
num_cat=0
split_feature=9 35 36 36 35 7 21 7 40 9
split_gain=8.8006 9.70865 8.1298 8.17533 5.02825 5.48285 5.52972 4.73153 2.41408 2.28915
threshold=0.023906141682452236 0.0074456093038254298 0.006144758421127044 0.0046118762527031969 -0.0037483113032670819 0.015142449102867755 0.020915449329791592 0.031846421224022745 0.042002686291530818 -0.018891837308625772
decision_type=2 2 2 2 2 2 2 2 2 2
left_child=4 7 3 -3 9 6 -6 -2 -4 -1
right_child=1 2 8 -5 5 -7 -8 -9 -10 -11
leaf_value=0.0025620845608932668 -0.028859968506293125 0.0087936933747894963 0.027602405359895357 -0.025206484642576049 0.0091057049764156264 -0.018265765971232025 -0.015561301505994642 0 0.0017078994118995159 0.024611440652695268
leaf_weight=8.9412882924079913 20.046911790966991 9.4075760841369647 7.3198374360799772 11.963932022452353 45.024889454245567 9.1006906628608686 7.6652184426784506 7.8078040927648535 7.4658579379320145 12.992816478013991
leaf_count=37 85 40 30 53 186 39 32 33 33 53
internal_value=-0.000735318 -0.00904625 0.000963114 -0.0101263 0.00550664 0.000705882 0.0048051 -0.0217356 0.0171823 0.0172151
internal_weight=147.737 64.0119 36.1572 21.3715 83.7249 61.7908 52.6901 27.8547 14.7857 21.9341
internal_count=621 274 156 93 347 257 218 118 63 90
is_linear=0
shrinkage=0.03


Tree=43
num_leaves=8
num_cat=0
split_feature=15 32 15 33 25 24 33
split_gain=9.59101 4.68123 6.78319 7.20966 4.71232 4.0532 1.37861
threshold=44.128558199923525 -0.013812443966290109 -74.612574130997373 0.33449052123370093 0.26978905597326658 -0.35981504833963845 0.71970319400225946
decision_type=2 2 2 2 2 2 2
left_child=1 4 -3 -4 -1 -2 -7
right_child=5 2 3 -5 -6 6 -8
leaf_value=-0.023483083875136649 0 -0.017679266960069277 0.021421534570870041 0.0026387833201199484 0.005508117331554048 -0.0085655267152861519 -0.027737773428429702
leaf_weight=8.5877927988767606 13.247631967067717 7.4056470096111289 26.448249936103821 60.593354463577271 7.2205884009599677 11.627093121409418 12.422192096710203
leaf_count=36 56 32 108 254 30 50 55
internal_value=-0.000713775 0.00365634 0.00630698 0.00886749 -0.0102674 -0.0135428 -0.0204137
internal_weight=147.553 110.256 94.4473 87.0416 15.8084 37.2969 24.0493
internal_count=621 460 394 362 66 161 105
is_linear=0
shrinkage=0.03


Tree=44
num_leaves=7
num_cat=0
split_feature=5 5 15 38 15 32
split_gain=9.69434 8.8027 9.53391 6.18767 2.64791 1.29731
threshold=0.11000545992516532 0.089688272553461804 44.128558199923525 0.0083504098219224793 55.948806060293784 0.0027955746232812832
decision_type=2 2 2 2 2 2
left_child=1 2 3 -1 -4 -2
right_child=5 -3 4 -5 -6 -7
leaf_value=0.014712927000578253 -0.02924729785323385 0.030099165054707951 -0.029654780667022086 -0.00090162633331675559 -0.0061320350183512789 -0.0061658222695547835
leaf_weight=30.219667613506317 8.6645435690879804 7.3039273917675009 8.1299219280481356 72.508746340870857 13.670414209365843 6.921659603714942
leaf_count=123 38 31 35 305 59 30
internal_value=-0.000712785 0.00194582 -3.65575e-05 0.00374174 -0.0172893 -0.0217169
internal_weight=147.419 131.833 124.529 102.728 21.8003 15.5862
internal_count=621 553 522 428 94 68
is_linear=0
shrinkage=0.03


Tree=45
num_leaves=12
num_cat=0
split_feature=38 12 28 16 28 1 26 25 2 32 36
split_gain=7.54437 6.36028 8.03287 6.56027 6.55188 5.69804 5.66675 4.99572 3.66596 2.2388 1.47633
threshold=0.0078614841789808858 40.378665464156434 5.5000000000000009 10.683113706409907 6.5000000000000009 -0.011174134089182218 0.21232660781841112 0.17192118226600989 0.0080244807630772703 0.0057711338636623486 0.0061033466434422248
decision_type=2 2 2 2 2 2 2 2 2 2 2
left_child=5 4 10 -4 -2 -1 8 -6 -7 -8 -3
right_child=1 2 3 -5 7 6 9 -9 -10 -11 -12
leaf_value=0.024682427952963593 0.019817089257484741 -0.031249055618499062 -0.010822995592580679 0.011362738593379804 0.010936668127200353 0.0033406299496574346 0.0016178171803513837 -0.016564538751566129 -0.020927392361448378 0.024543449170298461 -0.010635534968389067
leaf_weight=13.032775834202765 13.953316703438757 12.547220110893251 29.117940187454224 17.213489860296249 7.7863495051860836 8.7261258810758608 9.7079003900289553 12.292703643441198 8.9512289613485319 7.2901204675436011 11.684643909335135
leaf_count=53 58 54 127 73 32 36 40 51 38 30 49
internal_value=-0.000405213 -0.00499247 -0.0101098 -0.00214087 0.00517386 0.00914638 0.00187058 -0.00519596 -0.00906365 0.0137884 -0.0234497
internal_weight=152.304 104.596 70.5633 46.3314 34.0324 47.7082 34.6754 20.0791 17.6774 16.998 24.2319
internal_count=641 444 303 200 141 197 144 83 74 70 103
is_linear=0
shrinkage=0.03


Tree=46
num_leaves=10
num_cat=0
split_feature=38 12 34 34 1 16 16 40 37
split_gain=7.1795 6.0526 7.25657 5.93974 5.37734 4.34009 5.90089 4.16976 4.2174
threshold=0.0078614841789808858 40.378665464156434 0.031812240001508292 -0.032965942484888926 -0.011174134089182218 -7.0955038550057052 -16.372816889521356 0.015899882893380183 0.038945227319256766
decision_type=2 2 2 2 2 2 2 2 2
left_child=4 5 3 -3 -1 6 -2 -6 -9
right_child=1 2 -4 -5 7 -7 -8 8 -10
leaf_value=0.024017848831804016 0.0090126857970304151 0.0057584435119982132 0.012357049507425959 -0.017731425862834261 0.015114190060563748 0.022698533082541078 -0.018215108229388138 -0.017666587900042378 0.0058963327819080754
leaf_weight=13.046709731221197 17.419217124581337 9.7256110757589322 9.1329308450221998 51.559005036950111 12.006822451949118 7.342746213078498 9.2772220671176928 10.7879526168108 11.858138725161551
leaf_count=53 72 41 39 223 49 30 39 45 50
internal_value=-0.000382935 -0.00486504 -0.00986758 -0.0137025 0.00893134 0.00504091 -0.000536531 0.00184145 -0.00524251
internal_weight=152.156 104.457 70.4175 61.2846 47.6996 34.0392 26.6964 34.6529 22.6461
internal_count=641 444 303 264 197 141 111 144 95
is_linear=0
shrinkage=0.03


Tree=47
num_leaves=12
num_cat=0
split_feature=38 1 26 11 5 11 11 20 40 32 11
split_gain=6.78149 5.08865 5.35703 4.3515 4.7257 4.77928 2.99299 2.9664 2.9449 1.79132 0.944414
threshold=0.0078614841789808858 -0.011174134089182218 0.21232660781841112 0.028156811569692523 -0.076783658014020581 1.0000000180025095e-35 -0.032918204565473667 0.021409793696191028 0.020047743730173265 0.0038577052640123015 0.051969179825265062
decision_type=2 2 2 2 2 2 2 2 2 2 2
left_child=1 -1 7 4 6 -6 -2 -3 -4 10 -5
right_child=3 2 8 9 5 -7 -8 -9 -10 -11 -12
leaf_value=0.023377435393351305 0 0.0034511081621397465 0.024457518678014507 -0.030130714409215324 -0.011859218921582799 0.0037177725699896846 0.023952583993815339 -0.018444766419748217 0 -0.0026523435640973406 -0.0076032907375099667
leaf_weight=13.056621581315992 7.281408429145813 7.6074767559766796 8.1196839958429354 6.8441820889711398 36.343411520123482 29.603414997458458 7.6112062335014325 10.026231437921522 8.8880069702863675 9.4535006880760175 7.1347663998603821
leaf_count=53 30 31 33 30 155 125 31 43 37 42 31
internal_value=-0.000341746 0.00870548 0.00179196 -0.0047074 -0.00107376 -0.00474236 0.0129216 -0.00884523 0.0133801 -0.015583 -0.0219624
internal_weight=151.97 47.698 34.6414 104.272 80.8394 65.9468 14.8926 17.6337 17.0077 23.4324 13.9789
internal_count=641 197 144 444 341 280 61 74 70 103 61
is_linear=0
shrinkage=0.03


Tree=48
num_leaves=13
num_cat=0
split_feature=38 24 12 28 23 28 25 16 4 2 7 36
split_gain=6.45914 6.04602 5.61253 7.57247 6.80625 6.16768 4.65087 3.20775 3.59487 2.15788 1.93412 1.43445
threshold=0.0078614841789808858 0.40421315325895485 40.378665464156434 5.5000000000000009 0.79705818105176685 6.5000000000000009 0.17192118226600989 -0.25857939108904654 -0.02006336598870689 0.016149339116747655 0.013630663425621435 0.0061033466434422248
decision_type=2 2 2 2 2 2 2 2 2 2 2 2
left_child=1 7 5 11 -5 -2 -7 8 -1 -3 -9 -4
right_child=2 9 3 4 -6 6 -8 10 -10 -11 -12 -13
leaf_value=0.015791825200531344 0.019140687081572925 0.0032291065154912662 -0.03011622903193914 -0.019473479725410019 0.004976805057424945 0.010405702663532921 -0.016117935566653797 0.033383324374835127 -0.0086157855137238473 -0.016818054221492542 0.0070971496400348919 -0.0099528565572656793
leaf_weight=9.5687852352857572 13.965128019452093 7.2453054934740049 12.367745444178583 12.171228408813475 33.975144401192665 7.7910277843475368 12.257494941353796 8.8811959773302096 7.6852773874998119 6.9844570159912109 7.3033986091613761 11.626116767525671
leaf_count=39 58 30 54 54 146 32 51 36 32 30 30 49
internal_value=-0.000327009 0.00850192 -0.00459313 -0.00942945 -0.00170152 0.00493326 -0.00512138 0.015337 0.00437549 -0.00654643 0.0244316 -0.0224407
internal_weight=151.822 47.6684 104.154 70.1402 46.1464 34.0137 20.0485 33.4387 17.2541 14.2298 16.1846 23.9939
internal_count=641 197 444 303 200 141 83 137 71 60 66 103
is_linear=0
shrinkage=0.03


Tree=49
num_leaves=10
num_cat=0
split_feature=24 25 25 21 34 25 6 19 34
split_gain=6.00476 7.26335 6.0184 5.20612 4.93617 3.89556 3.44533 2.83394 2.75147
threshold=0.72996887590366988 0.10380747126436783 0.30467391304347829 0.01847580565616291 -0.025782124138328196 0.49106858054226482 -0.0058934403980183186 0.12220400830464878 0.01044105190434619
decision_type=2 2 2 2 2 2 2 2 2
left_child=1 6 4 -2 -3 -4 8 -8 -1
right_child=3 2 5 -5 -6 -7 7 -9 -10
leaf_value=0.0057561863594968333 0 0.0084455265281196193 0.011676559245903086 -0.032810913875652513 -0.014698270179231129 -0.0033457268581032346 -0.0066307027534752002 0.014751775954109285 0.034230075680816652
leaf_weight=8.0445682108402234 8.135759234428404 8.1647193729877454 28.511167913675308 7.0298149883747092 38.085531458258629 28.036004647612572 9.821793198585512 8.0170820057392103 7.8148782402276984
leaf_count=33 34 34 120 31 162 119 42 34 32
internal_value=-0.000315029 0.00166501 -0.00221922 -0.0171276 -0.010121 0.00411246 0.0133946 0.00274123 0.0228889
internal_weight=151.661 136.496 102.797 15.1656 46.2503 56.5472 33.6983 17.8389 15.8594
internal_count=641 576 435 65 196 239 141 76 65
is_linear=0
shrinkage=0.03


end of trees

feature_importances:
macro_topix_ret_20=33
atr_pct=24
macro_topix_vol_20=22
bb_bandwidth=18
candle_body_pct=18
return_20d=16
volatility=16
macro_nikkei_ret_20=16
macd_signal=15
macro_usdjpy_ret_60=15
gap=14
macro_usdjpy_vol_20=14
return_2d=13
div_ma_60=13
vol_ratio=13
price_position_20d=13
lower_shadow_pct=12
div_ma_10=11
ma_20_60_cross=10
upper_shadow_pct=10
month=10
macro_usdjpy_ret_20=10
return_1d=9
return_10d=9
rsi_change=9
macd_hist=9
macd_hist_change=9
div_ma_5=8
vol_change=8
return_3d=7
rsi=7
macro_topix_above_200dma=7
return_5d=6
macro_nikkei_above_200dma=6
ma_5_20_cross=4
day_of_week=4
div_ma_20=3
macd=3
bb_pct_b=1
streak=1

parameters:
[boosting: gbdt]
[objective: binary]
[metric: binary_logloss]
[tree_learner: serial]
[device_type: cpu]
[data_sample_strategy: bagging]
[data: ]
[valid: ]
[num_iterations: 50]
[learning_rate: 0.03]
[num_leaves: 15]
[num_threads: 0]
[seed: 42]
[deterministic: 0]
[force_col_wise: 0]
[force_row_wise: 0]
[histogram_pool_size: -1]
[max_depth: 4]
[min_data_in_leaf: 30]
[min_sum_hessian_in_leaf: 0.001]
[bagging_fraction: 0.7]
[pos_bagging_fraction: 1]
[neg_bagging_fraction: 1]
[bagging_freq: 5]
[bagging_seed: 400]
[bagging_by_query: 0]
[feature_fraction: 0.6]
[feature_fraction_bynode: 1]
[feature_fraction_seed: 30056]
[extra_trees: 0]
[extra_seed: 12879]
[early_stopping_round: 0]
[early_stopping_min_delta: 0]
[first_metric_only: 0]
[max_delta_step: 0]
[lambda_l1: 0.5]
[lambda_l2: 2]
[linear_lambda: 0]
[min_gain_to_split: 0]
[drop_rate: 0.1]
[max_drop: 50]
[skip_drop: 0.5]
[xgboost_dart_mode: 0]
[uniform_drop: 0]
[drop_seed: 17869]
[top_rate: 0.2]
[other_rate: 0.1]
[min_data_per_group: 100]
[max_cat_threshold: 32]
[cat_l2: 10]
[cat_smooth: 10]
[max_cat_to_onehot: 4]
[top_k: 20]
[monotone_constraints: ]
[monotone_constraints_method: basic]
[monotone_penalty: 0]
[feature_contri: ]
[forcedsplits_filename: ]
[refit_decay_rate: 0.9]
[cegb_tradeoff: 1]
[cegb_penalty_split: 0]
[cegb_penalty_feature_lazy: ]
[cegb_penalty_feature_coupled: ]
[path_smooth: 0]
[interaction_constraints: ]
[verbosity: -1]
[saved_feature_importance_type: 0]
[use_quantized_grad: 0]
[num_grad_quant_bins: 4]
[quant_train_renew_leaf: 0]
[stochastic_rounding: 1]
[linear_tree: 0]
[max_bin: 255]
[max_bin_by_feature: ]
[min_data_in_bin: 5]
[bin_construct_sample_cnt: 200000]
[data_random_seed: 175]
[is_enable_sparse: 1]
[enable_bundle: 1]
[use_missing: 1]
[zero_as_missing: 0]
[feature_pre_filter: 1]
[pre_partition: 0]
[two_round: 0]
[header: 0]
[label_column: ]
[weight_column: ]
[group_column: ]
[ignore_column: ]
[categorical_feature: ]
[forcedbins_filename: ]
[precise_float_parser: 0]
[parser_config_file: ]
[objective_seed: 16083]
[num_class: 1]
[is_unbalance: 0]
[scale_pos_weight: 1]
[sigmoid: 1]
[boost_from_average: 1]
[reg_sqrt: 0]
[alpha: 0.9]
[fair_c: 1]
[poisson_max_delta_step: 0.7]
[tweedie_variance_power: 1.5]
[lambdarank_truncation_level: 30]
[lambdarank_norm: 1]
[label_gain: ]
[lambdarank_position_bias_regularization: 0]
[eval_at: ]
[multi_error_top_k: 1]
[auc_mu_weights: ]
[num_machines: 1]
[local_listen_port: 12400]
[time_out: 120]
[machine_list_filename: ]
[machines: ]
[gpu_platform_id: -1]
[gpu_device_id: -1]
[gpu_use_dp: 0]
[num_gpu: 1]

end of parameters

pandas_categorical:[]
