tree
version=v4
num_class=1
num_tree_per_iteration=1
label_index=0
max_feature_idx=44
objective=binary sigmoid:1
feature_names=return_1d return_2d return_3d return_5d return_10d return_20d div_ma_5 div_ma_10 div_ma_20 div_ma_60 ma_5_20_cross ma_20_60_cross rsi rsi_change macd macd_signal macd_hist macd_hist_change bb_pct_b bb_bandwidth atr_pct volatility vol_change vol_ratio candle_body_pct upper_shadow_pct lower_shadow_pct day_of_week month is_month_end is_month_start streak gap price_position_20d macro_usdjpy_ret_20 macro_usdjpy_ret_60 macro_usdjpy_vol_20 macro_topix_ret_20 macro_topix_vol_20 macro_topix_above_200dma macro_nikkei_ret_20 macro_nikkei_above_200dma macro_nikkei_vi macro_jgb10y macro_bias_score
feature_infos=[-0.12835434852893635:0.16617210682492578] [-0.22148426220040429:0.21772997032640951] [-0.22310354773579466:0.20586597364024506] [-0.22108155002891849:0.29080118694362023] [-0.28019775521111701:0.30192878338278928] [-0.29304461942257221:0.41748654167440136] [-0.15274763297788679:0.092720082027244813] [-0.21539783568068274:0.12935080379706521] [-0.24590370468877951:0.16042594047307318] [-0.29445971225691259:0.25740857503152592] [-0.14874534055042199:0.098736997395715731] [-0.1102545375855446:0.12680590540952696] [12.369651204602661:88.360109635582972] [-33.121422539015342:25.328206189359449] [-238.26566209611747:249.06416956676367] [-182.05043018964793:228.88287429047637] [-89.422362273060244:81.196676320373541] [-34.88001340294278:34.424611612607549] [-0.28830922150144106:1.4180027028808069] [0.037300922361956521:0.40248531031416535] [0.014363198321985507:0.078443877551020405] [0.0092131497949139406:0.068334462003049184] [-0.79600727327827869:4.2083565459610028] [0.52841722475932351:1.7467403614742107] [-0.99394087357954541:1] [0:0.93333333333333335] [0:0.93877551020408168] [0:4] [1:12] none [0:1] [-7:8] [-0.14047151277013747:0.17632552404438973] [0:1] [-0.10288784967882303:0.08505611680078462] [-0.13986255140503889:0.13160084488587853] [0.0024251968629527628:0.011841457708833433] [-0.22586491944566001:0.19897857359448179] [0.0040695656242548776:0.036437272436454948] [0:1] [-0.22859537662338159:0.23022297972565586] [0:1] none none none
tree_sizes=875 1087 1197 864 1181 883 890 984 1098 989 881 885 992 1100 674 1093 1206 1092 1199 996 994 986 871 1184 991 1301 1157 1203 1175 1203 873 1088 993 889 973 680 792 789 1369 785 991 995 777 1199 991 888 991 783 886 984 873 893 896 884

Tree=0
num_leaves=7
num_cat=0
split_feature=5 9 5 35 15 2
split_gain=13.394 10.725 10.7484 8.64918 3.10018 1.33403
threshold=0.1376624980322482 -0.056133413238878965 0.10490435204379546 0.056294619725414836 83.886507265744299 0.016129013324472811
decision_type=2 2 2 2 2 2
left_child=1 -1 3 -3 -2 -4
right_child=4 2 5 -5 -6 -7
leaf_value=0.037459050150578821 -0.029574268508023381 0.0078794416056203881 0.038118295755625135 -0.012517890955130364 -0.00022867684159007858 0.013502817841571126
leaf_weight=9.7499535083770734 7.7499630451202375 92.999556541442871 7.7499630451202375 21.249898672103882 7.9999618530273438 7.7499630451202393
leaf_count=39 31 372 31 85 32 31
internal_value=0.00672689 0.00986534 0.00720724 0.00398927 -0.017712 0.0291173
internal_weight=155.249 139.499 129.749 114.249 15.7499 15.4999
internal_count=621 558 519 457 63 62
is_linear=0
shrinkage=1


Tree=1
num_leaves=9
num_cat=0
split_feature=5 23 20 35 12 28 3 3
split_gain=12.7834 14.0884 13.0633 8.09929 5.22127 4.17156 3.26911 4.88822
threshold=0.1376624980322482 0.8291242818030099 0.019585605710451492 0.055666227439163725 68.565265677385796 8.5000000000000018 0.0093248359922314412 -0.011747641189747969
decision_type=2 2 2 2 2 2 2 2
left_child=1 6 5 -4 -2 -3 7 -1
right_child=4 2 3 -5 -6 -7 -8 -9
leaf_value=0.023562985797206386 -0.0012745062543293964 -0.0051448153732943759 0.0103206272990634 -0.011120027161428575 -0.036447905469036201 -0.032728363227602357 0.035035977813059505 -0.0049592229413079961
leaf_weight=9.9993724524974841 7.9994534254074079 12.999727025628092 69.494985938072205 17.998852118849754 7.7488521933555603 9.4998097568750364 11.998886987566946 7.4995049089193371
leaf_count=40 32 52 278 72 31 38 48 30
internal_value=0.00228931 0.00535751 0.0001513 0.0055924 -0.0215834 -0.0191245 0.0230523 0.0113151
internal_weight=155.239 139.491 109.993 87.4938 15.7483 22.4995 29.4978 17.4989
internal_count=621 558 440 350 63 90 118 70
is_linear=0
shrinkage=0.03


Tree=2
num_leaves=10
num_cat=0
split_feature=20 14 6 37 35 35 12 12 28
split_gain=10.8403 13.4853 7.92329 6.34921 5.7603 8.29956 5.87566 3.97618 2.22543
threshold=0.019585605710451492 76.63807012682129 0.00057276587382999473 0.027324257675769518 0.055666227439163725 0.074884704637423374 56.983146067415738 66.121028910443627 6.5000000000000009
decision_type=2 2 2 2 2 2 2 2 2
left_child=3 4 -3 -1 6 -6 -2 -4 -5
right_child=1 2 7 8 5 -7 -8 -9 -10
leaf_value=0.00099350087214007351 0.00850345398969184 0.0070211163979646152 -0.0031447561116853973 -0.0091855749352938443 -0.017277164363606053 0.017177175495500015 0.027349794407694895 -0.033415437853281806 -0.035935569999418139
leaf_weight=14.497301504015924 46.739865675568581 11.997595995664598 8.2488669753074664 9.4995570331811923 11.748284384608271 9.4984055012464506 25.492682054638863 9.9961367845535261 7.4975620210170737
leaf_count=58 187 48 33 38 47 38 102 40 30
internal_value=0.00220084 0.00629602 -0.010384 -0.0128541 0.011954 -0.00107634 0.0159145 -0.0221332 -0.0243158
internal_weight=155.216 123.722 30.2426 31.4944 93.4792 21.2467 72.2325 18.245 16.9971
internal_count=621 495 121 126 374 85 289 73 68
is_linear=0
shrinkage=0.03


Tree=3
num_leaves=7
num_cat=0
split_feature=9 5 23 23 11 14
split_gain=12.4854 9.50771 13.9427 10.9805 5.18062 2.46896
threshold=-0.056133413238878965 0.1376624980322482 0.8291242818030099 0.97745961831054184 0.0069551707423878293 113.93873376301578
decision_type=2 2 2 2 2 2
left_child=-1 2 4 -4 -2 -3
right_child=1 5 3 -5 -6 -7
leaf_value=0.031883986862049796 0 -0.030941650472383359 -0.015714390449514559 0.0044279424113634466 0.027749941580556377 -0.004069366150031551
leaf_weight=9.7423682212829572 7.4950422346591976 8.240964546799658 35.491385579109192 66.23025943338871 20.491032645106316 7.4963881373405448
leaf_count=39 30 33 142 265 82 30
internal_value=0.00211787 -0.000179668 0.00249815 -0.00262274 0.0205449 -0.0208891
internal_weight=155.187 145.445 129.708 101.722 27.9861 15.7374
internal_count=621 582 519 407 112 63
is_linear=0
shrinkage=0.03


Tree=4
num_leaves=10
num_cat=0
split_feature=21 5 35 40 5 9 22 14 20
split_gain=16.5692 17.7821 10.7295 8.17074 8.98138 4.77889 4.14508 2.33881 1.90189
threshold=0.014635733920778932 0.1376624980322482 0.047612426125369763 0.030787553786406411 0.090626343277535396 0.090046420806217539 0.24346769455861908 113.93873376301578 0.018519428974699784
decision_type=2 2 2 2 2 2 2 2 2
left_child=2 3 6 5 -5 -2 8 -3 -1
right_child=1 7 -4 4 -6 -7 -8 -9 -10
leaf_value=-0.019993522274355583 0.021086062746914221 -0.030220782889298664 -0.039886813530093081 -0.0093123639763907796 0.019974279921133556 -0.00046126829455355562 0.011858282595786074 -0.0039731917753089395 0
leaf_weight=8.9971914738416725 58.460435047745705 8.2322440296411497 9.4959691911935789 25.739715382456779 12.238398239016531 9.2470124065875989 7.7460943609476081 7.4959266185760489 7.4974530786275855
leaf_count=36 234 33 38 103 49 37 31 30 30
internal_value=0.00205554 0.0073234 -0.0158319 0.0118936 0.000277137 0.0179993 -0.00351519 -0.020417 -0.0120474
internal_weight=155.15 121.414 33.7367 105.686 37.9781 67.7074 24.2407 15.7282 16.4946
internal_count=621 486 135 423 152 271 97 63 66
is_linear=0
shrinkage=0.03


Tree=5
num_leaves=7
num_cat=0
split_feature=21 5 34 37 31 15
split_gain=21.4636 17.2388 8.15093 9.51473 4.19017 2.37561
threshold=0.012267606772530944 0.1376624980322482 0.025342927234021987 0.047839393222479772 -1.4999999999999998 83.886507265744299
decision_type=2 2 2 2 2 2
left_child=-1 2 3 -2 -4 -3
right_child=1 5 4 -5 -6 -7
leaf_value=-0.036105589403962156 0.01357105067267783 -0.034540219351120519 0.0066102745648139952 -0.01007623037852759 -0.016556276755065401 -0.0068806307996060953
leaf_weight=12.739426732063292 86.664342775940895 9.2154730409383792 8.4933400750160235 16.23944678902626 17.487613558769226 7.4948217421770087
leaf_count=51 347 37 34 65 70 30
internal_value=-0.00155105 0.0018191 0.00573944 0.00957528 -0.00851574 -0.0249977
internal_weight=158.334 145.595 128.885 102.904 25.981 16.7103
internal_count=634 583 516 412 104 67
is_linear=0
shrinkage=0.03


Tree=6
num_leaves=7
num_cat=0
split_feature=21 5 34 37 17 38
split_gain=20.3399 16.4012 7.67917 8.99734 7.60525 0.96855
threshold=0.012267606772530944 0.1376624980322482 0.025342927234021987 0.047839393222479772 -0.69805882857529189 0.0094324027601269036
decision_type=2 2 2 2 2 2
left_child=-1 2 3 -2 -4 -3
right_child=1 5 4 -5 -6 -7
leaf_value=-0.035190781170677921 0.013177676872205744 -0.031662975188496319 0.0080785892677766417 -0.0098069670040190748 -0.021998556756000806 -0.0091561803795527433
leaf_weight=12.730585366487501 86.634012073278427 9.2059292048215884 11.740185573697092 16.239669963717461 14.24096520245075 7.4817647188901892
leaf_count=51 347 37 47 65 57 30
internal_value=-0.0015422 0.0017365 0.00556218 0.00928846 -0.00826544 -0.0244348
internal_weight=158.273 145.543 128.855 102.874 25.9812 16.6877
internal_count=634 583 516 412 104 67
is_linear=0
shrinkage=0.03


Tree=7
num_leaves=8
num_cat=0
split_feature=5 5 5 37 16 17 15
split_gain=11.679 10.185 14.8152 6.97236 6.74429 2.54887 2.27934
threshold=0.1376624980322482 0.10490435204379546 0.039323343875922075 0.042480378012058735 13.878340783426271 -0.32796094758917199 83.886507265744299
decision_type=2 2 2 2 2 2 2
left_child=1 2 3 -1 -4 -3 -2
right_child=6 5 4 -5 -6 -7 -8
leaf_value=0.0084156775077106234 -0.033211006583063377 0.034161833266679154 -0.021669231343843548 -0.018242912693983149 0.0068633716472153621 0.0058633553748248888 -0.0062918993942187237
leaf_weight=77.60800538957119 9.1751023232936877 7.4808897823095322 33.457742959260941 7.7458516508340827 7.4929149448871604 7.741705045104025 7.4889508038759223
leaf_count=311 37 30 134 31 30 31 30
internal_value=-0.00153481 0.0012888 -0.00152782 0.00546241 -0.0160228 0.0229933 -0.0238876
internal_weight=158.191 141.527 126.305 85.3539 40.9507 15.2226 16.6641
internal_count=634 567 506 342 164 61 67
is_linear=0
shrinkage=0.03


Tree=8
num_leaves=9
num_cat=0
split_feature=5 38 28 25 37 11 15 13
split_gain=11.1544 10.1917 14.3321 6.17953 6.75563 6.11248 2.16296 0.787351
threshold=0.1376624980322482 0.0078995966504895147 8.5000000000000018 0.027876592614783594 0.017841489867405195 0.028069290973070763 83.886507265744299 -1.0935853126536441
decision_type=2 2 2 2 2 2 2 2
left_child=1 2 5 -3 -5 -1 -2 -4
right_child=6 3 7 4 -6 -7 -8 -9
leaf_value=-0.014315514337613952 -0.032479319295895662 -0.012329672533358465 -0.014118554610914371 0.015799431338688306 -0.00074855998058006809 0.013174570181374693 -0.0061440289872561728 -0.040188538944714712
leaf_weight=9.4866736829280871 9.1458349972963351 11.233001634478567 7.4864749759435645 54.135594353079796 33.690539374947548 17.227446809411049 7.487276315689086 8.2309176027774793
leaf_count=38 37 45 30 217 135 69 30 33
internal_value=-0.00149565 0.00126008 -0.0106057 0.00660045 0.00940922 0.0025728 -0.0233616 -0.0316131
internal_weight=158.124 141.491 42.4315 99.0591 87.8261 26.7141 16.6331 15.7174
internal_count=634 567 170 397 352 107 67 63
is_linear=0
shrinkage=0.03


Tree=9
num_leaves=8
num_cat=0
split_feature=21 7 21 21 15 1 23
split_gain=19.0015 15.9447 13.172 8.59562 8.48201 7.69507 3.14507
threshold=0.012267606772530944 0.012580181240314729 0.014635733920778932 0.016297454393505991 30.998772772015446 -0.040559088437571271 1.0015184547891296
decision_type=2 2 2 2 2 2 2
left_child=-1 2 -2 6 -5 -4 -3
right_child=1 3 5 4 -6 -7 -8
leaf_value=-0.034052076627978947 -0.016027926581251586 -0.0028771023380262774 -0.0071157518868307616 -0.0024229825089970391 -0.028486974055049387 0.019383349573932503 0.020361606010543019
leaf_weight=12.703262224793432 12.230426937341688 8.7360710054636019 9.7255233377218229 24.163117200136185 22.391860857605934 60.616807028651237 7.4789598137140265
leaf_count=51 49 35 39 97 90 243 30
internal_value=-0.00149706 0.00167011 0.0103131 -0.00943531 -0.0159251 0.0154168 0.00807674
internal_weight=158.046 145.343 82.5728 62.77 46.555 70.3423 16.215
internal_count=634 583 331 252 187 282 65
is_linear=0
shrinkage=0.03


Tree=10
num_leaves=7
num_cat=0
split_feature=21 14 15 15 11 22
split_gain=13.176 15.706 8.84982 7.61102 7.81423 6.44094
threshold=0.012267606772530944 76.63807012682129 53.368533046512816 89.165787770002581 0.080465077474940264 0.034192030450208917
decision_type=2 2 2 2 2 2
left_child=-1 2 5 -3 -5 -2
right_child=1 3 -4 4 -6 -7
leaf_value=-0.028758990716300274 -0.0036732307272730642 -0.033074097818600323 0.026608502034059824 0.017397563751514657 -0.018394331620027092 0.011661438158377281
leaf_weight=12.431103393435476 54.36087666451931 12.676977261900904 15.20987346768379 7.4848768115043667 10.729152932763098 40.880435153841972
leaf_count=50 218 51 61 30 43 164
internal_value=-0.00140353 0.00126545 0.00667801 -0.0168605 -0.00267787 0.00285908
internal_weight=153.773 141.342 110.451 30.891 18.214 95.2413
internal_count=617 567 443 124 73 382
is_linear=0
shrinkage=0.03


Tree=11
num_leaves=7
num_cat=0
split_feature=21 14 38 15 34 12
split_gain=12.5217 14.8906 10.4784 8.39738 8.1613 0.445523
threshold=0.012267606772530944 76.63807012682129 0.0098235095108185743 53.368533046512816 -0.030156584308748676 64.310489963953998
decision_type=2 2 2 2 2 2
left_child=-1 3 5 4 -2 -3
right_child=1 2 -4 -5 -6 -7
leaf_value=-0.028067684924361486 0.023016060366171036 -0.014001906270068467 0.0051743710632556374 0.025922047009021378 -0.00077047256419758136 -0.035460597722756677
leaf_weight=12.404813304543493 13.183744072914122 8.7349922806024605 11.21863207221031 15.19741505384445 82.049742519855499 10.917486622929571
leaf_count=50 53 35 45 61 329 44
internal_value=-0.00137296 0.0012249 -0.016427 0.00649736 0.00277386 -0.0287899
internal_weight=153.707 141.302 30.8711 110.431 95.2335 19.6525
internal_count=617 567 124 443 382 79
is_linear=0
shrinkage=0.03


Tree=12
num_leaves=8
num_cat=0
split_feature=21 14 38 20 21 17 20
split_gain=11.9049 14.155 9.99634 6.67563 7.53836 4.21831 1.61477
threshold=0.012267606772530944 76.63807012682129 0.0098235095108185743 0.019073486768889324 0.016297454393505991 -0.53626285403497664 0.02864587414779406
decision_type=2 2 2 2 2 2 2
left_child=-1 3 6 5 -5 -2 -3
right_child=1 2 -4 4 -6 -7 -8
leaf_value=-0.027401434823861384 -0.02352689704489647 -0.014943606057275943 0.0050423776034943914 0.024498801300112085 0.0043399652039023537 0.0032067649519824633 -0.040364147190450471
leaf_weight=12.374321669340132 7.9649212062358883 12.18526509404183 11.219272971153258 21.439440488815308 72.252719804644585 8.740570664405821 7.4421008527278891
leaf_count=50 32 49 45 86 290 35 30
internal_value=-0.00134194 0.00118711 -0.0160274 0.00633013 0.00952526 -0.00989021 -0.0281172
internal_weight=153.619 141.244 30.8466 110.398 93.6922 16.7055 19.6274
internal_count=617 567 124 443 376 67 79
is_linear=0
shrinkage=0.03


Tree=13
num_leaves=9
num_cat=0
split_feature=9 38 28 16 34 40 5 34
split_gain=9.15773 8.32332 12.7169 13.626 5.19595 6.49447 5.76132 0.641481
threshold=0.13978097965012651 0.0078650493049408302 8.5000000000000018 1.4004463841242922 0.031314855170889618 0.065369400399097902 0.022711951829587743 -0.0032981526639749843
decision_type=2 2 2 2 2 2 2 2
left_child=1 2 3 -1 5 -3 -6 -4
right_child=-2 4 7 -5 6 -7 -8 -9
leaf_value=0.024696356804331007 -0.023317989186414475 0.012777412970053043 -0.038186987087119768 -0.01379476441622046 -0.024609208475246804 -0.0099425074441327962 0.0079025679230985881 -0.013532247801608372
leaf_weight=12.204423636198046 13.41445170342922 68.475594624876976 7.7035673856735229 17.618831247091293 7.7309790998697263 11.198677256703375 7.4782248586416245 7.6924715936183912
leaf_count=49 54 275 31 71 31 45 30 31
internal_value=-0.00132645 0.000972169 -0.00924517 0.00204757 0.00608668 0.00923507 -0.00869124 -0.0297028
internal_weight=153.517 140.103 45.2193 29.8233 94.8835 79.6743 15.2092 15.396
internal_count=617 563 182 120 381 320 61 62
is_linear=0
shrinkage=0.03


Tree=14
num_leaves=5
num_cat=0
split_feature=21 5 34 5
split_gain=11.1512 8.7394 5.69945 5.48183
threshold=0.012267606772530944 0.14126368122816427 -0.036230795524886554 0.085899378291016917
decision_type=2 2 2 2
left_child=-1 2 -2 -4
right_child=1 -3 3 -5
leaf_value=-0.026591313451977162 0.022774280720240157 -0.019824384461075858 -0.001543905921494024 0.014492947171061752
leaf_weight=12.324552446603773 10.921027764678 13.782256186008452 94.715189859271049 21.676893636584282
leaf_count=50 44 56 380 87
internal_value=-0.00132342 0.00111969 0.00377453 0.00151048
internal_weight=153.42 141.095 127.313 116.392
internal_count=617 567 511 467
is_linear=0
shrinkage=0.03


Tree=15
num_leaves=9
num_cat=0
split_feature=20 2 6 28 25 35 40 32
split_gain=7.70065 8.63453 9.08029 6.85754 5.84502 5.15194 6.02559 5.09827
threshold=0.019585605710451492 0.011852904114941666 -0.028127604953776357 8.5000000000000018 0.024906986357999178 -0.019552645938641363 0.061692741754353804 -0.0009450775899653151
decision_type=2 2 2 2 2 2 2 2
left_child=3 2 -2 7 -4 -3 -7 -1
right_child=1 5 4 -5 -6 6 -8 -9
leaf_value=-0.016089974006051121 -0.013522747185402448 0.0093442408862994489 -0.0059484408791144645 -0.026485680817516611 0.018937303882568354 -0.0024417540960046977 -0.030353592949076698 0.012309696364436266
leaf_weight=7.7040434628725061 9.2067685574293119 14.670153751969336 7.9744328260421744 12.797041207551954 56.187091588973999 27.813534095883369 8.2054879367351514 11.701656445860863
leaf_count=31 37 59 32 52 226 112 33 47
internal_value=0.00142072 0.00491226 0.0114243 -0.0110922 0.0155313 -0.0043045 -0.0104571 0
internal_weight=156.26 124.057 73.3683 32.2027 64.1615 50.6892 36.019 19.4057
internal_count=629 499 295 130 258 204 145 78
is_linear=0
shrinkage=0.03


Tree=16
num_leaves=10
num_cat=0
split_feature=21 7 0 35 14 0 10 10 22
split_gain=13.2771 10.6201 8.77529 6.37807 8.55028 3.81325 2.94287 1.8741 1.0907
threshold=0.01277873095251497 -0.00022892633136051009 -0.014413172909901182 -0.03740733760333486 -6.2427736199529127 0.0030186035081992695 0.005473530954518969 0.024747127654320748 -0.038057194543403332
decision_type=2 2 2 2 2 2 2 2 2
left_child=8 2 6 7 -5 -4 -2 -3 -1
right_child=1 3 5 4 -6 -7 -8 -9 -10
leaf_value=-0.030523113711577104 -0.011152022365092971 0.023828570171359489 0.031251443191021723 -0.031837505600032338 -0.001354240030826546 0.0068986837058363599 0.01072959474157731 0.0010101509619397022 -0.0082614567855501652
leaf_weight=8.3584725111722964 10.441912174224855 7.4603628516197187 21.390139028429985 7.7390167564153662 65.792402178049088 11.933413892984388 7.7272129803895941 7.4531905949115753 7.8782861977815619
leaf_count=34 42 30 86 31 265 48 31 30 32
internal_value=0.00134684 0.00451478 0.0150995 -0.00167944 -0.0055192 0.0238396 -0.000961045 0.0147796 -0.0226346
internal_weight=156.174 139.938 51.4927 88.445 73.5314 33.3236 18.1691 14.9136 16.2368
internal_count=629 563 207 356 296 134 73 60 66
is_linear=0
shrinkage=0.03


Tree=17
num_leaves=9
num_cat=0
split_feature=16 36 18 38 12 40 16 25
split_gain=6.53641 7.16251 10.7941 7.90399 6.84109 4.88363 1.01278 0.150462
threshold=-15.14394965009391 0.0046118762527031969 0.23937876728166521 0.0096396950200652934 74.00640852812613 0.024671143710632618 3.6668027328648383 0.25000112197179819
decision_type=2 2 2 2 2 2 2 2
left_child=5 3 -3 6 -4 7 -2 -1
right_child=1 2 4 -5 -6 -7 -8 -9
leaf_value=0.010675382597676832 -0.010939338676160254 -0.026145891445960183 0.0082088940766163899 0.0054409126068703023 -0.015026003745852175 -0.001696955462845794 -0.03507897622686855 0.02956780155713527
leaf_weight=7.4454004317522111 7.6992828249931398 8.8995286971330625 86.454890519380569 8.9561499357223493 10.843764364719389 8.7189770340919477 8.3886932879686338 8.6793593764305097
leaf_count=30 31 36 348 36 44 35 34 35
internal_value=0.00130081 -0.00133417 0.00201619 -0.0151943 0.00521786 0.0148418 -0.0268426 0.0238126
internal_weight=156.086 131.242 106.198 25.0441 97.2987 24.8437 16.088 16.1248
internal_count=629 529 428 101 392 100 65 65
is_linear=0
shrinkage=0.03


Tree=18
num_leaves=10
num_cat=0
split_feature=20 2 1 36 28 41 14 13 14
split_gain=7.0242 7.8522 6.53175 6.39252 5.27077 5.2569 4.58191 4.05074 2.62833
threshold=0.019585605710451492 0.011852904114941666 -0.040559088437571271 0.0049597557690506501 8.5000000000000018 1.0000000180025095e-35 72.00817396698541 1.698351322875258 18.398920240130341
decision_type=2 2 2 2 2 2 2 2 2
left_child=3 2 -2 -1 8 -3 -7 -4 -5
right_child=1 5 7 4 -6 6 -8 -9 -10
leaf_value=-0.031606205164168989 -0.012104825542374475 0.014367520653308936 0.018836326987893906 -0.0033004789264552245 -0.018585427931373549 -0.00043825713157932399 -0.020915935828838324 0.0016973415875996148 0.018110419502171817
leaf_weight=7.59910625219345 7.7125443816184989 8.6879546642303449 45.413804307579994 7.4684850126504925 8.8219825923442823 26.639206036925316 15.305417433381079 20.12442110478878 8.2207061201333982
leaf_count=31 31 35 183 30 36 107 62 81 33
internal_value=0.00124349 0.00458468 0.010805 -0.0107203 -0.00178342 -0.00419799 -0.00886366 0.0140018 0.00784947
internal_weight=155.994 123.883 73.2508 32.1103 24.5112 50.6326 41.9446 65.5382 15.6892
internal_count=629 499 295 130 99 204 169 264 63
is_linear=0
shrinkage=0.03


Tree=19
num_leaves=8
num_cat=0
split_feature=19 16 12 20 37 25 17
split_gain=11.0809 8.51403 5.56391 8.18836 5.77691 4.84357 4.08345
threshold=0.26835160871574837 4.9008682006851823 37.930427572680166 0.01798636387620961 -0.010198201783399972 0.43168422123422517 -1.9361714021686003
decision_type=2 2 2 2 2 2 2
left_child=1 2 4 -4 -1 6 -3
right_child=-2 5 3 -5 -6 -7 -8
leaf_value=-0.022237811141090698 0.031522733990809841 -0.00029694868864224951 -0.011386222103816332 0.012076278569945358 0.0079827194820681659 0.0050568714928203003 -0.022617905652940695
leaf_weight=11.144398406147959 8.1654541641473752 12.146824970841406 14.305388525128363 66.839748919010162 7.6916558593511573 10.661753147840498 24.918284565210342
leaf_count=45 33 49 58 269 31 43 101
internal_value=0.00118557 -0.000790024 0.00407658 0.00758518 -0.00959572 -0.0110405 -0.0160767
internal_weight=155.874 147.708 99.9812 81.1451 18.8361 47.7269 37.0651
internal_count=629 596 403 327 76 193 150
is_linear=0
shrinkage=0.03


Tree=20
num_leaves=8
num_cat=0
split_feature=9 21 12 32 21 37 2
split_gain=10.857 9.73284 13.0676 8.28494 7.56941 7.62206 0.632906
threshold=0.13978097965012651 0.014532027714375933 55.05310043182218 0.0039449142729374173 0.016023262461775822 -0.0046578348466431154 -0.0044835817486151832
decision_type=2 2 2 2 2 2 2
left_child=1 2 -1 -4 6 -6 -3
right_child=-2 4 3 -5 5 -7 -8
leaf_value=-0.031490379935199625 -0.02705235273878287 0.0084322882087967694 -0.013870508873856784 0.021523047979524274 0.013091317886336943 -0.004514188050745385 0.028192123303351056
leaf_weight=15.539521336555479 11.853563666343687 7.4584555178880718 9.8981571644544619 9.6578660607337934 31.444798976182938 62.336496964097023 9.9332738816738111
leaf_count=63 48 30 40 39 127 251 40
internal_value=-0.00164017 0.000655185 -0.0125742 0.00328814 0.00511244 0.00138241 0.0222353
internal_weight=158.122 146.269 35.0955 19.556 111.173 93.7813 17.3917
internal_count=638 590 142 79 448 378 70
is_linear=0
shrinkage=0.03


Tree=21
num_leaves=8
num_cat=0
split_feature=9 21 12 32 21 19 3
split_gain=10.3349 9.23984 12.4233 7.88043 7.22574 7.4398 2.08623
threshold=0.13978097965012651 0.014532027714375933 55.05310043182218 0.0039449142729374173 0.016023262461775822 0.2630067367401398 -0.0084920362955286915
decision_type=2 2 2 2 2 2 2
left_child=1 2 -1 -4 6 -6 -3
right_child=-2 4 3 -5 5 -7 -8
leaf_value=-0.030730760818113389 -0.026413329965510091 0.0050081790717673609 -0.013532630901107338 0.020983462710113907 -0.0014081404877180153 0.025147504914795338 0.030083792438749896
leaf_weight=15.496013373136519 11.824944555759428 7.448872938752177 9.8909756690263766 9.6604142338037473 85.163440138101578 8.587435454130171 9.9193656146526319
leaf_count=63 48 30 40 39 343 35 40
internal_value=-0.0015917 0.000644575 -0.012252 0.0031905 0.00498952 0.00134212 0.0217315
internal_weight=157.991 146.167 35.0474 19.5514 111.119 93.7509 17.3682
internal_count=638 590 142 79 448 378 70
is_linear=0
shrinkage=0.03


Tree=22
num_leaves=7
num_cat=0
split_feature=19 5 28 3 11 36
split_gain=8.44148 5.09639 7.2514 13.6856 12.3048 3.91299
threshold=0.26835160871574837 -0.059907526052789643 5.5000000000000009 0.041644191220904687 0.04423267735611492 0.0050336948839173829
decision_type=2 2 2 2 2 2
left_child=1 5 3 -3 -4 -1
right_child=-2 2 4 -5 -6 -7
leaf_value=0 0.025268849549315086 0.017536676736495973 0.0052299152961792035 -0.015209414199073982 -0.017514596703247832 -0.026631728718346511
leaf_weight=7.4514955580234554 7.8206138610839835 35.709588751196861 38.680053815245628 14.301935896277426 42.240935638546944 11.647211432456968
leaf_count=30 32 144 156 58 171 47
internal_value=-0.00153915 -0.00334925 -0.00100616 0.00765903 -0.00659795 -0.0170835
internal_weight=157.852 150.031 130.933 50.0115 80.921 19.0987
internal_count=638 606 529 202 327 77
is_linear=0
shrinkage=0.03


Tree=23
num_leaves=10
num_cat=0
split_feature=14 21 7 21 34 6 34 24 23
split_gain=7.09956 10.01 11.0802 9.63397 6.61588 5.02231 4.27292 2.57996 1.85196
threshold=76.63807012682129 0.014635733920778932 0.010182117108549363 0.015916743347039998 -0.020564556758440319 0.00057276587382999473 0.020664005876146922 -0.38799283154121861 0.99618906012341946
decision_type=2 2 2 2 2 2 2 2 2
left_child=1 2 7 -3 -5 -2 -4 -1 -7
right_child=5 3 6 4 -6 8 -8 -9 -10
leaf_value=-0.007360365383134778 0 0.027654922290320919 0.019635175548321584 0.016076086993880322 -0.0028573205627593543 -0.0076041713409759825 -0.0080185487162790295 -0.034263851347937961 -0.033852428757699581
leaf_weight=8.1251987367868406 11.700888887047769 14.359511882066725 8.1772725135087949 20.423345625400543 59.865116715431213 7.3790237307548514 7.3956467807292929 11.751382291316988 8.5866136699914914
leaf_count=33 47 58 33 83 241 30 30 48 35
internal_value=-0.0014946 0.00139991 -0.0116479 0.00658195 0.00205024 -0.014788 0.00623078 -0.0256302 -0.0247529
internal_weight=157.764 130.097 35.4495 94.648 80.2885 27.6665 15.5729 19.8766 15.9656
internal_count=638 526 144 382 324 112 63 81 65
is_linear=0
shrinkage=0.03


Tree=24
num_leaves=8
num_cat=0
split_feature=9 35 7 23 35 25 10
split_gain=9.34832 6.00555 9.2762 8.85699 7.10438 9.48183 1.79711
threshold=0.13978097965012651 0.048026981734366044 0.0083301058023343855 0.92020663431869199 0.037827511716566738 0.13569817033240256 0.012228290012845424
decision_type=2 2 2 2 2 2 2
left_child=1 4 3 -3 5 -1 -4
right_child=-2 2 6 -5 -6 -7 -8
leaf_value=-0.011081063702917022 -0.025151750423148239 0.020902432445248025 -0.034870442614668533 -0.01375652623622968 0.022483815970507116 0.0082920408678623329 -0.0085323898453462318
leaf_weight=34.070061206817627 11.743371874094008 10.917054653167726 8.2189621776342374 11.389787584543226 14.625838562846182 58.9573715031147 7.6768009364604941
leaf_count=138 48 44 33 46 59 239 31
internal_value=-0.0014674 0.000652484 -0.00915625 0.0029128 0.00437359 0.00095516 -0.0253639
internal_weight=157.599 145.856 38.2026 22.3068 107.653 93.0274 15.8958
internal_count=638 590 154 90 436 377 64
is_linear=0
shrinkage=0.03


Tree=25
num_leaves=11
num_cat=0
split_feature=21 37 17 12 12 38 17 38 21 37
split_gain=8.87607 8.83908 12.9308 6.38243 5.34338 5.16698 4.67435 6.4853 4.53335 0.0171618
threshold=0.014635733920778932 0.0032872491602409242 -0.63943392115651665 55.05310043182218 65.026267367908943 0.0092026033992191631 -4.3273857038072228 0.010948616258365853 0.016657037543657379 -0.01091683714871222
decision_type=2 2 2 2 2 2 2 2 2 2
left_child=3 6 5 9 -5 -3 -2 -8 -4 -1
right_child=1 2 8 4 -6 -7 7 -9 -10 -11
leaf_value=-0.031618091914159638 -0.0033864764765836903 0.000542452791730369 0.0062265441959168692 0.016044972044603128 -0.013320823075875838 0.024369699595892171 0.033105306450852488 0.0064344588857993571 -0.016303058491452908 -0.011941740149822957
leaf_weight=7.8119357228279114 8.1630591601133329 18.981471419334412 7.920258864760398 8.1683856546878832 10.349135801196097 14.629366308450697 15.809195429086683 20.762447029352188 36.519126996397972 7.3222855627536756
leaf_count=32 33 77 32 33 42 59 64 84 148 30
internal_value=0.000815097 0.00466442 -0.00130639 -0.0122829 0 0.0121209 0.015013 0.0194714 -0.0118695 -0.0254788
internal_weight=156.437 122.785 78.0502 33.6517 18.5175 33.6108 44.7347 36.5716 44.4394 15.1342
internal_count=634 497 316 137 75 136 181 148 180 62
is_linear=0
shrinkage=0.03


Tree=26
num_leaves=10
num_cat=0
split_feature=21 3 21 35 38 38 22 16 20
split_gain=8.4784 9.28839 8.90895 8.24399 5.60036 5.01732 5.00168 4.91862 4.74454
threshold=0.014635733920778932 0.01891810755354895 0.021145183188275834 0.050053675066468191 0.0098119796908425622 0.012454501608660561 -0.0067960109484213596 4.8152589831873014 0.02591675692442225
decision_type=2 2 2 2 2 2 2 2 2
left_child=3 2 7 6 -4 8 -1 -2 -3
right_child=1 5 4 -5 -6 -7 -8 -9 -10
leaf_value=-0.015128350660289606 0.025764717982401996 0 -0.012737108625903664 -0.03401156347911375 0.010200949510772984 0.0099273764435184805 0.0097568786894291701 0 -0.021427563381858174
leaf_weight=11.739834949374199 31.1612878292799 20.033029034733772 15.077959492802618 8.7878854572772962 19.811577931046486 12.038401901721953 13.074763163924217 7.4226064831018439 17.136208206415176
leaf_count=48 126 81 61 36 80 49 53 30 70
internal_value=0.000795305 0.00456023 0.0112596 -0.012013 0 -0.00519887 -0.00170722 0.0208167 -0.0107377
internal_weight=156.284 122.681 73.4734 33.6025 34.8895 49.2076 24.8146 38.5839 37.1692
internal_count=634 497 297 137 141 200 101 156 151
is_linear=0
shrinkage=0.03


Tree=27
num_leaves=10
num_cat=0
split_feature=21 7 1 35 11 7 9 37 7
split_gain=8.05591 10.1065 12.0589 7.88596 6.25526 5.00546 4.5828 6.3635 5.85679
threshold=0.014635733920778932 0.012580181240314729 -0.040559088437571271 0.050053675066468191 0.0069551707423878293 0.0093431164210335902 0.07540818296528469 0.047839393222479772 0.021605563891130518
decision_type=2 2 2 2 2 2 2 2 2
left_child=3 2 -2 5 -4 -1 8 -8 -3
right_child=1 6 4 -5 -6 -7 7 -9 -10
leaf_value=-0.01344941307358107 -0.01971385317014801 -0.016041492481412178 0.00097938372244088393 -0.03330413803769066 0.022567014815394647 0.011524999267417464 -0.02323715576484181 0.0052681340062231043 0.012132354670784438
leaf_weight=13.663750246167185 7.457066446542739 7.4487162530422237 18.817647323012352 8.7483912706375104 42.950652271509171 11.135444685816763 17.804952129721645 8.8136374503374082 19.273555666208267
leaf_count=56 30 30 76 36 174 45 73 36 78
internal_value=0.000755094 0.00442848 0.0119109 -0.0117377 0.0164626 -0.00165237 -0.00509057 -0.0135661 0.00318661
internal_weight=156.114 122.566 69.2254 33.5476 61.7683 24.7992 53.3409 26.6186 26.7223
internal_count=634 497 280 137 250 101 217 109 108
is_linear=0
shrinkage=0.03


Tree=28
num_leaves=10
num_cat=0
split_feature=21 3 21 28 38 37 17 9 16
split_gain=7.64208 8.41972 8.39086 6.44217 5.36743 4.83567 9.20907 4.72932 4.55646
threshold=0.014635733920778932 0.01891810755354895 0.021145183188275834 8.5000000000000018 0.0098119796908425622 -0.0051777996881827151 2.8014900875311661 0.050655663935273154 4.8152589831873014
decision_type=2 2 2 2 2 2 2 2 2
left_child=3 2 8 7 -4 -3 -7 -1 -2
right_child=1 5 4 -5 -6 6 -8 -9 -10
leaf_value=-0.016229110727282305 0.024752185973451919 0.01057102138757033 -0.012690089038535624 -0.029116505237742271 0.0097752544653282435 0.0033093985222620551 -0.024625955177303802 0.0089382878258660384 0
leaf_weight=9.607979819178583 31.044910654425621 11.067765742540358 15.073406726121901 10.288118347525595 19.780111148953438 19.905979737639427 18.144902095198631 13.585091188549994 7.4167163223028174
leaf_count=39 126 45 61 43 80 81 74 55 30
internal_value=0.000710237 0.00429166 0.0106815 -0.0114672 0 -0.00499724 -0.0102018 -0.00135288 0.0199754
internal_weight=155.915 122.434 73.3151 33.4812 34.8535 49.1186 38.0509 23.1931 38.4616
internal_count=634 497 297 137 141 200 155 94 156
is_linear=0
shrinkage=0.03


Tree=29
num_leaves=10
num_cat=0
split_feature=20 6 34 32 11 15 15 22 37
split_gain=7.22102 7.99615 9.34362 8.42711 5.68253 4.92486 7.23785 4.33262 2.33537
threshold=0.018999652865954262 0.01803320574231888 -0.0043324841583393106 -0.014110396051286276 0.032462655511842804 34.504406665093562 17.789554115574173 0.0027691584498501513 0.042068637041089658
decision_type=2 2 2 2 2 2 2 2 2
left_child=5 3 -3 7 -5 6 -1 -2 -4
right_child=1 2 8 4 -6 -7 -8 -9 -10
leaf_value=-0.017778334299040098 -0.024013944115072339 0.01004296321016286 -0.027596433903172225 0.0038422003715103186 0.020553491448902818 -0.03074088525174578 0.015773808598488061 0.0029489992858862035 -0.00317692525700152
leaf_weight=11.260916888713842 7.6673755496740368 12.753995418548582 12.9796629101038 40.901902750134468 37.89033505320549 7.5027529746294013 8.0610201358795148 9.3491194248199445 7.3404941260814658
leaf_count=46 31 52 53 166 154 31 33 38 30
internal_value=0.000678313 0.00375263 -0.00840749 0.00818986 0.012374 -0.0128078 -0.00291045 -0.00965915 -0.0205222
internal_weight=155.708 128.883 33.0742 95.8087 78.7922 26.8247 19.3219 17.0165 20.3202
internal_count=634 524 135 389 320 110 79 69 83
is_linear=0
shrinkage=0.03


Tree=30
num_leaves=7
num_cat=0
split_feature=19 13 25 24 20 22
split_gain=7.34869 7.09713 6.99374 4.88756 4.84766 4.05602
threshold=0.26835160871574837 -6.0202284191501816 0.10174504584442474 -0.35323984895841737 0.02864587414779406 0.034192030450208917
decision_type=2 2 2 2 2 2
left_child=1 3 4 -1 -3 -4
right_child=-2 2 5 -5 -6 -7
leaf_value=0.027887341505368646 0.023542901889296405 -0.0068541563959270335 -0.0049149277590226723 0 -0.032550263691704315 0.0079460641124902646
leaf_weight=9.398861303925516 9.4659727960824949 26.996443167328835 50.365432217717171 9.8085869848728162 8.8400542587041837 35.931666776537895
leaf_count=38 39 110 205 40 36 146
internal_value=0.000360867 -0.00139387 -0.00420964 0.0145118 -0.0149748 0.000328835
internal_weight=150.807 141.341 122.134 19.2074 35.8365 86.2971
internal_count=614 575 497 78 146 351
is_linear=0
shrinkage=0.03


Tree=31
num_leaves=9
num_cat=0
split_feature=28 14 38 13 17 14 9 38
split_gain=7.20242 10.8363 8.84982 10.4505 6.90885 5.64384 3.03319 1.96876
threshold=6.5000000000000009 76.63807012682129 0.011852333307430624 -5.7527032642710365 7.7830907327848893 15.486510844426563 0.076738481556385185 0.013203536419604469
decision_type=2 2 2 2 2 2 2 2
left_child=1 4 3 -2 5 -1 -5 -4
right_child=2 -3 7 6 -6 -7 -8 -9
leaf_value=0.0040640169409044214 0.013669283251602745 -0.014288789545183971 0.021833948649399255 -0.010675600580823771 -0.009831068176118311 0.026341027182458697 -0.028983086214468164 0.00090013570111090538
leaf_weight=19.694144293665886 10.795267477631567 13.880369529128073 7.6467787623405483 40.572393894195557 7.5995246618986121 27.533235818147659 12.94226850569248 10.068952307105063
leaf_count=80 44 57 31 165 31 112 53 41
internal_value=0.00035127 0.00749309 -0.00548839 -0.0107474 0.0135803 0.0178986 -0.016258 0.011995
internal_weight=150.733 68.7073 82.0257 64.3099 54.8269 47.2274 53.5147 17.7157
internal_count=614 280 334 262 223 192 218 72
is_linear=0
shrinkage=0.03


Tree=32
num_leaves=8
num_cat=0
split_feature=35 7 9 28 25 36 33
split_gain=7.17265 10.5588 7.13786 8.47517 7.29643 4.25155 2.95569
threshold=0.046226040366996408 1.0000000180025095e-35 0.14250889605041031 11.500000000000002 0.087267764387319216 0.0054101259058263402 0.83188273940344437
decision_type=2 2 2 2 2 2 2
left_child=2 5 3 4 -1 -2 -3
right_child=1 6 -4 -5 -6 -7 -8
leaf_value=-0.0030728732969745459 0.021295609030982082 -0.031334398407850676 -0.019745788927993998 -0.019942666539539654 0.01449586794514757 -0.0057136453338254688 -0.0056452128480613453
leaf_weight=27.841455653309822 7.5940878540277508 13.57206502556801 7.9479535669088355 7.6670912951230994 68.097242131829262 8.8507750779390317 9.0445311367511732
leaf_count=113 31 55 33 32 277 36 37
internal_value=0.00034222 -0.010301 0.00431693 0.0066439 0.00928562 0.00690243 -0.0229638
internal_weight=150.615 39.0615 111.554 103.606 95.9387 16.4449 22.6166
internal_count=614 159 455 422 390 67 92
is_linear=0
shrinkage=0.03


Tree=33
num_leaves=7
num_cat=0
split_feature=19 13 28 22 7 32
split_gain=6.91773 6.40286 8.27521 8.81727 8.70757 6.67967
threshold=0.26835160871574837 -6.0202284191501816 6.5000000000000009 0.23539931272317186 0.021311715562757651 -0.0061857507475160381
decision_type=2 2 2 2 2 2
left_child=1 5 4 -4 -3 -1
right_child=-2 2 3 -5 -6 -7
leaf_value=-5.9082188933482833e-05 0.022844698379016568 0.014123548637052761 -0.016741359219712783 0.0085945149192166188 -0.0089160669492213632 0.032644119547503077
leaf_weight=11.79328301548958 9.4179241806268674 32.202609643340111 52.494907110929489 13.76522460579872 23.448576956987381 7.375966563820838
leaf_count=48 39 131 214 56 96 30
internal_value=0.000297911 -0.00140067 -0.00408085 -0.0111606 0.00418311 0.0137112
internal_weight=150.498 141.081 121.911 66.2601 55.6512 19.1692
internal_count=614 575 497 270 227 78
is_linear=0
shrinkage=0.03


Tree=34
num_leaves=8
num_cat=0
split_feature=35 7 28 36 4 5 36
split_gain=6.56932 9.86931 6.54374 8.91179 7.19963 5.7133 4.05769
threshold=0.046226040366996408 1.0000000180025095e-35 11.500000000000002 0.0044305451885316306 0.11853153706283794 0.071599308318298097 0.0054101259058263402
decision_type=2 2 2 2 2 2 2
left_child=2 6 3 -1 -5 -3 -2
right_child=1 5 -4 4 -6 -7 -8
leaf_value=-0.015675749379086903 0.020830359862868474 -0.031505236343179817 -0.019288256282058436 0.01230093817471957 -0.015384932134738433 0 -0.0055534916773083585
leaf_weight=12.169135898351668 7.5730659216642406 15.317200288176538 7.6486706733703604 84.346647784113884 7.2057675272226325 7.2668816298246375 8.8513101637363416
leaf_count=50 31 62 32 343 30 30 36
internal_value=0.000310021 -0.00987738 0.00412187 0.0063223 0.00967922 -0.0221364 0.00673823
internal_weight=150.379 39.0085 111.37 103.722 91.5524 22.5841 16.4244
internal_count=614 159 455 423 373 92 67
is_linear=0
shrinkage=0.03


Tree=35
num_leaves=5
num_cat=0
split_feature=21 16 16 16
split_gain=7.45874 8.63601 5.55451 4.87973
threshold=0.012537059411450922 30.551016205224037 20.164706216363854 5.8877431695549465
decision_type=2 2 2 2
left_child=-1 2 3 -2
right_child=1 -3 -4 -5
leaf_value=-0.023157723165611977 0.0031194650032728543 -0.023099469794686685 0.021457401902045693 -0.010793338664211014
leaf_weight=12.525811612606047 95.232720449566841 11.848008900880812 9.7596606314182264 27.576814204454422
leaf_count=53 387 49 40 112
internal_value=-0.00264153 -0.000467625 0.00175682 -7.35924e-06
internal_weight=156.943 144.417 132.569 122.81
internal_count=641 588 539 499
is_linear=0
shrinkage=0.03


Tree=36
num_leaves=6
num_cat=0
split_feature=21 36 33 36 20
split_gain=7.11284 7.39313 15.4967 7.67007 6.52983
threshold=0.012537059411450922 0.0077922121695635027 0.84073388773824986 0.0075745090968123889 0.028068790748271552
decision_type=2 2 2 2 2
left_child=-1 3 -3 4 -2
right_child=1 2 -4 -5 -6
leaf_value=-0.022659782529395236 0.0041154534872056819 0.032133010223710942 -0.011913008489243915 -0.026912373072074319 -0.010884548701092291
leaf_weight=12.461950927972792 71.226233825087547 14.625867858529093 10.595304057002066 9.6622892022132856 38.260669723153114
leaf_count=53 290 60 43 39 156
internal_value=-0.00257651 -0.000454523 0.0135626 -0.00372037 -0.00109304
internal_weight=156.832 144.37 25.2212 119.149 109.487
internal_count=641 588 103 485 446
is_linear=0
shrinkage=0.03


Tree=37
num_leaves=6
num_cat=0
split_feature=21 16 36 33 36
split_gain=6.78098 8.09593 9.58637 7.31806 7.24151
threshold=0.012537059411450922 30.551016205224037 0.0077922121695635027 0.80908503985085056 0.0075745090968123889
decision_type=2 2 2 2 2
left_child=-1 2 4 -4 -2
right_child=1 -3 3 -5 -6
leaf_value=-0.022175434396870173 0.00056385512548951975 -0.02238527735402103 0.032272137097947663 -0.00097433298727749333 -0.02475850330065266
leaf_weight=12.396791666746138 102.26461534202099 11.820321202278135 12.625014558434488 8.4399090558290464 9.1692840903997404
leaf_count=53 416 49 52 34 37
internal_value=-0.00251747 -0.000446338 0.00170309 0.0193718 -0.00178734
internal_weight=156.716 144.319 132.499 21.0649 111.434
internal_count=641 588 539 86 453
is_linear=0
shrinkage=0.03


Tree=38
num_leaves=12
num_cat=0
split_feature=22 22 17 0 35 25 2 17 6 11 22
split_gain=6.45361 7.55311 5.62657 6.13634 5.36547 5.33017 3.67686 6.55093 5.05036 3.41345 2.6193
threshold=0.034192030450208917 0.48215139297005966 -0.69805882857529189 -0.013101428571676675 -0.031479363654649699 0.22756564180639713 -0.0025023151736739409 2.9993745473352438 -0.01491222673996488 -0.0060312324973667555 0.89640481543938555
decision_type=2 2 2 2 2 2 2 2 2 2 2
left_child=2 6 3 -1 -4 -5 8 -8 -2 -6 -3
right_child=1 10 4 5 9 -7 7 -9 -10 -11 -12
leaf_value=-0.016982883652158012 0.016103102860088175 -0.018059423622077131 0.0030113470129102377 -0.0042372272369186606 0 0.019890007845775552 0.027976485164692207 0 -0.013967665880860576 -0.022036264755335051 0.0017053074409780374
leaf_weight=9.8248044252395612 7.3764807134866741 11.531377062201502 11.706371098756788 13.403841957449915 7.4253047406673423 14.863427236676214 17.596428424119953 10.561833351850508 8.8352232575416547 35.378345459699631 8.0654362738132459
leaf_count=40 30 47 49 55 30 61 72 43 36 145 33
internal_value=-0.00246121 0.0046397 -0.00751926 0.000980863 -0.0135492 0.0084297 0.0115003 0.0176941 0 -0.0183453 -0.00982572
internal_weight=156.569 63.9668 92.6021 38.0921 54.51 28.2673 44.37 28.1583 16.2117 42.8037 19.5968
internal_count=641 261 380 156 224 116 181 115 66 175 80
is_linear=0
shrinkage=0.03


Tree=39
num_leaves=6
num_cat=0
split_feature=21 16 36 12 36
split_gain=6.48239 7.677 9.0195 7.14927 6.86944
threshold=0.012537059411450922 30.551016205224037 0.0077922121695635027 63.234091963900688 0.0075745090968123889
decision_type=2 2 2 2 2
left_child=-1 2 4 -4 -2
right_child=1 -3 3 -5 -6
leaf_value=-0.021662916908555579 0.00062908166962996333 -0.021766390861866811 0.030562617336609477 -0.0028844624863814533 -0.024034263789725348
leaf_weight=12.320462793111799 102.2028387337923 11.784150049090384 13.588237792253496 7.4012891948223105 9.1708198934793455
leaf_count=53 416 49 56 30 37
internal_value=-0.00239093 -0.000367176 0.00172197 0.0188912 -0.00165762
internal_weight=156.468 144.147 132.363 20.9895 111.374
internal_count=641 588 539 86 453
is_linear=0
shrinkage=0.03


Tree=40
num_leaves=8
num_cat=0
split_feature=8 21 36 36 37 21 36
split_gain=7.50629 6.17099 7.02088 7.82185 6.25865 5.93631 5.16349
threshold=0.082182715187040942 0.01431943943034541 0.0054978643801710412 0.0076788407034818198 0.016101285865386953 0.017469924239818139 0.005159720709247047
decision_type=2 2 2 2 2 2 2
left_child=1 2 -1 -4 6 -6 -3
right_child=-2 4 3 -5 5 -7 -8
leaf_value=-0.029009564501561599 -0.021161658502436953 0.024570246801918459 0.014970647135099378 -0.020549314993175118 0.0099940310622394519 -0.0097709828386461049 0.00556234736853065
leaf_weight=8.31320968270302 10.416682630777357 20.212399646639824 12.539603486657144 6.9893992096185675 21.555314213037491 30.09772352874279 41.609658226370811
leaf_count=35 44 82 51 30 88 122 170
internal_value=0.0010806 0.0030972 -0.00892161 0.000833354 0.00627947 -0.0011782 0.0125871
internal_weight=151.734 141.317 27.8422 19.529 113.475 51.653 61.8221
internal_count=622 578 116 81 462 210 252
is_linear=0
shrinkage=0.03


Tree=41
num_leaves=8
num_cat=0
split_feature=16 21 37 36 36 36 12
split_gain=8.01332 6.1057 7.28947 7.49419 6.70608 7.45745 4.67726
threshold=30.551016205224037 0.01431943943034541 0.0032872491602409242 0.0077384833678273684 0.0054978643801710412 0.0076788407034818198 37.930427572680166
decision_type=2 2 2 2 2 2 2
left_child=1 4 6 -4 -1 -6 -3
right_child=-2 2 3 -5 5 -7 -8
leaf_value=-0.028425031856797546 -0.020942247589581887 -0.00086241380474620785 -0.004112789611313423 0.019678764021420585 0.014574848787610088 -0.020142058183200921 0.021549092732587861
leaf_weight=8.2713982164859789 11.477320253849028 9.3259231597185117 58.950005188584328 12.776762560009955 12.547909438610079 6.95771799981594 31.245115622878075
leaf_count=35 48 38 240 52 51 30 128
internal_value=0.00103642 0.00321232 0.00640212 0.000340634 -0.00874359 0.000772203 0.0162466
internal_weight=151.552 140.075 112.298 71.7268 27.777 19.5056 40.571
internal_count=622 574 458 292 116 81 166
is_linear=0
shrinkage=0.03


Tree=42
num_leaves=6
num_cat=0
split_feature=16 9 5 5 22
split_gain=7.60832 4.53281 8.09448 7.44913 0.833489
threshold=30.551016205224037 0.13609373690456247 0.094139595624829445 0.041028200995649418 0.061083142042069445
decision_type=2 2 2 2 2
left_child=1 2 3 -1 -4
right_child=-2 -3 4 -5 -6
leaf_value=0.0068953572057261258 -0.020439298652438542 -0.01353014514621341 0.02863815863701958 -0.0093567074615756498 0.0079684928924763383
leaf_weight=75.7004224807024 11.456478416919706 11.049858599901198 10.49892643094063 35.345952212810516 7.3141214102506629
leaf_count=311 48 46 43 144 30
internal_value=0.000990412 0.00311422 0.00484109 0.00151563 0.0225693
internal_weight=151.366 139.909 128.859 111.046 17.813
internal_count=622 574 528 455 73
is_linear=0
shrinkage=0.03


Tree=43
num_leaves=10
num_cat=0
split_feature=14 21 15 36 9 35 12 15 3
split_gain=6.16696 6.413 7.30038 6.07961 5.87608 5.32676 5.01921 4.33862 1.81095
threshold=74.161803991710045 0.014170803852770876 -8.62015416663764 0.0054978643801710412 -0.043564340679840351 0.051122905301416728 43.18748960981484 96.783677188045104 0.041644191220904687
decision_type=2 2 2 2 2 2 2 2 2
left_child=1 3 4 -1 -3 -4 -5 8 -2
right_child=7 2 5 6 -6 -7 -8 -9 -10
leaf_value=-0.027233770918655854 -0.0070811253246026266 0.0093450325597315628 0.017821043246688657 -0.014677646752813857 -0.016980489333192551 -0.00042953925846198738 0.014588936833324923 0.0011622974782719592 -0.030292076341179103
leaf_weight=7.983717858791354 10.33868463337422 11.660589680075647 50.335505545139313 7.222043693065646 14.565070018172262 17.548885643482208 10.046857103705404 14.373432725667952 7.2074106037616721
leaf_count=34 42 48 206 31 59 71 41 59 31
internal_value=0.00095835 0.00419528 0.00786236 -0.00849465 -0.00491129 0.0130111 0.00131782 -0.0102375 -0.0195069
internal_weight=151.282 119.363 94.1101 25.2526 26.2257 67.8844 17.2689 31.9195 17.5461
internal_count=622 490 384 106 107 277 72 132 73
is_linear=0
shrinkage=0.03


Tree=44
num_leaves=8
num_cat=0
split_feature=2 37 28 21 10 15 19
split_gain=5.71238 5.74765 12.1599 10.4588 7.12632 6.37492 4.1024
threshold=0.057119479064710717 0.016101285865386953 6.5000000000000009 0.014635733920778932 0.033464431669454349 16.968926001895067 0.10256232587677312
decision_type=2 2 2 2 2 2 2
left_child=1 3 4 -1 -3 -4 -5
right_child=-2 2 5 6 -6 -7 -8
leaf_value=-0.012715184440158319 -0.017035938752771883 0.019803529723464448 0.0038338816595001744 0.027026379720536797 -0.0056984771645510104 -0.023242005464886872 0.0081528294960898362
leaf_weight=13.786668375134466 12.29578413069248 20.115963324904442 9.1229065358638746 16.33187609910965 15.255923837423323 24.637834444642067 39.52617734670639
leaf_count=58 51 82 37 67 63 102 162
internal_value=0.000900853 0.00281607 -0.00311856 0.00883903 0.00868679 -0.0157008 0.0146738
internal_weight=151.073 138.777 69.1326 69.6447 35.3719 33.7607 55.8581
internal_count=622 571 284 287 145 139 229
is_linear=0
shrinkage=0.03


Tree=45
num_leaves=7
num_cat=0
split_feature=21 5 2 35 2 4
split_gain=7.03032 6.90488 6.66462 6.15275 1.78517 0.699875
threshold=0.01277873095251497 0.1376624980322482 0.050653601746732509 0.056294619725414836 0.034946721035783009 -0.0052339075551496297
decision_type=2 2 2 2 2 2
left_child=5 2 3 -2 -3 -1
right_child=1 4 -4 -5 -6 -7
leaf_value=-0.0052926014738952799 0.011106071969864567 -0.024004970922596083 -0.013631780923384228 -0.0055935885547592559 -0.0012750266662657727 -0.024292920643658865
leaf_weight=6.9070346057415009 91.014140009880066 7.4704514145851117 12.724270239472387 22.597138866782188 7.2339786291122437 7.5907288789749128
leaf_count=30 372 31 52 92 31 33
internal_value=0.000542586 0.0027657 0.00517953 0.00761548 -0.0152122 -0.017889
internal_weight=155.538 141.04 126.336 113.611 14.7044 14.4978
internal_count=641 578 516 464 62 63
is_linear=0
shrinkage=0.03


Tree=46
num_leaves=8
num_cat=0
split_feature=21 31 34 6 38 38 24
split_gain=6.70653 6.54953 8.64506 7.35861 4.74951 2.85822 1.29978
threshold=0.01277873095251497 2.5000000000000004 -0.020564556758440319 0.024464252837505408 0.0064437642039240038 0.008794915034621811 0.066678520625889068
decision_type=2 2 2 2 2 2 2
left_child=6 2 5 -3 -4 -2 -1
right_child=1 3 4 -5 -6 -7 -8
leaf_value=-0.025844624013576484 0.0024338219650475753 0.008330099230197752 0.02052848989215349 -0.02493465701106683 -0.00083099801463427621 0.028001378116491692 -0.0041173443923045276
leaf_weight=7.0939668715000135 7.3533614873886135 7.8565841615200069 8.3489531576633436 12.804653808474539 88.969016626477242 15.583570674061773 7.3475388884544373
leaf_count=31 30 32 34 53 364 65 32
internal_value=0.000485659 0.00265848 0.00545567 -0.0120048 0.0012269 0.0212588 -0.0175481
internal_weight=155.358 140.916 120.255 20.6612 97.318 22.9369 14.4415
internal_count=641 578 493 85 398 95 63
is_linear=0
shrinkage=0.03


Tree=47
num_leaves=6
num_cat=0
split_feature=21 9 25 37 24
split_gain=6.43036 6.4677 7.2467 5.27511 1.24317
threshold=0.01277873095251497 0.13609373690456247 1.0000000180025095e-35 0.011647472816881168 0.066678520625889068
decision_type=2 2 2 2 2
left_child=4 2 -2 -4 -1
right_child=1 -3 3 -5 -6
leaf_value=-0.025378618489538447 -0.015508301400674728 -0.015351252346056214 0.01426842179233285 0.0011649239218933804 -0.0040236652090984244
leaf_weight=7.0449687093496305 11.782162100076674 13.796273544430731 51.679203599691391 63.532653346657753 7.3397298157215118
leaf_count=31 48 58 213 259 32
internal_value=0.000470169 0.00259841 0.00487248 0.00731375 -0.017219
internal_weight=155.175 140.79 126.994 115.212 14.3847
internal_count=641 578 520 472 63
is_linear=0
shrinkage=0.03


Tree=48
num_leaves=7
num_cat=0
split_feature=21 5 2 35 2 11
split_gain=6.14893 6.29049 6.04714 5.72065 1.79039 0.796241
threshold=0.01277873095251497 0.1376624980322482 0.050653601746732509 0.056294619725414836 0.034946721035783009 0.039312255606475784
decision_type=2 2 2 2 2 2
left_child=5 2 3 -2 -3 -1
right_child=1 4 -4 -5 -6 -7
leaf_value=-0.0049583750155542325 0.010531875570379658 -0.02344704800565988 -0.013095221310397408 -0.0055671770270822509 -0.00085503055975575163 -0.024026643309810421
leaf_weight=7.4105638265609723 90.758187100291252 7.4360088109970075 12.694577887654303 22.581291034817696 7.1952918916940689 6.91665318608284
leaf_count=32 372 31 52 92 31 31
internal_value=0.000430806 0.0025131 0.00482403 0.0071534 -0.0146777 -0.0168981
internal_weight=154.993 140.665 126.034 113.339 14.6313 14.3272
internal_count=641 578 516 464 62 63
is_linear=0
shrinkage=0.03


Tree=49
num_leaves=8
num_cat=0
split_feature=9 12 9 4 12 36 33
split_gain=6.32243 4.80944 6.78538 4.25273 6.52878 6.2305 4.00878
threshold=-0.056133413238878965 55.844631070293552 0.13609373690456247 -0.010670842991969296 39.82545036913033 0.0071026271226287954 0.96300062028237432
decision_type=2 2 2 2 2 2 2
left_child=-1 3 6 4 -2 -5 -3
right_child=1 2 -4 5 -6 -7 -8
leaf_value=0.019777799000152321 -0.014144281596892651 0.010375918651413994 -0.014337475463715372 -0.024247828115330786 0.010834321668002233 0.0034205171616897389 -0.0098835306644858879
leaf_weight=11.894179865717886 14.850307255983351 58.224463254213333 13.498734414577482 20.091197729110721 19.338961690664291 8.9850559979677183 7.9186811894178382
leaf_count=50 62 239 57 83 80 37 33
internal_value=0.000377578 -0.00138427 0.00336396 -0.00751134 0 -0.0155453 0.00751143
internal_weight=154.802 142.907 79.6419 63.2655 34.1893 29.0763 66.1431
internal_count=641 591 329 262 142 120 272
is_linear=0
shrinkage=0.03


Tree=50
num_leaves=7
num_cat=0
split_feature=19 7 35 15 35 21
split_gain=7.01713 6.43761 16.1887 8.30759 3.82939 3.20885
threshold=0.26835160871574837 -0.0012818937701742324 -0.01244948081892938 -21.161177494663473 0.042782929003027832 0.015046686754897332
decision_type=2 2 2 2 2 2
left_child=1 2 -1 -3 -5 -4
right_child=-2 3 5 4 -6 -7
leaf_value=-0.020679142328068865 0.023018817571208289 -0.032608647167597794 0 0.0012421042111871714 -0.01126717590472676 0.019789543784577202
leaf_weight=12.778894856572149 8.732282876968382 8.1822474002838117 7.6709460765123358 54.133046552538872 32.871819108724594 31.59757387638092
leaf_count=54 37 33 32 224 136 130
internal_value=-0.000302417 -0.00207604 0.00611309 -0.00674177 -0.00346255 0.015775
internal_weight=155.967 147.235 52.0474 95.1871 87.0049 39.2685
internal_count=646 609 216 393 360 162
is_linear=0
shrinkage=0.03


Tree=51
num_leaves=7
num_cat=0
split_feature=25 20 34 15 34 8
split_gain=6.33621 5.82512 3.9541 8.20355 5.67606 3.59475
threshold=1.0000000180025095e-35 0.038524402581545443 0.0096596483548980778 31.867007811511829 0.029096168512459778 -0.025092751204923644
decision_type=2 2 2 2 2 2
left_child=-1 2 3 -2 -4 -3
right_child=1 5 4 -5 -6 -7
leaf_value=-0.018325617243409701 0.002181894275349728 0.029565997294389048 0.011784978932973252 -0.019162159556539885 -0.006170910506903454 0.001146121943176789
leaf_weight=13.933209866285322 40.109764322638512 8.0432517081499117 37.423041865229607 23.729412212967873 23.666376531124115 8.8923216015100461
leaf_count=58 166 34 155 98 98 37
internal_value=-0.000301022 0.00159515 -0.000629781 -0.00586508 0.00461591 0.017133
internal_weight=155.797 141.864 124.929 63.8392 61.0894 16.9356
internal_count=646 588 517 264 253 71
is_linear=0
shrinkage=0.03


Tree=52
num_leaves=7
num_cat=0
split_feature=9 9 7 21 5 0
split_gain=6.67718 6.46062 5.18756 7.85147 6.95966 3.00013
threshold=-0.047762235336125065 -0.025092322801959745 0.0015013434856348334 0.014170803852770876 0.079226230896989894 -0.0054625699890925574
decision_type=2 2 2 2 2 2
left_child=5 -2 3 -3 -4 -1
right_child=1 2 4 -5 -6 -7
leaf_value=0.001720252320611523 -0.023150392693039864 -0.016183830368933061 -0.012255662989764089 0.014978398536019514 0.0039519127871057106 0.02849188127990027
leaf_weight=8.8400015532970446 10.562521949410437 7.1100103557109824 47.436636820435524 31.500724151730537 42.734061494469643 7.5405472964048377
leaf_count=37 43 31 195 130 178 32
internal_value=-0.000285897 -0.00258638 -0.000456803 0.00835622 -0.00449268 0.0166195
internal_weight=155.725 139.344 128.781 38.6107 90.1707 16.3805
internal_count=646 577 534 161 373 69
is_linear=0
shrinkage=0.03


Tree=53
num_leaves=7
num_cat=0
split_feature=9 15 21 34 33 0
split_gain=6.40939 6.81354 4.10127 4.43187 2.69629 0.608667
threshold=-0.050883818850470199 -14.409711168792233 0.013077148180690288 0.0084672293851539866 0.57499681492508226 -0.006052913739335585
decision_type=2 2 2 2 2 2
left_child=5 4 -3 -4 -2 -1
right_child=1 2 3 -5 -6 -7
leaf_value=0.0055756429598483757 -0.030235386816035568 -0.014711970282279276 -0.0042236196054213594 0.007487469931575428 -0.0036134576623057879 0.023658617767362881
leaf_weight=7.3820869624614716 8.1267816573381442 12.864982128143309 50.827556073665619 60.788027748465538 8.3222501873970014 7.2949659675359708
leaf_count=31 33 57 209 251 34 31
internal_value=-0.000272591 -0.00241503 0 0.00204197 -0.0194312 0.0172223
internal_weight=155.607 140.93 124.481 111.616 16.449 14.6771
internal_count=646 584 517 460 67 62
is_linear=0
shrinkage=0.03


end of trees

feature_importances:
volatility=41
return_20d=22
macro_usdjpy_vol_20=20
div_ma_60=19
macro_usdjpy_ret_60=19
macd_signal=16
macro_topix_ret_20=16
rsi=15
macro_topix_vol_20=15
macd_hist=14
macd=13
atr_pct=13
month=13
macro_usdjpy_ret_20=13
div_ma_10=12
vol_change=11
return_3d=10
macd_hist_change=10
upper_shadow_pct=10
ma_20_60_cross=8
return_5d=7
bb_bandwidth=7
div_ma_5=6
vol_ratio=6
return_1d=5
rsi_change=5
gap=5
price_position_20d=5
ma_5_20_cross=4
candle_body_pct=4
macro_nikkei_ret_20=4
return_2d=3
return_10d=3
div_ma_20=2
streak=2
bb_pct_b=1
macro_nikkei_above_200dma=1

parameters:
[boosting: gbdt]
[objective: binary]
[metric: binary_logloss]
[tree_learner: serial]
[device_type: cpu]
[data_sample_strategy: bagging]
[data: ]
[valid: ]
[num_iterations: 500]
[learning_rate: 0.03]
[num_leaves: 15]
[num_threads: 0]
[seed: 42]
[deterministic: 0]
[force_col_wise: 0]
[force_row_wise: 0]
[histogram_pool_size: -1]
[max_depth: 4]
[min_data_in_leaf: 30]
[min_sum_hessian_in_leaf: 0.001]
[bagging_fraction: 0.7]
[pos_bagging_fraction: 1]
[neg_bagging_fraction: 1]
[bagging_freq: 5]
[bagging_seed: 400]
[bagging_by_query: 0]
[feature_fraction: 0.6]
[feature_fraction_bynode: 1]
[feature_fraction_seed: 30056]
[extra_trees: 0]
[extra_seed: 12879]
[early_stopping_round: 0]
[early_stopping_min_delta: 0]
[first_metric_only: 0]
[max_delta_step: 0]
[lambda_l1: 0.5]
[lambda_l2: 2]
[linear_lambda: 0]
[min_gain_to_split: 0]
[drop_rate: 0.1]
[max_drop: 50]
[skip_drop: 0.5]
[xgboost_dart_mode: 0]
[uniform_drop: 0]
[drop_seed: 17869]
[top_rate: 0.2]
[other_rate: 0.1]
[min_data_per_group: 100]
[max_cat_threshold: 32]
[cat_l2: 10]
[cat_smooth: 10]
[max_cat_to_onehot: 4]
[top_k: 20]
[monotone_constraints: ]
[monotone_constraints_method: basic]
[monotone_penalty: 0]
[feature_contri: ]
[forcedsplits_filename: ]
[refit_decay_rate: 0.9]
[cegb_tradeoff: 1]
[cegb_penalty_split: 0]
[cegb_penalty_feature_lazy: ]
[cegb_penalty_feature_coupled: ]
[path_smooth: 0]
[interaction_constraints: ]
[verbosity: -1]
[saved_feature_importance_type: 0]
[use_quantized_grad: 0]
[num_grad_quant_bins: 4]
[quant_train_renew_leaf: 0]
[stochastic_rounding: 1]
[linear_tree: 0]
[max_bin: 255]
[max_bin_by_feature: ]
[min_data_in_bin: 5]
[bin_construct_sample_cnt: 200000]
[data_random_seed: 175]
[is_enable_sparse: 1]
[enable_bundle: 1]
[use_missing: 1]
[zero_as_missing: 0]
[feature_pre_filter: 1]
[pre_partition: 0]
[two_round: 0]
[header: 0]
[label_column: ]
[weight_column: ]
[group_column: ]
[ignore_column: ]
[categorical_feature: ]
[forcedbins_filename: ]
[precise_float_parser: 0]
[parser_config_file: ]
[objective_seed: 16083]
[num_class: 1]
[is_unbalance: 0]
[scale_pos_weight: 1]
[sigmoid: 1]
[boost_from_average: 1]
[reg_sqrt: 0]
[alpha: 0.9]
[fair_c: 1]
[poisson_max_delta_step: 0.7]
[tweedie_variance_power: 1.5]
[lambdarank_truncation_level: 30]
[lambdarank_norm: 1]
[label_gain: ]
[lambdarank_position_bias_regularization: 0]
[eval_at: ]
[multi_error_top_k: 1]
[auc_mu_weights: ]
[num_machines: 1]
[local_listen_port: 12400]
[time_out: 120]
[machine_list_filename: ]
[machines: ]
[gpu_platform_id: -1]
[gpu_device_id: -1]
[gpu_use_dp: 0]
[num_gpu: 1]

end of parameters

pandas_categorical:[]
