tree
version=v4
num_class=1
num_tree_per_iteration=1
label_index=0
max_feature_idx=44
objective=binary sigmoid:1
feature_names=return_1d return_2d return_3d return_5d return_10d return_20d div_ma_5 div_ma_10 div_ma_20 div_ma_60 ma_5_20_cross ma_20_60_cross rsi rsi_change macd macd_signal macd_hist macd_hist_change bb_pct_b bb_bandwidth atr_pct volatility vol_change vol_ratio candle_body_pct upper_shadow_pct lower_shadow_pct day_of_week month is_month_end is_month_start streak gap price_position_20d macro_usdjpy_ret_20 macro_usdjpy_ret_60 macro_usdjpy_vol_20 macro_topix_ret_20 macro_topix_vol_20 macro_topix_above_200dma macro_nikkei_ret_20 macro_nikkei_above_200dma macro_nikkei_vi macro_jgb10y macro_bias_score
feature_infos=[-0.1145230304555751:0.090864197530864166] [-0.17184557438794723:0.10819304152637477] [-0.19698698927185576:0.1272627537026878] [-0.21479114357452633:0.14997202014549527] [-0.23265670310060227:0.23734335839599008] [-0.2729224822847327:0.27051282051282044] [-0.14374726184101641:0.082547542538060376] [-0.17620887483901182:0.12704637069130995] [-0.2058601112879378:0.17909770485538917] [-0.2452101158786005:0.20264223022144121] [-0.16034833022465633:0.13478325534568159] [-0.1461133909244523:0.10918758624349856] [11.412268188302434:96.610169491525426] [-26.166405926884977:30.705818965517238] [-1419.5641658301938:1215.7867024091938] [-1217.0129232006025:971.58569863973196] [-533.10655326081837:468.99317417642771] [-196.0379447228307:137.05173800247223] [-0.47670679861149556:1.2971735393536079] [0.037545589335515578:0.45191563716618627] [0.012987012987012988:0.064446038309003459] [0.0084315815491445359:0.046034046855147601] [-0.92603526689539617:4.1758360302049624] [0.47853764439148244:2.2056928407612957] [-1:1] [0:0.9285714285714286] [0:0.96103896103896103] [0:4] [1:12] [0:1] [0:1] [-10:11] [-0.12303664921465973:0.10952902519167584] [0:1] [-0.10288784967882303:0.08505611680078462] [-0.13986255140503889:0.13160084488587853] [0.0024251968629527628:0.011841457708833433] [-0.21871130063915301:0.21255327098343968] [0.0039190589040050275:0.040640984327119517] [0:1] [-0.22859537662338159:0.23022297972565586] [0:1] none none none
tree_sizes=1182 1189 1100 1210 1203 1098 889 1079 1094 972 896 1091 1414 1100 793 979 1001 977 1525 897 1211 891 871 1207 784 892 1293 1099 1201 890 1107 1195 1101 1181 1187 1527 1527 1412 1390 1411 1088 1107 1103 1405 1299 1101 1187 788 997 1295

Tree=0
num_leaves=10
num_cat=0
split_feature=37 40 37 23 15 14 32 0 16
split_gain=18.7678 13.7724 20.2798 6.7395 6.5862 5.13218 9.60096 3.16122 2.52759
threshold=-0.00049927993902620915 0.010778926395724754 0.053109922389073756 1.0579530892994384 61.684708969962138 -167.18784430396042 -0.0035922741219520655 -0.0011900543937662931 48.73015786178351
decision_type=2 2 2 2 2 2 2 2 2
left_child=4 7 3 -3 5 6 -1 -2 -4
right_child=1 2 8 -5 -6 -7 -8 -9 -10
leaf_value=-0.22682597761959147 -0.22463680884000153 -0.21368796799392339 -0.22299000617085951 -0.19319347591946071 -0.21928548204066298 -0.17856274870519018 -0.19018744020031078 -0.25140516085420167 -0.24743176641404166
leaf_weight=8.4040551483631116 11.370192259550096 41.525919556617737 10.875836074352266 19.032713130116463 9.8871237039566022 11.864548444747927 14.336329370737074 13.100438907742499 13.100438907742499
leaf_count=34 46 168 44 77 40 48 58 53 53
internal_value=-0.215609 -0.222365 -0.21618 -0.20705 -0.199701 -0.193673 -0.204334 -0.241331 -0.238523
internal_weight=153.498 109.006 84.5349 60.5586 44.4921 34.6049 22.7404 24.4706 23.9763
internal_count=621 441 342 245 180 140 92 99 97
is_linear=0
shrinkage=1


Tree=1
num_leaves=10
num_cat=0
split_feature=37 40 37 15 23 32 24 36 2
split_gain=17.806 13.1166 19.3985 6.25107 6.10633 5.17596 3.22945 2.83527 0.738686
threshold=-0.00049927993902620915 0.010778926395724754 0.056587347134767547 65.075923017517411 1.0579530892994384 -0.0073211663958088194 -0.32126474442988201 0.0055349937015149574 0.009363287239335329
decision_type=2 2 2 2 2 2 2 2 2
left_child=3 6 4 5 -3 -1 -2 -7 -4
right_child=1 2 8 -5 -6 7 -8 -9 -10
leaf_value=0 -0.0073710291662023326 -0.00071137101889990316 -0.032028199555481612 -0.0063892825483915549 0.018412027032731006 0.0060999999339561087 -0.035081380487730143 0.032250514642647922 -0.010931956648262756
leaf_weight=9.8883548378944379 8.3881938308477419 43.49527907371521 13.315923333168032 9.386704742908476 19.810833841562271 7.9275058507919338 16.01076152920723 17.344294100999832 7.8872594833374015
leaf_count=40 34 176 54 38 80 32 65 70 32
internal_value=-0.00227147 -0.0088616 -0.00282526 0.0132063 0.00542396 0.0189037 -0.0274031 0.0256463 -0.0264459
internal_weight=153.455 108.908 84.5093 44.5469 63.3061 35.1602 24.399 25.2718 21.2032
internal_count=621 441 342 180 256 142 99 102 86
is_linear=0
shrinkage=0.03


Tree=2
num_leaves=9
num_cat=0
split_feature=40 36 11 28 28 26 36 21
split_gain=12.3593 8.28284 11.5748 12.0389 5.24064 5.98413 4.35468 1.90091
threshold=0.075776519017465752 0.0061325581168434106 -0.019419674257399207 5.5000000000000009 2.5000000000000004 0.060475444096133764 0.0080627815361906854 0.01896155663860882
decision_type=2 2 2 2 2 2 2 2
left_child=1 4 6 -4 -1 -6 -3 -2
right_child=7 2 3 -5 5 -7 -8 -9
leaf_value=-0.024942831940876892 -0.033902797314626372 0.0337977651909524 0.018283737215775787 -0.013082587308641983 0.017215813370027189 -0.006668506434144089 0.0046093743168974955 -0.009266204799859375
leaf_weight=9.3876470327377302 8.8606571853160876 14.620904475450518 15.818126320838926 26.65668773651123 9.3888188749551755 49.889701142907143 9.1677178591489774 9.5980898737907392
leaf_count=38 36 59 64 108 38 202 37 39
internal_value=-0.00222393 0.000950158 0.00848337 -0.000767214 -0.00614154 -0.00220239 0.0243606 -0.0239837
internal_weight=153.388 134.93 66.2634 42.4748 68.6662 59.2785 23.7886 18.4587
internal_count=621 546 268 172 278 240 96 75
is_linear=0
shrinkage=0.03


Tree=3
num_leaves=10
num_cat=0
split_feature=37 37 10 37 15 16 14 10 38
split_gain=16.6117 9.13807 9.42263 6.27774 5.83849 4.99762 4.95354 4.5075 1.00196
threshold=-0.00049927993902620915 0.056587347134767547 0.029394193655612137 0.042299513340600788 61.684708969962138 172.91534952959617 -167.18784430396042 -0.038519675386260548 0.0078614841789808858
decision_type=2 2 2 2 2 2 2 2 2
left_child=4 2 3 -2 6 -4 7 -1 -3
right_child=1 8 5 -5 -6 -7 -8 -9 -10
leaf_value=0.019495626743575592 -0.012759630664713568 -0.036540937340174592 0.027510675658024796 0.0098733246912224883 -0.0056363651851878242 -0.0017462950886058442 0.033169553692861869 -0.0048054758568542933 -0.014726473996686791
leaf_weight=12.147316962480543 59.426733568310738 7.3507876992225674 9.3984100073575991 11.128337427973745 9.8705039322376233 7.6808342337608329 11.923112824559214 10.655733555555342 13.744017228484152
leaf_count=49 241 30 38 45 40 31 48 43 56
internal_value=-0.00216396 -0.00854364 -0.00382097 -0.00880934 0.0127672 0.0147633 0.0184288 0.00806328 -0.0254837
internal_weight=153.326 108.729 87.6343 70.5551 44.5967 17.0792 34.7262 22.8031 21.0948
internal_count=621 441 355 286 180 69 140 92 86
is_linear=0
shrinkage=0.03


Tree=4
num_leaves=10
num_cat=0
split_feature=37 40 37 23 9 32 24 27 16
split_gain=15.7317 12.359 17.5027 5.93798 5.8866 5.46446 3.08105 3.02156 2.6498
threshold=-0.00049927993902620915 0.010778926395724754 0.053109922389073756 1.0579530892994384 0.023015072029721393 -0.0037849078812753341 -0.32126474442988201 2.5000000000000004 48.73015786178351
decision_type=2 2 2 2 2 2 2 2 2
left_child=4 6 3 -3 5 -1 -2 -7 -4
right_child=1 2 8 -5 -6 7 -8 -9 -10
leaf_value=0.0014247241859385424 -0.0068569194162273611 -0.00025375144760936296 -0.0080809452822709973 0.018942484403131107 -0.0076754731979327894 0.013211317624370352 -0.033875104016139336 0.040896283674575346 -0.032288379379566405
leaf_weight=14.109585568308828 8.3656049370765704 41.498388901352882 10.784662410616876 19.103747501969337 8.3958505988121015 14.16675551235676 15.895398035645483 7.9613671302795401 12.958395481109617
leaf_count=57 34 168 44 77 34 57 65 32 53
internal_value=-0.00209826 -0.00831653 -0.00246192 0.00596976 0.0124186 0.0176245 -0.0263617 0.0263579 -0.0233575
internal_weight=153.24 108.606 84.3452 60.6021 44.6336 36.2377 24.261 22.1281 23.7431
internal_count=621 441 342 245 180 146 99 89 97
is_linear=0
shrinkage=0.03


Tree=5
num_leaves=9
num_cat=0
split_feature=37 28 36 37 40 40 4 23
split_gain=16.0688 9.89202 9.84935 9.52436 10.3675 8.77798 4.50983 2.89273
threshold=0.056587347134767547 6.5000000000000009 0.0048432310391404781 0.01260626754095562 -0.024840015920523536 0.023203844576264124 -0.012807511174588558 1.0496006099967217
decision_type=2 2 2 2 2 2 2 2
left_child=1 2 -1 4 -3 -4 -5 -2
right_child=7 3 5 6 -6 -7 -8 -9
leaf_value=-0.0058171555164249801 -0.027035259263009367 -0.0086546002244298117 0.0076505550647615406 -0.025069468846229112 0.02123279575521959 0.034939886188492357 -0.0024209771031597502 -0.0017922375182790472
leaf_weight=13.57791358232498 14.86892305314541 15.600953280925749 24.967628762125969 12.802281171083449 22.972731471061707 21.791519567370415 21.748736619949341 7.5575184524059287
leaf_count=55 61 63 101 52 93 88 88 31
internal_value=0.00229984 0.00639518 0.0151911 -0.00087413 0.00894451 0.0215875 -0.0121359 -0.0199859
internal_weight=155.888 133.462 60.3371 73.1247 38.5737 46.7591 34.551 22.4264
internal_count=632 540 244 296 156 189 140 92
is_linear=0
shrinkage=0.03


Tree=6
num_leaves=7
num_cat=0
split_feature=37 20 38 14 36 35
split_gain=15.2564 10.3308 11.2055 12.5291 10.96 3.7632
threshold=0.056587347134767547 0.03169973372030619 0.0078361505800599324 -51.812918739972694 0.0048432310391404781 0.027808457967232861
decision_type=2 2 2 2 2 2
left_child=1 2 4 -4 -1 -2
right_child=5 -3 3 -5 -6 -7
leaf_value=-0.0096138123414515643 -0.028476983192698393 0.032153363075504884 0.0078421945046173187 -0.014561861231085396 0.025584816495149942 -0.0015249066622850334
leaf_weight=8.881861284375189 13.603662401437761 10.684808760881422 45.793438822031021 39.939198970794678 28.225686877965927 8.7549456954002363
leaf_count=36 56 43 185 162 114 36
internal_value=0.00221625 0.00620295 0.00334664 -0.00251796 0.0167155 -0.0195309
internal_weight=155.884 133.525 122.84 85.7326 37.1075 22.3586
internal_count=632 540 497 347 150 92
is_linear=0
shrinkage=0.03


Tree=7
num_leaves=9
num_cat=0
split_feature=40 36 38 38 20 34 34 20
split_gain=14.573 10.3099 11.6024 7.77753 8.22766 7.70697 6.52929 5.02825
threshold=0.073619591665308529 0.0047647246620065925 0.010455629625215004 0.0078361505800599324 0.03169973372030619 -0.012700976702391452 0.01132120789607838 0.024013584092618671
decision_type=2 2 2 2 2 2 2 2
left_child=1 2 6 5 -5 -3 -1 -2
right_child=7 3 -4 4 -6 -7 -8 -9
leaf_value=-0.00071469269024628565 -0.030764665712684432 -0.00051449903920004498 0.015174905871409008 0.00037854460721743044 0.028797296434732559 0.031727766428767866 -0.03372784156657873 0
leaf_weight=10.56994251906872 12.381575450301172 7.9302409887313869 10.605786666274069 63.493063375353813 8.9654510170221311 21.819727763533592 11.804407000541685 8.283745661377905
leaf_count=43 51 32 43 257 36 88 48 34
internal_value=0.00214826 0.00588912 -0.00809845 0.0106153 0.00477538 0.0231697 -0.0200857 -0.0200222
internal_weight=155.854 135.189 32.9801 102.208 72.4585 29.75 22.3743 20.6653
internal_count=632 547 134 413 293 120 91 85
is_linear=0
shrinkage=0.03


Tree=8
num_leaves=9
num_cat=0
split_feature=40 19 27 9 16 14 0 21
split_gain=13.8661 8.52411 10.5696 7.73148 12.3523 5.16275 3.16235 2.75549
threshold=0.073619591665308529 0.091061945164337993 1.5000000000000002 0.10130349083843111 -65.15215155702721 -117.73744082090796 0.0021991149403154391 0.020133581890077794
decision_type=2 2 2 2 2 2 2 2
left_child=1 2 6 4 -3 -4 -1 -2
right_child=7 3 5 -5 -6 -7 -8 -9
leaf_value=-0.0052458396691293244 -0.028652445415955661 -0.00064707729488960538 0.023126053353669022 -0.011827868399040747 0.022209347029941259 -0.0032947616681035913 -0.035233806457382298 -0.0039854670409217828
leaf_weight=7.8929456919431669 11.352731361985208 32.403065472841263 8.4181508421897888 10.105823457241057 53.260699719190598 15.26445908844471 7.874606654047966 9.2465459406375867
leaf_count=32 47 131 34 41 215 62 32 38
internal_value=0.00208262 0.00572868 -0.00556737 0.010554 0.0135751 0.00658221 -0.0233469 -0.0195763
internal_weight=155.819 135.22 39.4502 95.7696 85.6638 23.6826 15.7676 20.5993
internal_count=632 547 160 387 346 96 64 85
is_linear=0
shrinkage=0.03


Tree=9
num_leaves=8
num_cat=0
split_feature=40 35 17 20 20 20 20
split_gain=13.1681 8.6036 6.70694 5.76564 9.96803 4.67612 3.19504
threshold=0.073619591665308529 -0.015157193110803433 -16.120166486030154 0.030535704195795804 0.024330082774027397 0.024013584092618671 0.02179352153771524
decision_type=2 2 2 2 2 2 2
left_child=1 2 -1 4 -3 -2 -4
right_child=5 3 6 -5 -6 -7 -8
leaf_value=-0.0018221505118913598 -0.029579300780182692 0.0038546827296274352 0.0092509346846632503 0.021219813097931708 -0.018646039559414768 0 0.033722786709954683
leaf_weight=10.408632546663283 12.257650509476663 66.604819312691689 12.399533465504648 8.939059764146803 21.71493037045002 8.2750384807586652 15.199312791228293
leaf_count=42 51 270 50 36 88 34 61
internal_value=0.00198619 0.00553663 0.017262 0.000547912 -0.00180182 -0.0191532 0.0246029
internal_weight=155.799 135.266 38.0075 97.2588 88.3197 20.5327 27.5988
internal_count=632 547 153 394 358 85 111
is_linear=0
shrinkage=0.03


Tree=10
num_leaves=7
num_cat=0
split_feature=20 37 35 5 21 35
split_gain=16.6067 10.7579 8.72137 6.2877 6.18699 0.923761
threshold=0.031934058828176383 0.059726202995048057 -0.031847027946740263 -0.0015715890816741516 0.020810018384294835 0.023263241574240093
decision_type=2 2 2 2 2 2
left_child=1 2 3 -1 -4 -3
right_child=-2 5 4 -5 -6 -7
leaf_value=-0.00028472845440701146 0.028798289838940883 -0.032227533926459523 -0.00057032106895113174 0.028882207259762316 -0.019125226113128044 -0.0096212355598563511
leaf_weight=10.930202305316927 13.424940317869185 9.3754139393568057 79.95056377351284 11.701334774494169 18.939702019095421 7.459891051054
leaf_count=44 54 39 324 47 77 31
internal_value=-0.000641017 -0.00397407 -0.00056809 0.0153073 -0.00458136 -0.0250921
internal_weight=151.782 138.357 121.522 22.6315 98.8903 16.8353
internal_count=616 562 492 91 401 70
is_linear=0
shrinkage=0.03


Tree=11
num_leaves=9
num_cat=0
split_feature=11 40 21 14 40 16 9 14
split_gain=8.5284 11.4726 10.5313 10.7358 6.69733 13.0447 5.73429 8.20891
threshold=-0.0022810291787496713 0.080507707087290062 0.011970105827914421 -159.80194729234424 0.020047743730173265 -87.12084109551698 0.13090144844549076 514.45418060533314
decision_type=2 2 2 2 2 2 2 2
left_child=1 2 -1 -4 5 -2 7 -6
right_child=4 -3 3 -5 6 -7 -8 -9
leaf_value=-0.018646174339474582 0.0023689762361524059 -0.02400214295534104 0.0026516122982621214 0.027320913173317755 -0.0033643820112730497 -0.034555071848232796 -0.020345832258634459 0.028018635993014077
leaf_weight=8.1478603333234769 14.038414403796198 8.1608984470367414 37.648446708917618 28.253194645047188 22.345425963401798 16.95848573744297 7.5221413224935523 8.6129026710987073
leaf_count=33 57 34 152 114 91 69 31 35
internal_value=-0.000630019 0.00574246 0.00976283 0.0139419 -0.00832993 -0.0182477 0 0.00608198
internal_weight=151.688 82.2104 74.0495 65.9016 69.4774 30.9969 38.4805 30.9583
internal_count=616 333 299 266 283 126 157 126
is_linear=0
shrinkage=0.03


Tree=12
num_leaves=12
num_cat=0
split_feature=28 15 19 19 35 14 19 36 3 34 25
split_gain=7.72223 12.237 9.74742 9.18066 8.38186 6.89135 11.7558 5.82917 3.74676 2.7877 1.65101
threshold=6.5000000000000009 -133.95129963955824 0.084621642368451766 0.15113008351605084 0.020591200784785161 -226.77231951265364 0.13019022752903764 0.0056267220113257925 -0.021949583640938183 0.0048447365215122948 0.33460559796437667
decision_type=2 2 2 2 2 2 2 2 2 2 2
left_child=2 5 7 4 -4 6 -2 -1 -3 -5 -10
right_child=1 8 3 9 -6 -7 -8 -9 10 -11 -12
leaf_value=-0.025149739032619901 -0.023675876490758894 -0.001496632820833719 0.0084120437709561766 0.0064124556384226265 0.039325773177647905 0.025879097319315418 0.014011248588607667 0.0061291992065557639 -0.014082539397840417 -0.014945552028043608 -0.033360316393839511
leaf_weight=10.023688212037088 11.059950157999994 12.515625044703482 24.185047551989555 8.1811813563108462 12.61165030300617 8.9507716596126539 15.133340328931807 7.4194202274084082 22.023231938481331 9.0187066495418531 10.4848805218935
leaf_count=41 45 51 98 33 51 36 61 30 90 37 43
internal_value=-0.00062791 -0.00702565 0.00634304 0.0126881 0.0208751 0.00576808 -0.00192054 -0.0118119 -0.0171516 -0.00439556 -0.022308
internal_weight=151.607 80.1678 71.4397 53.9966 36.7967 35.1441 26.1933 17.4431 45.0237 17.1999 32.5081
internal_count=616 326 290 219 149 142 106 71 184 70 133
is_linear=0
shrinkage=0.03


Tree=13
num_leaves=9
num_cat=0
split_feature=37 40 37 15 40 38 23 3
split_gain=10.9218 8.6863 10.3409 11.8077 6.26313 4.78026 2.23455 2.01094
threshold=0.056587347134767547 0.040036700403983001 -0.00049927993902620915 56.845156992526981 0.018979630997665201 0.0081141304496497712 1.0539946055624001 0.012708073888340389
decision_type=2 2 2 2 2 2 2 2
left_child=1 2 3 -1 -4 -3 -2 -7
right_child=6 5 4 -5 -6 7 -8 -9
leaf_value=0.016828483621306466 -0.025291084027541037 0.028873038556982478 -0.018611192641657056 -0.016802826061456458 0.0011888310520358329 0.013562917352418619 -0.002111720447109756 -0.0050033213180095456
leaf_weight=35.855384305119514 15.026482209563257 13.171097189188005 31.330608144402504 10.32563081383705 22.529010578989983 7.673612833023074 7.2212052494287482 8.3704574406146985
leaf_count=144 63 53 128 42 91 31 30 34
internal_value=-0.000612088 0.00271328 -0.00143294 0.00861217 -0.0103145 0.0165737 -0.0191808 0.00356437
internal_weight=151.503 129.256 100.041 46.181 53.8596 29.2152 22.2477 16.0441
internal_count=616 523 405 186 219 118 93 65
is_linear=0
shrinkage=0.03


Tree=14
num_leaves=6
num_cat=0
split_feature=20 37 28 19 11
split_gain=15.1358 9.61176 7.66854 8.99946 6.38117
threshold=0.031934058828176383 0.059726202995048057 6.5000000000000009 0.084621642368451766 -0.023909158614464129
decision_type=2 2 2 2 2
left_child=1 2 3 -1 -4
right_child=-2 -3 4 -5 -6
leaf_value=-0.010071441296383071 0.027488116189218762 -0.023875970073428756 0.0041072409461616888 0.015808366425152213 -0.013963238676758558
leaf_weight=15.241077363491057 13.434812471270559 16.637094095349312 25.707418754696846 36.679746717214584 43.660915315151215
leaf_count=62 54 70 104 148 178
internal_value=-0.000597654 -0.00379436 -0.000575493 0.00784152 -0.00712884
internal_weight=151.361 137.926 121.289 51.9208 69.3683
internal_count=616 562 492 210 282
is_linear=0
shrinkage=0.03


Tree=15
num_leaves=8
num_cat=0
split_feature=20 40 32 28 6 25 23
split_gain=16.242 15.1667 8.05474 7.1482 3.24457 0.670553 0.192312
threshold=0.03169973372030619 0.075776519017465752 -0.0081021564045523613 6.5000000000000009 -0.0094231412411418247 0.19651029748283758 0.98433340677644809
decision_type=2 2 2 2 2 2 2
left_child=1 2 4 -4 -1 -2 -3
right_child=5 6 3 -5 -6 -7 -8
leaf_value=-0.022132464002546384 0.011395799926916677 -0.035943555267739104 0.012831146271719806 -0.0031382044246316717 0 0.034640257254300692 -0.014228647962187223
leaf_weight=15.996340498328211 7.4690250456333143 8.9874801486730593 41.867677077651024 55.572924792766571 8.8550457358360273 7.7145304530858994 8.0615844130516034
leaf_count=65 30 38 169 226 36 31 34
internal_value=-0.000698549 -0.00413016 -0.000126067 0.00369263 -0.0148173 0.0267361 -0.0290351
internal_weight=154.525 139.341 122.292 97.4406 24.8514 15.1836 17.0491
internal_count=629 568 496 395 101 61 72
is_linear=0
shrinkage=0.03


Tree=16
num_leaves=8
num_cat=0
split_feature=20 40 32 36 22 25 23
split_gain=15.5093 14.5371 7.63154 9.42427 1.8932 0.617148 0.176886
threshold=0.03169973372030619 0.075776519017465752 -0.0081021564045523613 0.005159720709247047 -0.022666103815406565 0.19651029748283758 0.98433340677644809
decision_type=2 2 2 2 2 2 2
left_child=1 2 4 -4 -1 -2 -3
right_child=5 6 3 -5 -6 -7 -8
leaf_value=-0.024454720773276893 0.011125805175577803 -0.035308981171719538 -0.0081932327426168256 0.010644409000533954 -0.0054344166002016697 0.033810267375466815 -0.013922245363016597
leaf_weight=9.3403933048248309 7.4693001359701139 8.9116235077381152 35.617952227592468 61.837984681129456 15.46878097951412 7.7158578038215637 8.0362379252910596
leaf_count=38 30 38 145 250 63 31 34
internal_value=-0.000684853 -0.00404325 -0.000128385 0.00358254 -0.014445 0.0261184 -0.0284995
internal_weight=154.398 139.213 122.265 97.4559 24.8092 15.1852 16.9479
internal_count=629 568 496 395 101 61 72
is_linear=0
shrinkage=0.03


Tree=17
num_leaves=8
num_cat=0
split_feature=20 40 32 36 27 25 23
split_gain=14.8244 13.9267 7.25626 8.89018 3.55873 0.568703 0.16376
threshold=0.03169973372030619 0.075776519017465752 -0.0081021564045523613 0.005159720709247047 2.5000000000000004 0.19651029748283758 0.98433340677644809
decision_type=2 2 2 2 2 2 2
left_child=1 2 4 -4 -1 -2 -3
right_child=5 6 3 -5 -6 -7 -8
leaf_value=-0.022609018390536435 0.010862751687111072 -0.034699171211870578 -0.0079681324655589154 0.010327537282582167 0 0.033015444618574537 -0.013622896806748724
leaf_weight=14.701465159654619 7.4691064506769163 8.8325352221727389 35.58248208463192 61.883898049592972 10.069125667214392 7.7127482295036316 8.0107773840427381
leaf_count=60 30 38 145 250 41 31 34
internal_value=-0.000680388 -0.00396831 -0.000141619 0.00347154 -0.0141161 0.0255229 -0.0279811
internal_weight=154.262 139.08 122.237 97.4664 24.7706 15.1819 16.8433
internal_count=629 568 496 395 101 61 72
is_linear=0
shrinkage=0.03


Tree=18
num_leaves=13
num_cat=0
split_feature=37 28 27 34 28 23 11 9 11 25 37 24
split_gain=10.1784 10.3886 9.38756 7.98128 9.08305 6.61942 4.04326 3.92428 3.85603 3.70299 2.37418 1.08863
threshold=1.0000000180025095e-35 6.5000000000000009 2.5000000000000004 0.0055645920638930377 3.5000000000000004 0.98433340677644809 -0.033223271735069108 -0.028802329644815879 -0.019008865391422599 0.23294573643410857 0.024478726872443127 0.21548142717497559
decision_type=2 2 2 2 2 2 2 2 2 2 2 2
left_child=2 3 6 8 -5 10 -1 -8 -2 -7 -3 -4
right_child=1 5 11 4 -6 9 7 -9 -10 -11 -12 -13
leaf_value=0.011045999381833312 0.031218930912498798 -0.0095269625753910351 0.030832672533203428 -0.022587281353450665 0.0077685530311596383 0.0073058656446585556 -0.024105378040946576 0.0025718599449179196 0.0044804668966532835 -0.014527420647430444 -0.031314782055362186 0.0088380304476223595
leaf_weight=11.440694361925127 7.9115913957357433 12.134435996413233 12.889695256948473 14.211983203887941 17.025311127305031 13.248150750994684 7.4389991462230682 7.8996513634920102 14.355805382132528 10.493737399578093 17.58897277712822 7.4685877561569205
leaf_count=46 32 50 52 59 70 54 30 32 58 43 73 30
internal_value=-0.000670624 -0.0058627 0.0105656 0.00323082 -0.0061192 -0.0150217 -0.000820179 -0.0107892 0.0163887 -0.00214051 -0.0240542 0.024947
internal_weight=154.108 106.97 47.1376 53.5047 31.2373 53.4653 26.7793 15.3387 22.2674 23.7419 29.7234 20.3583
internal_count=629 439 190 219 129 220 108 62 90 97 123 82
is_linear=0
shrinkage=0.03


Tree=19
num_leaves=7
num_cat=0
split_feature=20 35 35 36 20 25
split_gain=13.8572 9.05585 6.46024 9.77745 4.58128 0.528518
threshold=0.03169973372030619 -0.091864469832361892 0.028183732956600486 0.0065877082966626747 0.024330082774027397 0.19651029748283758
decision_type=2 2 2 2 2 2
left_child=1 -1 3 -3 -4 -2
right_child=5 2 4 -5 -6 -7
leaf_value=0.023900170330728734 0.010443771355724883 -0.025015980952596842 0.0050933195629557278 -0.0010626029952808666 -0.01180049667723262 0.031974641339434014
leaf_weight=7.7385009974241248 7.4642100632190687 28.707611694931984 50.744667515158653 33.779083177447319 17.822849050164223 7.7002257853746414
leaf_count=31 30 118 208 138 73 31
internal_value=-0.000639399 -0.00382635 -0.00591093 -0.0127344 0.000279533 0.0247024
internal_weight=153.957 138.793 131.054 62.4867 68.5675 15.1644
internal_count=629 568 537 256 281 61
is_linear=0
shrinkage=0.03


Tree=20
num_leaves=10
num_cat=0
split_feature=40 40 11 19 21 3 36 35 15
split_gain=12.0491 6.91055 9.28046 8.41866 6.91634 6.69342 5.73414 4.17922 2.3609
threshold=0.075776519017465752 0.01756741258863204 -0.023909158614464129 0.14143290170251965 0.017757212125300226 0.0018958789704272008 0.0046118762527031969 0.027808457967232861 199.58276095163643
decision_type=2 2 2 2 2 2 2 2 2
left_child=1 2 4 6 -1 -4 -3 -2 -5
right_child=7 3 5 8 -6 -7 -8 -9 -10
leaf_value=-0.0047914716138397319 -0.031405202732381114 -0.0028235301841389913 -0.0015174946987057134 -0.016377535965341295 0.021221382272892192 -0.025327874700702361 0.022767270987142024 -0.0004911318082824321 0.0030275226011458995
leaf_weight=15.315982535481451 11.617085367441179 8.2818575501441938 27.87656806409359 8.129965156316759 16.90565624833107 17.124201819300652 34.093226343393326 7.0516279339790335 9.3612115532159788
leaf_count=62 50 34 114 33 68 70 138 30 38
internal_value=-0.000173463 0.00290985 -0.00285876 0.0104452 0.00886092 -0.0115894 0.0175259 -0.0216314 -0.00597745
internal_weight=155.757 137.089 77.2224 59.8663 32.2216 45.0008 42.3751 18.6687 17.4912
internal_count=637 557 314 243 130 184 172 80 71
is_linear=0
shrinkage=0.03


Tree=21
num_leaves=7
num_cat=0
split_feature=37 20 20 14 1 24
split_gain=14.5246 11.8066 7.81969 6.77296 2.80401 1.73083
threshold=0.058822941869297936 0.03169973372030619 0.026502424744736446 -226.77231951265364 0.01245634596440426 -0.15424266455194288
decision_type=2 2 2 2 2 2
left_child=1 2 3 -1 -2 -4
right_child=4 -3 5 -5 -6 -7
leaf_value=-0.0083190835851742057 -0.032398306072710978 0.028906577313805713 -0.025664535436614015 0.0080965335760939811 -0.0047137719048499687 -0.0042779249530651839
leaf_weight=29.059199526906013 11.310207560658457 12.419206038117407 8.8266470581293124 77.393325492739677 7.296217367053031 9.3253553807735425
leaf_count=118 49 50 36 315 31 38
internal_value=-0.000191091 0.00320036 0.000103604 0.00340634 -0.0237813 -0.0169368
internal_weight=155.63 137.024 124.605 106.453 18.6064 18.152
internal_count=637 557 507 433 80 74
is_linear=0
shrinkage=0.03


Tree=22
num_leaves=7
num_cat=0
split_feature=35 32 2 15 14 23
split_gain=4.64942 3.11007 5.1611 4.74939 6.02791 3.76601
threshold=-0.07478595086944205 -0.0019165052477543851 0.0075257498232214068 451.18622097880666 -12.847183849904466 0.94416710935547221
decision_type=2 2 2 2 2 2
left_child=-1 2 5 4 -3 -2
right_child=1 3 -4 -5 -6 -7
leaf_value=0.01730432544222377 -0.010851173348132404 0 0.017862309090563879 0.009263268293619167 -0.017410249212281077 0.0057971613073471715
leaf_weight=10.430947244167326 20.283817499876022 38.273716300725937 14.27585133910179 13.826676711440085 34.10126306116581 24.305617541074753
leaf_count=42 84 156 58 57 141 99
internal_value=-0.000206227 -0.00178551 0.00330922 -0.00543081 -0.00861328 -0.00159495
internal_weight=155.498 145.067 58.8653 86.2017 72.375 44.5894
internal_count=637 595 241 354 297 183
is_linear=0
shrinkage=0.03


Tree=23
num_leaves=10
num_cat=0
split_feature=37 40 28 11 3 38 3 17 16
split_gain=13.8024 7.38653 9.71239 8.65176 6.32855 6.08219 5.88702 5.31016 3.37106
threshold=0.058822941869297936 0.01756741258863204 8.5000000000000018 -0.023909158614464129 0.0018958789704272008 0.0098164686609614488 -0.02611681158452522 29.326077345114989 47.323345159637547
decision_type=2 2 2 2 2 2 2 2 2
left_child=1 3 7 6 -5 -4 -1 -3 -2
right_child=8 2 5 4 -6 -7 -8 -9 -10
leaf_value=-0.0095777436433299341 -0.0073782835003523648 0.024657457362236651 -0.018262849709565914 -0.0014983832901099481 -0.024699724667555014 0.011350692846701513 0.016373201894239357 -0.0010423985978145263 -0.036246501280234406
leaf_weight=9.1222477257251722 10.239465773105623 31.421380415558815 11.731430053710939 27.85556161403656 17.057367607951164 9.0689260065555555 23.055249363183975 7.6346197575330725 8.2382030487060529
leaf_count=37 44 127 48 114 70 37 93 31 36
internal_value=-0.000185711 0.00311033 0.0108947 -0.00286682 -0.011307 -0.00483041 0.00844733 0.0194623 -0.0232646
internal_weight=155.424 136.947 59.8564 77.0904 44.9129 20.8004 32.1775 39.056 18.4777
internal_count=637 557 243 314 184 85 130 158 80
is_linear=0
shrinkage=0.03


Tree=24
num_leaves=6
num_cat=0
split_feature=37 20 19 40 16
split_gain=13.1923 11.0649 7.55762 9.01916 3.25796
threshold=0.058822941869297936 0.03169973372030619 0.20493428020288615 0.01756741258863204 47.323345159637547
decision_type=2 2 2 2 2
left_child=1 2 3 -1 -2
right_child=4 -3 -4 -5 -6
leaf_value=-0.0049630190730476451 -0.007204280645832172 0.027926365286409023 -0.022436159660320466 0.011602203151234128 -0.035677477366516185
leaf_weight=62.673206210136414 10.220765173435213 12.379339948296545 10.10107898712158 51.744813770055771 8.1517134159803373
leaf_count=256 44 50 41 210 36
internal_value=-0.000207187 0.00300684 8.55327e-06 0.00247027 -0.0228362
internal_weight=155.271 136.898 124.519 114.418 18.3725
internal_count=637 557 507 466 80
is_linear=0
shrinkage=0.03


Tree=25
num_leaves=7
num_cat=0
split_feature=37 20 21 14 37 35
split_gain=8.75487 8.04468 7.15024 7.42543 1.00278 0.870728
threshold=0.058822941869297936 0.031287622477537268 0.022611318013643019 -231.32869600373667 -0.015033109212486571 0.023263241574240093
decision_type=2 2 2 2 2 2
left_child=1 2 3 -1 -3 -2
right_child=5 4 -4 -5 -6 -7
leaf_value=-0.0078266259483940614 -0.024864944289487403 0.0089419706892232102 -0.017559297456031388 0.0088730088967021153 0.031578465262824186 -0.0057233567996067625
leaf_weight=31.566450536251068 8.417944937944414 7.9125062525272369 13.922203153371809 78.083121046423912 7.4009994417428953 7.8256389796733847
leaf_count=128 37 32 57 318 30 34
internal_value=0.00132702 0.00393079 0.00110123 0.00387701 0.0231326 -0.0181037
internal_weight=155.129 138.885 123.572 109.65 15.3135 16.2436
internal_count=636 565 503 446 62 71
is_linear=0
shrinkage=0.03


Tree=26
num_leaves=11
num_cat=0
split_feature=28 14 2 36 35 14 14 20 3 20
split_gain=9.89013 6.38015 6.27544 6.01631 8.26804 5.30721 7.73576 4.9908 2.16662 1.13691
threshold=6.5000000000000009 -620.51342747407568 0.027505175381502659 0.0063726376729655249 0.0061985279760172771 -231.32869600373667 -131.50592384958506 0.024626675407925409 -0.012508225828987361 0.021966409140932116
decision_type=2 2 2 2 2 2 2 2 2 2
left_child=2 -2 3 4 -1 8 -7 -5 -3 -4
right_child=1 5 9 7 -6 6 -8 -9 -10 -11
leaf_value=-0.017005188994361795 0.017076231874364169 -0.030009848090474731 0 0.031562933213196448 0.01302967460711023 0.01733318929759857 -0.0094245365075581056 0.00097591018692375292 -0.0058934495277324405 -0.014113006559407011
leaf_weight=9.4717930257320386 7.3251412063837043 11.022266596555712 7.4541229456663114 18.330107346177105 26.118102699518204 10.382689535617827 41.010059535503387 7.8167193084955207 8.5805464535951597 7.5350632518529892
leaf_count=39 30 45 31 74 107 42 170 32 35 31
internal_value=0.0012794 -0.00603372 0.00889869 0.0131407 0.00415776 -0.00902617 -0.00329105 0.0236708 -0.0216709 -0.00718046
internal_weight=155.047 78.3207 76.7259 61.7367 35.5899 70.9956 51.3927 26.1468 19.6028 14.9892
internal_count=636 322 314 252 146 292 212 106 80 62
is_linear=0
shrinkage=0.03


Tree=27
num_leaves=9
num_cat=0
split_feature=28 37 37 19 19 35 16 12
split_gain=9.34036 8.97679 7.87183 9.79106 10.0779 6.45561 7.23339 6.2949
threshold=6.5000000000000009 0.028214226791312694 0.070030836893770446 0.19736946521382129 0.088561597091203134 0.055778646326611454 -82.050512950244595 55.409574931529171
decision_type=2 2 2 2 2 2 2 2
left_child=2 5 3 4 -1 6 -2 -3
right_child=1 7 -4 -5 -6 -7 -8 -9
leaf_value=-0.001827391169287741 -0.0057805938650571992 -0.00081023703803695943 -0.01784838186966959 -0.017012250595484574 0.023441268553122188 -0.014676278316952668 0.018723075600797206 -0.032065260986812366
leaf_weight=18.625113263726234 17.609520256519318 10.862573996186258 6.8645683377981177 7.2331037521362296 44.019376784563065 14.413456261157988 21.333163544535637 13.998144343495367
leaf_count=76 72 45 30 30 178 59 87 59
internal_value=0.00124228 -0.00586885 0.00864554 0.0118811 0.0158724 0.000950671 0.00753526 -0.0200444
internal_weight=154.959 78.2169 76.7422 69.8776 62.6445 53.3561 38.9427 24.8607
internal_count=636 322 314 284 254 218 159 104
is_linear=0
shrinkage=0.03


Tree=28
num_leaves=10
num_cat=0
split_feature=28 18 40 14 8 12 23 34 12
split_gain=8.80958 7.40679 6.59529 5.98037 5.48205 8.29921 5.13289 4.32479 1.12269
threshold=6.5000000000000009 0.89814576282187142 0.022464919765281758 -620.51342747407568 -0.02945823426892568 44.691431331100723 0.99329082232941734 0.0079652569852287653 28.292107380443102
decision_type=2 2 2 2 2 2 2 2 2
left_child=1 2 6 -2 8 -6 -1 -4 -5
right_child=3 -3 7 4 5 -7 -8 -9 -10
leaf_value=-0.0068013927050943586 0.016628677667393878 -0.011961997951872331 0.033416744433807252 -0.0090091660487074034 0.014575317160618754 -0.010516960238163462 0.015123696992875668 0.0084536970324417243 -0.031682027218496153
leaf_weight=19.674329996109009 7.3142346590757361 11.281272634863852 14.621495723724367 8.3021717667579669 14.221118673682211 40.432604432106018 14.829747453331946 16.277004182338715 7.8455966264009467
leaf_count=80 30 47 59 34 58 168 60 68 32
internal_value=0.00117024 0.00836495 0.0123446 -0.00573786 -0.00864785 -0.00343903 0.00252334 0.0220358 -0.0231291
internal_weight=154.8 76.6838 65.4026 78.1157 70.8015 54.6537 34.5041 30.8985 16.1478
internal_count=636 314 267 322 292 226 140 127 66
is_linear=0
shrinkage=0.03


Tree=29
num_leaves=7
num_cat=0
split_feature=37 20 21 14 6 16
split_gain=7.95555 7.22004 6.61872 6.58441 1.54039 0.975077
threshold=0.058822941869297936 0.031287622477537268 0.022611318013643019 -231.32869600373667 0.0037333549935093051 78.736834125954587
decision_type=2 2 2 2 2 2
left_child=1 2 3 -1 -3 -2
right_child=5 4 -4 -5 -6 -7
leaf_value=-0.0074130247725805619 -0.0065638212068068712 0.03057569901237861 -0.01704384353700588 0.0083235402326677504 0.0063598474625226878 -0.026144278007786823
leaf_weight=31.458118513226509 9.4544156342744845 7.8855521231889707 13.867439851164816 78.042464464902878 7.3522734791040421 6.6337388157844535
leaf_count=128 41 32 57 318 30 30
internal_value=0.00113979 0.00362364 0.000939383 0.00361622 0.0218552 -0.0174649
internal_weight=154.694 138.606 123.368 109.501 15.2378 16.0882
internal_count=636 565 503 446 62 71
is_linear=0
shrinkage=0.03


Tree=30
num_leaves=9
num_cat=0
split_feature=37 23 35 36 38 8 35 19
split_gain=8.1667 5.50549 4.78838 5.15888 4.75444 4.13333 2.59821 2.37405
threshold=0.053109922389073756 0.97295561276949638 0.053527375815324414 0.0055349937015149574 0.0077017087767741023 -0.036166140945728432 0.027808457967232861 0.095896127398258327
decision_type=2 2 2 2 2 2 2 2
left_child=1 4 3 -3 7 -6 -2 -1
right_child=6 2 -4 -5 5 -7 -8 -9
leaf_value=-0.0039352352418662298 -0.029006862278747124 0.020766976396588664 -0.0094815191339614989 0.0011377992408335392 0.0058491686920053064 -0.015477567911135156 -0.0038601577021530557 0.016706174658047863
leaf_weight=7.3804228752851468 11.931587651371958 19.46799074113369 13.29379481077194 32.105294972658157 7.8381617963314048 40.954762920737267 8.0688880234956724 7.6460775285959244
leaf_count=30 53 79 54 130 32 168 35 31
internal_value=-0.00389159 -0.000867982 0.00507906 0.00932611 -0.0071112 -0.0116609 -0.0208168 0.00641558
internal_weight=148.687 128.687 64.8671 51.5733 63.8194 48.7929 20.0005 15.0265
internal_count=612 524 263 209 261 200 88 61
is_linear=0
shrinkage=0.03


Tree=31
num_leaves=10
num_cat=0
split_feature=37 28 20 11 37 11 5 8 0
split_gain=7.82858 6.82446 9.57305 6.99125 4.67139 7.44583 4.99207 1.74756 1.32851
threshold=0.053109922389073756 6.5000000000000009 0.02036356469289086 -0.053067324498778871 0.026234463515162568 -0.0058706709531716741 0.037217721565899205 0.0088144056022927842 -0.0013837193272677182
decision_type=2 2 2 2 2 2 2 2 2
left_child=1 4 8 -4 6 -6 -1 -2 -3
right_child=7 2 3 -5 5 -7 -8 -9 -10
leaf_value=0.0058716135396496508 -0.0045839568095959564 -0.0082270113854072159 0.016851772524823533 -0.0071062161605257006 -0.0051407650104985016 0.028087313960556321 -0.017536286977287013 -0.027028352821130433 -0.031614187382021652
leaf_weight=29.407051578164101 7.5402531027793911 7.3474788516759899 13.36426956951618 36.198276907205582 7.6570875942707088 14.595319822430609 9.088909909129141 12.354274600744246 10.975743934512137
leaf_count=119 33 30 54 149 31 59 37 55 45
internal_value=-0.00378618 -0.000828455 -0.00736415 0 0.00623801 0.016554 0 -0.0204026 -0.0247067
internal_weight=148.529 128.634 67.8858 49.5625 60.7484 22.2524 38.496 19.8945 18.3232
internal_count=612 524 278 203 246 90 156 88 75
is_linear=0
shrinkage=0.03


Tree=32
num_leaves=9
num_cat=0
split_feature=37 28 15 36 19 14 36 10
split_gain=7.48147 6.46396 7.78997 9.0724 7.08284 6.07076 5.14526 2.38111
threshold=0.053109922389073756 6.5000000000000009 -111.46509489454154 0.0053781695904067508 0.069777559614957713 -154.16163508174756 0.0060613379873813303 0.0092580112794392617
decision_type=2 2 2 2 2 2 2 2
left_child=1 4 6 -4 -1 -6 -3 -2
right_child=7 2 3 -5 5 -7 -8 -9
leaf_value=-0.012379331829703345 -0.0021592520263605084 -0.0091526686104607541 0.0002366577725367201 -0.029287262479001448 -0.004012317591868108 0.017940075379700014 0.013017558519846588 -0.026933072803452369
leaf_weight=12.295764982700346 6.8799164891243008 14.953552961349486 14.74416036903858 19.585829570889473 14.116811215877531 34.317923545837402 18.503202348947525 12.907917082309721
leaf_count=50 30 61 61 81 57 139 75 58
internal_value=-0.00370764 -0.000816653 -0.00718612 -0.0168794 0.0060562 0.011339 0.00272815 -0.0199969
internal_weight=148.305 128.517 67.7867 34.33 60.7305 48.4347 33.4568 19.7878
internal_count=612 524 278 142 246 196 136 88
is_linear=0
shrinkage=0.03


Tree=33
num_leaves=10
num_cat=0
split_feature=37 28 20 40 10 5 5 35 0
split_gain=7.14958 6.09291 9.05164 7.58988 5.92703 5.65798 4.52746 2.53383 1.3101
threshold=0.053109922389073756 6.5000000000000009 0.02036356469289086 0.025443105518437096 -0.038519675386260548 0.037217721565899205 0.0056462857971958389 0.027808457967232861 -0.0013837193272677182
decision_type=2 2 2 2 2 2 2 2 2
left_child=1 3 8 5 -4 -1 -5 -2 -3
right_child=7 2 4 6 -6 -7 -8 -9 -10
leaf_value=0.0043718220924288658 -0.027718265635252457 -0.0077336976374669745 0.019990691676395524 0 -0.005049373381925789 -0.020211255487337099 0.02834115741978253 -0.0030540915952279269 -0.030728321232925498
leaf_weight=29.634949997067451 11.685921818017961 7.3249860554933575 8.6154115647077543 7.6570076197385815 40.834274753928185 9.3275099545717222 14.087797567248343 7.9894347637891761 10.899042770266531
leaf_count=120 53 30 35 31 168 38 57 35 45
internal_value=-0.00363007 -0.000804236 -0.00699775 0.00586379 0 -0.00184659 0.0193029 -0.019601 -0.0239063
internal_weight=148.056 128.381 67.6737 60.7073 49.4497 38.9625 21.7448 19.6754 18.224
internal_count=612 524 278 246 203 158 88 88 75
is_linear=0
shrinkage=0.03


Tree=34
num_leaves=10
num_cat=0
split_feature=23 11 10 23 19 36 14 23 35
split_gain=7.58491 6.66255 5.65485 5.58345 5.39301 5.41276 5.07599 5.35079 2.47897
threshold=0.97295561276949638 -0.018461458338364763 -0.034866430613023129 1.1228271688601579 0.14143290170251965 0.0048432310391404781 -159.80194729234424 1.2009854197117871 0.035347488336312967
decision_type=2 2 2 2 2 2 2 2 2
left_child=2 3 -1 8 5 -4 -3 -8 -2
right_child=1 6 4 -5 -6 -7 7 -9 -10
leaf_value=0.011546665452267854 0.035768815644587171 -0.023257920775605144 -0.021289642186057198 0 -0.028918036493625385 -0.00069829424187962973 -0.0072901681544904669 0.015537259028177144 0.0075228344989472914
leaf_weight=7.3209243118762961 7.8683855682611492 7.8472060412168494 15.947873786091803 14.102833330631254 14.036312147974966 36.890322044491768 23.215869143605232 12.47163614630699 8.1106287240982038
leaf_count=30 32 32 67 57 60 153 96 52 33
internal_value=-0.00354962 0.00308924 -0.0102417 0.013609 -0.0131108 -0.00773659 -0.0041288 0.000690458 0.0246977
internal_weight=147.812 73.6166 74.1954 30.0818 66.8745 52.8382 43.5347 35.6875 15.979
internal_count=612 302 310 122 280 220 180 148 65
is_linear=0
shrinkage=0.03


Tree=35
num_leaves=13
num_cat=0
split_feature=37 40 10 28 40 37 37 40 7 0 12 17
split_gain=7.36697 8.50111 6.26776 5.75568 5.21989 8.12316 4.45616 7.05931 3.36718 2.67035 2.32282 1.56411
threshold=1.0000000180025095e-35 -0.024840015920523536 -0.038519675386260548 6.5000000000000009 0.023203844576264124 0.067692476824181794 0.035119655652276489 0.044949194685329215 0.0018596106554751889 -0.0036478090476653731 56.931325401235171 11.208090079851006
decision_type=2 2 2 2 2 2 2 2 2 2 2 2
left_child=1 2 -1 4 9 -6 7 -5 -4 -2 -8 -3
right_child=3 11 8 6 5 -7 10 -9 -10 -11 -12 -13
leaf_value=0.017279199892226631 0.0033035714665604781 0.033775587053942277 -0.020168907261083013 -0.01007483412498044 0.01666606685005436 -0.015854462074560857 -0.0044477180146687244 0.01971824560772591 0.0031974000726605113 -0.017380321500726152 -0.029580034631634347 0.0087755078342744066
leaf_weight=10.304156452417375 7.3859544396400478 10.6083841919899 10.042939528822901 27.155184090137482 30.966229155659676 6.5961119979619971 7.7912460416555431 7.3553071767091742 7.6752275526523581 10.494995430111883 10.499629750847815 7.3638696521520606
leaf_count=42 30 43 41 113 127 30 33 30 31 43 46 30
internal_value=0.00136391 0.0112237 2.16046e-05 -0.0028172 0.00369009 0.0100634 -0.00980909 -0.00258182 -0.00998862 -0.00860924 -0.0211074 0.0261877
internal_weight=154.239 45.9946 28.0223 108.245 55.4433 37.5623 52.8014 34.5105 17.7182 17.8809 18.2909 17.9723
internal_count=639 187 114 452 230 157 222 143 72 73 79 73
is_linear=0
shrinkage=0.03


Tree=36
num_leaves=13
num_cat=0
split_feature=37 28 16 13 36 37 22 37 16 8 37 6
split_gain=7.03389 5.44198 4.92577 4.70123 6.80797 4.29107 5.81273 3.84185 3.80282 3.19428 3.10481 1.33767
threshold=1.0000000180025095e-35 6.5000000000000009 -28.914757901858078 -0.66123010526302994 0.0051865800687811939 0.035119655652276489 -0.039402125526179992 -0.020513242495121316 -172.9188671373083 0.0081007441912095395 0.032097503228635034 -0.0094231412411418247
decision_type=2 2 2 2 2 2 2 2 2 2 2 2
left_child=2 3 8 10 -5 6 -3 -4 -1 -7 -2 -10
right_child=1 5 7 4 -6 9 -8 -9 11 -11 -12 -13
leaf_value=0.01694298646115474 -0.00058226143356140644 -0.013879740219651398 0.0022935737757495173 -0.020233640785785264 0.006788111956534071 -0.0019324211581941675 0.0093146068989230727 0.031570662900081002 -0.013187409581183073 -0.029838961303058107 0.019665756645257899 0.00085299974816870517
leaf_weight=8.0666435360908526 8.3593131452798861 17.996574327349663 7.8974149227142361 11.907423049211504 18.399681270122528 7.298695623874667 16.479407981038094 11.57890525460243 8.336219325661661 10.902558520436285 16.7281793653965 10.10767115652561
leaf_count=33 34 75 32 50 76 31 68 47 34 48 70 41
internal_value=0.00132602 -0.00276217 0.0109608 0.00356043 -0.00395958 -0.0095723 -0.00247886 0.0217167 0.00156359 -0.0206902 0.0128204 -0.00542852
internal_weight=154.059 108.072 45.9869 55.3946 30.3071 52.6772 34.476 19.4763 26.5105 18.2013 25.0875 18.4439
internal_count=639 452 187 230 126 222 143 79 108 79 104 75
is_linear=0
shrinkage=0.03


Tree=37
num_leaves=12
num_cat=0
split_feature=37 28 27 37 13 37 11 13 8 37 17
split_gain=6.71084 5.17095 4.77 7.65841 4.44331 4.11927 5.47612 3.57302 3.05926 2.947 1.20674
threshold=1.0000000180025095e-35 6.5000000000000009 2.5000000000000004 -0.018908714565175563 -0.66123010526302994 0.035119655652276489 -0.027435768787214817 2.4258837539142353 0.0081007441912095395 0.032097503228635034 -7.4827997881529162
decision_type=2 2 2 2 2 2 2 2 2 2 2
left_child=2 4 3 -1 9 6 -3 -6 -7 -2 -4
right_child=1 5 10 -5 7 8 -8 -9 -10 -11 -12
leaf_value=-0.014256538267730141 -0.00056818638650786178 0.015328315793353531 0.0066715392281954068 0.016479667228665611 -0.0155680214758489 -0.0018875435214732658 -0.009697650163922723 0.0038683727340093907 -0.029288010041560453 0.019116312785740403 0.02671629521316542
leaf_weight=12.262958765029909 8.358945384621622 8.8035681098699552 8.351933032274248 12.793363213539122 11.996332600712778 7.2956584841012981 25.650330752134323 18.27758714556694 10.813398942351339 16.749855905771255 12.556401789188383
leaf_count=50 34 36 34 52 50 31 107 76 48 70 51
internal_value=0.00129001 -0.00270387 0.0107038 0.000940604 0.00345206 -0.00935374 -0.00240146 -0.00385618 -0.0202807 0.0124514 0.0206456
internal_weight=153.91 107.946 45.9647 25.0563 55.3827 52.563 34.4539 30.2739 18.1091 25.1088 20.9083
internal_count=639 452 187 102 230 222 143 126 79 104 85
is_linear=0
shrinkage=0.03


Tree=38
num_leaves=12
num_cat=0
split_feature=37 40 19 28 35 40 40 37 2 23 34
split_gain=6.38475 7.70191 5.68596 4.9072 8.89732 6.27344 4.66066 7.70462 3.17571 1.89258 1.69771
threshold=1.0000000180025095e-35 -0.024840015920523536 0.12977307423600795 6.5000000000000009 0.028183732956600486 0.0089805629991683861 0.023203844576264124 0.067692476824181794 0.0055921693713796303 1.0170239927364537 0.0055645920638930377
decision_type=2 2 2 2 2 2 2 2 2 2 2
left_child=1 2 -1 6 9 -6 10 -8 -3 -5 -2
right_child=3 8 -4 4 5 -7 7 -9 -10 -11 -12
leaf_value=-0.012407212066672934 0 0.034272321299216431 0.0128949477288528 -0.031268117682116868 -0.017344637755991349 0.0095996029275225176 0.015839950995809884 -0.015820058490645376 0.0049521979104081761 -0.0077979189107132601 -0.017422791948254156
leaf_weight=13.987571686506273 10.34644252061844 10.587721362710001 13.974597901105879 11.886135742068292 9.3573588728904742 22.344068080186844 30.950619801878929 6.5878757536411277 7.400441735982894 8.8490463495254499 7.4974516034126273
leaf_count=57 42 43 57 52 40 93 127 30 30 37 31
internal_value=0.0012557 0.0104398 0 -0.00264065 -0.00913152 0.000644012 0.00334764 0.00938517 0.0246628 -0.0234787 -0.0082635
internal_weight=153.769 45.9503 27.9622 107.819 52.4366 31.7014 55.3824 37.5385 17.9882 20.7352 17.8439
internal_count=639 187 114 452 222 133 230 157 73 89 73
is_linear=0
shrinkage=0.03


Tree=39
num_leaves=12
num_cat=0
split_feature=37 40 11 40 37 40 12 5 2 27 1
split_gain=6.1077 7.32842 6.53771 4.61623 7.17775 8.87521 5.76437 4.45773 2.99192 2.65871 1.56657
threshold=1.0000000180025095e-35 -0.024840015920523536 -0.041621803686441243 0.012612101483035711 0.045152797112084316 0.044949194685329215 66.048404369243954 -0.026876793515172633 0.0055921693713796303 2.5000000000000004 0.0067575924822431696
decision_type=2 2 2 2 2 2 2 2 2 2 2
left_child=1 2 -1 7 5 -5 -6 -2 -3 -4 -9
right_child=3 8 9 4 6 -7 -8 10 -10 -11 -12
leaf_value=0.016607461263082171 0.0024176964989952401 0.033398009990203606 -0.020812978858929541 -0.00077627033271599334 -0.00036767014405883307 0.024857689683652696 -0.02748956770167691 -0.028281227662194316 0.0048352056228442089 0.00017201617898349135 -0.0052633286248074031
leaf_weight=11.00604820251465 9.13958987593651 10.591233521699907 8.825298413634302 32.579085394740105 22.978018805384636 16.344637304544449 9.0339107662439329 10.430979773402216 7.4005075991153708 8.1144385039806348 7.1404150873422614
leaf_count=45 38 43 36 133 99 67 41 44 30 33 30
internal_value=0.00120403 0.0101884 0 -0.0026091 0.000864061 0.008133 -0.00962901 -0.0129825 0.0240587 -0.0110121 -0.0211877
internal_weight=153.584 45.9375 27.9458 107.647 80.9357 48.9237 32.0119 26.711 17.9917 16.9397 17.5714
internal_count=639 187 114 452 340 200 140 112 73 69 74
is_linear=0
shrinkage=0.03


Tree=40
num_leaves=9
num_cat=0
split_feature=40 36 33 18 13 6 17 3
split_gain=6.29643 5.02521 5.8276 7.46301 5.25641 3.14016 2.9763 1.16678
threshold=0.073619591665308529 0.0064093759167840646 0.1570471168032144 0.67119076655828613 -0.10714783368258905 0.017643242717642001 -28.209586659537681 -0.0010189266269121087
decision_type=2 2 2 2 2 2 2 2
left_child=1 4 -3 -4 6 -6 -1 -2
right_child=7 2 3 -5 5 -7 -8 -9
leaf_value=-0.0083681709287929187 -0.0035550166640266885 0.024408321368153397 -0.0074039512051176518 0.015721208744318843 -0.01775467599833342 0.001534029944089291 0.008608737085389076 -0.023684988608558964
leaf_weight=11.902155384421347 6.6696558892726925 10.838084086775778 30.542191654443741 18.271760955452919 27.646692141890526 7.9663171470165244 24.105101272463799 11.279964238405226
leaf_count=49 30 44 126 75 114 33 99 51
internal_value=-0.00236029 0 0.00634386 0.00123501 -0.00526597 -0.013189 0.00245733 -0.0180633
internal_weight=149.222 131.272 59.652 48.814 71.6203 35.613 36.0073 17.9496
internal_count=621 540 245 201 295 147 148 81
is_linear=0
shrinkage=0.03


Tree=41
num_leaves=9
num_cat=0
split_feature=39 23 9 38 10 32 23 1
split_gain=6.44694 4.93924 7.68326 6.55452 6.08619 4.0694 3.92293 1.76184
threshold=1.0000000180025095e-35 1.0223652869426485 -0.010311753270247822 0.0078824928807887887 -0.010903690480682125 -0.0021281918564526876 1.1468423058651462 -0.023511465953829077
decision_type=2 2 2 2 2 2 2 2
left_child=-1 2 4 -4 -2 7 -7 -3
right_child=1 5 3 -5 -6 6 -8 -9
leaf_value=0.015271508373425962 -0.0054731515784029964 0.00012689686976056008 0.013381176758374268 -0.0091069940408876858 -0.033112656881227692 0.0062214445255743284 -0.012886753512929221 0.01862713784083684
leaf_weight=14.478513881564139 16.685707211494449 9.4250479042530078 15.751901090145109 31.471220627427101 15.075493618845938 15.290428802371023 18.717780083417892 12.192995175719259
leaf_count=59 69 39 65 134 64 63 78 50
internal_value=-0.00229601 -0.00449127 -0.00926063 -0.00106212 -0.020221 0.00210687 -0.00401057 0.0118903
internal_weight=149.089 134.611 78.9843 47.2231 31.7612 55.6263 34.0082 21.618
internal_count=621 562 332 199 133 230 141 89
is_linear=0
shrinkage=0.03


Tree=42
num_leaves=9
num_cat=0
split_feature=39 28 36 28 9 21 21 34
split_gain=6.11134 5.69298 6.60961 11.5006 5.4097 4.52725 10.0806 3.48059
threshold=1.0000000180025095e-35 6.5000000000000009 0.0063726376729655249 3.5000000000000004 0.035515781538556258 0.016674043895060657 0.020885630391688333 0.013855002821535513
decision_type=2 2 2 2 2 2 2 2
left_child=-1 2 3 -2 -4 7 -7 -3
right_child=1 5 4 -5 -6 6 -8 -9
leaf_value=0.014874024064345666 -0.018702302012256155 -0.026377584856142708 0.023150104695767556 0.012539236150228334 -0.0019535907076919878 0.0090010148419429527 -0.019345005328438587 -0.00084847076288775203
leaf_weight=14.472993358969687 23.638940617442131 18.457234218716625 15.814111888408663 15.767757028341292 11.342317894101141 23.203564703464508 18.129271999001503 8.0949360430240613
leaf_count=59 99 77 65 65 47 97 78 34
internal_value=-0.00222687 -0.0043687 0.00167174 -0.00583754 0.0127359 -0.0103845 -0.00340488 -0.0197245
internal_weight=148.921 134.448 66.5631 39.4067 27.1564 67.885 41.3328 26.5522
internal_count=621 562 276 164 112 286 175 111
is_linear=0
shrinkage=0.03


Tree=43
num_leaves=12
num_cat=0
split_feature=36 10 7 28 32 15 32 6 0 21 25
split_gain=3.89212 7.42526 6.57633 6.43819 5.4165 7.4431 4.70496 4.32383 4.06824 2.07642 0.170825
threshold=0.0065766509884510908 -0.013686290755874074 -0.0010648338563973847 2.5000000000000004 -0.0022410152238378496 451.18622097880666 -0.0095196047953310919 0.0010669054916149984 0.0082157492224136392 0.020885630391688333 0.22684391080617497
decision_type=2 2 2 2 2 2 2 2 2 2 2
left_child=3 8 9 10 6 -6 -5 -4 -2 -3 -1
right_child=1 2 7 4 5 -7 -8 -9 -10 -11 -12
leaf_value=-0.029589675434575122 0.025757380441905418 -0.0040488873990347897 0.021772475788718493 -0.0035905697859931222 -0.014315391665563676 0.015492175494351593 0.019093445570210438 -0.0024997311170609211 0 -0.02921286967773842 -0.010270178799523284
leaf_weight=7.2888942062854749 13.721961781382563 7.9902455657720548 7.3122019618749645 14.248174726963045 36.886848285794258 7.1633933782577506 13.800534874200819 18.850064501166344 7.3075500875711432 6.9097068011760712 7.2537824511528015
leaf_count=31 56 33 31 59 154 30 57 79 30 30 31
internal_value=-0.00216629 0.00335041 -0.00383393 -0.00627545 -0.00211033 -0.00868008 0.00759921 0.00481602 0.0171446 -0.0186822 -0.0232667
internal_weight=148.733 62.0917 41.0622 86.6416 72.099 44.0502 28.0487 26.1623 21.0295 14.9 14.5427
internal_count=621 259 173 362 300 184 116 110 86 63 62
is_linear=0
shrinkage=0.03


Tree=44
num_leaves=11
num_cat=0
split_feature=27 32 37 35 14 26 32 7 6 21
split_gain=4.50089 7.07451 6.88391 5.71161 4.06529 3.70423 3.40397 3.23444 3.01002 1.42765
threshold=1.5000000000000002 0.0014791295230565107 0.056587347134767547 -0.015157193110803433 -276.73596883629392 0.23598008385744237 -0.0035124394076734284 -0.023462272590991855 -0.00068311916762158365 0.019003607524117939
decision_type=2 2 2 2 2 2 2 2 2 2
left_child=1 7 3 6 -5 9 -2 -1 -9 -3
right_child=2 5 -4 4 -6 -7 -8 8 -10 -11
leaf_value=-0.011560691294280832 0 -0.013491191961710254 -0.017492583860050849 -0.011776364350650484 0.0052318122826955768 -0.029055651820228515 0.025737434743393534 0.018339895677914383 -0.002404089027371097 0.0019182645624085824
leaf_weight=8.4872269779443759 7.3115423917770412 8.3420816063880938 11.715626105666159 15.804117560386656 41.46651566028595 13.817452698945997 13.932923555374144 10.605239033699039 9.5899515748023951 7.5144736617803565
leaf_count=35 30 35 54 65 171 58 57 44 40 32
internal_value=-0.00211635 -0.00851254 0.00195262 0.00540287 4.62434e-05 -0.0183388 0.0179515 0.00169726 0.00848452 -0.00595164
internal_weight=148.587 58.3564 90.2307 78.5151 57.2706 29.674 21.2445 28.6824 20.1952 15.8566
internal_count=621 244 377 323 236 125 87 119 84 67
is_linear=0
shrinkage=0.03


Tree=45
num_leaves=9
num_cat=0
split_feature=19 27 36 3 36 28 33 34
split_gain=4.73564 5.75392 5.78873 5.72896 4.75619 6.52316 4.95981 1.21492
threshold=0.087651256389759749 1.5000000000000002 0.0049522727424689333 -0.066027092387704919 0.0080627815361906854 6.5000000000000009 0.53292260388701507 0.0086489186812804836
decision_type=2 2 2 2 2 2 2 2
left_child=1 7 -3 -2 5 -5 -6 -1
right_child=3 2 -4 4 6 -7 -8 -9
leaf_value=-0.028775646220564426 -0.017875267047166878 -0.0151224515291734 0.013009501711862034 0.016559583144903627 0.0066746703937697067 0.00040187123120768704 -0.023412750977384007 -0.0062895759957700085
leaf_weight=8.2037556022405607 7.7609639763832083 8.990381211042406 14.12421655654907 44.506857395172119 7.6753239482641202 47.553826034069061 7.5583502650260925 7.1895328015089026
leaf_count=34 32 38 58 185 32 200 32 30
internal_value=0.000761809 -0.00797009 0.00113745 0.00389868 0.00590919 0.00855882 -0.00836778 -0.0210666
internal_weight=153.563 38.5079 23.1146 115.055 107.294 92.0607 15.2337 15.3933
internal_count=641 160 96 481 449 385 64 64
is_linear=0
shrinkage=0.03


Tree=46
num_leaves=10
num_cat=0
split_feature=23 19 3 32 19 35 9 34 34
split_gain=5.26332 7.0789 5.96723 5.20517 5.04065 4.4899 3.7929 3.30537 0.852736
threshold=0.98433340677644809 0.091061945164337993 -0.066027092387704919 0.014392599266108143 0.10787406760510519 0.046141183928610892 -1.0000000180025095e-35 0.023372289972194763 -0.016811243568251585
decision_type=2 2 2 2 2 2 2 2 2
left_child=1 7 -2 6 -3 -6 -4 8 -1
right_child=2 4 3 -5 5 -7 -8 -9 -10
leaf_value=-0.0085914382092118751 -0.016135618305708501 0.01653333549723332 0.020491704905759821 -0.0062109032358554014 -0.01114585973180679 0.0091040609319124333 0.0039687120433926585 0 -0.029780847607175004
leaf_weight=7.387633398175244 7.2830717712640753 12.99917560815811 29.141304537653919 13.422196015715597 25.080122500658035 12.981138169765471 27.36584405601025 7.3978974223136893 10.431700080633163
leaf_count=31 30 54 119 56 107 54 115 31 44
internal_value=0.00071208 -0.00470617 0.00623777 0.00916034 0.00155567 -0.0037553 0.0131554 -0.017119 -0.0235063
internal_weight=153.49 76.2777 77.2124 69.9293 51.0604 38.0613 56.5071 25.2172 17.8193
internal_count=641 321 320 290 215 161 234 106 75
is_linear=0
shrinkage=0.03


Tree=47
num_leaves=6
num_cat=0
split_feature=20 3 32 32 0
split_gain=6.16256 4.83793 5.8212 5.80453 4.88907
threshold=0.031934058828176383 -0.066027092387704919 0.010509896408633647 0.0069632143506453978 0.019596526615611402
decision_type=2 2 2 2 2
left_child=1 -1 3 -3 -4
right_child=-2 2 4 -5 -6
leaf_value=-0.021497913644573929 0.020027954320345091 0.00069347793967772492 -0.022239931365956242 0.021761530322634944 0.0025736899101400129
leaf_weight=7.7419351041316977 11.602417677640913 97.533878266811371 14.696671649813654 11.703957945108412 10.136848315596579
leaf_count=32 48 407 63 48 43
internal_value=0.000676538 -0.0010589 0.000309744 0.00343627 -0.0121153
internal_weight=153.416 141.813 134.071 109.238 24.8335
internal_count=641 593 561 455 106
is_linear=0
shrinkage=0.03


Tree=48
num_leaves=8
num_cat=0
split_feature=20 23 36 28 23 1 38
split_gain=5.86087 5.30902 6.54268 7.58402 6.42206 5.0935 3.64762
threshold=0.031934058828176383 0.98433340677644809 0.004785870568979088 6.5000000000000009 1.4044876071091419 -0.023511465953829077 0.0096262451463751311
decision_type=2 2 2 2 2 2 2
left_child=1 2 6 -4 5 -3 -1
right_child=-2 4 3 -5 -6 -7 -8
leaf_value=-0.031694784217499855 0.019551035224894802 -0.0083485015647728564 0.0099157840189633487 -0.011725006823783558 -0.017935572040447479 0.012177993691222041 -0.0017203860502393478
leaf_weight=10.397050336003305 11.578034892678259 11.256364092230795 26.025939926505089 28.066568449139595 7.6313947588205329 51.266140311956406 7.111638516187667
leaf_count=45 48 47 108 119 32 212 30
internal_value=0.00065984 -0.00102932 -0.0067693 -0.00106309 0.00464645 0.00810576 -0.0217133
internal_weight=153.333 141.755 71.6012 54.0925 70.1539 62.5225 17.5087
internal_count=641 593 302 227 291 259 75
is_linear=0
shrinkage=0.03


Tree=49
num_leaves=11
num_cat=0
split_feature=23 19 24 28 3 9 24 8 34 34
split_gain=4.69163 6.69614 5.75778 6.31236 5.38093 4.39355 4.67479 4.13617 3.16973 0.820027
threshold=0.98433340677644809 0.091061945164337993 0.4555335968379447 6.5000000000000009 -0.066027092387704919 -0.03412771344041611 0.44136745607333844 -0.041131903888380388 0.023372289972194763 -0.016811243568251585
decision_type=2 2 2 2 2 2 2 2 2 2
left_child=1 8 3 -3 -2 7 -7 -6 9 -1
right_child=4 2 -4 -5 5 6 -8 -9 -10 -11
leaf_value=-0.0082628853221894151 -0.015439077355581945 0.020488995506998574 -0.014712369024766418 -0.0025027742806260087 0.0014500490830579723 -0.0022716293857073435 0.017271940607536004 0.030096733467607831 0 -0.029060558700763794
leaf_weight=7.3597343415021941 7.2322361767292014 16.596440955996513 12.029931634664534 22.298507586121559 8.8009079694747943 36.232438609004021 13.088142812252043 11.806762650609015 7.3837078064680091 10.346167266368866
leaf_count=31 30 69 51 95 36 152 54 48 31 44
internal_value=0.000620086 -0.00450164 0.00158329 0.00746324 0.00584148 0.00861903 0.00309333 0.0197367 -0.0166111 -0.0228929
internal_weight=153.175 76.0145 50.9249 38.8949 77.1605 69.9283 49.3206 20.6077 25.0896 17.7059
internal_count=641 321 215 164 320 290 206 84 106 75
is_linear=0
shrinkage=0.03


end of trees

feature_importances:
macro_topix_ret_20=47
macro_nikkei_ret_20=32
atr_pct=25
month=25
macro_usdjpy_vol_20=23
vol_ratio=22
macro_usdjpy_ret_60=19
macd=18
bb_bandwidth=17
gap=15
ma_20_60_cross=12
macro_usdjpy_ret_20=12
return_5d=11
macd_hist=11
volatility=11
macd_signal=9
macro_topix_vol_20=9
div_ma_60=8
ma_5_20_cross=8
day_of_week=8
return_1d=7
upper_shadow_pct=7
div_ma_5=6
div_ma_20=6
candle_body_pct=6
return_3d=5
return_20d=5
rsi=5
macd_hist_change=5
return_2d=4
rsi_change=4
div_ma_10=3
bb_pct_b=2
vol_change=2
lower_shadow_pct=2
price_position_20d=2
macro_topix_above_200dma=2
return_10d=1

parameters:
[boosting: gbdt]
[objective: binary]
[metric: binary_logloss]
[tree_learner: serial]
[device_type: cpu]
[data_sample_strategy: bagging]
[data: ]
[valid: ]
[num_iterations: 50]
[learning_rate: 0.03]
[num_leaves: 15]
[num_threads: 0]
[seed: 42]
[deterministic: 0]
[force_col_wise: 0]
[force_row_wise: 0]
[histogram_pool_size: -1]
[max_depth: 4]
[min_data_in_leaf: 30]
[min_sum_hessian_in_leaf: 0.001]
[bagging_fraction: 0.7]
[pos_bagging_fraction: 1]
[neg_bagging_fraction: 1]
[bagging_freq: 5]
[bagging_seed: 400]
[bagging_by_query: 0]
[feature_fraction: 0.6]
[feature_fraction_bynode: 1]
[feature_fraction_seed: 30056]
[extra_trees: 0]
[extra_seed: 12879]
[early_stopping_round: 0]
[early_stopping_min_delta: 0]
[first_metric_only: 0]
[max_delta_step: 0]
[lambda_l1: 0.5]
[lambda_l2: 2]
[linear_lambda: 0]
[min_gain_to_split: 0]
[drop_rate: 0.1]
[max_drop: 50]
[skip_drop: 0.5]
[xgboost_dart_mode: 0]
[uniform_drop: 0]
[drop_seed: 17869]
[top_rate: 0.2]
[other_rate: 0.1]
[min_data_per_group: 100]
[max_cat_threshold: 32]
[cat_l2: 10]
[cat_smooth: 10]
[max_cat_to_onehot: 4]
[top_k: 20]
[monotone_constraints: ]
[monotone_constraints_method: basic]
[monotone_penalty: 0]
[feature_contri: ]
[forcedsplits_filename: ]
[refit_decay_rate: 0.9]
[cegb_tradeoff: 1]
[cegb_penalty_split: 0]
[cegb_penalty_feature_lazy: ]
[cegb_penalty_feature_coupled: ]
[path_smooth: 0]
[interaction_constraints: ]
[verbosity: -1]
[saved_feature_importance_type: 0]
[use_quantized_grad: 0]
[num_grad_quant_bins: 4]
[quant_train_renew_leaf: 0]
[stochastic_rounding: 1]
[linear_tree: 0]
[max_bin: 255]
[max_bin_by_feature: ]
[min_data_in_bin: 5]
[bin_construct_sample_cnt: 200000]
[data_random_seed: 175]
[is_enable_sparse: 1]
[enable_bundle: 1]
[use_missing: 1]
[zero_as_missing: 0]
[feature_pre_filter: 1]
[pre_partition: 0]
[two_round: 0]
[header: 0]
[label_column: ]
[weight_column: ]
[group_column: ]
[ignore_column: ]
[categorical_feature: ]
[forcedbins_filename: ]
[precise_float_parser: 0]
[parser_config_file: ]
[objective_seed: 16083]
[num_class: 1]
[is_unbalance: 0]
[scale_pos_weight: 1]
[sigmoid: 1]
[boost_from_average: 1]
[reg_sqrt: 0]
[alpha: 0.9]
[fair_c: 1]
[poisson_max_delta_step: 0.7]
[tweedie_variance_power: 1.5]
[lambdarank_truncation_level: 30]
[lambdarank_norm: 1]
[label_gain: ]
[lambdarank_position_bias_regularization: 0]
[eval_at: ]
[multi_error_top_k: 1]
[auc_mu_weights: ]
[num_machines: 1]
[local_listen_port: 12400]
[time_out: 120]
[machine_list_filename: ]
[machines: ]
[gpu_platform_id: -1]
[gpu_device_id: -1]
[gpu_use_dp: 0]
[num_gpu: 1]

end of parameters

pandas_categorical:[]
