tree
version=v4
num_class=1
num_tree_per_iteration=1
label_index=0
max_feature_idx=44
objective=binary sigmoid:1
feature_names=return_1d return_2d return_3d return_5d return_10d return_20d div_ma_5 div_ma_10 div_ma_20 div_ma_60 ma_5_20_cross ma_20_60_cross rsi rsi_change macd macd_signal macd_hist macd_hist_change bb_pct_b bb_bandwidth atr_pct volatility vol_change vol_ratio candle_body_pct upper_shadow_pct lower_shadow_pct day_of_week month is_month_end is_month_start streak gap price_position_20d macro_usdjpy_ret_20 macro_usdjpy_ret_60 macro_usdjpy_vol_20 macro_topix_ret_20 macro_topix_vol_20 macro_topix_above_200dma macro_nikkei_ret_20 macro_nikkei_above_200dma macro_nikkei_vi macro_jgb10y macro_bias_score
feature_infos=[-0.17772667542706966:0.1470235717139432] [-0.20539682539682536:0.16510776738511601] [-0.24013357619914999:0.17508813160987069] [-0.22865947611710324:0.24522163481089865] [-0.25104727707959307:0.30696721311475406] [-0.27784189267166759:0.2820615261685977] [-0.18004324182663956:0.11861627362173989] [-0.20405762075873687:0.13833228001040926] [-0.23400609000351938:0.17718290736289741] [-0.25990902863676019:0.21897800811042367] [-0.11857745094931693:0.13821315192743766] [-0.12064419178315244:0.10999476118612317] [12.283044058744991:96.584190916078668] [-24.477381847899785:30.523230841411753] [-76.757544168411869:70.388875063558089] [-62.887320813967342:61.703804987248915] [-30.363520725662603:39.603186159897412] [-19.050373370978008:12.003121116441562] [-0.40688573596952488:1.3342851245192389] [0.035991517558029672:0.39473402552224823] [0.012253614857796663:0.061921529175050304] [0.009105963204296243:0.057095451026884708] [-0.8996731498443703:7.0808635808635803] [0.45453671130036144:2.3363224203448341] [-1:1] [0:0.86904761904761907] [0:0.92592592592592593] [0:4] [1:12] none [0:1] [-7:9] [-0.073388837496145554:0.14382740711146624] [0:1] [-0.10288784967882303:0.071219898375910473] [-0.13986255140503889:0.13160084488587853] [0.0013477040299661059:0.011841457708833433] [-0.21871130063915301:0.21255316252998058] [0.0039190401412919932:0.040640975235326532] [0:1] [-0.22859537662338159:0.23022297972565586] [0:1] none none none
tree_sizes=1072 1102 1292 1103 1308 1199 885 1181 991 990 1206 1305 1088 966 1286 1316 1287 1199 1182 1323 887 996 998 1316 1000 1094 874 1088 978 1085 1102 1094 874 1283 1097 1082 1076 1089 782 991 1107 999 1522 1318 1519 1203 927 1101 1083 1064

Tree=0
num_leaves=9
num_cat=0
split_feature=28 5 36 35 14 9 37 28
split_gain=17.495 14.6749 12.0691 10.37 8.81203 6.49073 6.42499 2.05281
threshold=8.5000000000000018 0.12886599835661219 0.0037357669776730451 0.050795615739176687 -17.641595337786153 0.054913062958784238 0.0087735921042859672 11.500000000000002
decision_type=2 2 2 2 2 2 2 2
left_child=1 2 -1 -4 6 7 -2 -6
right_child=4 -3 3 -5 5 -7 -8 -9
leaf_value=-0.14119349252021246 -0.10482877757831476 -0.147781767802278 -0.10321469101395624 -0.13532268607634029 -0.15520543427707292 -0.12062798778861462 -0.13631952331436842 -0.13008994217833805
leaf_weight=8.2200610041618329 10.960081338882448 8.4691537618637067 74.727827310562134 8.2200610041618329 20.17651337385178 7.7218754887580863 8.4691537618637067 7.7218754887580863
leaf_count=33 44 34 300 33 81 31 34 31
internal_value=-0.121642 -0.114268 -0.110477 -0.106844 -0.135007 -0.143509 -0.119439 -0.149853
internal_weight=154.687 99.6371 91.1679 82.9479 55.0495 35.6203 19.4292 27.8984
internal_count=621 400 366 333 221 143 78 112
is_linear=0
shrinkage=1


Tree=1
num_leaves=9
num_cat=0
split_feature=28 5 38 34 23 23 40 0
split_gain=16.4852 13.9236 13.2375 21.3212 8.82743 9.77491 7.32262 6.05306
threshold=8.5000000000000018 0.12886599835661219 0.0086546881735441259 0.0018341059208517587 0.81908640383198084 1.1760473501880579 0.00059720521097250689 0.0071189655019158202
decision_type=2 2 2 2 2 2 2 2
left_child=1 2 7 -4 -2 6 -6 -1
right_child=4 -3 3 -5 5 -7 -8 -9
leaf_value=0.030189054257964015 0.0098036622644953608 -0.026534385556838569 0.01781555312615616 -0.019514026231046252 -0.0062454814677820568 0.0058775249126365231 -0.036274417081857281 0.0037389942186430588
leaf_weight=26.673138067126274 9.4585323780775052 8.4537595212459546 26.178580835461617 24.908249139785767 13.693970963358877 9.2105284929275495 22.635154440999031 13.462001681327818
leaf_count=107 38 34 105 100 55 37 91 54
internal_value=-0.00102407 0.00612705 0.0098191 -0.000152039 -0.0140078 -0.0194733 -0.0262631 0.0222718
internal_weight=154.674 99.6757 91.222 51.0868 54.9982 45.5397 36.3291 40.1351
internal_count=621 400 366 205 221 183 146 161
is_linear=0
shrinkage=0.03


Tree=2
num_leaves=11
num_cat=0
split_feature=28 36 38 20 14 20 14 35 37 10
split_gain=15.5622 13.0337 10.8427 10.1487 8.22155 8.45281 6.10644 5.85619 4.50911 3.69941
threshold=8.5000000000000018 0.0046061955180631406 0.0085951149782634243 0.031718191297204219 -17.641595337786153 0.019931816712668277 -26.298689962466934 0.028183732956600486 0.050222397401654802 0.0028813773682668802
decision_type=2 2 2 2 2 2 2 2 2 2
left_child=1 9 8 -4 6 7 -2 -6 -3 -1
right_child=4 2 3 -5 5 -7 -8 -9 -10 -11
leaf_value=0 -0.010674078667918254 0.02829566983031645 -0.0063713406798048666 0.02761782421585196 -0.020171803435455032 -0.033691086192336593 0.020416390739415518 0.012758113323304695 0.0024109235988437885 -0.025961077245904955
leaf_weight=7.9610784351825741 11.948492407798769 28.191650152206421 35.629373848438263 7.9849478900432578 7.4553332179784757 20.356466174125671 7.4691649228334418 7.7072090804576874 9.7242604047059995 10.196693763136862
leaf_count=32 48 113 143 32 30 82 30 31 39 41
internal_value=-0.000996495 0.00594549 0.0111765 0.000460666 -0.0136232 -0.0218582 0.00137451 -0.00302318 0.0224863 -0.0155765
internal_weight=154.625 99.688 81.5302 43.6143 54.9367 35.519 19.4177 15.1625 37.9159 18.1578
internal_count=621 400 327 175 221 143 78 61 152 73
is_linear=0
shrinkage=0.03


Tree=3
num_leaves=9
num_cat=0
split_feature=36 38 20 10 5 9 36 23
split_gain=14.75 12.8044 14.1508 9.06519 7.9837 6.421 4.32557 3.04256
threshold=0.0046061955180631406 0.0085173260989298023 0.031718191297204219 -0.012359323741982007 0.020130405429969692 -0.019139282223744145 0.0068695643994096016 1.0420225008655806
decision_type=2 2 2 2 2 2 2 2
left_child=5 3 4 -2 -3 -1 -5 -7
right_child=1 2 -4 6 -6 7 -8 -9
leaf_value=0.002181982592508621 -0.0069835732452974341 -0.00089531622051011327 0.026709289488545684 0.03186811698815252 -0.023352431844214115 -0.031217336660545564 0.0085678962355164017 -0.0052866034860126528
leaf_weight=9.4494184851646406 10.209329500794409 40.815871343016624 9.4815809428691846 20.210913240909576 21.359958335757256 18.117610260844234 16.714919939637184 8.2027290463447553
leaf_count=38 41 164 38 81 86 73 67 33
internal_value=-0.000966079 0.00406252 -0.00376311 0.0159337 -0.00933133 -0.0173942 0.0226885 -0.0246097
internal_weight=154.562 118.793 71.6574 47.1352 62.1758 35.7698 36.9258 26.3203
internal_count=621 477 288 189 250 144 148 106
is_linear=0
shrinkage=0.03


Tree=4
num_leaves=11
num_cat=0
split_feature=28 5 38 21 14 20 19 22 0 1
split_gain=14.3343 12.8994 11.3877 14.09 7.64174 7.97946 7.91133 6.05258 5.77079 1.57074
threshold=8.5000000000000018 0.12886599835661219 0.0089263711230058544 0.027349255032885513 -17.641595337786153 0.019931816712668277 0.063357893409983587 0.06921676994880134 0.0054053378258428495 0.011301867248487365
decision_type=2 2 2 2 2 2 2 2 2 2
left_child=1 2 8 -4 7 6 -6 -2 -1 -7
right_child=4 -3 3 -5 5 9 -8 -9 -10 -11
leaf_value=0.028729173908683025 -0.011200828975061762 -0.025748927505479285 -0.0090763328074172922 0.027900099215124333 -0.022698826815517451 -0.039794837290577832 0.015678636570613351 0.019523167957356626 0.0044511573964980348 -0.012651408619856622
leaf_weight=25.974207505583763 11.449930265545847 8.4261317700147611 38.811635076999664 9.9829877167940122 7.436109855771063 12.846597239375116 7.7100334912538528 7.9671325534582129 16.469748422503471 7.4200695604085913
leaf_count=104 46 34 156 40 30 52 31 32 66 30
internal_value=-0.00093723 0.00571813 0.00927507 -0.000415269 -0.0130742 -0.0210341 -0.00273814 0.00135124 0.0202702 -0.0325597
internal_weight=154.495 99.6647 91.2386 48.7946 54.8299 35.4128 15.1461 19.4171 42.444 20.2667
internal_count=621 400 366 196 221 143 61 78 170 82
is_linear=0
shrinkage=0.03


Tree=5
num_leaves=10
num_cat=0
split_feature=28 36 23 37 19 23 36 22 14
split_gain=13.998 12.4797 9.80798 10.5955 9.58847 9.19667 7.11332 6.02292 3.97804
threshold=8.5000000000000018 0.0052352639701420582 0.81908640383198084 -0.019028483253868852 0.1547526279710098 1.1760473501880579 0.0037357669776730451 0.35436213275940281 0.81994588934276191
decision_type=2 2 2 2 2 2 2 2 2
left_child=1 4 -2 -4 6 -5 -1 8 -3
right_child=2 7 3 5 -6 -7 -8 -9 -10
leaf_value=-0.017222769336619145 0.014279274662051004 0.008406975927047507 0.011242350397243171 -0.031795085415813482 -0.028708907212139673 0.00087448943516109997 0.01229322339521303 -0.0022667587408530909 0.027338092355344575
leaf_weight=8.4290555119514483 9.1946457922458631 22.463727131485939 7.9445944875478736 27.424046546220779 9.427058130502699 9.1967093199491483 21.911380797624588 11.719773679971693 29.429959535598755
leaf_count=34 37 90 32 111 38 37 88 47 118
internal_value=0.00113721 0.00763965 -0.0109235 -0.0168354 -0.00511708 -0.0235818 0.00307141 0.0157559 0.0200376
internal_weight=157.141 103.381 53.76 44.5654 39.7675 36.6208 30.3404 63.6135 51.8937
internal_count=632 415 217 180 160 148 122 255 208
is_linear=0
shrinkage=0.03


Tree=6
num_leaves=7
num_cat=0
split_feature=40 35 1 13 10 14
split_gain=12.2711 9.33087 10.4161 8.60362 7.85301 4.9862
threshold=0.097857002648615313 0.056245831076199189 -0.015166765621724641 -1.7266862713958664 0.006908991836172996 -13.783714751339515
decision_type=2 2 2 2 2 2
left_child=1 2 5 -3 -4 -1
right_child=-2 3 4 -5 -6 -7
leaf_value=0.0081870962179630882 -0.030681731025367084 0.0083105876340801247 0.0036892132853869721 -0.028351114212434862 0.021418620422710068 -0.01530579426699811
leaf_weight=9.7073770314455015 8.1612288951873762 7.4517036676406887 57.184176325798035 12.651294901967047 39.355251282453537 22.551543295383453
leaf_count=39 33 30 230 51 158 91
internal_value=0.0011039 0.00332901 0.00641586 -0.0145605 0.011357 -0.00773321
internal_weight=157.063 148.901 128.798 20.103 96.5394 32.2589
internal_count=632 599 518 81 388 130
is_linear=0
shrinkage=0.03


Tree=7
num_leaves=10
num_cat=0
split_feature=28 36 23 37 19 23 36 6 17
split_gain=12.8872 11.6591 9.33334 10.062 9.15451 8.68951 6.65943 5.49007 6.41061
threshold=8.5000000000000018 0.0052352639701420582 0.81908640383198084 -0.019028483253868852 0.1547526279710098 1.1760473501880579 0.0037357669776730451 -0.018679170308055396 1.7776229394613596
decision_type=2 2 2 2 2 2 2 2 2
left_child=1 4 -2 -4 6 -5 -1 -3 -9
right_child=2 7 3 5 -6 -7 -8 8 -10
leaf_value=-0.016681084086615238 0.014025976895915565 -0.0062489466640531762 0.011000626906519649 -0.030922170453897176 -0.028111308774094991 0.00081284509561291751 0.011887763024897816 0.024040440966673519 0
leaf_weight=8.4099447578191775 9.1988563388586027 7.4849310219287863 7.9490897655487052 27.310208007693291 9.4035040587186796 9.1971009075641614 21.917492613196373 41.932268902659416 14.221724495291708
leaf_count=34 37 30 32 111 38 37 88 168 57
internal_value=0.00105841 0.00729836 -0.0105239 -0.0163118 -0.00502963 -0.0229108 0.0029596 0.0151422 0.0183683
internal_weight=157.025 103.37 53.6553 44.4564 39.7309 36.5073 30.3274 63.6389 56.154
internal_count=632 415 217 180 160 148 122 255 225
is_linear=0
shrinkage=0.03


Tree=8
num_leaves=8
num_cat=0
split_feature=28 23 37 23 40 1 17
split_gain=12.0939 8.85619 9.57267 8.28375 8.02947 11.0086 7.24758
threshold=8.5000000000000018 0.81908640383198084 -0.019028483253868852 1.1760473501880579 0.091135932602469341 -0.029910976557318055 1.9862336449624596
decision_type=2 2 2 2 2 2 2
left_child=4 -2 -3 -4 5 -1 -7
right_child=1 2 3 -5 -6 6 -8
leaf_value=-0.017568487980628857 0.013670236394449857 0.010730353288030858 -0.030172024020445772 0.00079277793968705803 -0.018433657709692405 0.017666209230938628 -0.0027684983962969574
leaf_weight=9.6954349279403669 9.2070091664791089 7.9551117718219748 27.200900137424469 9.1976252645254117 7.9231188446283332 67.798126503825188 17.93507607281208
leaf_count=39 37 32 111 37 32 272 72
internal_value=0.00102156 -0.0102077 -0.0158639 -0.0223231 0.00706668 0.00967279 0.0132547
internal_weight=156.912 53.5606 44.3536 36.3985 103.352 95.4286 85.7332
internal_count=632 217 180 148 415 383 344
is_linear=0
shrinkage=0.03


Tree=9
num_leaves=8
num_cat=0
split_feature=40 12 19 34 40 0 13
split_gain=11.1904 7.68004 11.346 9.02577 8.5029 7.25798 5.80213
threshold=0.097857002648615313 56.180717667249418 0.18826579615431574 0.01078565379586305 0.0026908063712992596 0.007606657720340749 -4.7488364387734938
decision_type=2 2 2 2 2 2 2
left_child=1 3 5 4 -1 -3 -5
right_child=-2 2 -4 6 -6 -7 -8
leaf_value=0.01639099042860442 -0.029463189277017427 0.028103753667386686 -0.01783741118557795 0.0051429109980416195 -0.0046469117769459747 0.0027369820302595655 -0.021892108834074796
leaf_weight=28.131158545613289 8.1025139987468702 25.389185562729836 7.4412867575883856 7.9223997741937664 37.427301689982414 19.139648199081421 23.253256022930145
leaf_count=113 33 102 30 32 151 77 94
internal_value=0.000978451 0.00310567 0.012214 -0.00178411 0.00437642 0.0181092 -0.0146739
internal_weight=156.807 148.704 51.9701 96.7341 65.5585 44.5288 31.1757
internal_count=632 599 209 390 264 179 126
is_linear=0
shrinkage=0.03


Tree=10
num_leaves=10
num_cat=0
split_feature=35 20 4 17 2 15 2 11 15
split_gain=6.20974 9.16961 6.60802 6.77404 6.83399 5.91828 7.78025 5.40991 2.29082
threshold=0.010025867013824021 0.019973590952736046 -0.060939017217264184 1.8983670485534647 -0.0025909412017316442 -18.944680472090266 -0.0154963935620529 0.04788449486491609 -1.2537698964104445
decision_type=2 2 2 2 2 2 2 2 2
left_child=2 7 -1 4 -4 -3 -7 8 -2
right_child=1 5 3 -5 -6 6 -8 -9 -10
leaf_value=0.028778712962380038 0.0018287763111745872 0.0053543840727026011 -0.0040577938134402141 -0.019491333193648278 0.018539179783061494 0.00045883789660595883 -0.023239103005390539 -0.0089007265751121761 0.025217011455085682
leaf_weight=9.4805415868759138 7.6467812955379548 14.383105695247648 20.306418806314465 7.7157716006040564 23.168851733207706 17.320896372199059 33.143843352794647 7.6674317717552176 11.973625570535658
leaf_count=38 31 58 82 31 93 70 134 31 48
internal_value=0.000619866 -0.00415525 0.00801187 0.00294639 0.00794047 -0.0103238 -0.015112 0.00969576 0.0178079
internal_weight=152.807 92.1357 60.6716 51.191 43.4753 64.8478 50.4647 27.2878 19.6204
internal_count=616 372 244 206 175 262 204 110 79
is_linear=0
shrinkage=0.03


Tree=11
num_leaves=11
num_cat=0
split_feature=36 38 14 11 5 11 3 35 11 38
split_gain=17.145 8.17652 11.5787 11.5644 6.5562 4.33467 4.23272 2.59226 2.45499 1.19177
threshold=0.0046061955180631406 0.0085173260989298023 -20.60759896376214 0.048833414167674068 0.005681291587832816 -0.0020415808325414671 -0.0018432522363807655 0.047634901904523248 0.033460179805719144 0.0071330589641799775
decision_type=2 2 2 2 2 2 2 2 2 2
left_child=4 5 6 -4 7 9 -3 -1 -7 -2
right_child=1 2 3 -5 -6 8 -8 -9 -10 -11
leaf_value=-0.012945334205452425 -0.0048666138002608625 0.0044722073647739018 -0.015513855257600526 0.01601802907108283 -0.028770652084545028 0.028025004221931354 0.031756430964437268 0.0091050591989409631 0.0045580065836049368 0.0095245039492509852
leaf_weight=7.4209864139556867 7.7094416022300702 14.684583470225336 40.514651462435722 11.689429327845572 18.444233521819115 20.46301864087582 8.471005514264105 7.4197059869766235 7.9782252460718146 7.9480285793542862
leaf_count=30 31 59 164 47 75 82 34 30 32 32
internal_value=0.000613729 0.00604615 0 -0.00784606 -0.0176955 0.0159984 0.0167811 -0.00125831 0.0226668 0.00184046
internal_weight=152.743 119.458 75.3597 52.2041 33.2849 44.0987 23.1556 14.8407 28.4412 15.6575
internal_count=616 481 304 211 135 177 93 60 114 63
is_linear=0
shrinkage=0.03


Tree=12
num_leaves=9
num_cat=0
split_feature=37 9 4 14 28 19 9 23
split_gain=11.95 6.56264 8.33847 5.1121 7.2372 10.7637 7.02307 3.95876
threshold=0.048991111139582884 0.013178754767951268 0.047370107641712685 24.821221994082411 8.5000000000000018 0.091011950605057401 -0.015866780014465832 0.93464072808473442
decision_type=2 2 2 2 2 2 2 2
left_child=3 -2 -3 4 5 -1 -6 -5
right_child=1 2 -4 7 6 -7 -8 -9
leaf_value=0.027505455327356723 -0.03451432127939829 0.01386458102093982 -0.021615045365706662 -0.023075726481315756 0.0066076893109956866 0.0023508016544644501 -0.01746319095074781 0.0025118901886886395
leaf_weight=26.680337160825729 9.2850433140993136 9.4176343977451342 10.160399734973906 7.6361221671104458 27.96927997469902 36.878162160515785 14.935222536325453 9.6708767116069776
leaf_count=107 38 38 41 31 113 148 61 39
internal_value=0.000617321 -0.0160076 -0.00414991 0.0048064 0.00735315 0.0136559 -0.00184203 -0.00922176
internal_weight=152.633 28.8631 19.578 123.77 106.463 63.5585 42.9045 17.307
internal_count=616 117 79 499 429 255 174 70
is_linear=0
shrinkage=0.03


Tree=13
num_leaves=8
num_cat=0
split_feature=36 9 38 34 16 1 0
split_gain=16.028 12.4276 7.46987 11.2303 4.98363 3.86527 6.71916
threshold=0.0046061955180631406 -0.012032542085818774 0.0085173260989298023 -0.036542050755238857 -4.6590131224210927 0.020112684195319312 -0.0048691676844281875
decision_type=2 2 2 2 2 2 2
left_child=1 -1 5 -4 -5 6 -2
right_child=2 -3 3 4 -6 -7 -8
leaf_value=0.0059420187924456528 0.0014250212122519632 -0.030031076612202057 0.022085261352621469 0.0070991386788638311 -0.011044829569152837 0 0.030119213157666285
leaf_weight=11.854292497038839 12.928135007619856 21.329663589596748 14.443056911230086 16.684896931052208 44.156845241785049 10.70920769870281 20.434164553880692
leaf_count=48 52 87 58 67 179 43 82
internal_value=0.000581848 -0.0171468 0.0058358 0 -0.00576285 0.0153503 0.0201337
internal_weight=152.54 33.184 119.356 75.2848 60.8417 44.0715 33.3623
internal_count=616 135 481 304 246 177 134
is_linear=0
shrinkage=0.03


Tree=14
num_leaves=11
num_cat=0
split_feature=36 38 34 23 33 4 11 11 18 36
split_gain=15.1902 7.05725 10.8449 8.00666 6.69584 5.05003 4.1042 2.22997 1.07485 0.077375
threshold=0.0046061955180631406 0.0085173260989298023 0.0050411954474858254 0.96218607453176286 0.4021464646464647 -0.060939017217264184 -0.0020415808325414671 0.033460179805719144 0.55449368751583938 0.0037357669776730451
decision_type=2 2 2 2 2 2 2 2 2 2
left_child=4 6 5 -4 -1 -3 8 -8 -2 -6
right_child=1 2 3 -5 9 -7 7 -9 -10 -11
leaf_value=0 -0.0052547305092917294 0.027878848696562038 0.0024208677476558436 -0.025809191412782349 -0.033738992703800576 0.0033462823214061607 0.026534284722804898 0.0041329420623075572 0.0084772402649305207 -0.014959550422257082
leaf_weight=13.080134421586989 7.4394756853580466 8.7413813769817335 14.983337268233301 16.997283935546875 9.4921656250953692 34.527974635362625 20.423090741038326 7.9741965532302848 8.2155788689851743 10.530821174383162
leaf_count=53 30 35 61 69 39 139 82 32 33 43
internal_value=0.00057947 0.00569405 0 -0.0127776 -0.0167002 0.00964649 0.0149439 0.0214231 0.00124599 -0.0267988
internal_weight=152.405 119.302 75.25 31.9806 33.1031 43.2694 44.0523 28.3973 15.6551 20.023
internal_count=616 481 304 130 135 174 177 114 63 82
is_linear=0
shrinkage=0.03


Tree=15
num_leaves=11
num_cat=0
split_feature=36 37 28 13 10 18 10 20 35 20
split_gain=11.0641 9.3447 11.1645 5.88013 5.77889 5.13974 4.93847 3.28825 2.04039 1.42435
threshold=0.0046061955180631406 -0.00049931323336077627 2.5000000000000004 -4.7488364387734938 -0.0012525779504139465 0.27690992545928689 -0.018801694478965954 0.020424996082968178 -0.0028213129801106236 0.026132413990266973
decision_type=2 2 2 2 2 2 2 2 2 2
left_child=3 5 7 -1 -5 8 -4 -3 -2 -7
right_child=1 2 6 4 -6 9 -8 -9 -10 -11
leaf_value=0.0046881784348585011 0.011568713237219129 0.028696425278750642 -0.025183720403655397 -0.0052050195801286187 -0.03408788212867743 0.03363866832202389 -0.0040006518805741909 0.000671114172678512 -0.0067727498644706173 0.0092746412389442326
leaf_weight=7.8367814421653739 8.7232820987701434 8.7165707200765628 11.137516394257544 13.501150742173197 14.813147395849226 9.9696185141801852 56.775460466742516 7.7298571020364752 8.4276993721723539 7.7101655006408683
leaf_count=32 35 35 45 55 61 40 230 31 34 31
internal_value=-0.00180179 0.00255133 -0.00274359 -0.0159286 -0.0220625 0.0152354 -0.00831021 0.0178385 0.00200671 0.0257981
internal_weight=155.341 119.19 84.3594 36.1511 28.3143 34.8308 67.913 16.4464 17.151 17.6798
internal_count=629 481 341 148 116 140 275 66 69 71
is_linear=0
shrinkage=0.03


Tree=16
num_leaves=11
num_cat=0
split_feature=36 37 28 21 23 23 33 21 38 26
split_gain=10.5315 8.88243 10.6392 7.93934 6.76019 6.4204 5.2026 3.33864 2.52189 2.18731
threshold=0.0046061955180631406 -0.00049931323336077627 2.5000000000000004 0.014455880943236037 1.1213456272238456 0.7979732982991089 0.4021464646464647 0.016985545954761389 0.013679031142278794 0.18631601438242509
decision_type=2 2 2 2 2 2 2 2 2 2
left_child=3 4 9 -1 8 -4 -5 -8 -2 -3
right_child=1 2 5 6 -6 -7 7 -9 -10 -11
leaf_value=-0.037815660466112254 0.028622868776041675 0.0023227346188769982 0.011093827380589861 0.0097890424548143021 -0.0054634241607963395 -0.012192248025846156 0 -0.024714926088185669 0.0049124559127843113 0.02649507146946934
leaf_weight=8.7309784889221174 17.430457547307018 7.7218109667301205 10.691219404339789 9.6386889368295687 8.9518347233533841 57.182496055960655 7.3061863780021694 10.386810868978499 8.4407199174165708 8.7122328430414182
leaf_count=36 70 31 43 39 36 232 30 43 34 35
internal_value=-0.00173888 0.00250341 -0.00265759 -0.0155423 0.0148714 -0.00809709 -0.00582243 -0.0152193 0.0223329 0.0174353
internal_weight=155.193 119.131 84.3078 36.0627 34.823 67.8737 27.3317 17.693 25.8712 16.434
internal_count=629 481 341 148 140 275 112 73 104 66
is_linear=0
shrinkage=0.03


Tree=17
num_leaves=10
num_cat=0
split_feature=36 15 12 11 40 38 3 13 10
split_gain=10.0642 7.426 9.6064 9.48026 8.88386 7.7511 5.97642 5.59452 5.41881
threshold=0.0046061955180631406 11.529447302237605 63.268680991624684 -0.018133626252708864 0.062915914497301842 0.0082119603222016221 -0.021694397809538576 -4.7488364387734938 -0.0012525779504139465
decision_type=2 2 2 2 2 2 2 2 2
left_child=7 3 -3 4 -2 -4 -5 -1 -9
right_child=1 2 5 6 -6 -7 -8 8 -10
leaf_value=0.0048526886098550449 0.013506435818640304 0.031867855208370606 0.01527360911207533 -0.029230200949089933 -0.017916978689435679 -0.019588571572128528 -0.0039390768127317635 -0.0048832054012355871 -0.032926882437434177
leaf_weight=7.8237130194902411 37.149036332964897 13.449739083647726 11.204852446913721 11.375069975852965 8.0288361459970456 8.1521883606910688 29.709624424576759 13.471115022897722 14.672642335295675
leaf_count=32 150 54 45 46 33 33 120 55 61
internal_value=-0.00167777 0.00246457 0.0142262 -0.00205959 0.00708123 0 -0.0123214 -0.0151934 -0.0212159
internal_weight=155.037 119.069 32.8068 86.2626 45.1779 19.357 41.0847 35.9675 28.1438
internal_count=629 481 132 349 183 78 166 148 116
is_linear=0
shrinkage=0.03


Tree=18
num_leaves=10
num_cat=0
split_feature=36 15 14 20 40 26 13 0 33
split_gain=9.53988 7.06249 9.69038 9.02891 5.63712 5.45897 5.35196 5.2363 1.13393
threshold=0.0046061955180631406 11.529447302237605 42.86715028303707 0.032842236071398766 0.061453188332085247 0.33333425810842804 -4.7488364387734938 0.014263220195758432 0.4021464646464647
decision_type=2 2 2 2 2 2 2 2 2
left_child=6 3 5 4 -2 -3 -1 8 -8
right_child=1 2 -4 -5 -6 -7 7 -9 -10
leaf_value=0.0047343639466725131 -0.0013387360142223324 0.032758117643736602 -0.009809535334356613 0.023615539746900061 -0.021701317290907272 0.00040130863673470003 -0.010994938749391137 0 -0.034230985452185163
leaf_weight=7.8285828977823249 63.662481635808945 15.928586214780809 9.1363360434770566 8.7150042504072172 13.860369041562079 7.7204357534646979 7.8572792410850587 7.2795399129390708 12.905304610729216
leaf_count=32 257 64 37 35 57 31 32 30 54
internal_value=-0.00164865 0.00237897 0.0138554 -0.00202923 -0.00562223 0.0236347 -0.0148287 -0.0207411 -0.0278353
internal_weight=154.894 119.023 32.7854 86.2379 77.5229 23.649 35.8707 28.0421 20.7626
internal_count=629 481 132 349 314 95 148 116 86
is_linear=0
shrinkage=0.03


Tree=19
num_leaves=11
num_cat=0
split_feature=36 37 20 11 23 26 10 36 20 25
split_gain=9.07062 8.0598 8.56907 6.80839 6.23128 5.80545 4.1746 3.31707 2.09099 0.63913
threshold=0.0046061955180631406 -0.00049931323336077627 0.020424996082968178 0.048833414167674068 1.1213456272238456 0.13190217102984461 -0.0012525779504139465 0.0039886970114165962 0.028897210348672143 0.13293172690763055
decision_type=2 2 2 2 2 2 2 2 2 2
left_child=6 4 5 -4 8 -3 7 -1 -2 -8
right_child=1 2 3 -5 -6 -7 9 -9 -10 -11
leaf_value=0.0085469488532694642 0.026950378538115778 0.025536579493587067 -0.014956572834695375 0.0093163010107398508 -0.0053620919284782442 -2.5796892695376416e-05 -0.0087329091735845136 -0.015331208077303078 0.0047265731252541694 -0.028714347824003925
leaf_weight=9.0878281295299548 17.646592304110531 10.674126327037813 43.766930490732193 11.16472242772579 8.9433242082595807 18.554988816380501 7.2006668150424984 7.5654537677764884 8.1974643319845182 11.918427005410193
leaf_count=37 71 43 178 45 36 75 30 31 33 50
internal_value=-0.00160562 0.00231716 -0.00259685 -0.00960573 0.0141082 0.00986655 -0.0144786 -0.00197729 0.0212858 -0.0234388
internal_weight=154.721 118.948 84.1608 54.9317 34.7874 29.2291 35.7724 16.6533 25.8441 19.1191
internal_count=629 481 341 223 140 118 148 68 104 80
is_linear=0
shrinkage=0.03


Tree=20
num_leaves=7
num_cat=0
split_feature=20 19 19 37 20 23
split_gain=7.76731 8.61048 7.99426 11.2686 3.38971 2.89517
threshold=0.033618035016081786 0.1685875108414773 0.1331108083802211 0.048991111139582884 0.022031231338805388 1.1265735548772813
decision_type=2 2 2 2 2 2
left_child=1 2 3 -1 -4 -3
right_child=-2 5 4 -5 -6 -7
leaf_value=0.0017945556425779544 0.023196129911393783 -0.029018267723398099 0.028896897048598005 -0.023150576727808781 0.0041430735998963649 -0.0028456907749857445
leaf_weight=87.482033178210258 9.9057475030422193 10.794117987155916 9.1626889407634753 17.769727528095245 13.561473399400709 8.0771790593862516
leaf_count=355 40 44 37 73 55 33
internal_value=-2.41452e-05 -0.0019819 0.000807375 -0.00263026 0.016261 -0.0198809
internal_weight=156.753 146.847 127.976 105.252 22.7242 18.8713
internal_count=637 597 520 428 92 77
is_linear=0
shrinkage=0.03


Tree=21
num_leaves=8
num_cat=0
split_feature=20 38 8 11 12 11 38
split_gain=7.38468 9.50359 16.9026 8.88422 10.4097 6.58543 5.11717
threshold=0.033618035016081786 0.0094589091277217496 0.021066607942013135 0.040874829275649345 42.46049819570473 0.05370863744026922 0.0075168670108149245
decision_type=2 2 2 2 2 2 2
left_child=1 3 5 4 -1 -3 -5
right_child=-2 2 -4 6 -6 -7 -8
leaf_value=-0.009307892833149832 0.022626824517713827 -0.0066041804720128978 -0.035333897680177265 -0.025792096998593941 0.018521618668195614 0.018743955605766926 0.00088248286067411149
leaf_weight=14.354830592870711 9.9007250219583494 41.902117475867271 15.84584768116474 8.7114810794591921 42.868292108178139 9.5959385782480222 13.497634589672087
leaf_count=58 40 171 65 36 173 39 55
internal_value=-1.67779e-05 -0.00192866 -0.01014 0.00492691 0.0112085 -0.00107637 -0.0102274
internal_weight=156.677 146.776 67.3439 79.4322 57.2231 51.4981 22.2091
internal_count=637 597 275 322 231 210 91
is_linear=0
shrinkage=0.03


Tree=22
num_leaves=8
num_cat=0
split_feature=20 38 8 11 12 11 38
split_gain=7.02924 8.95913 16.119 8.40467 9.85106 6.24757 4.8959
threshold=0.033618035016081786 0.0094589091277217496 0.021066607942013135 0.040874829275649345 42.46049819570473 0.05370863744026922 0.0075168670108149245
decision_type=2 2 2 2 2 2 2
left_child=1 3 5 4 -1 -3 -5
right_child=-2 2 -4 6 -6 -7 -8
leaf_value=-0.0090666086781690906 0.022076006871150605 -0.0064195493216777279 -0.034533584055827002 -0.025232562589387452 0.017997139921480956 0.018262071839689285 0.00085936617256015797
leaf_weight=14.348068907856939 9.8933339267969114 41.872020065784454 15.774109601974486 8.6823098957538622 42.852555930614471 9.606284633278845 13.498674243688582
leaf_count=58 40 171 65 36 173 39 55
internal_value=-1.99146e-05 -0.00188863 -0.00986951 0.00476487 0.0108782 -0.00102254 -0.00997573
internal_weight=156.527 146.634 67.2524 79.3816 57.2006 51.4783 22.181
internal_count=637 597 275 322 231 210 91
is_linear=0
shrinkage=0.03


Tree=23
num_leaves=11
num_cat=0
split_feature=4 11 28 34 11 11 23 36 7 21
split_gain=6.49782 7.91637 5.67604 4.74878 4.65066 3.993 3.77045 3.26767 2.44915 0.954698
threshold=-0.02664227319212625 -0.027645836154882582 9.5000000000000018 0.015431096741507557 0.044198239743990848 -0.0030771394936104919 0.89368681440290165 0.0072104431564550984 0.00059679140677719683 0.019757604598062757
decision_type=2 2 2 2 2 2 2 2 2 2
left_child=3 6 4 5 -3 7 -2 -1 -4 -7
right_child=1 2 8 -5 -6 9 -8 -9 -10 -11
leaf_value=-0.0070688909606053509 -0.001213017347598601 0.0016518039091694844 -0.0060941476766161557 -0.0051151581868990829 -0.013565483363509899 0.034094798492321596 0.019984195081496278 0.016580990297977334 -0.033520643155490561 0.010156279823572796
leaf_weight=9.1375051140785235 12.022267311811449 44.382339552044868 7.7436483949422863 12.028261482715605 26.593576356768608 7.684302359819414 13.352470710873602 7.4474247097969046 8.5753927528858167 7.3908820003271103
leaf_count=37 49 180 32 49 109 31 54 30 36 30
internal_value=-2.28912e-05 -0.00392734 -0.00828876 0.00944927 -0.00405985 0.0154034 0.0100384 0.00338542 -0.0234113 0.0258012
internal_weight=156.358 112.67 87.295 43.6884 70.9759 31.6601 25.3747 16.5849 16.319 15.0752
internal_count=637 460 357 177 289 128 103 67 68 61
is_linear=0
shrinkage=0.03


Tree=24
num_leaves=8
num_cat=0
split_feature=20 17 37 28 37 37 11
split_gain=6.61437 5.61388 4.46135 6.22016 5.691 3.45751 1.27231
threshold=0.033618035016081786 1.3707201454785836 0.024980930074542055 2.5000000000000004 -0.034302577683545991 -1.0000000180025095e-35 -0.024704209487755143
decision_type=2 2 2 2 2 2 2
left_child=1 2 4 -4 -1 -3 -7
right_child=-2 5 3 -5 -6 6 -8
leaf_value=-0.013514693785094766 0.021428148316349708 0.0019721971085819813 0.012674212855322118 -0.010153865981669995 0.011009777510840299 -0.0035020099113362295 -0.022094235246377294
leaf_weight=7.909380614757537 9.8777696043252927 9.122415289282797 11.859577789902685 42.311236366629601 50.241776421666145 7.5693992376327541 17.349958658218384
leaf_count=32 40 37 48 174 204 31 71
internal_value=-1.64526e-05 -0.00183415 0.00132938 -0.00461576 0.00708628 -0.0121831 -0.0176837
internal_weight=156.242 146.364 112.322 54.1708 58.1512 34.0418 24.9194
internal_count=637 597 458 222 236 139 102
is_linear=0
shrinkage=0.03


Tree=25
num_leaves=9
num_cat=0
split_feature=36 37 15 23 27 14 37 23
split_gain=12.5482 8.33116 10.5059 10.3789 9.97699 5.54331 3.53408 3.51097
threshold=0.0046061955180631406 0.048991111139582884 18.782711535943829 0.83138362665615761 1.5000000000000002 -7.6416932151654455 0.026234603403083815 1.0918263152804359
decision_type=2 2 2 2 2 2 2 2
left_child=5 3 -3 6 -5 -1 -2 -7
right_child=1 2 -4 4 -6 7 -8 -9
leaf_value=0.0010596757076218491 0.036793437265592997 -0.026551559623259665 0.010692881461180517 -0.0094749167341491823 0.011446989031810672 -0.031751439512351112 0.0060581859274473045 -0.0031051270320499725
leaf_weight=10.039144739508631 11.624616518616678 13.634876132011415 9.8751421123743039 31.354163199663162 50.127367198467255 14.662416741251947 7.4466447383165351 7.2321954667568198
leaf_count=41 47 56 40 127 203 62 30 30
internal_value=3.85031e-05 0.00449021 -0.0107076 0.00832936 0.00318242 -0.0160597 0.0272184 -0.0239687
internal_weight=155.997 124.063 23.51 100.553 81.4815 31.9338 19.0713 21.8946
internal_count=636 503 96 407 330 133 77 92
is_linear=0
shrinkage=0.03


Tree=26
num_leaves=7
num_cat=0
split_feature=40 35 22 22 35 38
split_gain=7.31491 5.97919 4.91238 6.10272 3.20512 3.03166
threshold=0.099710134886798155 0.056245831076199189 -0.32199937371416365 1.0000000180025095e-35 0.073923130698231324 0.009159274110721068
decision_type=2 2 2 2 2 2
left_child=1 2 5 -4 -3 -1
right_child=-2 4 3 -5 -6 -7
leaf_value=0.0015812903926098753 -0.02530838929484348 -0.022719399947918596 0.013929310162871852 0 0.00026978183472082368 -0.020443492259270762
leaf_weight=8.8833286464214343 7.5623522251844397 10.550401061773302 51.431880176067352 61.273639068007469 7.3743883222341529 8.7517400085926038
leaf_count=36 32 43 209 250 30 36
internal_value=3.52141e-05 0.00174735 0.00411948 0.00651902 -0.0134309 -0.009554
internal_weight=155.828 148.265 130.341 112.706 17.9248 17.6351
internal_count=636 604 531 459 73 72
is_linear=0
shrinkage=0.03


Tree=27
num_leaves=9
num_cat=0
split_feature=37 19 22 40 21 27 37 19
split_gain=9.99473 8.11918 6.97857 6.2942 5.76884 5.64293 5.53114 3.64959
threshold=0.01260626602443349 0.1071087354926748 0.47243946607982729 0.015597121889702638 0.014788235758506648 1.5000000000000002 0.045374107527615511 0.13373984474067474
decision_type=2 2 2 2 2 2 2 2
left_child=1 4 3 -2 -1 -3 -5 -7
right_child=2 5 -4 6 -6 7 -8 -9
leaf_value=0.0020640779218633115 -0.021850853192000013 -0.01335115048017119 -0.02538404048594757 0.0078086972350885388 0.032962876980997924 -0.0023998940459164383 -0.0086976795143540852 0.019661877285650022
leaf_weight=10.151786893606188 10.697927355766295 14.500853076577185 12.387189507484434 42.578113213181496 14.561538174748419 10.366122931241991 28.667320773005486 11.840835019946097
leaf_count=41 44 59 51 174 59 42 118 48
internal_value=1.17218e-05 0.0093526 -0.00598256 -0.00233608 0.0219365 0 0.000906029 0.00939645
internal_weight=155.752 61.4211 94.3306 81.9434 24.7133 36.7078 71.2454 22.207
internal_count=636 249 387 336 100 149 292 90
is_linear=0
shrinkage=0.03


Tree=28
num_leaves=8
num_cat=0
split_feature=37 27 22 24 24 37 38
split_gain=9.50029 7.55034 6.63578 8.4521 5.19953 3.81703 4.01964
threshold=0.01260626602443349 1.0000000180025095e-35 0.47243946607982729 0.69122490902495526 0.10172413793103451 -0.034302577683545991 0.011084978444053923
decision_type=2 2 2 2 2 2 2
left_child=1 -1 3 4 -2 -3 -7
right_child=2 5 -4 -5 -6 6 -8
leaf_value=-0.010707508449154989 0.00064858719178112337 0 -0.024790320087768703 0.024000542832603194 -0.014866290641244732 0.025847926454197281 0.0037031740138457527
leaf_weight=11.559931397438048 43.875886827707291 12.078392043709753 12.351777136325834 7.6138010919094077 30.427989289164543 23.956745654344559 13.792830556631086
leaf_count=47 180 49 51 31 125 97 56
internal_value=2.0474e-06 0.00911374 -0.00584171 -0.00228311 -0.00573142 0.0142374 0.0187275
internal_weight=155.657 61.3879 94.2695 81.9177 74.3039 49.828 37.7496
internal_count=636 249 387 336 305 202 153
is_linear=0
shrinkage=0.03


Tree=29
num_leaves=9
num_cat=0
split_feature=37 19 22 24 20 34 24 20
split_gain=8.96841 7.61381 6.33314 8.03655 5.79593 5.33353 4.92468 3.63861
threshold=0.01260626602443349 0.10459192885325501 0.47243946607982729 0.69122490902495526 0.019565409260217329 -0.038813417749923244 0.10172413793103451 0.023267410813031256
decision_type=2 2 2 2 2 2 2 2
left_child=1 4 3 6 -1 -3 -2 -7
right_child=2 5 -4 -5 -6 7 -8 -9
leaf_value=0 0.00062994621705830302 0.018226172899755182 -0.024215476321304209 0.023413329679486401 0.031658448558581062 0.0089721735641919102 -0.014467254925638075 -0.012366379853435921
leaf_weight=7.9372182488441494 43.878160297870636 9.1539855152368528 12.313695684075354 7.6206644624471656 15.002881318330763 7.9037662446498897 30.385054439306259 21.361767768859863
leaf_count=32 180 37 51 31 61 32 125 87
internal_value=2.09198e-06 0.00885916 -0.00567564 -0.00219792 0.0217746 8.04632e-05 -0.00556785 -0.00591841
internal_weight=155.557 61.3596 94.1976 81.8839 22.9401 38.4195 74.2632 29.2655
internal_count=636 249 387 336 93 156 305 119
is_linear=0
shrinkage=0.03


Tree=30
num_leaves=9
num_cat=0
split_feature=40 15 11 4 22 10 37 37
split_gain=7.7781 21.1365 5.57206 7.58071 5.92652 7.05498 2.18573 1.56924
threshold=0.05563511802297972 19.663331736980613 0.031800058532914684 -0.012344792544911663 0.61335080283012733 -0.019864152992821068 0.03112786179733296 0.045036214387942815
decision_type=2 2 2 2 2 2 2 2
left_child=2 7 4 -4 5 -1 -5 -2
right_child=1 -3 3 6 -6 -7 -8 -9
leaf_value=-0.0029801604198064699 -0.0091983192593646339 0.017220079507715817 0.0099683900991243621 -0.029349010830522614 -0.013792687176457409 0.015767146539623186 -0.0038474881800678517 -0.032839298929311533
leaf_weight=24.460044845938683 7.5037941336631802 12.416818156838415 10.054959356784822 8.9672578722238558 8.7939174771308881 52.124462872743607 7.2457886636257163 17.877800911664963
leaf_count=99 31 51 41 37 36 212 30 75
internal_value=-0.000881904 -0.0123606 0.00302142 -0.00839404 0.00681697 0.00966518 -0.0204497 -0.0275803
internal_weight=149.445 37.7984 111.646 26.268 85.3784 76.5845 16.213 25.3816
internal_count=612 157 455 108 347 311 67 106
is_linear=0
shrinkage=0.03


Tree=31
num_leaves=9
num_cat=0
split_feature=40 14 15 17 28 21 34 8
split_gain=7.34865 20.1819 3.76469 5.40046 6.54599 5.90177 4.47157 1.8669
threshold=0.05563511802297972 26.881115678566406 27.258426519805159 1.9862336449624596 10.500000000000002 0.020022095942365443 0.01078565379586305 -0.0021333728323835724
decision_type=2 2 2 2 2 2 2 2
left_child=2 7 3 4 -1 -5 -4 -2
right_child=1 -3 6 5 -6 -7 -8 -9
leaf_value=0.014729528605682352 -0.011682443698611036 0.016837755505564243 0.0049974819809682578 -0.020991689599302567 -0.0041270352152636509 0.0081187391908159826 -0.022374637450662836 -0.034591042287435342
leaf_weight=52.927963256835938 10.765799671411514 12.403242781758307 8.2462462335824984 11.082604840397837 21.113696172833443 9.5534763336181623 8.6727886945009214 14.538981169462204
leaf_count=215 45 51 34 45 86 39 36 61
internal_value=-0.000882105 -0.012056 0.00290722 0.00535641 0.00918802 -0.00732575 -0.00912279 -0.0269636
internal_weight=149.305 37.708 111.597 94.6777 74.0417 20.6361 16.919 25.3048
internal_count=612 157 455 385 301 84 70 106
is_linear=0
shrinkage=0.03


Tree=32
num_leaves=7
num_cat=0
split_feature=20 20 23 2 15 25
split_gain=4.23926 5.92434 6.77169 5.68288 9.33734 4.95274
threshold=0.036619742662223932 0.026903450051067118 0.93626052744076382 0.0058383648306494793 11.529447302237605 0.094628526177598454
decision_type=2 2 2 2 2 2
left_child=1 3 -3 5 -5 -1
right_child=-2 2 -4 4 -6 -7
leaf_value=-0.0055739397061301075 0.018058621287957589 -0.029271943396852532 0 -0.015929026802235204 0.0089870478702764513 0.011865124165810646
leaf_weight=18.475538641214371 7.8028970956802359 12.155023232102396 12.548879683017729 33.371612027287483 19.465015858411789 45.330120339989662
leaf_count=76 32 51 51 137 80 185
internal_value=-0.00087642 -0.00226373 -0.0150321 0.000521906 -0.00648341 0.0065716
internal_weight=149.149 141.346 24.7039 116.642 52.8366 63.8057
internal_count=612 580 102 478 217 261
is_linear=0
shrinkage=0.03


Tree=33
num_leaves=11
num_cat=0
split_feature=38 34 3 3 28 7 22 36 37 26
split_gain=6.49506 12.765 7.41221 7.48116 8.35396 6.1526 5.54037 4.59997 3.59781 3.01907
threshold=0.0089802666549143231 -0.036542050755238857 0.022656227349711514 0.001159565763200088 8.5000000000000018 -0.011425357584533327 -0.03367649493514107 0.0051003994093244227 1.0000000180025095e-35 0.16719409282700423
decision_type=2 2 2 2 2 2 2 2 2 2
left_child=2 -2 3 4 -1 6 -3 -5 -7 -4
right_child=1 5 9 7 -6 8 -8 -9 -10 -11
leaf_value=0.022308312427836693 0.020018221173575147 -0.01473913660791986 0.034625748310301435 0.0027980540078422402 -0.0096796507017746936 0 0.010987792364001497 -0.023772388920419767 -0.021607481024621327 0.0070280365071830565
leaf_weight=16.241032868623737 11.798322558403013 10.966898858547212 7.3665765970945385 7.7307057529687908 10.024473130702971 8.82756260037422 15.968561723828314 12.355011016130446 37.014696165919304 10.765872254967688
leaf_count=66 48 45 30 32 41 36 65 50 155 44
internal_value=-0.000850044 -0.00634077 0.00610002 -0.00017563 0.00974806 -0.0112357 0 -0.0135393 -0.0176934 0.0213111
internal_weight=149.06 84.576 64.4837 46.3512 26.2655 72.7777 26.9355 20.0857 45.8423 18.1324
internal_count=612 349 263 189 107 301 110 82 191 74
is_linear=0
shrinkage=0.03


Tree=34
num_leaves=9
num_cat=0
split_feature=40 15 15 17 28 21 5 37
split_gain=6.68312 18.7831 3.61741 4.93946 5.97762 5.45788 4.35527 1.49757
threshold=0.05563511802297972 19.663331736980613 27.258426519805159 1.9862336449624596 10.500000000000002 0.020022095942365443 0.079452513435259289 0.045036214387942815
decision_type=2 2 2 2 2 2 2 2
left_child=2 7 3 4 -1 -5 -4 -2
right_child=1 -3 6 5 -6 -7 -8 -9
leaf_value=0.014175513489741691 -0.0083066403964295477 0.016260687992280847 0.0048868289558987857 -0.020123324273783241 -0.0038412323372696072 0.0078943743294224503 -0.022136850991496555 -0.031138761973204761
leaf_weight=52.836049035191536 7.4622597247362163 12.436099380254744 8.2643694579601306 11.031372681260111 21.070087060332298 9.5213153660297376 8.6174140870571119 17.601336166262627
leaf_count=215 31 51 34 45 86 39 36 75
internal_value=-0.000806583 -0.0114993 0.00280177 0.00520876 0.00887559 -0.00692959 -0.00899681 -0.0260114
internal_weight=148.84 37.4997 111.341 94.4588 73.9061 20.5527 16.8818 25.0636
internal_count=612 157 455 385 301 84 70 106
is_linear=0
shrinkage=0.03


Tree=35
num_leaves=9
num_cat=0
split_feature=34 35 20 4 15 19 14 0
split_gain=7.31219 5.51758 5.49998 6.32221 10.9192 4.94159 4.62769 2.35494
threshold=-0.021746953533478271 -0.031133118115111432 0.020322583195122802 0.055997955298627507 11.529447302237605 0.11962540115888319 7.0178969324829277 -0.0021830811104335264
decision_type=2 2 2 2 2 2 2 2
left_child=1 7 5 4 -4 6 -2 -1
right_child=2 -3 3 -5 -6 -7 -8 -9
leaf_value=0.0057533617500496346 0.0091424029031379282 -0.0012819858238576854 -0.011833664169056351 -0.025389401540582952 0.011117803411603046 0.023288833369842575 -0.013647233183777372 0.032904814168412372
leaf_weight=7.3591923713684109 17.038432791829113 12.092385753989218 49.422297209501266 12.882244348525999 26.900848835706711 8.820537865161894 11.818307340145109 9.0947013795375842
leaf_count=30 70 49 204 53 111 36 49 37
internal_value=0 0.0131227 -0.00320119 -0.0072918 -0.00347535 0.00598511 0 0.0235135
internal_weight=155.429 28.5463 126.883 89.2054 76.3231 37.6773 28.8567 16.4539
internal_count=639 116 523 368 315 155 119 67
is_linear=0
shrinkage=0.03


Tree=36
num_leaves=9
num_cat=0
split_feature=34 37 20 4 15 28 8 23
split_gain=6.95151 6.61974 5.21881 6.02958 10.3183 5.17682 3.65486 1.86329
threshold=-0.021746953533478271 0.01260626602443349 0.020322583195122802 0.055997955298627507 11.529447302237605 2.5000000000000004 0.042287487815715334 0.97974595153252941
decision_type=2 2 2 2 2 2 2 2
left_child=1 7 5 4 -4 -2 -7 -1
right_child=2 -3 3 -5 -6 6 -8 -9
leaf_value=0.02942793720205036 0.025078436665773834 -0.0079357117069698661 -0.011508171637554677 -0.024802746861538369 0.010800442715696924 -0.0062759443860457625 0.0157222499561444 0.0069537251742059934
leaf_weight=11.250691324472433 7.5554081946611396 7.8530104458332053 49.353158816695213 12.839292824268339 26.919048622250557 22.755226701498035 7.3625780940055838 9.4086041301488859
leaf_count=46 31 32 204 53 111 94 30 38
internal_value=0 0.0128172 -0.0031077 -0.00709787 -0.00336828 0.00583449 0 0.0213719
internal_weight=155.297 28.5123 126.785 89.1115 76.2722 37.6732 30.1178 20.6593
internal_count=639 116 523 368 315 155 124 84
is_linear=0
shrinkage=0.03


Tree=37
num_leaves=9
num_cat=0
split_feature=34 20 4 9 12 9 12 5
split_gain=6.59093 4.97185 5.75211 7.37744 4.78179 5.53991 2.10606 6.59552
threshold=-0.021746953533478271 0.020322583195122802 0.055997955298627507 0.087083592294033299 65.063103416818848 -0.0045751571778287203 48.444759535587686 -0.061497610031106924
decision_type=2 2 2 2 2 2 2 2
left_child=6 4 3 -3 5 -2 7 -1
right_child=1 2 -4 -5 -6 -7 -8 -9
leaf_value=0.022886170977195249 0.012914062697073037 -0.0067061411139521425 -0.024234542052721235 0.021150982269370244 0.018411850616157553 -0.014141553702062135 0.022261758847685456 -0.010139096744634672
leaf_weight=7.6117988228797939 9.752998948097229 68.611517235636711 12.793696850538252 7.6066676825284949 14.154761061072348 13.741872504353523 10.750025212764738 10.105858117341997
leaf_count=31 40 284 53 31 58 57 44 41
internal_value=0 -0.00300988 -0.00690963 -0.00326446 0.00571515 -0.00219007 0.0125074 0.00417062
internal_weight=155.129 126.662 89.0119 76.2182 37.6496 23.4949 28.4677 17.7177
internal_count=639 523 368 315 155 97 116 72
is_linear=0
shrinkage=0.03


Tree=38
num_leaves=6
num_cat=0
split_feature=35 36 4 14 12
split_gain=6.58884 3.8683 3.34157 6.39277 4.72096
threshold=-0.066743319868473469 0.0027996659049560817 -0.02664227319212625 -4.2247298368764623 42.126754132797508
decision_type=2 2 2 2 2
left_child=-1 -2 3 -3 -4
right_child=1 2 4 -5 -6
leaf_value=0.018827321130209813 -0.020982255681027448 -0.0014954144290209826 -0.018825448408490913 0.022801978221832966 -0.00061787154318111465
leaf_weight=13.108639493584631 7.1023287624120703 27.135286942124367 13.701409980654715 12.226271286606787 81.701775461435318
leaf_count=54 30 111 56 50 338
internal_value=0 -0.00199818 -0.000595806 0.00642669 -0.00371962
internal_weight=154.976 141.867 134.765 39.3616 95.4032
internal_count=639 585 555 161 394
is_linear=0
shrinkage=0.03


Tree=39
num_leaves=8
num_cat=0
split_feature=40 11 11 36 21 17 19
split_gain=6.48311 5.95836 10.6356 6.77815 5.26309 9.02832 2.87354
threshold=0.089284193987570384 -0.019381919785642406 -0.00427093408684348 0.0037357669776730451 0.026515754154451104 0.98319698595804195 0.094299323190732434
decision_type=2 2 2 2 2 2 2
left_child=1 4 6 -4 5 -1 -3
right_child=-2 2 3 -5 -6 -7 -8
leaf_value=0.014612907438322248 -0.019081984519937482 -0.0058066961173229136 -0.018109880174734094 0.0062904143535154949 0.030355849567790198 -0.012918873181117658 -0.033225381148565235
leaf_weight=28.131070479750633 12.589787364006041 8.8808063864707965 9.9683411270380002 64.428055986762047 7.7617803514003745 14.327540203928946 8.8075168728828412
leaf_count=115 54 37 42 264 32 59 36
internal_value=0 0.00190254 -0.00250998 0.00243617 0.0100669 0.00482177 -0.0222094
internal_weight=154.895 142.305 92.0847 74.3964 50.2204 42.4586 17.6883
internal_count=639 585 379 306 206 174 73
is_linear=0
shrinkage=0.03


Tree=40
num_leaves=9
num_cat=0
split_feature=15 37 11 15 11 10 11 9
split_gain=8.1004 8.8759 8.99396 8.97426 7.59555 6.47124 5.11619 0.0429901
threshold=34.597664149615767 0.045374107527615511 -0.019381919785642406 13.156189217260057 0.075557482834089931 -0.024143782766117724 0.0030368892230384641 -0.0034531222719396985
decision_type=2 2 2 2 2 2 2 2
left_child=1 2 5 7 -2 -1 -4 -3
right_child=4 3 6 -5 -6 -7 -8 -9
leaf_value=-0.0030814078655447726 0.03202132796396364 -0.037363605683712782 -0.018060024333110415 0.0055824761127794345 -0.0026589384515051844 0.019243640045886416 -0.00012775479713578636 -0.014656617238905852
leaf_weight=16.901359602808952 10.360531300306322 8.9088534414768255 20.961462706327438 7.4465453028678885 8.6501593291759473 27.35118243098259 42.740127816796303 7.1708677858114251
leaf_count=69 42 39 86 31 36 112 176 30
internal_value=-0.000430254 -0.00324461 0.000374524 -0.0191674 0.0167763 0.0106282 -0.00662694 -0.0308084
internal_weight=150.491 131.48 107.954 23.5263 19.0107 44.2525 63.7016 16.0797
internal_count=621 543 443 100 78 181 262 69
is_linear=0
shrinkage=0.03


Tree=41
num_leaves=8
num_cat=0
split_feature=15 37 15 11 11 10 11
split_gain=7.6943 8.4801 8.63865 8.49932 7.22558 6.12571 4.84401
threshold=34.597664149615767 0.045374107527615511 13.156189217260057 -0.019381919785642406 0.075557482834089931 -0.024143782766117724 0.0030368892230384641
decision_type=2 2 2 2 2 2 2
left_child=1 3 -3 5 -2 -1 -5
right_child=4 2 -4 6 -6 -7 -8
leaf_value=-0.0029990123360807632 0.031195336429668444 -0.030263246141613593 0.0054494772028629785 -0.017591049871944944 -0.0025949280561977906 0.018705278255854597 -0.00012409404784101316
leaf_weight=16.899713814258575 10.368630394339563 15.973076120018961 7.4482216387987128 20.928502574563026 8.647012919187544 27.351774081587791 42.739994555711746
leaf_count=69 42 69 31 86 36 112 176
internal_value=-0.000431593 -0.0031796 -0.0187809 0.000349929 0.0163314 0.0103208 -0.00645497
internal_weight=150.357 131.341 23.4213 107.92 19.0156 44.2515 63.6685
internal_count=621 543 100 443 78 181 262
is_linear=0
shrinkage=0.03


Tree=42
num_leaves=13
num_cat=0
split_feature=38 15 11 16 7 2 5 3 34 13 32 3
split_gain=8.44474 10.6061 10.8643 10.5925 8.32715 5.29987 8.49284 4.51212 4.34132 3.69408 3.47038 1.81372
threshold=0.0090085050952429264 -15.84884834627025 0.05370863744026922 2.2774123764217244 -0.0077803891171482811 0.022193404244768126 -0.093954140454949361 0.0028934291577288333 -0.019337750235514924 3.6482820611913813 -0.0032992415336520749 0.018266513137234378
decision_type=2 2 2 2 2 2 2 2 2 2 2 2
left_child=3 5 8 4 10 6 -2 -6 -3 11 -1 -5
right_child=1 2 -4 9 7 -7 -8 -9 -10 -11 -12 -13
leaf_value=0.02177970181597156 -0.0065733160491325505 -9.8697247060985325e-05 0.0086640436057650871 0.0090207068763459124 0.00045128967893221981 -0.011637302786878344 0.028660524232516929 -0.026981152147023683 -0.025600632086969138 0.00036145380220763774 -0.00093098707511910113 0.034435530145455931
leaf_weight=9.2640732377767581 8.349766761064533 8.6089805960655195 12.461346268653868 7.5896572023630204 7.2718314230442074 7.1629026383161536 13.148033931851387 11.165169507265089 35.101294562220573 7.3640575110912314 10.22794099152088 12.49345541000366
leaf_count=38 34 35 51 31 30 30 54 46 149 30 42 51
internal_value=-0.000421699 -0.00669201 -0.014192 0.00744917 -0.00255661 0.00748472 0.0149426 -0.0164421 -0.0211301 0.02102 0.0101872 0.027197
internal_weight=150.209 84.8323 56.1716 65.3762 37.929 28.6607 21.4978 18.437 43.7103 27.4472 19.492 20.0831
internal_count=621 353 235 268 156 118 88 76 184 112 80 82
is_linear=0
shrinkage=0.03


Tree=43
num_leaves=11
num_cat=0
split_feature=38 15 11 10 32 26 34 38 20 33
split_gain=8.02514 10.0247 10.3407 7.71741 4.3835 4.23917 4.11987 3.81261 2.10307 1.31709
threshold=0.0090085050952429264 -15.84884834627025 0.05370863744026922 0.030293550025127573 1.0000000180025095e-35 0.26253132832080206 -0.019337750235514924 0.0073860311413020963 0.018277625308473804 0.87453851780465242
decision_type=2 2 2 2 2 2 2 2 2 2
left_child=3 5 6 4 7 -2 -3 -1 -6 -5
right_child=1 2 -4 9 8 -7 -8 -9 -10 -11
leaf_value=-0.003993771131508928 0.017916746847053674 -9.629447889490066e-05 0.0084374391685871162 0.007174383519432388 -0.018507445682384296 -0.0033825463667468483 -0.024999577371676022 0.019091688580267958 -0.00024367571209046537 0.029558409013857527
leaf_weight=8.5248771905899066 14.327530637383463 8.608981639146803 12.465784415602682 7.5157621204853085 8.2205452620983142 14.321271479129789 34.917744174599648 13.371388882398604 16.8603845089674 10.824926927685736
leaf_count=35 59 35 51 31 34 59 149 55 69 44
internal_value=-0.000391767 -0.00651614 -0.0138276 0.0072794 0.000258892 0.00725408 -0.0206241 0.00989409 -0.00770845 0.0227305
internal_weight=149.959 84.6413 55.9925 65.3179 46.9772 28.6488 43.5267 21.8963 25.0809 18.3407
internal_count=621 353 235 268 193 118 184 90 103 75
is_linear=0
shrinkage=0.03


Tree=44
num_leaves=13
num_cat=0
split_feature=38 15 12 3 15 34 2 10 32 3 18 9
split_gain=7.58969 9.4968 7.512 6.92842 5.34938 5.9118 5.04499 6.03301 3.67743 3.18845 7.19969 3.1631
threshold=0.0090085050952429264 -15.84884834627025 51.760434709523715 -0.0042449082052416478 33.640380451449978 0.0018341059208517587 0.022193404244768126 -0.028281634455608436 -1.0000000180025095e-35 0.018266513137234378 0.97031096791982197 0.045055833496791771
decision_type=2 2 2 2 2 2 2 2 2 2 2 2
left_child=2 6 3 8 5 -3 7 -2 -1 11 -11 -4
right_child=1 4 9 -5 -6 -7 -8 -9 -10 10 -12 -13
leaf_value=0.020654543955504343 -0.0012494191028943936 -0.0037412394389761947 0.01640268051216515 -0.019113216231598919 0.0074247912302330861 -0.025958594117422407 -0.011570641987876962 0.02788688251433118 -0.0039830597052485884 0.038172592716243951 0.0011822003254633971 -0.0073961850922596648
leaf_weight=8.2831369042396581 10.313399523496631 21.052068039774895 7.5526410788297635 12.7356711179018 7.3874957859516135 27.368520826101303 7.1617427617311469 11.177204787731171 8.8021440804004669 10.91031362116337 9.0638845264911634 7.9289263933897018
leaf_count=34 42 87 31 52 30 118 30 46 36 45 37 33
internal_value=-0.000368762 -0.00633619 0.00708825 -0.00352843 -0.013474 -0.0171281 0.00704936 0.0143498 0.00808832 0.0161298 0.0237051 0.00390427
internal_weight=149.737 84.4604 65.2767 29.821 55.8081 48.4206 28.6523 21.4906 17.0853 35.4558 19.9742 15.4816
internal_count=621 353 268 122 235 205 118 88 70 146 82 64
is_linear=0
shrinkage=0.03


Tree=45
num_leaves=10
num_cat=0
split_feature=36 15 9 37 8 21 3 21 22
split_gain=4.14779 5.7778 10.0907 7.59742 5.95856 4.86707 4.25682 4.29376 3.37715
threshold=0.0046061955180631406 12.39295322916813 0.10310248529551629 0.051097317962018114 -0.055101964688887034 0.014406040632888568 -0.01170253584691011 0.016985545954761389 0.10405535272859391
decision_type=2 2 2 2 2 2 2 2 2
left_child=5 3 8 4 -2 -1 -7 -8 -3
right_child=1 2 -4 -5 -6 6 7 -9 -10
leaf_value=-0.025674227291388362 -0.016420734980642844 0.034272266810338632 -0.0063091778972174618 -0.023672320757535417 0.0053138255386942267 0.012605209272741323 0.0039021909148207615 -0.024501294218496675 0.0047813262131820187
leaf_weight=9.3315819799900037 11.476890102028845 12.375777631998064 13.199396520853041 10.277690082788466 66.388494700193405 9.394444078207016 7.1116219758987427 7.6167417764663696 7.315299227833747
leaf_count=40 47 51 54 45 272 39 30 33 30
internal_value=-0.000252867 0.0022579 0.0126491 -0.0016478 0.00159148 -0.00937451 -0.00101206 -0.0110631 0.0254589
internal_weight=154.488 121.034 32.8905 88.1431 77.8654 33.4544 24.1228 14.7284 19.6911
internal_count=641 499 135 364 319 142 102 63 81
is_linear=0
shrinkage=0.03


Tree=46
num_leaves=8
num_cat=0
split_feature=40 17 19 12 37 6 18
split_gain=7.35453 4.20721 8.21167 8.4806 5.94029 3.2734 2.49326
threshold=0.091135932602469341 1.4077407741918846 0.1685875108414773 52.033350672638157 -0.0011125170166236262 0.025317011425316421 0.62218118129516919
decision_type=2 2 2 2 2 2 2
left_child=1 2 3 -1 -3 -6 -4
right_child=-2 4 6 -5 5 -7 -8
leaf_value=0 -0.02136823688780444 0.008190241728553949 0 0.018316219605924434 -0.024625843783893729 0 -0.023537794669070019
leaf_weight=53.87682868540287 11.668487995862959 11.873086869716643 7.5112788677215567 39.384952783584595 13.188624724745752 8.4615603834390622 8.3038944602012617
leaf_count=222 51 49 31 163 55 35 35
internal_value=-0.000256673 0.00163874 0.00457573 0.00810086 -0.0072149 -0.0162756 -0.0139456
internal_weight=154.269 142.6 109.077 93.2618 33.5233 21.6502 15.8152
internal_count=641 590 451 385 139 90 66
is_linear=0
shrinkage=0.03


Tree=47
num_leaves=9
num_cat=0
split_feature=40 25 0 24 25 6 13 13
split_gain=7.00076 3.84552 6.58094 5.6495 5.4479 4.72077 3.61045 0.720746
threshold=0.091135932602469341 0.11529535864978904 -0.008133887282549877 -0.16287878787878785 0.44058744331829008 0.007018249715393607 0.20974589994804663 -5.2218647522390524
decision_type=2 2 2 2 2 2 2 2
left_child=1 2 7 4 -3 -5 -4 -1
right_child=-2 3 6 5 -6 -7 -8 -9
leaf_value=-0.0069813420399829256 -0.020913196486478613 0.019053432514971734 0.01897115021868985 0.0064315638979092309 -0.0037868729515634055 -0.0098951645544448387 -0.0035122823584022443 -0.026406124799945193
leaf_weight=7.567184939980506 11.609127536416052 31.304970398545265 7.2188568711280849 31.800800189375877 10.885038644075392 27.750069245696068 17.57567398250103 8.4197246432304365
leaf_count=31 51 129 30 132 45 115 73 35
internal_value=-0.000266567 0.00157755 -0.00586234 0.00475984 0.0129165 -0.00100713 0.00340133 -0.0198442
internal_weight=154.131 142.522 40.7814 101.741 42.19 59.5509 24.7945 15.9869
internal_count=641 590 169 421 174 247 103 66
is_linear=0
shrinkage=0.03


Tree=48
num_leaves=9
num_cat=0
split_feature=34 38 8 12 12 7 0 20
split_gain=4.32916 5.54288 8.11792 7.78657 5.43083 8.8516 4.29697 2.21754
threshold=-0.038138333288536157 0.0089802666549143231 0.034131620125806707 55.863072330725998 47.090664773591605 -0.007655785589349001 0.0054053378258428495 0.021957981849809398
decision_type=2 2 2 2 2 2 2 2
left_child=7 4 3 -3 5 -2 -6 -1
right_child=1 2 -4 -5 6 -7 -8 -9
leaf_value=0 0.0070749286210371048 -0.0082015970288080459 -0.028742672089269495 0.017491938765606629 0.017661882185833377 -0.02854901919726072 -2.8091913241041352e-05 0.022295041696963606
leaf_weight=7.3536980152130118 13.001583099365236 48.743028715252876 11.83616767823696 11.258505403995512 25.019427120685577 8.5348575711250287 19.695642113685608 8.5851352363824827
leaf_count=30 53 204 51 47 104 35 81 36
internal_value=-0.000275109 -0.00214125 -0.00788141 -0.00272988 0.0039117 -0.00763177 0.00988128 0.0134926
internal_weight=154.028 138.089 71.8377 60.0015 66.2515 21.5364 44.7151 15.9388
internal_count=641 575 302 251 273 88 185 66
is_linear=0
shrinkage=0.03


Tree=49
num_leaves=9
num_cat=0
split_feature=34 38 17 12 4 32 24 20
split_gain=4.13327 5.23058 6.76381 7.99585 6.22968 5.13884 3.76655 2.11999
threshold=-0.038138333288536157 0.0089802666549143231 -0.51072195322315395 43.878432698448485 0.05768921938056671 0.0033272727857546207 -0.54102771051923582 0.021957981849809398
decision_type=2 2 2 2 2 2 2 2
left_child=7 2 6 -4 5 -3 -2 -1
right_child=1 4 3 -5 -6 -7 -8 -9
leaf_value=0 0 -0.010130367866731391 -0.023764904097272239 0.0042758769432817484 -0.028657420475375818 0.0069124214371250048 0.02320138526259765 0.021834595690180199
leaf_weight=7.3536980152130118 10.16607551276684 39.571152672171593 10.778922080993651 28.935455441474915 9.0907674580812436 23.065791010856628 16.333202242851257 8.5459636598825437
leaf_count=30 42 166 44 119 39 97 68 36
internal_value=-0.000263709 -0.00208951 0.00378649 -0.00374963 -0.00767281 -0.00360267 0.0150777 0.013202
internal_weight=153.841 137.941 66.2137 39.7144 71.7277 62.6369 26.4993 15.8997
internal_count=641 575 273 163 302 263 110 66
is_linear=0
shrinkage=0.03


end of trees

feature_importances:
macro_topix_ret_20=29
ma_20_60_cross=27
atr_pct=25
macro_usdjpy_vol_20=24
macro_topix_vol_20=23
macd_signal=21
vol_ratio=20
month=17
macro_usdjpy_ret_20=16
macro_nikkei_ret_20=15
macd=13
bb_bandwidth=13
ma_5_20_cross=12
rsi=12
return_10d=10
div_ma_60=10
volatility=10
vol_change=10
macro_usdjpy_ret_60=10
return_5d=9
macd_hist_change=9
return_1d=8
return_20d=8
rsi_change=8
div_ma_20=6
candle_body_pct=6
return_3d=5
lower_shadow_pct=5
return_2d=4
div_ma_10=4
bb_pct_b=4
upper_shadow_pct=4
gap=4
price_position_20d=4
div_ma_5=3
day_of_week=3
macd_hist=2

parameters:
[boosting: gbdt]
[objective: binary]
[metric: binary_logloss]
[tree_learner: serial]
[device_type: cpu]
[data_sample_strategy: bagging]
[data: ]
[valid: ]
[num_iterations: 50]
[learning_rate: 0.03]
[num_leaves: 15]
[num_threads: 0]
[seed: 42]
[deterministic: 0]
[force_col_wise: 0]
[force_row_wise: 0]
[histogram_pool_size: -1]
[max_depth: 4]
[min_data_in_leaf: 30]
[min_sum_hessian_in_leaf: 0.001]
[bagging_fraction: 0.7]
[pos_bagging_fraction: 1]
[neg_bagging_fraction: 1]
[bagging_freq: 5]
[bagging_seed: 400]
[bagging_by_query: 0]
[feature_fraction: 0.6]
[feature_fraction_bynode: 1]
[feature_fraction_seed: 30056]
[extra_trees: 0]
[extra_seed: 12879]
[early_stopping_round: 0]
[early_stopping_min_delta: 0]
[first_metric_only: 0]
[max_delta_step: 0]
[lambda_l1: 0.5]
[lambda_l2: 2]
[linear_lambda: 0]
[min_gain_to_split: 0]
[drop_rate: 0.1]
[max_drop: 50]
[skip_drop: 0.5]
[xgboost_dart_mode: 0]
[uniform_drop: 0]
[drop_seed: 17869]
[top_rate: 0.2]
[other_rate: 0.1]
[min_data_per_group: 100]
[max_cat_threshold: 32]
[cat_l2: 10]
[cat_smooth: 10]
[max_cat_to_onehot: 4]
[top_k: 20]
[monotone_constraints: ]
[monotone_constraints_method: basic]
[monotone_penalty: 0]
[feature_contri: ]
[forcedsplits_filename: ]
[refit_decay_rate: 0.9]
[cegb_tradeoff: 1]
[cegb_penalty_split: 0]
[cegb_penalty_feature_lazy: ]
[cegb_penalty_feature_coupled: ]
[path_smooth: 0]
[interaction_constraints: ]
[verbosity: -1]
[saved_feature_importance_type: 0]
[use_quantized_grad: 0]
[num_grad_quant_bins: 4]
[quant_train_renew_leaf: 0]
[stochastic_rounding: 1]
[linear_tree: 0]
[max_bin: 255]
[max_bin_by_feature: ]
[min_data_in_bin: 5]
[bin_construct_sample_cnt: 200000]
[data_random_seed: 175]
[is_enable_sparse: 1]
[enable_bundle: 1]
[use_missing: 1]
[zero_as_missing: 0]
[feature_pre_filter: 1]
[pre_partition: 0]
[two_round: 0]
[header: 0]
[label_column: ]
[weight_column: ]
[group_column: ]
[ignore_column: ]
[categorical_feature: ]
[forcedbins_filename: ]
[precise_float_parser: 0]
[parser_config_file: ]
[objective_seed: 16083]
[num_class: 1]
[is_unbalance: 0]
[scale_pos_weight: 1]
[sigmoid: 1]
[boost_from_average: 1]
[reg_sqrt: 0]
[alpha: 0.9]
[fair_c: 1]
[poisson_max_delta_step: 0.7]
[tweedie_variance_power: 1.5]
[lambdarank_truncation_level: 30]
[lambdarank_norm: 1]
[label_gain: ]
[lambdarank_position_bias_regularization: 0]
[eval_at: ]
[multi_error_top_k: 1]
[auc_mu_weights: ]
[num_machines: 1]
[local_listen_port: 12400]
[time_out: 120]
[machine_list_filename: ]
[machines: ]
[gpu_platform_id: -1]
[gpu_device_id: -1]
[gpu_use_dp: 0]
[num_gpu: 1]

end of parameters

pandas_categorical:[]
