tree
version=v4
num_class=1
num_tree_per_iteration=1
label_index=0
max_feature_idx=44
objective=binary sigmoid:1
feature_names=return_1d return_2d return_3d return_5d return_10d return_20d div_ma_5 div_ma_10 div_ma_20 div_ma_60 ma_5_20_cross ma_20_60_cross rsi rsi_change macd macd_signal macd_hist macd_hist_change bb_pct_b bb_bandwidth atr_pct volatility vol_change vol_ratio candle_body_pct upper_shadow_pct lower_shadow_pct day_of_week month is_month_end is_month_start streak gap price_position_20d macro_usdjpy_ret_20 macro_usdjpy_ret_60 macro_usdjpy_vol_20 macro_topix_ret_20 macro_topix_vol_20 macro_topix_above_200dma macro_nikkei_ret_20 macro_nikkei_above_200dma macro_nikkei_vi macro_jgb10y macro_bias_score
feature_infos=[-0.13754298218193184:0.15984052192823484] [-0.19515752625437577:0.19209858644436384] [-0.22932960893854748:0.20840884378397972] [-0.20854847963281697:0.27836172526277636] [-0.26758693920891952:0.30554548749546928] [-0.2854182854182854:0.43856469735411374] [-0.1623147923245081:0.068709873969177368] [-0.19266108737636803:0.097962190031917501] [-0.24118868521294293:0.16186022343465836] [-0.24008097723548127:0.22623800391013646] [-0.11096799484781461:0.11572942135289321] [-0.081613394552116802:0.14794122957770051] [8.2894763471025499:98.876404494382029] [-52.131165890597586:28.122935688147123] [-155.50648850589869:139.80210321818367] [-109.34590779977336:133.49934192528997] [-87.077380181760844:64.54371101871088] [-32.767259592872172:21.484535888436099] [-0.2970335665479254:1.458925225362437] [0.033840594729239455:0.33939178884453408] [0.0098447356609083839:0.057342103007969832] [0.0059175313792672055:0.055436762703991796] [-0.93376769705579776:5.3857135726052014] [0.41685903500473037:1.7942270840673364] [-1:1] [0:0.94339622641509435] [0:0.94736842105263153] [0:4] [1:12] none [0:1] [-9:7] [-0.067431850789096082:0.13079222720478323] [0:1] [-0.10288784967882303:0.08505611680078462] [-0.13986255140503889:0.13160084488587853] [0.0024251968629527628:0.011841457708833433] [-0.21871130063915301:0.21255327098343968] [0.0039190675958463003:0.04064098432711951] [0:1] [-0.22859537662338159:0.23022297972565586] [0:1] none none none
tree_sizes=865 993 1088 1092 1091 886 999 1089 1405 981 1178 987 852 998 874 997 993 1217 979 1195 1471 1517 788 992 783 1307 1213 1091 973 870 1104 1082 1072 1203 1195 993 1405 1351 1293 970 1207 1315 1312 1310 1105 1202 1407 1411 1314 1203

Tree=0
num_leaves=7
num_cat=0
split_feature=9 22 28 15 4 0
split_gain=12.3935 9.82158 8.282 8.01519 5.84549 0.744511
threshold=-0.068194633510991809 0.71836028624992643 5.5000000000000009 16.088826803698222 0.034810678384116674 -0.00655389152969471
decision_type=2 2 2 2 2 2
left_child=5 2 3 -2 -4 -1
right_child=1 -3 4 -5 -6 -7
leaf_value=-0.19241553567178385 -0.20811976133428095 -0.1789191882044075 -0.21707456421990121 -0.18445829481194925 -0.1975103267549306 -0.17013203226757179
leaf_weight=7.4240121245384216 27.221377789974213 9.6512157618999463 66.568642050027847 20.539766877889633 14.848024249076841 7.4240121245384199
leaf_count=30 110 39 269 83 60 30
internal_value=-0.202141 -0.205142 -0.207538 -0.19795 -0.213305 -0.177923
internal_weight=153.677 138.829 129.178 47.7611 81.4167 14.848
internal_count=621 561 522 193 329 60
is_linear=0
shrinkage=1


Tree=1
num_leaves=8
num_cat=0
split_feature=38 17 35 13 34 1 34
split_gain=13.7279 10.7732 8.56001 8.16621 5.30005 4.7457 3.26339
threshold=0.020812664958452288 2.4263318970465275 -0.010404232273945989 5.7568357246947146 0.0071651819036118178 -0.017272123361474653 0.019935322658112712
decision_type=2 2 2 2 2 2 2
left_child=1 2 5 -4 -3 -1 -6
right_child=-2 4 3 -5 6 -7 -8
leaf_value=0.0063803493849116551 0.034898257848629578 -0.029306890170017176 0.01026467724547997 -0.017527806474275664 0.0077691544777616995 -0.018691584984010429 -0.014589827646723256
leaf_weight=7.4240608066320446 7.4278622865676871 14.844661921262739 75.457677036523819 8.6598423421382886 8.168629318475725 20.777978852391243 10.886126175522802
leaf_count=30 30 60 305 35 33 84 44
internal_value=-0.000103097 -0.00242926 0.00199097 0.00688866 -0.0167877 -0.0116094 -0.00446477
internal_weight=153.647 146.219 112.32 84.1175 33.8994 28.202 19.0548
internal_count=621 591 454 340 137 114 77
is_linear=0
shrinkage=0.03


Tree=2
num_leaves=9
num_cat=0
split_feature=38 35 38 2 6 28 28 25
split_gain=13.0618 9.74082 12.8691 9.98319 5.96954 5.12251 5.06777 2.99376
threshold=0.020812664958452288 -0.010404232273945989 0.0083668391298453212 0.01957020171746016 -0.0067120581595928571 2.5000000000000004 7.5000000000000009 0.24730956130081078
decision_type=2 2 2 2 2 2 2 2
left_child=1 4 6 -4 7 -6 -3 -1
right_child=-2 2 3 -5 5 -7 -8 -9
leaf_value=-0.012490002385401095 0.033988635048905119 0.024560769038989134 0.00020938595655564811 -0.026687829944585451 -0.0022711141189287348 -0.034723935196314781 0.0008063693779725694 0.011261287534669723
leaf_weight=7.4159503579139692 7.4510087370872489 22.28411003947258 59.401649907231331 13.348668068647383 7.9038179665803936 13.817222088575361 14.350149437785147 7.663546621799469
leaf_count=30 30 90 240 54 32 56 58 31
internal_value=-0.000105558 -0.00237983 0.00204566 -0.00510722 -0.015348 -0.0247345 0.0161675 0
internal_weight=153.636 146.185 109.385 72.7503 36.8005 21.721 36.6343 15.0795
internal_count=621 591 442 294 149 88 148 61
is_linear=0
shrinkage=0.03


Tree=3
num_leaves=9
num_cat=0
split_feature=19 17 0 14 14 26 0 40
split_gain=18.4542 9.54185 7.07084 7.06528 4.14348 2.78582 2.12597 0.379644
threshold=0.17520486644550642 2.4263318970465275 0.006055386027285504 -2.8029128606658555 24.243326542422896 0.36297583297307318 0.009351038159897131 0.047070696899714888
decision_type=2 2 2 2 2 2 2 2
left_child=1 2 3 -1 6 -4 -3 -2
right_child=7 4 5 -5 -6 -7 -8 -9
leaf_value=0.0057888162978335161 0.034136096899484686 -0.033994515295635568 0.0041431462810423165 -0.01109647375341466 9.4278572190894933e-05 0.028529456761062711 -0.011461863209250675 0.012313400221371739
leaf_weight=38.351719528436661 9.4354954808950442 10.347449824213983 12.373366668820383 46.50409933924675 7.4199935793876639 7.42657546699047 14.311739355325697 7.4346758127212516
leaf_count=155 38 42 50 188 30 30 58 30
internal_value=-9.9187e-05 -0.00397859 0.000364258 -0.00333467 -0.0177768 0.0157563 -0.0233206 0.0276381
internal_weight=153.605 136.735 104.656 84.8558 32.0792 19.7999 24.6592 16.8702
internal_count=621 553 423 343 130 80 100 68
is_linear=0
shrinkage=0.03


Tree=4
num_leaves=9
num_cat=0
split_feature=19 21 21 28 9 4 14 40
split_gain=17.535 9.23007 11.2321 10.3295 10.2696 9.44649 1.9793 0.33
threshold=0.17520486644550642 0.017675850301026242 0.020851745413222014 5.5000000000000009 -0.0033046690916351267 0.038149601198377188 -0.52766708165427179 0.047070696899714888
decision_type=2 2 2 2 2 2 2 2
left_child=1 3 6 5 -5 -1 -3 -2
right_child=7 2 -4 4 -6 -7 -8 -9
leaf_value=0.01193970171341221 0.033223505363769855 0.007907515432825616 -0.013526721530441498 -0.00065386259054414978 -0.024270515303485795 -0.018970876636637598 0.034256562476775082 0.012011838648051323
leaf_weight=31.91184601187706 9.4584011435508746 7.6702078282833144 8.3990491330623609 29.912443861365318 39.705347508192062 9.8994615375995618 9.1652843207120895 7.4427711069583884
leaf_count=129 38 31 34 121 161 40 37 30
internal_value=-7.407e-05 -0.00386284 0.0116869 -0.00766049 -0.0146343 0.00374684 0.0251627 0.0269355
internal_weight=153.565 136.664 25.2345 111.429 69.6178 41.8113 16.8355 16.9012
internal_count=621 553 102 451 282 169 68 68
is_linear=0
shrinkage=0.03


Tree=5
num_leaves=7
num_cat=0
split_feature=19 20 2 22 14 35
split_gain=12.9111 13.3208 13.1299 10.8715 5.20147 1.21197
threshold=0.17520486644550642 0.01296841684932014 0.0086985573655985488 -0.31892613824628058 25.302522967759391 -0.034461565170257551
decision_type=2 2 2 2 2 2
left_child=1 -1 3 -3 -4 -2
right_child=5 2 4 -5 -6 -7
leaf_value=0.030195857010734989 0.0083871647188839826 -0.022117231842872238 -0.02567926836334879 0.0057077187775832509 -0.0028387467915153234 0.031462331534047212
leaf_weight=7.9281935840845099 7.727173030376437 13.0871205329895 29.297679975628853 74.42135588824749 15.562885746359823 8.7038252651691419
leaf_count=32 31 53 119 301 63 35
internal_value=-1.83384e-05 -0.00317126 -0.0057011 0.000977631 -0.0185349 0.0235121
internal_weight=156.728 140.297 132.369 87.5085 44.8606 16.431
internal_count=634 568 536 354 182 66
is_linear=0
shrinkage=0.03


Tree=6
num_leaves=8
num_cat=0
split_feature=20 21 38 21 2 3 37
split_gain=10.2613 14.4182 10.2592 12.4581 11.1466 9.58902 7.03886
threshold=0.01296841684932014 0.017675850301026242 0.0085184592114199934 0.011724366487631191 0.0086985573655985488 -0.020353922192595405 0.01105147288660502
decision_type=2 2 2 2 2 2 2
left_child=-1 2 3 -2 -4 -3 -7
right_child=1 5 4 -5 -6 6 -8
leaf_value=0.029410591029401283 -0.0087588564764483293 0.035777058703305699 -0.0061876166859846597 0.023368343993575701 -0.032936426572120057 0.019063522656592207 -0.0095617237520236095
leaf_weight=7.9487552344799033 24.65838959813118 10.184185013175009 51.654071569442749 16.086425334215164 19.130468010902405 11.672235429286959 15.344111412763594
leaf_count=32 100 41 209 65 78 47 62
internal_value=-3.06087e-06 -0.00204395 -0.00752052 0.00407424 -0.0143293 0.0135385 0.00275022
internal_weight=156.679 148.73 111.529 40.7448 70.7845 37.2005 27.0163
internal_count=634 602 452 165 287 150 109
is_linear=0
shrinkage=0.03


Tree=7
num_leaves=9
num_cat=0
split_feature=19 17 24 16 37 34 5 17
split_gain=11.8693 13.3997 9.77316 9.34044 8.32384 5.57824 2.45569 0.0466577
threshold=0.17520486644550642 2.022519930957547 -0.098777283468953772 1.0294687185148759 0.042333600815828827 0.012246944354352808 0.013222328669754148 -0.5153716001684544
decision_type=2 2 2 2 2 2 2 2
left_child=1 2 4 -4 -1 -3 -7 -2
right_child=7 5 3 -5 -6 6 -8 -9
leaf_value=0.00060358504389964283 0.010220365746382456 -0.029100811559317961 -0.00014310121581942711 0.026033909456722397 -0.025123239166720393 -0.013876149885966034 0.0053640821725838743 0.027731127142914366
leaf_weight=45.485399052500725 7.4775418937206295 18.366867169737816 22.972122177481651 21.791520640254021 12.591788709163664 10.300498872995378 8.6389900892972928 8.9790708720684034
leaf_count=184 30 75 93 88 51 42 35 36
internal_value=0 -0.00301396 0.00250743 0.0128479 -0.00537528 -0.0179693 -0.00470953 0.022557
internal_weight=156.604 140.147 102.841 44.7636 58.0772 37.3064 18.9395 16.4566
internal_count=634 568 416 181 235 152 77 66
is_linear=0
shrinkage=0.03


Tree=8
num_leaves=12
num_cat=0
split_feature=28 11 11 37 15 18 37 23 9 40 38
split_gain=9.67988 13.5479 13.4026 11.8842 10.1537 6.67654 6.48391 6.24358 3.73605 3.65522 2.92185
threshold=5.5000000000000009 0.0023999768176808938 0.0031203968615736159 0.0015880114365313116 11.581104507037159 0.17352116495907174 0.017186275791275855 0.94450486995014382 0.06250358498504538 -0.013048150102230314 0.009175126154180837
decision_type=2 2 2 2 2 2 2 2 2 2 2
left_child=1 6 3 -2 -4 -6 9 -5 -3 -1 -8
right_child=2 8 4 7 5 -7 10 -9 -10 -11 -12
leaf_value=-0.001041138670829561 0.026803293653770009 0.034956991949440325 -0.0333848380772402 0.011371365509465653 0.016309363983529866 -0.012575885355951274 -0.027886415141690477 -0.016237597889536649 0.0089877887435406041 0.022277806790005614 -0.0018083762214805132
leaf_weight=13.395759597420694 14.112999200820921 13.64705838263035 17.905359700322151 9.8870986700058001 7.4084631651639929 26.57373209297657 7.3842554539442089 16.494920864701271 12.908542111515997 7.4175594449043265 9.4018727838993055
leaf_count=54 57 55 73 40 30 108 30 67 52 30 38
internal_value=0 0.00872844 -0.00623728 0.00627699 -0.0161527 -0.00530523 -0.00261465 -0.00528999 0.0243724 0.00783636 -0.0158262
internal_weight=156.538 64.155 92.3826 40.495 51.8876 33.9822 37.5994 26.382 26.5556 20.8133 16.7861
internal_count=634 259 375 164 211 138 152 107 107 84 68
is_linear=0
shrinkage=0.03


Tree=9
num_leaves=8
num_cat=0
split_feature=19 17 21 21 34 12 13
split_gain=11.2141 12.5916 12.0519 12.5723 5.20868 1.75895 0.474687
threshold=0.17520486644550642 2.022519930957547 0.0099896380269343509 0.017955361941710952 0.012246944354352808 52.306801612488215 0.69948250486503138
decision_type=2 2 2 2 2 2 2
left_child=1 2 -1 -4 -3 -6 -2
right_child=6 4 3 -5 5 -7 -8
leaf_value=0.026582245098227784 0.0099354309961048881 -0.028251140559168303 -0.0074067029774869779 0.019825795847602072 -0.012177880236084678 0.0039975159295415688 0.029118042309788664
leaf_weight=13.860918805003164 8.7329548150300997 18.261516481637955 71.822673723101616 17.133623734116554 10.534867301583292 8.3841351270675641 7.7317867279052725
leaf_count=56 35 75 291 69 43 34 31
internal_value=0 -0.00291816 0.00242494 -0.00167601 -0.0174461 -0.0045957 0.0219341
internal_weight=156.462 139.998 102.817 88.9563 37.1805 18.919 16.4647
internal_count=634 568 416 360 152 77 66
is_linear=0
shrinkage=0.03


Tree=10
num_leaves=10
num_cat=0
split_feature=28 21 21 4 11 20 9 14 9
split_gain=10.9885 14.2801 10.9518 9.59811 8.06846 9.66566 7.17702 6.27184 4.1662
threshold=5.5000000000000009 0.018316083795207872 0.01008568987237882 -0.035630254518016651 0.0012014083252777088 0.021623725680776362 0.065209094470902992 45.624749965479857 0.02028103129418633
decision_type=2 2 2 2 2 2 2 2 2
left_child=2 3 -1 -2 5 -4 -6 -5 -3
right_child=1 8 4 7 6 -7 -8 -9 -10
leaf_value=0.033237239477514856 0.0094959275085965463 0.031089893043570977 -0.025521073524628485 -0.022755263969586041 0.031090364975082187 0.007050791160336245 -0.0017052296053222981 -0.00098097656493609351 0
leaf_weight=12.439983025193213 13.574338704347609 7.9499974548816663 12.044487640261652 42.851069316267967 11.178312078118326 17.10711769759655 9.1802242100238782 18.47440479695797 7.4200197011232376
leaf_count=50 55 32 49 175 45 69 37 75 30
internal_value=0.000475662 -0.00605325 0.0101155 -0.0116098 0.00294978 -0.00669982 0.0168014 -0.0166707 0.0183798
internal_weight=152.22 90.2698 61.9501 74.8998 49.5101 29.1516 20.3585 61.3255 15.37
internal_count=617 367 250 305 200 118 82 250 62
is_linear=0
shrinkage=0.03


Tree=11
num_leaves=8
num_cat=0
split_feature=38 28 21 11 34 12 2
split_gain=11.6284 10.5183 12.6485 13.2122 8.28479 7.6124 3.41824
threshold=0.018027802689417078 5.5000000000000009 0.01008568987237882 0.0012014083252777088 -0.007970514874660382 33.089984217969722 -0.0035972155924052225
decision_type=2 2 2 2 2 2 2
left_child=1 2 -1 -4 6 -6 -3
right_child=-2 4 3 -5 5 -7 -8
leaf_value=0.032329722107478497 0.02776704498832536 -0.0074606876222049765 -0.015814564662119817 0.016339666406164646 0.021688374646645626 -0.0066453924114575295 -0.034151644338917791
leaf_weight=12.461301743984221 10.961355134844778 11.068666964769365 21.65381982922554 20.380264773964882 7.8934990018606177 56.257686153054237 11.438466295599936
leaf_count=50 44 45 88 82 32 229 47
internal_value=0.000486788 -0.00188523 0.00812705 0 -0.00839197 -0.00238199 -0.0233176
internal_weight=152.115 141.154 54.4954 42.0341 86.6583 64.1512 22.5071
internal_count=617 573 220 170 353 261 92
is_linear=0
shrinkage=0.03


Tree=12
num_leaves=7
num_cat=0
split_feature=38 28 21 4 9 16
split_gain=11.0347 9.97769 11.9857 9.59621 7.09605 6.48171
threshold=0.018027802689417078 5.5000000000000009 0.01008568987237882 -0.038223702092960048 0.02028103129418633 5.8912096325786143
decision_type=2 2 2 2 2 2
left_child=1 2 -1 -3 -4 -5
right_child=-2 3 4 5 -6 -7
leaf_value=0.031462570002902895 0.02705254358498509 0.012329592279425686 -0.011157397606066221 -0.018883491067419132 0.012460121480613351 0
leaf_weight=12.475497290492056 10.966076254844664 14.588640972971914 22.620011061429977 48.097608223557472 19.394257470965385 23.867773473262787
leaf_count=50 44 59 92 197 78 97
internal_value=0.00048241 -0.0018279 0.00791853 -0.00817338 0 -0.0127535
internal_weight=152.01 141.044 54.4898 86.554 42.0143 71.9654
internal_count=617 573 220 353 170 294
is_linear=0
shrinkage=0.03


Tree=13
num_leaves=8
num_cat=0
split_feature=38 28 8 10 16 9 36
split_gain=10.4636 9.43806 8.39359 11.1968 6.40973 8.85083 5.82109
threshold=0.018027802689417078 5.5000000000000009 -0.0205512640448153 0.0059599900098712419 12.260018124000487 -0.039381878956990447 0.0063794003401976612
decision_type=2 2 2 2 2 2 2
left_child=1 4 6 -4 5 -1 -3
right_child=-2 2 3 -5 -6 -7 -8
leaf_value=-0.0032739995757927074 0.026364950048245239 0.022088603957466521 -0.026322222079218045 -0.00058333880748527285 -0.011781911933795375 0.022793736748039365 -0.0049952274179562101
leaf_weight=17.273804306983948 10.966648310422896 9.8569853156805056 30.070715725421906 31.45091712474823 9.867446303367613 27.340276211500168 15.055127859115599
leaf_count=70 44 40 124 128 40 110 61
internal_value=0.000492197 -0.00175716 -0.00793787 -0.0138329 0.0077167 0.0126715 0.00600882
internal_weight=151.882 140.915 86.4337 61.5216 54.4815 44.6141 24.9121
internal_count=617 573 353 252 220 180 101
is_linear=0
shrinkage=0.03


Tree=14
num_leaves=7
num_cat=0
split_feature=38 36 38 7 35 31
split_gain=9.94224 8.90137 9.71705 11.297 6.2486 3.58097
threshold=0.018027802689417078 0.0078623172955767425 0.0086444921430246253 0.017959422017498287 -0.0014081143326124532 -1.4999999999999998
decision_type=2 2 2 2 2 2
left_child=1 2 4 -4 -1 -3
right_child=-2 5 3 -5 -6 -7
leaf_value=-0.0051305776963146933 0.025702557725478404 -0.0013624150602675614 0 -0.030983221211219825 0.017667475411306803 -0.028634813693552547
leaf_weight=12.764212414622305 10.963380068540571 8.365380987524988 60.471407577395439 10.914975628256796 36.37841072678566 11.908828794956205
leaf_count=52 44 34 246 45 147 49
internal_value=0.000478015 -0.00171347 0.00136873 -0.00551317 0.0114836 -0.0191881
internal_weight=151.767 140.803 120.529 71.3864 49.1426 20.2742
internal_count=617 573 490 291 199 83
is_linear=0
shrinkage=0.03


Tree=15
num_leaves=8
num_cat=0
split_feature=38 35 38 22 3 2 13
split_gain=8.62713 8.22819 12.7398 10.5931 5.69461 4.17729 3.58288
threshold=0.020812664958452288 -0.0098409722541758487 0.0086444921430246253 0.65981570266969281 0.026572709940231646 -0.018946706887883354 2.6156348279408062
decision_type=2 2 2 2 2 2 2
left_child=1 5 4 -4 -3 -1 -7
right_child=-2 2 3 -5 -6 6 -8
leaf_value=0.0013246637914789104 0.023645760759974842 0.019750596210321932 -0.012278219096202522 0.021710651022030524 -0.003635272911984649 -0.02774511396210242 -0.0036186382101206353
leaf_weight=8.3645121157169324 8.7146973907947523 29.436613216996193 59.395702213048935 7.4046569764614096 11.15714670717716 19.733618006110195 10.420850723981856
leaf_count=34 35 119 242 30 45 81 43
internal_value=-0.00218638 -0.00412949 7.69089e-05 -0.00777102 0.013102 -0.0156524 -0.0206176
internal_weight=154.628 145.913 107.394 66.8004 40.5938 38.519 30.1545
internal_count=629 594 436 272 164 158 124
is_linear=0
shrinkage=0.03


Tree=16
num_leaves=8
num_cat=0
split_feature=21 23 28 36 21 12 37
split_gain=10.9899 7.01596 9.52305 8.06681 7.63163 4.24523 4.30931
threshold=0.017955361941710952 0.74339688537337123 5.5000000000000009 0.0048661564967369562 0.0099577252638197531 41.071550112827822 0.015485381349138129
decision_type=2 2 2 2 2 2 2
left_child=1 -1 4 -4 -3 -2 -7
right_child=5 2 3 -5 -6 6 -8
leaf_value=0.017390453901593626 -0.003930257121242558 0.02174454307702707 -0.00023039723927004198 -0.02262598280872519 -0.0048977263352014671 0.031713094210193339 0.0049600926774529194
leaf_weight=8.1075744777917844 8.1696804165840131 10.97863584756851 23.014999330043793 44.735984370112419 34.965241327881813 10.675410687923433 13.850331932306288
leaf_count=33 33 44 94 184 142 43 56
internal_value=-0.00211275 -0.00635098 -0.00844499 -0.015458 0.00179729 0.0126998 0.0186836
internal_weight=154.498 121.802 113.695 67.751 45.9439 32.6954 24.5257
internal_count=629 497 464 278 186 132 99
is_linear=0
shrinkage=0.03


Tree=17
num_leaves=10
num_cat=0
split_feature=34 12 3 36 36 11 3 3 10
split_gain=8.86559 9.77564 11.8753 9.59845 8.46335 6.33104 4.99217 3.59316 0.321751
threshold=-0.036542050755238857 45.409654707632036 0.034568636602092202 0.0051419596736966243 0.0062389476842729021 -0.0013700653049673603 -0.0038973913557746038 -0.039582793825142563 -0.016472151053965652
decision_type=2 2 2 2 2 2 2 2 2
left_child=5 6 3 -3 -4 -1 7 -2 -8
right_child=1 2 4 -5 -6 -7 8 -9 -10
leaf_value=0.032949053159242209 -0.02005702691855971 0.018128006335273436 -0.035281513951835194 -0.0034800833191243464 0.0026796567149159688 -0.001320485545559015 -0.013655108003517236 -6.7963573712233739e-05 -0.036223484729544349
leaf_weight=8.420608773827551 11.106204956769938 34.354385063052177 9.7800036966800707 34.690914615988731 7.8855794519186011 7.3168049305677405 7.9909604638814926 25.274229198694233 7.5186216533184034
leaf_count=34 45 139 40 142 32 30 33 103 31
internal_value=-0.00203204 -0.00461399 0.00143408 0.00726783 -0.0190244 0.0178181 -0.0146771 -0.00728822 -0.0283402
internal_weight=154.338 138.601 86.7109 69.0453 17.6656 15.7374 51.89 36.3804 15.5096
internal_count=629 565 353 281 72 64 212 148 64
is_linear=0
shrinkage=0.03


Tree=18
num_leaves=8
num_cat=0
split_feature=20 10 40 14 36 31 5
split_gain=7.06026 8.55886 10.4039 7.28983 6.5469 3.951 3.98292
threshold=0.02895058725475837 -0.0074731773390908076 0.020097432196228619 10.941724883614599 0.0043209750435972902 -2.4999999999999996 -0.053007777116676529
decision_type=2 2 2 2 2 2 2
left_child=1 5 4 -4 -3 -1 -7
right_child=-2 2 3 -5 -6 6 -8
leaf_value=0.0027489896906002392 0.021393862046433371 -0.0068997915448920635 -0.02358055630742114 0 0.020763398663120596 -0.0042485133469114091 -0.024481766288612088
leaf_weight=9.1143811345100385 8.6713863611221296 8.3302511870861036 13.830469608306883 44.174706444144249 27.559911921620369 17.386627033352848 25.170688778162006
leaf_count=37 35 34 57 179 112 71 104
internal_value=-0.00200308 -0.00376954 0.00151976 -0.00611197 0.0139215 -0.0133589 -0.0171139
internal_weight=154.238 145.567 93.8953 58.0052 35.8902 51.6717 42.5573
internal_count=629 594 382 236 146 212 175
is_linear=0
shrinkage=0.03


Tree=19
num_leaves=10
num_cat=0
split_feature=34 12 3 36 36 11 3 3 10
split_gain=8.1636 9.04916 11.281 9.00131 8.06557 5.99175 4.7855 3.49594 0.358538
threshold=-0.036542050755238857 45.409654707632036 0.034568636602092202 0.0051419596736966243 0.0062389476842729021 -0.0013700653049673603 -0.0038973913557746038 -0.039582793825142563 -0.016472151053965652
decision_type=2 2 2 2 2 2 2 2 2
left_child=5 6 3 -3 -4 -1 7 -2 -8
right_child=1 2 4 -5 -6 -7 8 -9 -10
leaf_value=0.031845756089404549 -0.019509509282585377 0.017567814579214299 -0.03452067816622599 -0.0033488162096092446 0.0025454333482777956 -0.0014306011530275814 -0.013065947938062122 0 -0.035373667584872835
leaf_weight=8.4072214663028699 11.075321614742274 34.396379619836807 9.7256340235471743 34.64630289375782 7.8872019946575156 7.3233417719602576 7.9540356397628784 25.238612920045856 7.4585386067628843
leaf_count=34 45 139 40 142 32 30 33 103 31
internal_value=-0.00194924 -0.00443354 0.00137694 0.00706171 -0.0185904 0.0170941 -0.0141357 -0.00691185 -0.0275457
internal_weight=154.113 138.382 86.6555 69.0427 17.6128 15.7306 51.7265 36.3139 15.4126
internal_count=629 565 353 281 72 64 212 148 64
is_linear=0
shrinkage=0.03


Tree=20
num_leaves=13
num_cat=0
split_feature=37 19 10 10 37 22 23 19 20 22 15 32
split_gain=10.9292 14.6048 10.6815 9.14879 6.52412 4.45373 3.96918 3.92439 3.6109 3.23414 3.01989 2.70887
threshold=0.027053563904406167 0.10542458112499428 -0.0070591271323710561 -0.0301669493645309 0.062996714600570117 0.20479347929176697 1.0427739657583597 0.078487443932500581 0.019335361530123569 0.23401304044530871 9.7843149361945247 0.006976198659840894
decision_type=2 2 2 2 2 2 2 2 2 2 2 2
left_child=2 5 3 6 8 10 -1 -5 -3 11 -2 -4
right_child=1 4 9 7 -6 -7 -8 -9 -10 -11 -12 -13
leaf_value=0.029951431831284351 -0.032543724060400653 0.035161086034587861 0.030675728759448406 0.0028357132294493724 -0.0067425591399292188 0 0 -0.017103405182097613 0.0049104387618689477 0.0047287877737750119 -0.0098453118576151879 0.0057959947820624257
leaf_weight=8.1302078962326032 13.984700679779055 7.4577687531709733 23.459133476018909 12.614469647407534 9.6678631752729398 10.004555359482763 7.6213932186365119 18.965327233076096 9.0996027290821058 12.053964734077452 15.440384387969969 7.8439996242523184
leaf_count=33 58 30 95 52 39 41 31 78 37 49 63 32
internal_value=0.00348406 -0.00559575 0.0101982 0 0.0109256 -0.0169434 0.0176267 -0.00899755 0.0216652 0.020603 -0.022495 0.0256142
internal_weight=156.343 65.6549 90.6885 47.3314 26.2252 39.4296 15.7516 31.5798 16.5574 43.3571 29.4251 31.3031
internal_count=638 268 370 194 106 162 64 130 67 176 121 127
is_linear=0
shrinkage=0.03


Tree=21
num_leaves=13
num_cat=0
split_feature=37 19 12 3 8 19 21 38 14 26 38 36
split_gain=10.3678 13.9154 8.20246 7.12017 6.23516 10.4664 6.06255 5.47993 2.78109 2.65816 2.43007 1.99589
threshold=0.027053563904406167 0.10542458112499428 51.62500955438356 0.032477422255641326 -0.0205512640448153 0.072069336416508992 0.013869822799598983 0.0087478125817670345 25.302522967759391 0.18648470209784715 0.0082005976659566774 0.0060445121867038097
decision_type=2 2 2 2 2 2 2 2 2 2 2 2
left_child=2 7 4 10 6 -6 -1 8 -2 -4 -3 -9
right_child=1 3 9 -5 5 -7 -8 11 -10 -11 -12 -13
leaf_value=-0.001054524556749203 -0.013624250928452422 0.031804277354242239 0.0075633959419582645 -0.0087997523028119327 0.010650096662548627 -0.025399284418281588 0.022277102948152636 -0.032165507185911303 0.0089111058884784825 0.029277210966654761 0.0059009134347372304 -0.0088865789559467202
leaf_weight=17.428910911083221 7.2675126492977133 8.4642198532819801 12.080154091119768 8.8933116495609266 11.940658435225489 12.729337036609648 18.012999996542931 14.5475290119648 8.165978014469145 18.518233701586723 8.8750440925359708 9.3490509539842588
leaf_count=71 30 34 49 36 49 53 73 60 33 75 36 39
internal_value=0.00340705 -0.00544185 0.00994397 0.0106657 0.00297363 -0.00789821 0.0109595 -0.0165445 -0.00118581 0.0221548 0.0213028 -0.025027
internal_weight=156.273 65.5626 90.7103 26.2326 60.1119 24.67 35.4419 39.3301 15.4335 30.5984 17.3393 23.8966
internal_count=638 268 370 106 246 102 144 162 63 124 70 99
is_linear=0
shrinkage=0.03


Tree=22
num_leaves=6
num_cat=0
split_feature=40 19 37 10 28
split_gain=10.6103 15.4654 7.98374 11.6617 7.89253
threshold=0.097257593256259725 0.17520486644550642 0.027053563904406167 -0.0070591271323710561 5.5000000000000009
decision_type=2 2 2 2 2
left_child=1 2 3 -1 -4
right_child=-2 -3 4 -5 -6
leaf_value=-0.0033755821217340766 -0.026385103079657888 0.032479633387931313 0.0044813035016469261 0.018370171284276711 -0.018411476327038188
leaf_weight=42.103828892111778 8.0289094150066358 14.868983402848242 23.598400741815567 41.726543188095093 25.853440463542938
leaf_count=173 33 60 96 169 107
internal_value=0.00331624 0.00535579 0.00178353 0.00744944 -0.00744597
internal_weight=156.18 148.151 133.282 83.8304 49.4518
internal_count=638 605 545 342 203
is_linear=0
shrinkage=0.03


Tree=23
num_leaves=8
num_cat=0
split_feature=40 28 4 14 21 28 23
split_gain=10.2037 8.45253 8.97222 7.81471 7.42432 6.00117 4.50168
threshold=0.088956840214226465 6.5000000000000009 -0.029996193597735806 -26.935882654388021 0.015198584659854641 3.5000000000000004 1.0427739657583597
decision_type=2 2 2 2 2 2 2
left_child=1 2 -1 6 -5 -4 -3
right_child=-2 3 5 4 -6 -7 -8
leaf_value=-0.0084184572411339781 -0.021155745354596845 0.021946459250793648 0.0071563099205836454 -0.017333634099790766 0.0043093643184885953 0.028180636848713202 -0.0023278720166919841
leaf_weight=12.020304784178732 11.933753490447996 14.442511618137361 28.517691820859909 29.293352067470551 23.414690434932709 26.989533558487892 9.4735835790634138
leaf_count=49 49 59 116 121 96 109 39
internal_value=0.00321832 0.00560067 0.0131935 -0.00106533 -0.00763885 0.0182644 0.0123146
internal_weight=156.085 144.152 67.5275 76.6241 52.708 55.5072 23.9161
internal_count=638 589 274 315 217 225 98
is_linear=0
shrinkage=0.03


Tree=24
num_leaves=6
num_cat=0
split_feature=40 20 35 28 28
split_gain=9.72586 12.6555 11.2268 10.8111 5.85698
threshold=0.097257593256259725 0.027830452132958865 -0.010404232273945989 6.5000000000000009 2.5000000000000004
decision_type=2 2 2 2 2
left_child=1 2 4 -4 -1
right_child=-2 -3 3 -5 -6
leaf_value=0.0025256455281383442 -0.025382482929950365 0.030101853014643846 0.018368062129654798 -0.00099747368628022711 -0.022574954532939111
leaf_weight=11.466530159115793 7.9753818213939658 14.306830227375029 40.855365633964539 61.875462725758553 19.545458421111107
leaf_count=47 33 58 165 254 81
internal_value=0.00312448 0.00507796 0.00188651 0.00676454 -0.013249
internal_weight=156.025 148.05 133.743 102.731 31.012
internal_count=638 605 547 419 128
is_linear=0
shrinkage=0.03


Tree=25
num_leaves=11
num_cat=0
split_feature=21 38 37 12 21 36 21 40 1 6
split_gain=7.86231 9.69524 7.64426 7.11917 5.79975 5.14603 4.85575 4.61423 3.58432 1.68665
threshold=0.017955361941710952 0.0081246687847683075 0.020289289423307991 45.409654707632036 0.020434765987744883 0.0081961827265376753 0.011652558991539873 -0.0083824108321106077 -0.010133624976054299 0.0016291093081982873
decision_type=2 2 2 2 2 2 2 2 2 2
left_child=1 3 7 -1 9 -6 -5 -3 -4 -2
right_child=4 2 8 6 5 -7 -8 -9 -10 -11
leaf_value=-0.010089851775088103 0.032993690401852516 -0.0083406504139631066 -0.0033200665656072689 0.0032334205527272887 -0.014990783208792626 0.012602272070112192 0.029161353833480667 0.011414697058796917 -0.026413528851304501 0.007900218922284815
leaf_weight=12.109643220901487 8.2079502344131487 28.495445966720581 10.731136903166769 16.678871452808384 8.897915333509447 11.741607815027235 11.422533228993414 14.117797359824179 24.447486162185669 7.8974205851554862
leaf_count=50 33 117 44 68 36 48 46 58 102 32
internal_value=-0.000299609 -0.00418123 -0.0103546 0.00733106 0.0113511 0 0.0155081 -0.00124116 -0.02033 0.0237493
internal_weight=154.748 118.003 77.7919 40.211 36.7449 20.6395 28.1014 42.6132 35.1786 16.1054
internal_count=634 485 321 164 149 84 114 175 146 65
is_linear=0
shrinkage=0.03


Tree=26
num_leaves=10
num_cat=0
split_feature=21 38 35 3 9 3 21 28 26
split_gain=7.47368 9.20056 10.7131 7.55039 6.48282 6.90365 6.2734 5.77186 2.98938
threshold=0.017955361941710952 0.0081246687847683075 -0.0098409722541758487 -0.017598122062767837 -0.0033046690916351267 -0.03881515308951921 0.021116724071035896 6.5000000000000009 0.14056266881353191
decision_type=2 2 2 2 2 2 2 2 2
left_child=1 2 -1 -2 5 -3 -5 -6 -4
right_child=3 4 8 6 7 -7 -8 -9 -10
leaf_value=-0.014107458618642953 0.030172353983765079 -0.023990431987651044 0.00044713252822800066 0.014088512100783808 -0.0035484170026266679 0.0047046585612266966 -0.013323386339308834 -0.028624219461410895 0.023381316712612094
leaf_weight=12.267691925168036 10.650134637951849 7.5595996230840674 8.6340960860252398 14.363033816218378 16.252399563789368 32.845099329948425 11.724306777119635 21.000003159046173 19.300202503800392
leaf_count=51 43 31 35 58 66 135 48 89 78
internal_value=-0.000272466 -0.00406334 0.00714423 0.0110839 -0.0100873 -0.00118866 0.00116339 -0.0188046 0.0172973
internal_weight=154.597 117.859 40.202 36.7375 77.6571 40.4047 26.0873 37.2524 27.9343
internal_count=634 485 164 149 321 166 106 155 113
is_linear=0
shrinkage=0.03


Tree=27
num_leaves=9
num_cat=0
split_feature=19 21 21 21 11 14 6 9
split_gain=8.63254 6.9236 10.9136 9.43896 12.3784 5.9075 2.52421 0.149714
threshold=0.17520486644550642 0.01753842972195507 0.020434765987744883 0.0099896380269343509 0.028320218213516716 27.509922711646826 0.007443247229999555 0.07567308197083715
decision_type=2 2 2 2 2 2 2 2
left_child=1 3 6 4 -1 -5 -3 -2
right_child=7 2 -4 5 -6 -7 -8 -9
leaf_value=0.028632227569765745 0.023881446451962374 0.03323270917007265 -0.011084415671743198 -0.014769112392635937 -0.015220332035101446 0.002757826244486312 0.0059338853140635563 0.0078753405762352017
leaf_weight=12.179514065384867 8.8075195550918597 9.6802973598241859 11.57879154384136 69.067261606454849 7.6650400459766379 20.352450117468834 7.6473395377397528 7.4477810263633719
leaf_count=49 36 39 47 287 32 83 31 30
internal_value=-0.000266358 -0.00288341 0.00954174 -0.00641779 0.0111646 -0.0106427 0.0238215 0.0190358
internal_weight=154.426 138.171 28.9064 109.264 19.8446 89.4197 17.3276 16.2553
internal_count=634 568 117 451 81 370 70 66
is_linear=0
shrinkage=0.03


Tree=28
num_leaves=8
num_cat=0
split_feature=21 12 37 12 3 21 21
split_gain=6.67355 8.63426 7.5724 8.54284 7.1874 5.83109 3.93415
threshold=0.017955361941710952 79.099974226632398 0.025979746330550672 52.306801612488215 -0.017598122062767837 0.021116724071035896 0.010314118522020769
decision_type=2 2 2 2 2 2 2
left_child=1 2 3 -1 -2 -6 -4
right_child=4 -3 6 -5 5 -7 -8
leaf_value=-0.0065026501420780329 0.029132473175197536 0.022427485507131577 0 0.01665387798878604 0.013334155372770795 -0.013117841621776176 -0.020247973388884156
leaf_weight=46.846154093742371 10.62993949651718 8.1736383438110334 10.210985228419302 18.275706321001053 14.369221851229669 11.699167832732199 33.984518706798553
leaf_count=194 43 33 42 74 58 48 142
internal_value=-0.000223919 -0.00382022 -0.00628519 7.50827e-05 0.0105045 0.0008396 -0.0155792
internal_weight=154.189 117.491 109.317 65.1219 36.6983 26.0684 44.1955
internal_count=634 485 452 268 149 106 184
is_linear=0
shrinkage=0.03


Tree=29
num_leaves=7
num_cat=0
split_feature=19 20 37 19 14 9
split_gain=8.07429 5.96802 6.94803 7.26918 6.75353 0.18696
threshold=0.17520486644550642 0.012671187053885922 0.025979746330550672 0.078487443932500581 23.105174858094873 0.07567308197083715
decision_type=2 2 2 2 2 2
left_child=1 -1 3 -3 -4 -2
right_child=5 2 4 -5 -6 -7
leaf_value=0.019791745210407441 0.023341878423052787 0.010599708535975067 -0.022194191741073795 -0.0071375937269698396 0 0.0074389532207761013
leaf_weight=7.6807165294885626 8.780672028660776 36.757596701383591 28.206535175442696 42.437303796410561 22.705736696720123 7.4405996799468985
leaf_count=31 36 151 119 174 93 30
internal_value=-0.000194204 -0.00273391 -0.00445672 0.000968581 -0.012897 0.0184877
internal_weight=154.009 137.788 130.107 79.1949 50.9123 16.2213
internal_count=634 568 537 325 212 66
is_linear=0
shrinkage=0.03


Tree=30
num_leaves=9
num_cat=0
split_feature=23 37 11 10 2 38 23 0
split_gain=7.70596 9.05636 8.42647 6.42117 5.56838 6.60968 5.15184 3.52664
threshold=1.4364614797224859 -0.0011126116027244668 0.0045798316199772158 -0.0062868887960937361 0.019126130281882262 0.0077580281346634307 1.1162116070571246 -0.0038733548597468244
decision_type=2 2 2 2 2 2 2 2
left_child=1 2 3 -1 6 -6 -3 -4
right_child=-2 4 7 -5 5 -7 -8 -9
leaf_value=0.0051318071387966924 0.025187631448508829 0.0009354623393276045 -0.020026205436999601 0.036785255873383341 0.0018245828114173202 -0.029491211022608967 -0.018085672277959774 0.0055197102858321103
leaf_weight=15.403931871056555 8.0694718807935697 64.594430312514305 7.2631988674402237 9.8287207335233706 7.6429287046194103 15.444215789437292 13.595747306942938 7.507276237010954
leaf_count=63 33 265 30 40 31 65 56 31
internal_value=-7.6556e-05 -0.0019557 0.00967563 0.0198084 -0.00679355 -0.0192073 -0.00255347 -0.00703792
internal_weight=149.35 141.28 40.0031 25.2327 101.277 23.0871 78.1902 14.7705
internal_count=614 581 164 103 417 96 321 61
is_linear=0
shrinkage=0.03


Tree=31
num_leaves=9
num_cat=0
split_feature=21 5 3 3 15 9 14 15
split_gain=10.5123 6.50717 4.90528 9.48897 13.5131 7.87198 3.81106 1.50995
threshold=0.017675850301026242 0.055577526258018158 -0.03881515308951921 -0.0038973913557746038 -15.992959539943959 0.035120340983610908 -7.7795504559519477 -41.120151886200283
decision_type=2 2 2 2 2 2 2 2
left_child=2 6 -1 4 -4 -5 7 -2
right_child=1 -3 3 5 -6 -7 -8 -9
leaf_value=-0.022609573110357644 0.016849437899598203 -0.0048993378520177065 0.028446416361205842 -0.018753429204066682 -0.0047317156284714321 0.0020752395768532678 0.034768495637226442 0
leaf_weight=10.407999873161314 7.2288888096809369 10.091180875897406 16.006984740495682 34.999317318201065 25.922153517603874 26.484673321247101 10.179985091090202 7.886452183127405
leaf_count=43 30 41 65 147 107 108 41 32
internal_value=-5.96303e-05 0.0136723 -0.00462072 -0.00227331 0.00831144 -0.00976233 0.0214469 0.00858406
internal_weight=149.208 35.3865 113.821 103.413 41.9291 61.484 25.2953 15.1153
internal_count=614 144 470 427 172 255 103 62
is_linear=0
shrinkage=0.03


Tree=32
num_leaves=9
num_cat=0
split_feature=21 35 17 17 22 11 0 2
split_gain=9.98596 8.57576 6.35479 8.90383 4.33814 2.98772 3.63694 1.91898
threshold=0.017675850301026242 -0.01710574525377306 3.0069475650541801 -3.9996694277775258 0.083923350570773839 0.016087436667506897 -0.0023108551127918871 0.022581585321722279
decision_type=2 2 2 2 2 2 2 2
left_child=1 5 3 -3 7 6 -1 -2
right_child=4 2 -4 -5 -6 -7 -8 -9
leaf_value=0.0057886718314230645 0.026701669048517479 -0.019811657998411034 -0.018404468499160914 0.007800610979878604 0 -0.030617189255830391 -0.019942849723777058 0.0039682341647475231
leaf_weight=7.2750105708837509 15.020012423396112 10.299593448638914 12.157125547528265 65.539998456835747 13.074209257960318 10.583351552486418 7.8364449292421359 7.2606370151042929
leaf_count=30 61 42 52 268 53 45 33 30
internal_value=-4.46064e-05 -0.00449575 0 0.00344526 0.0133418 -0.0190557 -0.00744979 0.0208483
internal_weight=149.046 113.692 87.9967 75.8396 35.3549 25.6948 15.1115 22.2806
internal_count=614 470 362 310 144 108 63 91
is_linear=0
shrinkage=0.03


Tree=33
num_leaves=10
num_cat=0
split_feature=21 35 37 36 5 6 32 11 0
split_gain=9.50937 8.1689 6.60652 6.89025 6.18729 5.51581 3.72918 2.86635 3.48395
threshold=0.017675850301026242 -0.01710574525377306 0.050339828721353681 0.005660661170519706 0.055577526258018158 -0.015949766596505651 -0.0047328839503150691 0.016087436667506897 -0.0023108551127918871
decision_type=2 2 2 2 2 2 2 2 2
left_child=1 7 5 -4 6 -3 -2 8 -1
right_child=4 2 3 -5 -6 -7 -8 -9 -10
leaf_value=0.0056485689571784767 0.00015328814546599143 -0.014585412877366892 -0.034665679811137676 0.0016859307513401906 -0.0050491804318673573 0.00738055493362614 0.027386006201165856 -0.030027229089214989 -0.019532844585774423
leaf_weight=7.2813004851341248 7.3438614308834103 9.9674290269613248 7.1477834582328779 7.7796111255884171 10.092099770903586 63.072394445538521 17.904847726225853 10.507986828684805 7.8033920675516146
leaf_count=30 30 41 30 32 41 259 73 45 33
internal_value=-6.0018e-05 -0.00440939 0 -0.0168736 0.0130016 0.00387422 0.0206082 -0.0186514 -0.00726159
internal_weight=148.901 113.56 87.9672 14.9274 35.3408 73.0398 25.2487 25.5927 15.0847
internal_count=614 470 362 62 144 300 103 108 63
is_linear=0
shrinkage=0.03


Tree=34
num_leaves=10
num_cat=0
split_feature=21 35 40 17 5 14 4 33 15
split_gain=9.04208 7.7813 6.3948 6.98587 5.88789 3.70973 2.75762 2.25696 1.46365
threshold=0.017675850301026242 -0.01710574525377306 0.077776135277711003 3.0069475650541801 0.055577526258018158 -7.7795504559519477 0.0019867760136113026 0.13698815261948741 -41.120151886200283
decision_type=2 2 2 2 2 2 2 2 2
left_child=1 6 3 -3 5 8 7 -1 -2
right_child=4 2 -4 -5 -6 -7 -8 -9 -10
leaf_value=-0.00595642728739601 0.015807156051947355 0.0066839932192231779 -0.022490556455521334 -0.016779700430926778 -0.0049237569400549172 0.033156445281022844 -0.00057635468189357433 -0.032437632514458414 -9.4567084328835843e-05
leaf_weight=7.2173480689525666 7.1931596845388395 68.384599149227142 8.1032426655292493 11.452426135540007 10.089684486389158 10.137340173125267 7.585436448454856 10.684515610337256 7.8906422406435031
leaf_count=30 30 279 34 49 41 41 32 46 32
internal_value=-8.02782e-05 -0.00432642 0 0.00280707 0.0126582 0.0200878 -0.0182587 -0.0241866 0.0075734
internal_weight=148.738 113.428 87.9403 79.837 35.3108 25.2211 25.4873 17.9019 15.0838
internal_count=614 470 362 328 144 103 108 76 62
is_linear=0
shrinkage=0.03


Tree=35
num_leaves=8
num_cat=0
split_feature=20 21 15 14 38 32 24
split_gain=7.04323 7.2843 8.22774 11.0423 5.71393 5.2024 4.90326
threshold=0.01296841684932014 0.013421931969248483 -17.157264442865305 38.137298844918867 0.0074667125744289839 -0.0060050016566413613 -0.22747383480557626
decision_type=2 2 2 2 2 2 2
left_child=-1 2 6 -4 -3 -6 -2
right_child=1 4 3 -5 5 -7 -8
leaf_value=0.026335672087025131 0.022537612298170594 0.023795513130251734 -0.027548911032260367 0.0041775412849175053 0.014851012123860148 -0.0022157250143518973 -0.0046399371902931183
leaf_weight=7.904679223895072 8.0721515119075793 11.34741100668907 24.14092843234539 13.924926429986952 19.550217196345329 58.364384397864342 11.806212097406386
leaf_count=32 33 46 102 57 80 242 49
internal_value=0.00183986 8.85712e-05 -0.00793546 -0.0159394 0.00552147 0.00214343 0.00676204
internal_weight=155.111 147.206 57.9442 38.0659 89.262 77.9146 19.8784
internal_count=641 609 241 159 368 322 82
is_linear=0
shrinkage=0.03


Tree=36
num_leaves=12
num_cat=0
split_feature=27 21 21 24 17 36 15 7 5 28 22
split_gain=7.68808 6.97252 6.78181 6.67468 6.3545 5.27368 6.9493 4.67625 3.32163 2.80383 1.27396
threshold=1.5000000000000002 0.01753842972195507 0.01008568987237882 -0.39381861103033283 1.0500171260207856 0.0050177200738143321 27.553880539299129 -0.016018440855306963 -0.051281229415068512 3.5000000000000004 0.10738696782789393
decision_type=2 2 2 2 2 2 2 2 2 2 2
left_child=2 3 -1 7 -5 6 -4 -2 -7 -3 -11
right_child=1 9 5 4 -6 8 -8 -9 -10 10 -12
leaf_value=0.01489333817051158 0.0055362198044969632 0.0020254031999521146 -0.013974487281285657 0.017452019300528625 -0.0024704261242050711 -0.0009202755514746895 0.021359168125164245 -0.021144962325156488 -0.023304709227968755 0.035385531603191647 0.010191960994261522
leaf_weight=8.7551798671483976 7.2785232514143017 7.3640698641538647 8.4737563729286176 27.195853054523468 25.368106111884117 9.8697445243596977 7.4204067885875693 13.428710564970968 23.649346604943279 8.7664355337619799 7.4070164561271659
leaf_count=36 30 30 35 111 107 41 30 56 99 36 30
internal_value=0.00181055 0.00701216 -0.00654241 0.00201995 0.00782413 -0.0110638 0.0022268 -0.0114444 -0.0175588 0.02059 0.0270643
internal_weight=154.977 96.8087 58.1684 73.2712 52.564 49.4133 15.8942 20.7072 33.5191 23.5375 16.1735
internal_count=641 400 241 304 218 205 65 86 140 96 66
is_linear=0
shrinkage=0.03


Tree=37
num_leaves=12
num_cat=0
split_feature=27 21 26 21 36 9 34 5 36 17 33
split_gain=7.28669 6.68277 7.76097 6.45104 5.01584 3.79645 3.73942 3.16196 2.79847 2.25484 0.813431
threshold=1.5000000000000002 0.01753842972195507 0.34330410736886607 0.01008568987237882 0.0050177200738143321 0.031474382639893446 -0.007970514874660382 -0.063452805380780616 0.005155580732846987 -1.6821096180037471 0.70158507269714954
decision_type=2 2 2 2 2 2 2 2 2 2 2
left_child=3 2 6 -1 5 -5 -2 -6 -4 -3 -11
right_child=1 9 8 4 7 -7 -8 -9 -10 10 -12
leaf_value=0.014522569319617882 -0.016633169017642099 0.032534257955677139 0 -0.0099113450725006897 0 0.016083414373653682 0.00041869430662529666 -0.021774693481224464 0.022757380527473458 0 0.015354720555485922
leaf_weight=8.7603228092193586 14.0241711884737 8.1496534347534197 8.693276986479761 8.2373321801424009 7.499216496944423 7.6438852846622458 35.70304636657238 25.928979486227039 14.829804062843321 7.3000837564468375 8.0533512085676175
leaf_count=36 59 33 36 34 31 31 148 109 61 30 33
internal_value=0.00177779 0.00684319 0.0019531 -0.00635911 -0.0107828 0.00216098 -0.0045575 -0.0171304 0.0155827 0.0201472 0.00971597
internal_weight=154.823 96.7534 73.2503 58.0697 49.3094 15.8812 49.7272 33.4282 23.5231 23.5031 15.3534
internal_count=641 400 304 241 205 65 207 140 97 96 63
is_linear=0
shrinkage=0.03


Tree=38
num_leaves=11
num_cat=0
split_feature=27 26 37 10 8 6 36 17 38 25
split_gain=6.91168 6.35353 6.23281 7.71883 5.49921 4.98968 6.01653 4.80686 3.90642 1.75978
threshold=1.5000000000000002 0.34330410736886607 0.025722221827012896 -0.0077445277337486731 0.024171069169108706 0.016331006959972676 0.0048240621847633622 1.6086838750073664 0.0078652866883210087 0.14909155593687842
decision_type=2 2 2 2 2 2 2 2 2 2
left_child=5 2 3 -2 -4 6 -1 9 -8 -3
right_child=1 7 4 -5 -6 -7 8 -9 -10 -11
leaf_value=0.014811666619607169 -0.0041471802075899429 0.0075668162520761729 -0.020680332559836975 0.021502427139573135 0.0040532335469830464 -0.024794146008880386 0.0081594793612819218 0 -0.013080751381712911 0.032084810597912648
leaf_weight=12.071709990501402 18.47258597612381 7.3247233778238359 14.860154181718828 19.11442494392395 12.918761759996412 8.7756828814744932 7.9546000808477393 11.020242750644682 29.161744624376297 13.007772371172903
leaf_count=49 77 30 63 78 53 37 33 46 122 53
internal_value=0.00175767 0.00669113 0.000978291 0.00894505 -0.00917442 -0.00617278 -0.00171855 0.017379 -0.00796073 0.0253926
internal_weight=154.682 96.7187 65.3659 37.587 27.7789 57.9637 49.1881 31.3527 37.1163 20.3325
internal_count=641 400 271 155 116 241 204 129 155 83
is_linear=0
shrinkage=0.03


Tree=39
num_leaves=8
num_cat=0
split_feature=23 23 11 21 35 25 3
split_gain=6.18661 5.90856 6.70452 7.20418 3.63107 2.38356 2.09846
threshold=1.4364614797224859 1.1492119597614534 0.05334040650409045 0.0099896380269343509 0.045309562296746993 0.17752100840336138 -0.018879971958262239
decision_type=2 2 2 2 2 2 2
left_child=1 2 3 -1 6 -4 -3
right_child=-2 4 5 -5 -6 -7 -8
leaf_value=0.026532773761491112 0.025084312726154447 -0.002171930021544788 -0.024372852806904096 0.0026998023272839858 0.0035825033184412919 0 -0.025452543580006582
leaf_weight=11.504483163356779 7.5838683098554602 7.1694528758525911 7.4415775388479215 93.826130941510201 7.4229003787040702 7.4576253890991211 12.139978304505346
leaf_count=47 31 30 31 389 31 31 51
internal_value=0.00172118 9.42417e-05 0.00306877 0.00588856 -0.0120441 -0.014316 -0.0185277
internal_weight=154.546 146.962 120.23 105.331 26.7323 14.8992 19.3094
internal_count=641 610 498 436 112 62 81
is_linear=0
shrinkage=0.03


Tree=40
num_leaves=10
num_cat=0
split_feature=1 37 9 25 26 25 21 35 19
split_gain=7.57578 5.83427 4.55321 4.22459 5.36206 4.98078 3.01242 2.82401 2.77762
threshold=0.014106100795756029 -1.0000000180025095e-35 0.040576605342482371 0.10160887894691562 0.35135124434889969 0.019050455024295251 0.011228087340800124 0.016764218318279237 0.07057934573333409
decision_type=2 2 2 2 2 2 2 2 2
left_child=3 -2 -3 5 8 -1 -6 -7 -5
right_child=1 2 -4 4 6 7 -8 -9 -10
leaf_value=0.0098110323021961213 0.0081113117073855056 -0.029688293010194551 -0.0035477639349606963 0.010818773796523849 0.0016278366891680272 -0.025219200625603778 0.024934660702776806 -0.0014666236135475043 -0.0023254748068143954
leaf_weight=10.646818548440935 8.328939884901045 12.881174877285959 13.573906466364859 19.851173877716064 8.950633570551874 8.2421805858612078 18.135541766881943 11.156558632850645 38.067231193184853
leaf_count=44 35 56 56 82 37 35 74 46 157
internal_value=0.000535725 -0.011235 -0.017995 0.00435377 0.00779415 -0.00479059 0.0183901 -0.0136735 0.00214004
internal_weight=149.834 34.784 26.4551 115.05 85.0046 30.0456 27.0862 19.3987 57.9184
internal_count=622 147 112 475 350 125 111 81 239
is_linear=0
shrinkage=0.03


Tree=41
num_leaves=11
num_cat=0
split_feature=17 19 24 6 21 34 34 24 4 32
split_gain=7.39596 9.94823 8.41722 7.75141 4.66991 4.48673 4.28432 2.79282 2.10628 1.98998
threshold=1.3749796375414836 0.16419402604285119 -0.14863654837506088 0.0012590962244079672 0.016769174165806713 -0.016429914196908865 0.012246944354352808 0.58643678160919543 0.0035294145125199798 0.008656729926877273
decision_type=2 2 2 2 2 2 2 2 2 2
left_child=2 6 3 4 -1 -4 9 -7 -8 -2
right_child=1 -3 5 -5 -6 7 8 -9 -10 -11
leaf_value=-0.0021766340520358199 -0.02991131093746395 0.017812304196410635 -0.0022353671101658485 -0.023608702408319769 0.018712015164305911 0.024158600849185113 0.006781538268465709 0.0017801155739761059 -0.010853684299178292 -0.0064745344722928217
leaf_weight=34.178561747074127 14.176052674651148 8.3827245533466321 8.9591080546379072 10.212439909577368 10.808262497186659 26.527920424938202 8.0669908970594424 8.3197660297155362 11.953619837760924 8.1339158266782743
leaf_count=142 61 35 37 42 44 108 34 34 50 35
internal_value=0.000513915 -0.00849307 0.00535283 -0.00222728 0.00310557 0.0149119 -0.0146093 0.0196095 -0.00309612 -0.0232193
internal_weight=149.719 50.7133 99.0061 55.1993 44.9868 43.8068 42.3306 34.8477 20.0206 22.31
internal_count=622 215 407 228 186 179 180 142 84 96
is_linear=0
shrinkage=0.03


Tree=42
num_leaves=11
num_cat=0
split_feature=17 20 24 2 34 24 34 24 7 23
split_gain=7.0033 11.6479 7.96023 7.58369 4.84172 4.55309 4.26078 2.61847 1.51373 0.820505
threshold=1.3749796375414836 0.026516544603676678 -0.14863654837506088 0.0049550272650792379 0.010103050245114488 -0.62568513272057036 -0.016429914196908865 0.58643678160919543 0.0074246529347992193 1.0947786003179976
decision_type=2 2 2 2 2 2 2 2 2 2
left_child=2 4 3 5 9 -1 -4 -8 -6 -2
right_child=1 -3 6 -5 8 -7 7 -9 -10 -11
leaf_value=-0.0073080159225883574 -0.014328374956857452 0.019039403098955993 -0.0021807910686566772 -0.023111393304013333 0.0053272099470017785 0.011086192561484779 0.02348317907216441 0.0017370495960017688 -0.0094194470780612563 -0.035669985310635421
leaf_weight=18.535014152526852 12.796923667192461 9.091701000928877 8.9578850269317609 10.40771424770355 7.1686692088842419 26.217247456312183 26.529664948582649 8.3198388367891294 14.259047552943228 7.2661639750003806
leaf_count=77 55 38 37 43 30 108 108 34 60 32
internal_value=0.000490401 -0.00828542 0.00519959 -0.00216949 -0.0152181 0.00316031 0.0144954 0.0190747 -0.00381206 -0.0252703
internal_weight=149.55 50.5825 98.9674 55.16 41.4908 44.7523 43.8074 34.8495 21.4277 20.0631
internal_count=622 215 407 228 177 185 179 142 90 87
is_linear=0
shrinkage=0.03


Tree=43
num_leaves=11
num_cat=0
split_feature=1 27 35 32 20 3 27 26 36 35
split_gain=6.72352 5.28855 6.89209 4.61756 4.54808 4.52845 3.6219 3.00089 2.94526 1.8745
threshold=0.014106100795756029 2.5000000000000004 0.016764218318279237 0.0022354935987543016 0.019032910332310297 0.050688853130813401 1.5000000000000002 0.21886385598045457 0.0043209750435972902 0.027902596173809194
decision_type=2 2 2 2 2 2 2 2 2 2
left_child=1 3 7 6 -5 9 -1 -3 -4 -2
right_child=5 2 8 4 -6 -7 -8 -9 -10 -11
leaf_value=-0.015047448688005791 -0.02440369681774501 -0.013220532427685202 0.0011251182827597872 -0.0029745672243726815 0.01982819863784473 0.0065812155756624392 0.0023066397836485827 0.0078147508411459954 0.025541190452338422 -0.0057181491652643305
leaf_weight=23.355056673288345 13.088291659951212 9.246027424931528 7.3487550318241146 14.397622540593149 12.36104069650173 8.0665449202060682 15.780063405632971 10.855738416314123 21.538593038916588 13.347500920295714
leaf_count=97 56 39 30 60 51 34 65 45 88 57
internal_value=0.000457441 0.00405508 0.0113457 -0.00131881 0.00768387 -0.0106766 -0.00791335 -0.00150278 0.0202906 -0.0165626
internal_weight=149.385 114.883 48.9891 65.8938 26.7587 34.5023 39.1351 20.1018 28.8873 26.4358
internal_count=622 475 202 273 111 147 162 84 118 113
is_linear=0
shrinkage=0.03


Tree=44
num_leaves=9
num_cat=0
split_feature=18 27 32 10 37 26 10 19
split_gain=6.61458 5.61889 6.43224 6.07671 5.90916 6.50044 6.3459 2.29669
threshold=0.96391592295405804 1.5000000000000002 0.0022354935987543016 -0.01422839800758635 0.036041601457350476 0.15384181996855775 -0.0081126501177125592 0.07396206102081275
decision_type=2 2 2 2 2 2 2 2
left_child=1 2 7 -4 6 -6 -3 -1
right_child=-2 4 3 -5 5 -7 -8 -9
leaf_value=-0.00014460738846704889 -0.018036768195673736 0.0012891838435470707 -0.013499082666239528 0.015091303416013417 -0.021013403300653839 0.0078884483913907785 0.021119435541812007 -0.020873388262602599
leaf_weight=8.4272936284542102 13.477550476789473 28.860853403806686 7.9471945911645916 17.307752624154091 10.241322278976442 13.753945142030714 31.958613038063049 17.316420897841454
leaf_count=35 57 121 34 72 43 57 131 72
internal_value=0.000444465 0.00262245 -0.00495495 0.00521377 0.00736067 -0.00453766 0.0122887 -0.015128
internal_weight=149.291 135.813 50.9987 25.2549 84.8147 23.9953 60.8195 25.7437
internal_count=622 565 213 106 352 100 252 107
is_linear=0
shrinkage=0.03


Tree=45
num_leaves=10
num_cat=0
split_feature=35 21 13 37 16 22 5 13 25
split_gain=11.6587 9.23828 6.02804 6.78962 6.75123 5.72774 2.36257 5.01372 0.469449
threshold=-0.010404232273945989 0.023891730458034954 5.7568357246947146 0.04847080527109094 1.4512276823425625 -0.12711718326691127 -0.05453383704741898 2.6156348279408062 0.21393897364771153
decision_type=2 2 2 2 2 2 2 2 2
left_child=1 6 3 5 -5 -2 -1 -8 -4
right_child=2 -3 8 4 -6 -7 7 -9 -10
leaf_value=-0.0010290889326433782 0.0014606963759670499 0.0097700839786202965 -0.0013300392537675542 -0.024416842529806918 0.0092426340503586387 0.019574694166932423 -0.031896648406479718 -0.0017450381150708235 -0.013913140402621286
leaf_weight=7.1938318163156501 25.535778105258942 12.028009369969366 8.810774087905882 7.6195547431707409 9.646523565053938 50.717219591140747 16.637878581881527 8.5921686440706235 7.1138470172882071
leaf_count=30 105 50 37 32 40 208 72 37 30
internal_value=0.00175344 -0.0107719 0.00707738 0.0100494 -0.0058255 0.0138927 -0.0189529 -0.0230616 -0.00871321
internal_weight=153.896 44.4519 109.444 93.5191 17.2661 76.253 32.4239 25.23 15.9246
internal_count=641 189 452 385 72 313 139 109 67
is_linear=0
shrinkage=0.03


Tree=46
num_leaves=12
num_cat=0
split_feature=21 18 16 8 38 38 20 19 38 20 12
split_gain=5.94547 9.85173 9.27045 6.80291 4.73412 6.13433 4.97643 4.19505 4.00977 1.16496 0.477801
threshold=0.013421931969248483 0.63105609443080835 10.339985189855378 -0.018932580992821024 0.0073727914247548954 0.009588092595807526 0.021184275759616216 0.096110780743885307 0.012913878375557132 0.015437604400277551 49.097878559777861
decision_type=2 2 2 2 2 2 2 2 2 2 2
left_child=1 3 9 7 -2 6 -6 -1 -7 -3 -5
right_child=4 2 -4 10 5 8 -8 -9 -10 -11 -12
leaf_value=-0.010976616957463343 0.024434852018796943 0.008968666025269462 -0.014126870136705039 -0.031037142265760344 0.002760207154510615 0.017725723813161478 -0.021569618590159007 0.014972765958567821 0.00044737871606058557 0.030329962698985677 -0.012310202325886822
leaf_weight=11.94920824468136 10.2695005685091 10.072053223848348 8.2203667014837247 11.500855728983881 15.774563983082773 25.70280696451664 10.608955606818197 7.3443992435932151 24.920417547225952 7.3403531312942496 10.045284375548361
leaf_count=50 42 42 34 50 65 107 44 30 105 30 42
internal_value=0.00168001 -0.00486809 0.00894521 -0.0139009 0.00683262 0.00373623 -0.00732499 0 0.00984539 0.0209435 -0.0247305
internal_weight=153.749 66.4725 25.6328 40.8397 87.2762 77.0067 26.3835 19.2936 50.6232 17.4124 21.5461
internal_count=641 278 106 172 363 321 109 80 212 72 92
is_linear=0
shrinkage=0.03


Tree=47
num_leaves=12
num_cat=0
split_feature=21 18 15 24 38 38 36 9 40 22 2
split_gain=5.63611 9.39701 12.7906 4.61733 4.50636 5.80859 8.17236 4.52739 3.38517 3.17658 0.403807
threshold=0.013421931969248483 0.63105609443080835 -14.828791154171407 -0.17274535809018565 0.0073727914247548954 0.009588092595807526 0.0060975328082584759 -0.0018418198926637471 0.019060815702098503 0.075785370689702938 -0.014221530177219664
decision_type=2 2 2 2 2 2 2 2 2 2 2
left_child=1 2 3 -1 -2 6 -6 -7 -3 -10 -4
right_child=4 8 10 -5 5 7 -8 -9 9 -11 -12
leaf_value=0.020267759728652083 0.023836472867470853 0.020873531495334812 -0.014721184882844412 -0.0071664707894790501 0.010431713660924342 0.017051069968138363 -0.020720971610143777 -0.00011572855206482517 0.010851543302776722 -0.013239663808592936 -0.034228293023652955
leaf_weight=7.5776342302560833 10.261800199747084 9.8272606432437914 10.61212904751301 10.342790976166723 11.216755032539369 28.606017097830772 15.14358304440975 22.067029684782028 8.6517779976129514 7.15408731997013 12.184345811605452
leaf_count=31 42 40 45 43 46 118 63 94 36 30 53
internal_value=0.00163679 -0.00474383 -0.0135897 0.00455126 0.00665209 0.00362786 -0.00713526 0.00956998 0.00873111 0 -0.0276721
internal_weight=153.645 66.35 40.7169 17.9204 87.2952 77.0334 26.3603 50.673 25.6331 15.8059 22.7965
internal_count=641 278 172 74 363 321 109 212 106 66 98
is_linear=0
shrinkage=0.03


Tree=48
num_leaves=11
num_cat=0
split_feature=35 38 2 21 0 18 3 14 38 2
split_gain=10.8024 10.7621 4.47234 14.0392 6.65472 6.40592 3.44453 2.8836 2.47875 1.6842
threshold=-0.010404232273945989 0.016088114782471883 0.0086985573655985488 0.013836814450562116 -0.0019239686241864227 0.63105609443080835 -0.019539962686015707 11.297003598276662 0.012913878375557132 -0.0099460513536693811
decision_type=2 2 2 2 2 2 2 2 2 2
left_child=1 6 3 5 -4 -2 -1 -6 -5 -8
right_child=2 -3 4 8 7 -7 9 -9 -10 -11
leaf_value=-0.0019200748974019966 -0.0086940942911955931 0.016439958211331453 -0.023837328035039195 0.029889503566815016 -0.003961737490605066 0.018965057991420453 -0.037239213149527765 0.012207752751701497 0.0058615407099637537 -0.014378046560530048
leaf_weight=11.170998379588125 27.449379816651344 8.44415335357189 7.1395614743232718 24.286982327699661 15.483927220106123 8.0317021608352643 6.99933998286724 19.053368449211121 7.8373719602823249 17.570056602358822
leaf_count=47 114 36 30 99 66 33 30 78 32 76
internal_value=0.00159116 -0.0105034 0.00671686 0.0113868 -0.000689499 -0.00135492 -0.0178005 0.00472798 0.0251541 -0.0237682
internal_weight=153.467 44.1845 109.282 67.6054 41.6769 35.4811 35.7404 34.5373 32.1244 24.5694
internal_count=641 189 452 278 174 147 153 144 131 106
is_linear=0
shrinkage=0.03


Tree=49
num_leaves=10
num_cat=0
split_feature=35 38 13 37 28 36 12 34 36
split_gain=10.2762 10.2898 5.61501 6.46939 4.66352 4.54101 4.28784 3.10349 2.07993
threshold=-0.010404232273945989 0.016088114782471883 5.7568357246947146 0.04847080527109094 2.5000000000000004 0.0059031337116351992 46.241459949001843 0.01044105190434619 0.0081961827265376753
decision_type=2 2 2 2 2 2 2 2 2
left_child=1 4 3 6 -1 -5 -2 -4 -6
right_child=2 -3 7 5 8 -7 -8 -9 -10
leaf_value=-0.0010688615800174175 0.0037381622859684006 0.01607566792166128 -0.020702213992241029 -0.018499658961829014 -0.03109705062540925 0.0090603264347778184 0.019067910731018978 0.0025485448432315981 -0.0064687202617924686
leaf_weight=12.583269760012625 31.487883388996124 8.4220989197492582 7.518691197037696 9.7520737051963824 15.67544497549534 7.4477922618389121 44.628590181469917 8.3716361224651319 7.3617183417081824
leaf_count=53 130 36 32 41 69 31 183 35 31
internal_value=0.00153689 -0.0102787 0.0065361 0.00941584 -0.017432 -0.00608386 0.0131764 -0.00869886 -0.0249714
internal_weight=153.249 44.0425 109.207 93.3163 35.6204 17.1999 76.1165 15.8903 23.0372
internal_count=641 189 452 385 153 72 313 67 100
is_linear=0
shrinkage=0.03


end of trees

feature_importances:
volatility=41
macro_topix_vol_20=27
macro_usdjpy_vol_20=19
macro_topix_ret_20=19
month=18
return_5d=17
bb_bandwidth=17
macro_usdjpy_ret_60=17
div_ma_60=14
macd=14
macd_hist_change=13
macro_usdjpy_ret_20=13
atr_pct=12
return_3d=11
ma_5_20_cross=11
ma_20_60_cross=11
rsi=11
macro_nikkei_ret_20=10
macd_signal=9
vol_change=9
vol_ratio=9
candle_body_pct=9
return_20d=8
lower_shadow_pct=8
return_1d=7
return_10d=7
div_ma_5=6
rsi_change=6
upper_shadow_pct=6
day_of_week=6
gap=6
macd_hist=5
bb_pct_b=5
return_2d=4
div_ma_20=4
div_ma_10=3
streak=2
price_position_20d=2

parameters:
[boosting: gbdt]
[objective: binary]
[metric: binary_logloss]
[tree_learner: serial]
[device_type: cpu]
[data_sample_strategy: bagging]
[data: ]
[valid: ]
[num_iterations: 50]
[learning_rate: 0.03]
[num_leaves: 15]
[num_threads: 0]
[seed: 42]
[deterministic: 0]
[force_col_wise: 0]
[force_row_wise: 0]
[histogram_pool_size: -1]
[max_depth: 4]
[min_data_in_leaf: 30]
[min_sum_hessian_in_leaf: 0.001]
[bagging_fraction: 0.7]
[pos_bagging_fraction: 1]
[neg_bagging_fraction: 1]
[bagging_freq: 5]
[bagging_seed: 400]
[bagging_by_query: 0]
[feature_fraction: 0.6]
[feature_fraction_bynode: 1]
[feature_fraction_seed: 30056]
[extra_trees: 0]
[extra_seed: 12879]
[early_stopping_round: 0]
[early_stopping_min_delta: 0]
[first_metric_only: 0]
[max_delta_step: 0]
[lambda_l1: 0.5]
[lambda_l2: 2]
[linear_lambda: 0]
[min_gain_to_split: 0]
[drop_rate: 0.1]
[max_drop: 50]
[skip_drop: 0.5]
[xgboost_dart_mode: 0]
[uniform_drop: 0]
[drop_seed: 17869]
[top_rate: 0.2]
[other_rate: 0.1]
[min_data_per_group: 100]
[max_cat_threshold: 32]
[cat_l2: 10]
[cat_smooth: 10]
[max_cat_to_onehot: 4]
[top_k: 20]
[monotone_constraints: ]
[monotone_constraints_method: basic]
[monotone_penalty: 0]
[feature_contri: ]
[forcedsplits_filename: ]
[refit_decay_rate: 0.9]
[cegb_tradeoff: 1]
[cegb_penalty_split: 0]
[cegb_penalty_feature_lazy: ]
[cegb_penalty_feature_coupled: ]
[path_smooth: 0]
[interaction_constraints: ]
[verbosity: -1]
[saved_feature_importance_type: 0]
[use_quantized_grad: 0]
[num_grad_quant_bins: 4]
[quant_train_renew_leaf: 0]
[stochastic_rounding: 1]
[linear_tree: 0]
[max_bin: 255]
[max_bin_by_feature: ]
[min_data_in_bin: 5]
[bin_construct_sample_cnt: 200000]
[data_random_seed: 175]
[is_enable_sparse: 1]
[enable_bundle: 1]
[use_missing: 1]
[zero_as_missing: 0]
[feature_pre_filter: 1]
[pre_partition: 0]
[two_round: 0]
[header: 0]
[label_column: ]
[weight_column: ]
[group_column: ]
[ignore_column: ]
[categorical_feature: ]
[forcedbins_filename: ]
[precise_float_parser: 0]
[parser_config_file: ]
[objective_seed: 16083]
[num_class: 1]
[is_unbalance: 0]
[scale_pos_weight: 1]
[sigmoid: 1]
[boost_from_average: 1]
[reg_sqrt: 0]
[alpha: 0.9]
[fair_c: 1]
[poisson_max_delta_step: 0.7]
[tweedie_variance_power: 1.5]
[lambdarank_truncation_level: 30]
[lambdarank_norm: 1]
[label_gain: ]
[lambdarank_position_bias_regularization: 0]
[eval_at: ]
[multi_error_top_k: 1]
[auc_mu_weights: ]
[num_machines: 1]
[local_listen_port: 12400]
[time_out: 120]
[machine_list_filename: ]
[machines: ]
[gpu_platform_id: -1]
[gpu_device_id: -1]
[gpu_use_dp: 0]
[num_gpu: 1]

end of parameters

pandas_categorical:[]
