tree
version=v4
num_class=1
num_tree_per_iteration=1
label_index=0
max_feature_idx=44
objective=binary sigmoid:1
feature_names=return_1d return_2d return_3d return_5d return_10d return_20d div_ma_5 div_ma_10 div_ma_20 div_ma_60 ma_5_20_cross ma_20_60_cross rsi rsi_change macd macd_signal macd_hist macd_hist_change bb_pct_b bb_bandwidth atr_pct volatility vol_change vol_ratio candle_body_pct upper_shadow_pct lower_shadow_pct day_of_week month is_month_end is_month_start streak gap price_position_20d macro_usdjpy_ret_20 macro_usdjpy_ret_60 macro_usdjpy_vol_20 macro_topix_ret_20 macro_topix_vol_20 macro_topix_above_200dma macro_nikkei_ret_20 macro_nikkei_above_200dma macro_nikkei_vi macro_jgb10y macro_bias_score
feature_infos=[-0.14526437602194431:0.093221746401519923] [-0.20421963080087802:0.11573754717932316] [-0.24399327554585604:0.12435829201829174] [-0.22782149027025922:0.17641057696476858] [-0.25968792972939725:0.21838884206023312] [-0.27366986526758197:0.32970766816875652] [-0.17187409453824357:0.067142283595543611] [-0.20371344324077786:0.098672861947180862] [-0.23830725377938045:0.12625596471026171] [-0.21944399720322677:0.23510932310881605] [-0.14168176003840149:0.091027266117291949] [-0.080079022266372868:0.13138251859836259] [7.9365079365079367:90.540512382401047] [-24.075787614404653:28.476622589029596] [-69.283173720092691:60.557271199879324] [-49.989876782202202:54.844969913742027] [-39.798184931555696:22.584998473482841] [-16.076055059774241:9.2398410637242421] [-0.35041149501052848:1.3808834452384025] [0.028409729634548259:0.37066436536577224] [0.012601984722937137:0.058225420775926684] [0.008340015280684206:0.048742558260184726] [-0.83092890666834662:6.8918650177117646] [0.53752037468793201:1.7961751355828806] [-1:1] [0:0.99056831922611854] [0:0.88095186194368758] [0:4] [1:12] [0:1] [0:1] [-9:9] [-0.11388730626613985:0.084976203136277517] [0:1] [-0.10288784967882303:0.08505611680078462] [-0.13986255140503889:0.13160084488587853] [0.0024251968629527628:0.011841457708833433] [-0.21871130063915301:0.21255327098343968] [0.0039190589040052201:0.040640984327119545] [0:1] [-0.22859537662338159:0.23022297972565586] [0:1] none none none
tree_sizes=1288 1281 1082 1211 1390 1295 1210 1415 1187 1049 1200 1315 1199 1093 1191 992 979 1076 1364 1097 1197 1305 1509 1625 1180 1205 1308 1209 1304 1298 1293 1414 990 1414 1317 1291 1203 1307 870 886 768 1197 871 1281 1090 1320 977 998 1086 787

Tree=0
num_leaves=11
num_cat=0
split_feature=37 23 16 21 14 15 17 3 40 26
split_gain=21.0941 12.6058 15.9556 12.21 7.32355 6.83669 5.43084 6.58062 3.41473 1.24808
threshold=1.0000000180025095e-35 1.1072690712202913 2.3936824609223337 0.013895792556771138 14.459471817067426 24.064317673112146 -1.9341205738133296 0.023321691603422682 0.012669852900290214 0.2352942496431486
decision_type=2 2 2 2 2 2 2 2 2 2
left_child=3 2 8 -1 -3 -6 -5 -8 -2 -4
right_child=1 4 9 6 5 -7 7 -9 -10 -11
leaf_value=-0.11674092530897902 -0.12307041879000861 -0.11509864679050565 -0.12772109663889811 -0.10850380641987578 -0.073514041690439721 -0.10951852580648995 -0.068315828181854055 -0.10393642052887428 -0.10753605049831401 -0.15156308341701802
leaf_weight=11.465585440397261 16.201370730996132 13.958104014396669 12.961096584796907 7.4775557219982138 9.7208224385976809 7.4775557219982138 19.192393019795421 8.2253112941980344 37.387778609991074 10.717829868197439
leaf_count=46 65 56 52 30 39 30 77 33 150 43
internal_value=-0.108373 -0.115523 -0.122016 -0.0917846 -0.100091 -0.0878178 -0.0832311 -0.0773861 -0.112281 -0.141531
internal_weight=154.785 108.425 77.2681 46.3608 31.1565 17.1984 34.8953 27.4177 53.5891 23.6789
internal_count=621 435 310 186 125 69 140 110 215 95
is_linear=0
shrinkage=1


Tree=1
num_leaves=11
num_cat=0
split_feature=37 23 7 21 14 15 37 40 7 6
split_gain=19.9899 11.9799 11.7678 11.5818 6.95682 6.49278 5.33065 5.14959 4.51629 2.21273
threshold=1.0000000180025095e-35 1.1072690712202913 0.0052573046563760793 0.013895792556771138 14.459471817067426 24.064317673112146 0.047589943154811361 0.021845269167639406 0.011300929136067202 -0.0068526062215321093
decision_type=2 2 2 2 2 2 2 2 2 2
left_child=3 2 6 -1 -3 -6 -2 -4 9 -5
right_child=1 4 7 8 5 -7 -8 -9 -10 -11
leaf_value=-0.0070403910885141578 0.0067407555928049537 -0.0054352087109496225 -0.038111294130623474 0.016630848132083483 0.035059964552422183 0 -0.017704641812497368 -0.013002708165617645 0.0049236239883690466 0.042250916186970744
leaf_weight=11.460907220840452 27.906760290265083 13.953735589981081 13.195193797349928 12.722290888428686 9.7368388026952761 7.4775557219982138 8.9703091531991941 27.143782868981361 9.7274799495935422 12.483514174818994
leaf_count=46 112 56 53 51 39 30 36 109 39 50
internal_value=0.00110645 -0.00585491 -0.0121906 0.0172491 0.00917743 0.0211357 0 -0.0229825 0.0255739 0.0320441
internal_weight=154.778 108.384 77.216 46.3942 31.1681 17.2144 36.8771 40.339 34.9333 25.2058
internal_count=621 435 310 186 125 69 148 162 140 101
is_linear=0
shrinkage=0.03


Tree=2
num_leaves=9
num_cat=0
split_feature=8 9 7 11 11 10 36 9
split_gain=13.9446 13.3417 8.22989 7.9495 18.4769 5.19139 4.10305 8.14204
threshold=-0.0096187425030130527 -0.0092252651300479913 -0.028384398355820861 0.01312593175607535 0.048833422593812299 0.0075392540503276271 0.0056120213692363559 0.015231395149133258
decision_type=2 2 2 2 2 2 2 2
left_child=2 -2 -1 5 -5 -3 -4 -8
right_child=1 3 6 4 -6 -7 7 -9
leaf_value=-0.0033827970381799678 0.028025586958584571 0 0.0066707288823157438 0.0095702597832318138 -0.021108805596243944 -0.027317662891673075 0.046854540201768158 0.0038227549648835652
leaf_weight=13.216801092028616 8.2374747991561872 9.7173190861940402 12.218396365642549 45.093005999922752 26.145594537258148 21.906437307596207 10.728070065379145 7.4807890206575385
leaf_count=53 33 39 49 181 105 88 43 30
internal_value=0.0010786 -0.00448204 0.0151385 -0.00771324 -0.00175355 -0.0197896 0.0233587 0.0320459
internal_weight=154.744 111.1 43.6441 102.862 71.2386 31.6238 30.4273 18.2089
internal_count=621 446 175 413 286 127 122 73
is_linear=0
shrinkage=0.03


Tree=3
num_leaves=10
num_cat=0
split_feature=37 20 6 23 20 1 7 7 38
split_gain=18.2425 12.5645 10.5908 10.1928 6.1769 5.40913 4.1416 7.04501 2.62484
threshold=1.0000000180025095e-35 0.022924714369034625 -0.002155090001622108 1.1401195522511767 0.017177662213551059 -0.0055715294493118286 -0.025694909664299888 0.011300929136067202 0.0094727305086359497
decision_type=2 2 2 2 2 2 2 2 2
left_child=4 2 5 -4 -1 -2 -6 -8 -3
right_child=1 8 3 -5 6 -7 7 -9 -10
leaf_value=-0.0057794070371993576 0.023834462624086901 -0.0045460988668084281 -0.014259206166927657 0.013668112896536778 0.00052405771276010113 -0.0034221711040111681 0.036444147210233764 0.0044249184091868596 -0.028963925176961051
leaf_weight=7.4809301048517218 18.188865810632709 7.9656793475151089 42.539618238806725 13.718703731894491 8.4837232232093793 7.7230693995952597 19.231565892696384 11.226913407444952 18.153921648859978
leaf_count=30 73 32 171 55 34 31 77 45 73
internal_value=0.00106318 -0.00558872 0.000150435 -0.00695617 0.0164796 0.0155101 0.0211954 0.0261039 -0.0229037
internal_weight=154.713 108.29 82.1703 56.2583 46.4231 25.9119 38.9422 30.4585 26.1196
internal_count=621 435 330 226 186 104 156 122 105
is_linear=0
shrinkage=0.03


Tree=4
num_leaves=12
num_cat=0
split_feature=37 23 16 14 15 9 38 34 11 15 23
split_gain=17.2696 10.8899 14.5385 6.64168 6.06627 5.64251 3.82921 5.53686 7.23064 0.896909 0.724201
threshold=1.0000000180025095e-35 1.1072690712202913 2.3936824609223337 14.459471817067426 24.064317673112146 0.081465741542180684 0.012151811901559825 -0.024252371974218586 0.0050192637735201337 -9.7912799154198655 0.95630929073550919
decision_type=2 2 2 2 2 2 2 2 2 2 2
left_child=6 2 5 -3 -5 -2 7 -1 -9 -8 -4
right_child=1 3 10 4 -6 -7 9 8 -10 -11 -12
leaf_value=0.024243822647030649 0.0017475948156212772 -0.0053812339393484359 -0.017178830457879265 0.034014216902069086 0 -0.023455149429325937 0.03667146837548306 -0.021821899841038273 0.011897570342909593 0.013199854119766971 -0.038659775940089833
leaf_weight=9.7336441576480883 46.055856883525848 13.94857679307461 12.393614187836649 9.7460194826126116 7.4744176119565955 7.4582767635583869 7.4952924102544811 7.4847359210252788 12.232229769229887 9.4854796379804593 11.154413327574728
leaf_count=39 185 56 50 39 30 30 30 30 49 38 45
internal_value=0.00103688 -0.00543581 -0.0114932 0.00887816 0.0205668 -0.00221319 0.0160358 0.00784794 -0.00104278 0.0271229 -0.0301711
internal_weight=154.663 108.231 77.0622 31.169 17.2204 53.5141 46.4314 29.4506 19.717 16.9808 23.548
internal_count=621 435 310 125 69 215 186 118 79 68 95
is_linear=0
shrinkage=0.03


Tree=5
num_leaves=11
num_cat=0
split_feature=37 23 37 40 38 4 28 15 23 38
split_gain=15.7869 11.8223 6.63374 9.75803 6.48861 5.16751 4.11783 2.76533 2.19811 1.52701
threshold=-1.0000000180025095e-35 1.11902996028535 0.052660882093518498 0.017862424717336681 0.010279457875886961 0.059043649106973135 8.5000000000000018 8.2330860461902979 1.3110755560269545 0.0093583448444880465
decision_type=2 2 2 2 2 2 2 2 2 2
left_child=4 2 3 -2 6 8 -1 -6 -3 -4
right_child=1 5 9 -5 7 -7 -8 -9 -10 -11
leaf_value=0.012170133136572985 -0.021390228075526204 0.0077078321185937533 -0.010249425200083163 0.0018556038290287802 0.030985493149822435 0.024506519239877463 -0.01253446269871694 0.0064869380225840764 -0.010868777637283195 -0.036404923889544638
leaf_weight=11.730128213763239 23.586460739374161 11.470971807837492 7.4426012337207821 41.032858654856682 16.732897520065311 10.47677758336067 8.7324019074439985 9.2387274354696256 7.9718834012746802 9.4254983067512494
leaf_count=47 95 46 30 165 67 42 35 37 32 38
internal_value=4.35674e-05 -0.00598694 -0.01192 -0.00679155 0.0144717 0.00943658 0.000782307 0.023894 0 -0.0279692
internal_weight=157.841 111.407 81.4874 64.6193 46.4342 29.9196 20.4625 25.9716 19.4429 16.8681
internal_count=634 448 328 260 186 120 82 104 78 68
is_linear=0
shrinkage=0.03


Tree=6
num_leaves=10
num_cat=0
split_feature=37 22 20 3 38 9 20 35 37
split_gain=14.975 11.4469 10.0184 9.22798 6.15883 4.46129 4.31052 3.012 1.58206
threshold=-1.0000000180025095e-35 -0.27329065745884867 0.022170197732978434 -1.0000000180025095e-35 0.010279457875886961 0.057933059702178664 0.019911225908482409 0.037674984881378111 -0.024128909820554541
decision_type=2 2 2 2 2 2 2 2 2
left_child=4 7 3 -3 6 -4 -1 -2 -6
right_child=1 2 5 -5 8 -7 -8 -9 -10
leaf_value=-0.011522751678543563 0.0021948521010771251 0.0098430732195904039 -0.036417398762807467 -0.012539524348649345 0.030697305083745342 -0.0083558677166928712 0.013576668061095941 0.026386665224688848 0.010382491769404475
leaf_weight=9.9739817976951617 12.935982421040537 25.152100265026093 14.136604964733126 39.498092606663704 13.987912848591806 12.144442290067671 10.488009467720984 7.4686865657567969 11.986384764313696
leaf_count=40 52 101 57 159 56 49 42 30 48
internal_value=3.91341e-05 -0.00583504 -0.0104803 -0.00357248 0.0140922 -0.0254885 0.000737795 0.0132843 0.0232713
internal_weight=157.772 111.336 90.9312 64.6502 46.4363 26.281 20.462 20.4047 25.9743
internal_count=634 448 366 260 186 106 82 82 104
is_linear=0
shrinkage=0.03


Tree=7
num_leaves=12
num_cat=0
split_feature=37 23 20 6 21 21 37 20 23 12 37
split_gain=14.1957 11.2276 8.99272 9.91757 7.50293 7.44545 4.23763 5.3025 2.64028 2.37316 1.01713
threshold=-1.0000000180025095e-35 1.11902996028535 0.022170197732978434 -0.0023241597241547827 0.01749903512523909 0.013895792556771138 -0.024128909820554541 0.023905283336178376 1.3461054060461992 64.748054964750892 -0.04490775497454335
decision_type=2 2 2 2 2 2 2 2 2 2 2
left_child=5 2 3 -2 8 -1 10 -8 -3 -4 -7
right_child=1 4 9 -5 -6 6 7 -9 -10 -11 -12
leaf_value=-0.0046388529608734907 0.012330371381928766 0.0068206244508167901 -0.034272183497952094 -0.012943977969186718 0.029825687110917799 0.015027277591521292 0.022667996108328967 -0.0064519498861892012 -0.013061717831281811 -0.0080822640826019535 0.04176066261489441
leaf_weight=12.463143751025198 18.442816853523254 13.466515526175504 14.352659299969675 40.669527947902679 8.725544869899748 8.488456651568411 8.9923350065946632 8.9921839386224729 7.7213675975799552 7.8889733254909506 7.4912173300981477
leaf_count=50 74 54 58 164 35 34 36 36 31 32 30
internal_value=4.96635e-05 -0.00566979 -0.0114645 -0.00466757 0.00935062 0.0137347 0.0207769 0.00816898 -0.000279735 -0.0270348 0.0316453
internal_weight=157.695 111.267 81.354 59.1123 29.9134 46.4273 33.9642 17.9845 21.1879 22.2416 15.9797
internal_count=634 448 328 238 120 186 136 72 85 90 64
is_linear=0
shrinkage=0.03


Tree=8
num_leaves=10
num_cat=0
split_feature=40 22 13 6 21 5 27 13 5
split_gain=9.44771 9.95801 9.21041 10.3513 5.98967 3.54925 3.15098 2.93987 1.37192
threshold=-0.018331611346507123 -0.26925915391226235 2.1495382668495826 1.0000000180025095e-35 0.014045177328661689 0.005824871904803631 1.0000000180025095e-35 4.678804929214416 -0.041614962111066849
decision_type=2 2 2 2 2 2 2 2 2
left_child=4 6 3 -3 -1 8 -2 -4 -6
right_child=1 2 7 -5 5 -7 -8 -9 -10
leaf_value=-0.0067421195686516514 -0.00016436349005616866 -0.0031324159590914694 0.013890751570288313 -0.028499476230709586 0.012642071964524836 0 0.020460228716673405 -0.0025049679960902744 0.035572244600760264
leaf_weight=8.2260612994432432 8.7126593738794345 33.050503373146057 12.65825694799423 27.009123861789703 11.232161968946459 7.4635881632566443 14.684746846556662 25.563915520906448 8.9858148992061633
leaf_count=33 35 133 51 109 45 30 59 103 36
internal_value=6.35716e-05 -0.00385964 -0.00814674 -0.0153326 0.013256 0.019758 0.0127813 0.00297268 0.0257932
internal_weight=157.587 121.679 98.2818 60.0596 35.9076 27.6816 23.3974 38.2222 20.218
internal_count=634 490 396 242 144 111 94 154 81
is_linear=0
shrinkage=0.03


Tree=9
num_leaves=9
num_cat=0
split_feature=20 40 20 14 23 12 23 3
split_gain=12.4642 9.9603 12.7977 8.98395 7.57849 5.88417 5.228 1.14087
threshold=0.016653811045914454 -0.018331611346507123 0.023624060418190599 -0.57366867010489375 1.1401195522511767 67.275288729293734 1.0642979396235175 -0.021930032280480568
decision_type=2 2 2 2 2 2 2 2
left_child=3 6 4 -1 -3 -4 7 -2
right_child=1 2 5 -5 -6 -7 -8 -9
leaf_value=0.0043015686701488986 0.010216844937404313 -0.00057356174553512744 -0.030427704544971901 -0.033014851322894133 0.019539853812400476 0 0 0.032898210489686948
leaf_weight=7.4659862816333797 7.9777309447526958 62.036081627011299 14.320627346634867 13.913025572896002 20.450880706310272 7.9229485094547263 11.226281702518461 12.201270192861559
leaf_count=30 32 250 58 56 82 32 45 49
internal_value=7.39996e-05 0.00359394 -0.000804214 -0.0200884 0.00458009 -0.0201205 0.01788 0.0263374
internal_weight=157.515 136.136 104.731 21.379 82.487 22.2436 31.4053 20.179
internal_count=634 548 422 86 332 90 126 81
is_linear=0
shrinkage=0.03


Tree=10
num_leaves=10
num_cat=0
split_feature=19 37 23 20 20 21 20 6 23
split_gain=13.3544 9.23845 13.9691 9.13136 8.11036 5.52366 6.89074 4.2082 1.49527
threshold=0.084495873905301999 0.052660882093518498 1.0818943932729941 0.016653811045914454 0.021554207204899173 0.013895792556771138 0.022248490767380991 -0.002155090001622108 0.99254378738830218
decision_type=2 2 2 2 2 2 2 2 2
left_child=3 5 -3 8 7 -2 -7 -5 -1
right_child=1 2 -4 4 -6 6 -8 -9 -10
leaf_value=-0.038746792842328417 -0.0056861639965832319 -0.03009036226969462 0.015821071009604767 0.015110032609353988 -0.02480886988755578 0.027301717234269839 0.0053955392694919838 -0.0048602819045093929 -0.011852697503279443
leaf_weight=9.174055367708208 12.4245178848505 12.069395229220392 8.2267546951770765 13.221999928355215 10.881709471344946 22.380007728934288 35.010479182004929 22.088471353054047 7.6906478106975547
leaf_count=37 50 49 33 53 44 90 141 89 31
internal_value=-0.00159659 0.00566416 -0.0110582 -0.0120582 -0.00428809 0.010907 0.0148224 0.00262468 -0.0298345
internal_weight=153.168 90.1112 20.2961 63.0569 46.1922 69.815 57.3905 35.3105 16.8647
internal_count=617 363 82 254 186 281 231 142 68
is_linear=0
shrinkage=0.03


Tree=11
num_leaves=11
num_cat=0
split_feature=19 14 21 38 11 11 23 10 9 26
split_gain=12.6988 9.74724 6.34336 5.98804 5.59296 14.1705 9.34096 6.7657 3.15269 1.61725
threshold=0.084495873905301999 36.878560274109539 0.013895792556771138 0.0092927116477074714 0.01312593175607535 0.041245113169591015 0.88672544313502544 1.0000000180025095e-35 0.063419022438708214 0.23281474734262406
decision_type=2 2 2 2 2 2 2 2 2 2
left_child=4 2 9 -4 7 6 -6 -1 -7 -2
right_child=1 -3 3 -5 5 8 -8 -9 -10 -11
leaf_value=-0.00079992347761753256 0.0022469041574249473 -0.015198265094106354 0.029000595790370877 0.0073743536585749612 -0.0062546666438805538 -0.0070067427103724655 0.033613252809112357 -0.033668964809198787 -0.033329126032989966 -0.014536836230419301
leaf_weight=9.9319300055503863 7.4394956380128843 14.590490594506262 16.672547206282616 43.699872329831123 8.2026181071996707 12.6719316393137 8.9624383598566038 15.308168485760687 7.9117936939001074 7.6836559921503067
leaf_count=40 30 59 67 176 33 51 36 62 32 31
internal_value=-0.00157319 0.00550371 0.00998718 0.0143256 -0.0117832 -0.00360979 0.0151144 -0.0222941 -0.0198441 -0.00610636
internal_weight=153.075 90.0861 75.4956 60.3724 62.9889 37.7488 17.1651 25.2401 20.5837 15.1232
internal_count=617 363 304 243 254 152 69 102 83 61
is_linear=0
shrinkage=0.03


Tree=12
num_leaves=10
num_cat=0
split_feature=19 14 16 9 35 19 15 25 15
split_gain=12.0632 9.2394 4.75744 7.31549 8.07721 4.60111 7.8459 5.55043 2.12058
threshold=0.084495873905301999 36.878560274109539 -0.083732787232981484 0.063419022438708214 0.0065302679766269254 0.10658337702239452 19.99790930027326 0.10953349890917226 4.7913513170104869
decision_type=2 2 2 2 2 2 2 2 2
left_child=2 5 3 4 -1 7 -7 -2 -4
right_child=1 -3 8 -5 -6 6 -8 -9 -10
leaf_value=-0.014634295876428586 -0.00162671393233324 -0.014815602565529429 -0.029880381139660107 -0.028205100453187228 0.013310971345167257 0.010387429597082333 -0.016688150591626854 0.025050303096992868 -0.0061682048265353662
leaf_weight=13.908662751317022 7.947923049330714 14.57028219103813 13.058057099580767 7.3906890004873267 20.144417554140091 32.820879921317101 11.134733274579046 23.600778311491013 8.4071225672960264
leaf_count=56 32 59 53 30 81 132 45 95 34
internal_value=-0.00154801 0.00534492 -0.0115092 -0.00467072 0.00130229 0.00971081 0.00277453 0.0181862 -0.0225497
internal_weight=152.984 90.0746 62.9089 41.4438 34.0531 75.5043 43.9556 31.5487 21.4652
internal_count=617 363 254 167 137 304 177 127 87
is_linear=0
shrinkage=0.03


Tree=13
num_leaves=9
num_cat=0
split_feature=23 9 19 23 13 5 38 17
split_gain=12.0025 10.6198 10.9142 9.86688 4.69856 4.68963 4.09264 1.41511
threshold=1.114146303089228 0.087700724156360807 0.084719781740644082 0.99254378738830218 1.1309312027512919 -0.0091251813363340522 0.0082274692347686796 1.644833305919456
decision_type=2 2 2 2 2 2 2 2
left_child=1 2 5 -4 6 -1 -2 -6
right_child=4 -3 3 -5 7 -7 -8 -9
leaf_value=-0.00070075137353024016 -0.010712536554273877 -0.029800407458429729 0.015313340753383774 -0.012569818691394211 0.03159181353247871 -0.019853404893861146 0.012870011534665892 0.0080885131810630052
leaf_weight=21.084683120250702 9.7114019095897692 13.495153561234472 35.491977095603943 14.130292832851408 8.9601155668497103 29.334475934505463 12.715255081653593 7.9610361009836188
leaf_count=85 39 55 143 57 36 119 51 32
internal_value=-0.00153608 -0.00656642 -0.0027626 0.00690347 0.0122315 -0.0124625 0.002003 0.0233506
internal_weight=152.884 113.537 100.041 49.6223 39.3478 50.4192 22.4267 16.9212
internal_count=617 459 404 200 158 204 90 68
is_linear=0
shrinkage=0.03


Tree=14
num_leaves=10
num_cat=0
split_feature=23 20 37 7 28 32 26 28 32
split_gain=11.4297 13.1973 14.0311 7.7525 3.91803 3.19399 2.0844 1.47775 0.91415
threshold=1.114146303089228 0.016901760578595826 0.052660882093518498 0.007163275185243405 4.5000000000000009 0.0013461297732469959 0.13043497490486869 7.5000000000000009 0.0043731235947687139
decision_type=2 2 2 2 2 2 2 2 2
left_child=1 7 3 -3 5 -2 -6 -1 -8
right_child=4 2 -4 -5 6 -7 8 -9 -10
leaf_value=-0.013907045068028737 -0.012604007067106413 0.011423740470554392 -0.026353913465520497 -0.0069826889813793345 0.0031847849842955231 0.012038412562202352 0.032511442678378785 -0.038849398583529274 0.0098475227675114407
leaf_weight=10.824555784463884 7.4591745734214765 46.440629482269287 14.948105990886686 33.092037618160248 8.2214561998844164 7.4663443118333817 8.4728722423315066 8.1170823723077756 7.7238789945840827
leaf_count=44 30 187 61 134 33 30 34 33 31
internal_value=-0.00149369 -0.00640869 -0.00143358 0.00359778 0.0119373 0 0.0188808 -0.0280014 0.0247981
internal_weight=152.766 113.422 94.4808 79.5327 39.3437 14.9255 24.4182 18.9416 16.1968
internal_count=617 459 382 321 158 60 98 77 65
is_linear=0
shrinkage=0.03


Tree=15
num_leaves=8
num_cat=0
split_feature=37 21 40 20 15 23 15
split_gain=13.7322 11.2175 8.62649 8.00308 10.0912 1.66169 1.27114
threshold=-0.0024423568469256192 0.013895792556771138 0.0013817522102307358 0.024297988847481279 28.786151930467501 1.0577901574939343 9.7610123280187544
decision_type=2 2 2 2 2 2 2
left_child=1 -1 -2 4 -4 6 -3
right_child=2 5 3 -5 -6 -7 -8
leaf_value=-0.010564004658843476 -0.025052767884478196 0.034013770541855157 0.0069605501066759964 -0.020493406946620201 -0.01993416467410666 0.0085483618830218093 0.010355862525386209
leaf_weight=9.9267668575048429 14.306618571281431 14.650133907794954 71.331305876374245 14.473110496997831 13.031441107392309 10.456329718232153 7.4775176346302024
leaf_count=40 58 59 288 59 53 42 30
internal_value=0.000600301 0.0148272 -0.00477955 -0.00125752 0.00226703 0.0231599 0.0281619
internal_weight=155.653 42.5107 113.142 98.8359 84.3627 32.584 22.1277
internal_count=629 171 458 400 341 131 89
is_linear=0
shrinkage=0.03


Tree=16
num_leaves=8
num_cat=0
split_feature=37 21 40 14 20 10 36
split_gain=13.0743 10.6921 8.18608 8.28383 10.293 5.30907 2.11514
threshold=-0.0024423568469256192 0.013895792556771138 0.0013817522102307358 36.878560274109539 0.024297988847481279 0.046510850111384679 0.0055852855331987817
decision_type=2 2 2 2 2 2 2
left_child=1 -1 -2 4 -4 -5 -3
right_child=2 6 3 5 -6 -7 -8
leaf_value=-0.010306406293205535 -0.024450564259036456 0.0089938441575018405 0.0062904509411622882 -0.034374812973184232 -0.025837883313835349 0 0.02897919246229563
leaf_weight=9.9197250902652723 14.269038513302801 12.652065068483351 75.328156694769859 8.0427493304014188 8.0746227353811246 7.3525353223085395 19.886431410908699
leaf_count=40 58 51 304 33 33 30 80
internal_value=0.000573632 0.0144671 -0.00467395 -0.00124041 0.00247207 -0.0201867 0.0226133
internal_weight=155.525 42.4582 113.067 98.7981 83.4028 15.3953 32.5385
internal_count=629 171 458 400 337 63 131
is_linear=0
shrinkage=0.03


Tree=17
num_leaves=9
num_cat=0
split_feature=37 21 40 14 20 10 24 23
split_gain=12.427 10.1694 7.75921 7.89387 9.80618 5.08752 4.32146 2.20894
threshold=-0.0024423568469256192 0.013895792556771138 0.0013817522102307358 36.878560274109539 0.024297988847481279 0.046510850111384679 0.012011455985926079 0.99254378738830218
decision_type=2 2 2 2 2 2 2 2
left_child=1 -1 -2 4 -4 -5 -3 -8
right_child=2 6 3 5 -6 -7 7 -9
leaf_value=-0.010055422407754762 -0.023867967028628426 0.00692417802776052 0.0061042677690334906 -0.033698066176640153 -0.02529448995089199 0 0.040431970960737945 0.011161440728662269
leaf_weight=9.9123343527317029 14.228248700499533 14.397182896733282 75.357474610209465 7.9989652335643751 8.0440717190504056 7.3525353223085403 10.646982043981554 7.4490008503198615
leaf_count=40 58 58 304 33 33 30 43 30
internal_value=0.000530506 0.0140875 -0.00458393 -0.00123798 0.00237878 -0.0197609 0.0220433 0.0314395
internal_weight=155.387 42.4055 112.981 98.753 83.4015 15.3515 32.4932 18.096
internal_count=629 171 458 400 337 63 131 73
is_linear=0
shrinkage=0.03


Tree=18
num_leaves=12
num_cat=0
split_feature=11 16 21 28 24 15 15 17 7 28 34
split_gain=12.0429 13.5288 9.32808 9.61826 7.36287 7.16961 7.01308 9.01233 4.93067 2.07437 1.95122
threshold=0.041890786179205282 2.0363535367329959 0.022774851885982137 5.5000000000000009 0.3156354395490954 13.774232443715002 24.064317673112146 -1.2978250210794733 -0.025694909664299888 7.5000000000000009 0.005136956019418438
decision_type=2 2 2 2 2 2 2 2 2 2 2
left_child=1 4 3 -3 8 -2 10 -8 -1 -6 -7
right_child=5 2 -4 -5 9 6 7 -9 -10 -11 -12
leaf_value=-0.010949540110047248 -0.035310660201327344 -0.031453613662114244 0.017113052923966015 0 0.039551087884317729 0 0.0038283573438417933 -0.028014591316481041 0.012440968786907834 0.013345034968961549 0.018941163445610181
leaf_weight=8.4323384016752225 7.3783562481403342 13.28161399066448 9.8725201934576017 21.238507464528084 10.405933141708376 7.9306755214929563 12.518339917063711 15.659744843840601 30.668869331479073 10.411849126219748 7.4293535947799683
leaf_count=34 30 54 40 86 42 32 51 64 124 42 30
internal_value=0.000500142 0.00640464 -0.0057686 -0.0133021 0.0155608 -0.0110977 -0.00529435 -0.0140549 0.0067444 0.0294202 0.00968053
internal_weight=155.228 104.312 44.3926 34.5201 59.919 50.9165 43.5381 28.1781 39.1012 20.8178 15.36
internal_count=629 422 180 140 242 207 177 115 158 84 62
is_linear=0
shrinkage=0.03


Tree=19
num_leaves=9
num_cat=0
split_feature=15 17 21 5 20 20 7 7
split_gain=9.49512 8.14522 6.9635 8.16017 6.7632 13.9039 7.61377 2.64599
threshold=28.786151930467501 -1.6728894469708722 0.012573164512313596 0.015653973917443945 0.021875036657124772 0.027755466390602227 0.015264707969993482 -0.0037861687793456921
decision_type=2 2 2 2 2 2 2 2
left_child=2 -2 3 7 6 -6 -4 -1
right_child=1 -3 4 -5 5 -7 -8 -9
leaf_value=0.011507245221377806 0.003141577154078405 -0.030385783941249113 0.024927352072772677 -0.027263061119693281 -0.011596392143459181 0.021526642261796951 0.00075307358043472149 -0.0063471759721048107
leaf_weight=12.166815787553787 9.5798770338296908 13.106605648994444 28.771846577525139 10.332577884197233 31.531732901930809 15.273174718022345 21.286112979054451 13.055960804224014
leaf_count=49 39 54 116 42 128 62 86 53
internal_value=0.000484839 -0.016513 0.00371094 -0.00715652 0.00791585 -4.12596e-05 0.0153597 0.001927
internal_weight=155.105 22.6865 132.418 35.5554 96.8629 46.8049 50.058 25.2228
internal_count=629 93 536 144 392 190 202 102
is_linear=0
shrinkage=0.03


Tree=20
num_leaves=10
num_cat=0
split_feature=23 34 10 21 11 11 28 40 19
split_gain=10.5649 11.1354 7.99439 7.54172 6.7597 6.42242 5.0637 4.91145 1.86501
threshold=1.114146303089228 -0.027389906991610199 0.0023825889628070755 0.01284971675545441 0.016261657832669089 0.01474692527452537 4.5000000000000009 0.017862424717336681 0.12508535842027568
decision_type=2 2 2 2 2 2 2 2 2
left_child=1 5 4 -2 -3 -1 -5 -4 -8
right_child=3 2 7 6 -6 -7 8 -9 -10
leaf_value=0.031957481301161231 -0.0070214235100843035 -0.00981278859736439 -0.027991620178372881 0.0019789696756209018 0.013345470180737959 -0.00037818063391704981 0.035188238943890122 -0.0077154158272085341 0.0098992264805391819
leaf_weight=9.1096729040145892 10.177391380071638 19.759314715862274 17.13994961977005 11.395367607474325 21.273548305034637 9.1464683413505536 13.91572041809559 37.397046536207199 7.965840443968772
leaf_count=37 41 80 70 46 86 37 56 153 32
internal_value=0.00121096 -0.00351237 -0.00776516 0.0135236 0.00190731 0.0165788 0.0202741 -0.0151179 0.0282101
internal_weight=157.28 113.826 95.5699 43.4543 41.0329 18.2561 33.2769 54.537 21.8816
internal_count=638 463 389 175 166 74 134 223 88
is_linear=0
shrinkage=0.03


Tree=21
num_leaves=11
num_cat=0
split_feature=7 20 13 21 4 20 38 38 37 7
split_gain=9.71522 7.41908 6.65286 6.38038 6.27252 5.69838 6.88612 5.25076 4.38053 1.48117
threshold=0.0066249528419955643 0.016984048485454716 7.6210406988613792 0.011026874836613564 0.055148786483410379 0.022170197732978434 0.010237925226839828 0.011960885891703223 -0.011182531191308185 0.04081408947035698
decision_type=2 2 2 2 2 2 2 2 2 2
left_child=1 3 4 -1 7 6 -3 -2 -7 -6
right_child=2 5 -4 -5 9 8 -8 -9 -10 -11
leaf_value=0.0087205354658124856 -0.023058524027651305 0.009343177264818146 0.011275313115777811 -0.025259832896064458 -0.0039497545823778141 0.015151587780943471 0.037398705361119243 0.0021273454326027046 -0.0074687914958786218 0.010268604454548131
leaf_weight=7.4248540401458731 31.015546247363091 27.323836520314217 13.064738392829893 8.1171365231275541 14.04679410159588 10.872301295399668 12.10817204415798 7.8527706414461127 16.691592812538147 8.6327081173658353
leaf_count=30 127 110 53 33 57 44 49 32 68 35
internal_value=0.00118757 0.00826458 -0.00645674 -0.0090279 -0.0106932 0.012639 0.0197095 -0.017748 0.00136762 0.00124809
internal_weight=157.15 82.5379 74.6126 15.542 61.5478 66.9959 39.432 38.8683 27.5639 22.6795
internal_count=638 334 304 63 251 271 159 159 112 92
is_linear=0
shrinkage=0.03


Tree=22
num_leaves=13
num_cat=0
split_feature=18 23 38 25 23 36 35 13 12 32 13 4
split_gain=11.4194 10.184 6.77989 8.91107 6.55136 6.27964 5.16829 3.43708 3.2105 3.17195 2.42387 1.79658
threshold=0.72737720776873982 1.0959984873296551 0.010237925226839828 0.3333305548873669 0.9345372457768738 0.0060862271753773399 0.032557040451290382 3.851622130462435 52.684550008346669 1.0000000180025095e-35 5.5041231470273191 -0.025002953372159128
decision_type=2 2 2 2 2 2 2 2 2 2 2 2
left_child=2 9 3 4 -1 6 -4 -3 -5 -2 -11 -7
right_child=1 7 5 8 -6 11 -8 -9 -10 10 -12 -13
leaf_value=-0.002028645426003217 -0.0042278256405144403 -0.002974182947804686 -0.01305660322676727 -0.020707421363582501 0.021361753827482587 0.010534723883045074 0.015548528839693852 0.018795492168491443 0.00078171708135290382 -0.03316378363059308 -0.0069405459598512066 0.034824285492074503
leaf_weight=19.751450583338737 11.645165517926214 13.887537807226183 8.1064091622829455 15.075158029794695 18.617209032177925 9.0931358784437197 10.58956930041313 8.454049810767172 7.6199931800365439 14.249414756894113 7.5787401050329199 12.335393100976942
leaf_count=80 48 56 33 61 75 37 43 34 31 59 31 50
internal_value=0.00117156 -0.00940634 0.00722086 0.000558662 0.00944529 0.0164958 0.00235765 0.0055147 -0.013406 -0.0195376 -0.0260353 0.0269365
internal_weight=157.003 55.8149 101.188 61.0638 38.3687 40.1245 18.696 22.3416 22.6952 33.4733 21.8282 21.4285
internal_count=638 228 410 247 155 163 76 90 92 138 90 87
is_linear=0
shrinkage=0.03


Tree=23
num_leaves=14
num_cat=0
split_feature=18 23 38 25 25 36 28 4 32 32 32 3 4
split_gain=10.8606 9.7163 6.45312 8.42433 6.52309 5.9827 6.41116 3.21969 3.023 2.4422 3.82474 1.827 1.68296
threshold=0.72737720776873982 1.0959984873296551 0.010237925226839828 0.3333305548873669 0.038761944725247487 0.0060862271753773399 4.5000000000000009 -0.001845804341805368 1.0000000180025095e-35 0.0090681068937692472 0.0011315917549280521 0.032835553070457497 -0.025002953372159128
decision_type=2 2 2 2 2 2 2 2 2 2 2 2 2
left_child=2 8 3 4 -1 6 -4 -5 -2 10 -3 -10 -7
right_child=1 9 5 7 -6 12 -8 -9 11 -11 -12 -13 -14
leaf_value=-0.012358610703226804 -0.0041218215150602569 0.011587228371222547 -0.016176578502844274 -0.0014118328812987742 0.015435427720099013 0.010281236780880394 0.016036734378321153 -0.024752196497589536 -0.032281311464719964 0.017434193786218813 -0.015265075628729743 -0.0082459200745021305 0.033969070847278321
leaf_weight=7.6649587154388419 11.637861907482145 7.4492530971765536 7.3690053820610073 13.136779591441156 30.717273995280266 9.0872107446193713 11.318685725331305 9.5348444879055005 13.70275501906872 7.4676592946052542 7.4230099022388458 8.0358550995588285 12.317187950015066
leaf_count=31 48 30 30 53 124 37 46 39 57 30 30 33 50
internal_value=0.00113855 -0.00918568 0.00703894 0.000534088 0.0091763 0.0160924 0.00227332 -0.0130467 -0.0191052 0.00537014 -0.00114699 -0.0254716 0.0262913
internal_weight=156.862 55.7164 101.146 61.0539 38.3822 40.0921 18.6877 22.6716 33.3765 22.3399 14.8723 21.7386 21.4044
internal_count=638 228 410 247 155 163 76 92 138 90 60 90 87
is_linear=0
shrinkage=0.03


Tree=24
num_leaves=10
num_cat=0
split_feature=33 15 34 20 2 20 17 34 15
split_gain=8.93188 8.36486 7.71847 6.27239 7.38475 5.61949 10.7623 10.2111 4.85856
threshold=0.79682135220462824 19.411540439468428 0.025863559082524138 0.016984048485454716 0.0023061396803142347 0.022170197732978434 -0.29126498825217956 -0.01514929189544406 4.7913513170104869
decision_type=2 2 2 2 2 2 2 2 2
left_child=3 8 -3 4 -1 6 -5 -7 -2
right_child=1 2 -4 5 -6 7 -8 -9 -10
leaf_value=-0.022381674685136788 -0.012100145022207014 -0.034657788726530581 0 0.02883746501041853 0.011688501143909003 0.022362587888369607 0.0015410803241257733 -0.0090518668367429115 0.013881470473565114
leaf_weight=12.048965975642206 9.0508790314197558 13.729978606104853 8.1969963610172254 24.813164189457893 7.3994466662406913 11.305289179086683 28.10979488492012 28.954878851771355 13.088683441281317
leaf_count=49 37 57 34 100 30 46 114 118 53
internal_value=0.00109302 -0.00996239 -0.0223459 0.0056476 -0.0088386 0.00895081 0.0151963 5.5401e-05 0.00251603
internal_weight=156.698 44.0665 21.927 112.632 19.4484 93.1831 52.923 40.2602 22.1396
internal_count=638 181 91 457 79 378 214 164 90
is_linear=0
shrinkage=0.03


Tree=25
num_leaves=10
num_cat=0
split_feature=14 36 20 20 23 3 15 9 36
split_gain=10.1418 10.0119 9.5468 10.8861 7.77114 6.03467 4.19458 3.25959 1.8181
threshold=-3.2769944770265051 0.0058181111864939348 0.016604549732597597 0.022207983801334635 1.2568973125870417 0.033362392631442701 -11.675291081527845 -0.043807297255798655 0.0076378465208449446
decision_type=2 2 2 2 2 2 2 2 2
left_child=1 6 8 4 -4 -5 -1 -3 -2
right_child=2 7 3 5 -6 -7 -8 -9 -10
leaf_value=-0.014901390202984116 -0.010150583622720701 0.007822055912881579 0.00088475183892596692 -0.022279315186609451 0.029849756163482299 0.003747255221576169 0.011188592254050738 0.038316823369496947 -0.035921102604799443
leaf_weight=10.073179572820665 9.3505048751831072 8.1104778051376361 60.741760298609734 25.024214029312134 7.9336137771606436 9.3791357874870283 7.9087195843458167 9.5959131866693479 7.5031683743000022
leaf_count=41 38 33 247 103 32 38 32 39 31
internal_value=-0.00104448 0.0124538 -0.00532256 -0.00154564 0.00519314 -0.0149558 -0.00270457 0.0273213 -0.0250126
internal_weight=155.621 35.6883 119.932 103.079 68.6754 34.4033 17.9819 17.7064 16.8537
internal_count=634 145 489 420 279 141 73 72 69
is_linear=0
shrinkage=0.03


Tree=26
num_leaves=11
num_cat=0
split_feature=14 36 21 20 23 3 15 32 20 23
split_gain=9.65693 9.54601 9.41743 13.503 7.40921 5.74235 3.99543 3.77158 2.56322 2.19809
threshold=-3.2769944770265051 0.0058181111864939348 0.01284971675545441 0.022207983801334635 1.2277018566254532 0.033362392631442701 -11.675291081527845 0.0037864489056219646 0.017177662213551059 1.1108411802691098
decision_type=2 2 2 2 2 2 2 2 2 2
left_child=1 6 7 4 -4 -5 -1 8 -2 -3
right_child=2 9 3 5 -6 -7 -8 -9 -10 -11
leaf_value=-0.014537810270330574 -0.017107042856991522 0.036576314455705708 0.0033165808499341946 -0.021713941582241165 0.032256466189110086 0.0036540632331373826 0.010925837803485475 -0.030805687643371202 0.0034798010488413782 0.0094185488137631546
leaf_weight=10.06548346579075 8.7968594878912025 9.2796000838279742 47.621080502867699 24.958575457334518 8.1692594140768033 9.3807697147130948 7.9041152745485297 12.928260132670401 7.9499061405658713 8.3962707519531232
leaf_count=41 36 38 194 103 33 38 32 53 32 34
internal_value=-0.0010026 0.0121738 -0.00518164 -6.72333e-05 0.00878342 -0.0145515 -0.00261372 -0.0192566 -0.00720544 0.026707
internal_weight=155.45 35.6455 119.805 90.1297 55.7903 34.3393 17.9696 29.675 16.7468 17.6759
internal_count=634 145 489 368 227 141 73 121 68 72
is_linear=0
shrinkage=0.03


Tree=27
num_leaves=10
num_cat=0
split_feature=14 20 20 35 19 3 15 22 38
split_gain=9.19221 8.98049 9.83406 8.07368 5.80046 5.46556 5.44354 1.86696 1.19288
threshold=-3.2769944770265051 0.016604549732597597 0.022207983801334635 -0.027312719808771532 0.13578931640180639 0.033362392631442701 -4.9392350941926564 -0.064181826634717207 0.006678325673018343
decision_type=2 2 2 2 2 2 2 2 2
left_child=3 8 4 -1 -3 -4 7 -5 -2
right_child=1 2 5 6 -6 -7 -8 -9 -10
leaf_value=0.03199541475951756 -0.0082872841297959941 0.0086384094316399925 -0.021166165631517436 -0.016784332256026463 -0.014754669589823008 0.003563218418492406 0.01925337665293499 0.00054876096313349594 -0.03154339594384295
leaf_weight=10.243347868323324 7.2908923178911236 59.589802980422974 24.889177292585373 7.866839766502383 9.0317409783601743 9.3823019564151746 8.4059585928916949 9.076587498188017 9.4655667990446073
leaf_count=42 30 242 103 32 37 38 34 37 39
internal_value=-0.000956634 -0.00503885 -0.00137583 0.0119053 0.00501643 -0.0141594 0.00149254 -0.00762955 -0.0241868
internal_weight=155.242 119.649 102.893 35.5927 68.6215 34.2715 25.3494 16.9434 16.7565
internal_count=634 489 420 145 279 141 103 69 69
is_linear=0
shrinkage=0.03


Tree=28
num_leaves=11
num_cat=0
split_feature=14 21 20 36 19 3 32 20 20 0
split_gain=8.76986 9.03153 12.2805 8.82577 7.46905 5.20332 3.60841 3.31982 2.33669 2.20771
threshold=-3.2769944770265051 0.01284971675545441 0.022207983801334635 0.0058181111864939348 0.13943969618332611 0.033362392631442701 0.0037864489056219646 0.025724735984301968 0.017177662213551059 -0.0017755099481178702
decision_type=2 2 2 2 2 2 2 2 2 2
left_child=3 6 4 7 -3 -4 8 -1 -2 -5
right_child=1 2 5 9 -6 -7 -8 -9 -10 -11
leaf_value=0.007615085726043181 -0.016421093531005487 0.013269240977460278 -0.020635084316533762 0.0072548432386166199 -0.01459278106895366 0.0034746597277388372 -0.030058586106749493 -0.015530295724155091 0.0032057393517587445 0.0342721408717837
leaf_weight=9.881780609488489 8.7533778697252327 47.471890464425087 24.816432923078537 7.3434323072433498 8.2880482077598554 9.3837379813194257 12.862343683838843 8.0695973485708219 7.9529647380113593 10.249428287148474
leaf_count=40 36 193 103 30 34 38 53 33 32 42
internal_value=-0.000937156 -0.00492804 0 0.0116315 0.0085063 -0.0137791 -0.0187343 -0.00255135 -0.00693217 0.0256522
internal_weight=155.073 119.529 89.9601 35.5442 55.7599 34.2002 29.5687 17.9514 16.7063 17.5929
internal_count=634 489 368 145 227 141 121 73 68 72
is_linear=0
shrinkage=0.03


Tree=29
num_leaves=11
num_cat=0
split_feature=14 21 20 36 19 3 15 13 7 11
split_gain=8.36295 8.5905 11.5777 8.43335 7.08837 4.95473 3.6698 1.88027 1.8213 1.97697
threshold=-3.2769944770265051 0.01284971675545441 0.022207983801334635 0.0058181111864939348 0.13943969618332611 0.033362392631442701 -11.675291081527845 -0.12538506072254305 -0.0060068586625090809 0.033166109249734184
decision_type=2 2 2 2 2 2 2 2 2 2
left_child=3 8 4 6 -3 -4 -1 -5 -2 -10
right_child=1 2 5 7 -6 -7 -8 -9 9 -11
leaf_value=-0.013940598046126516 -0.0031595479673298945 0.01288463436435084 -0.020119866528479559 0.0099053480694477076 -0.0142552464592622 0.003388327610382423 0.010458236656864496 0.035453040432943353 -0.010070800720427663 -0.033353449837166808
leaf_weight=10.050045251846315 8.3680772483348864 47.48179692029953 24.740727320313454 9.2861155271530169 8.2772820144891721 9.3850829899311048 7.9045489877462378 8.2584313899278623 11.926308855414392 9.192119434475897
leaf_count=41 34 193 103 38 34 38 32 34 49 38
internal_value=-0.000915483 -0.00481742 0 0.0113625 0.00824199 -0.0134099 -0.00247566 0.0250958 -0.0183032 -0.0228625
internal_weight=154.871 119.371 89.8849 35.4991 55.7591 34.1258 17.9546 17.5445 29.4865 21.1184
internal_count=634 489 368 145 227 141 73 72 121 87
is_linear=0
shrinkage=0.03


Tree=30
num_leaves=11
num_cat=0
split_feature=37 33 35 38 33 33 24 34 19 5
split_gain=9.17126 9.15586 6.8276 7.98978 7.1203 8.45809 5.85993 2.54853 2.37094 0.00744002
threshold=-1.0000000180025095e-35 0.16183447859056985 0.014920402801057777 0.0073083522851218547 0.9429743132083882 0.63003852865794951 -0.37859527298888823 0.013158486594801457 0.12922328156267068 0.039949929721000428
decision_type=2 2 2 2 2 2 2 2 2 2
left_child=1 -1 3 7 5 -4 -3 -2 -8 -5
right_child=2 6 4 9 -6 -7 8 -9 -10 -11
leaf_value=-0.01585428281062163 0.0098524132780536296 -0.0042737517690223936 0.0091801685521480034 -0.015148934667854722 0.023379255595367507 -0.013141383851420467 0.030032344085939758 -0.011120527350061749 0.008020462732163473 -0.032271574836886745
leaf_weight=7.6605269163846961 9.5581522285938281 7.576128125190734 23.667519360780716 11.670668527483942 8.0974135845899564 34.701887056231499 16.661291375756267 7.4748893082141867 11.191248834133146 11.459821313619612
leaf_count=31 39 31 96 48 33 143 68 31 46 48
internal_value=-0.00112979 0.0101389 -0.00592438 -0.0153677 0 -0.00383773 0.0167069 0 0.0228202 -0.0261223
internal_weight=149.72 43.0892 106.63 40.1635 66.4668 58.3694 35.4287 17.033 27.8525 23.1305
internal_count=614 176 438 166 272 239 145 70 114 96
is_linear=0
shrinkage=0.03


Tree=31
num_leaves=12
num_cat=0
split_feature=37 24 20 11 11 15 20 26 22 0 22
split_gain=8.67345 7.90517 5.22462 12.3416 7.26327 6.36456 5.20903 2.88998 1.50923 0.71336 0.532032
threshold=-1.0000000180025095e-35 -0.37859527298888823 0.022170197732978434 0.052305885831709371 0.035247627766381802 11.72224115925493 0.01903087715501239 0.39089172456529703 -0.060318676203937653 -1.0000000180025095e-35 -0.0054124300276040529
decision_type=2 2 2 2 2 2 2 2 2 2 2
left_child=1 -1 3 5 9 -2 -5 8 -3 -4 -6
right_child=2 7 4 6 10 -7 -8 -9 -10 -11 -12
leaf_value=-0.00944612763532858 -0.0021330304679559545 0.010400937398790272 -0.036829922883688651 -0.034370555152593081 -0.0052936258602564118 0.017447846568658811 -0.0017501458649461579 0.0025507396772580641 0.032579761013227557 -0.012723200638901392 0.0048630144996932518
leaf_weight=11.54242132604122 34.80852422118187 10.680367246270182 8.1779528558254224 9.8664270490407961 7.1219348460435867 22.375924348831177 9.0088734626770002 10.777484863996504 10.048113480210306 7.70658911764622 7.4384677410125715
leaf_count=47 142 44 34 41 30 91 37 44 41 32 31
internal_value=-0.00110185 0.00985787 -0.00576998 -0.00122123 -0.0158959 0.0056061 -0.0211792 0.0175194 0.0237329 -0.0287037 0
internal_weight=149.553 43.0484 106.505 76.0597 30.4449 57.1844 18.8753 31.506 20.7285 15.8845 14.5604
internal_count=614 176 438 311 127 233 78 129 85 66 61
is_linear=0
shrinkage=0.03


Tree=32
num_leaves=8
num_cat=0
split_feature=37 33 7 25 33 33 15
split_gain=8.29013 8.57506 6.68512 4.90188 5.3502 4.56803 2.73982
threshold=-1.0000000180025095e-35 0.16183447859056985 0.011300929136067202 0.014548057029122608 0.9429743132083882 0.79682135220462824 8.5009324685780019
decision_type=2 2 2 2 2 2 2
left_child=1 -1 6 -2 5 -5 -3
right_child=3 2 -4 4 -6 -7 -8
leaf_value=-0.015487528516695277 -0.026626537146083495 0.032389932717722322 -0.00089023244827794203 -0.001262606049970327 0.01454732601495611 -0.016258359375728917 0.0064680053387313734
leaf_weight=7.6581178456544867 7.4314077496528617 14.788843259215357 12.222829416394232 62.529331505298615 10.72117295861244 25.703358560800552 8.3344850242137891
leaf_count=31 31 61 50 256 44 107 34
internal_value=-0.00108701 0.00963 0.0160116 -0.00565532 -0.0034355 -0.00606084 0.0249025
internal_weight=149.39 43.0043 35.3462 106.385 98.9539 88.2327 23.1233
internal_count=614 176 145 438 407 363 95
is_linear=0
shrinkage=0.03


Tree=33
num_leaves=12
num_cat=0
split_feature=37 24 35 38 36 40 40 7 37 38 5
split_gain=7.85418 7.44347 6.39052 7.61107 4.11111 7.71113 6.26837 2.9915 1.94131 0.640513 0.0717368
threshold=-1.0000000180025095e-35 -0.37859527298888823 0.014920402801057777 0.0073083522851218547 0.0060862271753773399 0.021845269167639406 0.04337226756602764 0.0057179444516894185 -0.04490775497454335 0.011792367180513883 0.039949929721000428
decision_type=2 2 2 2 2 2 2 2 2 2 2
left_child=1 -1 3 7 6 -6 -4 -2 -3 -10 -5
right_child=2 8 4 10 5 -7 -8 -9 9 -11 -12
leaf_value=-0.0093261802535882492 0.011607311594599967 0.0016625071815396684 0.0045394949365480447 -0.014408268235108041 -0.0097186096584173896 0.024164047021875686 -0.01676203477645535 -0.011015592379218812 0.012838336953764851 0.030841597668356917 -0.031351184181401502
leaf_weight=11.53260889649391 8.8397211283445376 8.2625046819448453 25.699964717030525 11.611782595515253 8.0026227980852145 12.771352067589758 19.857524260878563 8.152300685644148 15.870591402053838 7.2743481844663611 11.357612192630766
leaf_count=47 36 34 105 48 33 52 82 34 65 30 48
internal_value=-0.0010613 0.00937512 -0.00551118 -0.0146781 5.98747e-05 0.0107458 -0.00474442 0 0.0168383 0.0210963 -0.0252268
internal_weight=149.233 42.9401 106.293 39.9614 66.3315 20.774 45.5575 16.992 31.4074 23.1449 22.9694
internal_count=614 176 438 166 272 85 187 70 129 95 96
is_linear=0
shrinkage=0.03


Tree=34
num_leaves=11
num_cat=0
split_feature=14 21 21 11 37 35 23 21 3 11
split_gain=7.52964 6.0799 8.42653 7.37467 10.0467 8.79492 4.00286 3.73681 2.67749 3.22807
threshold=22.004672439860091 0.012310439678185252 0.010964541041662964 0.015406189484967971 0.012782833621167613 0.010217251351392511 0.94247233319660928 0.01749903512523909 0.0012375738446016584 0.049855639448810669
decision_type=2 2 2 2 2 2 2 2 2 2
left_child=1 2 6 4 -3 -5 -1 8 -2 -10
right_child=7 3 -4 5 -6 -7 -8 -9 9 -11
leaf_value=-0.007156168981147998 -0.00024255026462361194 0.0095762144411834435 -0.023471210538025141 -0.0058605546801444681 -0.017941461550778481 0.026760501570253014 0.019659087636210312 0.00032846674750242917 -0.0076507465072635731 -0.035755183822652983
leaf_weight=7.5764870792627352 7.32378922402859 31.101435244083405 14.276110678911207 8.6067817509174329 16.660107135772705 23.871753960847855 7.8560355007648468 12.635216474533079 10.245739951729776 8.911357641220091
leaf_count=31 30 128 59 35 69 97 32 53 42 38
internal_value=-0.00103065 0.00290835 -0.00809844 0.00726381 -5.63317e-05 0.0178424 0.00632322 -0.0120702 -0.0181205 -0.0235773
internal_weight=149.065 109.949 29.7086 80.2401 47.7615 32.4785 15.4325 39.1161 26.4809 19.1571
internal_count=614 451 122 329 197 132 63 163 110 80
is_linear=0
shrinkage=0.03


Tree=35
num_leaves=11
num_cat=0
split_feature=27 37 13 20 17 7 13 40 22 38
split_gain=6.57366 9.89728 6.82478 5.64659 4.84483 4.02751 3.79856 3.31324 2.3403 3.91843
threshold=1.5000000000000002 0.026809920634014665 2.3159809327792336 0.016604549732597597 -0.97184027682808505 0.0064246273374382766 5.6094365546353844 0.079022100887367067 0.27224972709697021 0.0097518642449222811
decision_type=2 2 2 2 2 2 2 2 2 2
left_child=2 3 8 -2 -3 -5 -4 -6 9 -1
right_child=1 4 6 5 7 -7 -8 -9 -10 -11
leaf_value=-0.029017587264695402 -0.010872236933946299 0.0050372665173219469 0.016418525981782714 0.020678609557314858 -0.021434379268036211 0.0017322391933889403 -0.0066289807268370892 0 -0.00070344696642121978 -0.0034884134525298496
leaf_weight=19.813780397176746 7.5212483257055274 12.78006651997566 8.3218580633401888 29.405688583850861 20.478756889700893 18.176322728395462 14.403806149959562 7.275654971599578 7.535007879137992 9.9137481898069364
leaf_count=82 31 53 34 120 85 75 59 30 31 41
internal_value=-0.00284039 0.00192347 -0.0104943 0.0101721 -0.00888822 0.0141054 0.00184946 -0.0157122 -0.0181153 -0.0217333
internal_weight=155.626 95.6377 59.9882 55.1033 40.5345 47.582 22.7257 27.7544 37.2625 29.7275
internal_count=641 394 247 226 168 195 93 115 154 123
is_linear=0
shrinkage=0.03


Tree=36
num_leaves=10
num_cat=0
split_feature=37 11 9 11 37 17 9 13 22
split_gain=5.78834 5.12787 8.12504 7.90392 7.56984 6.0179 4.53569 3.72857 3.42838
threshold=-0.024128909820554541 0.014343997622693007 -0.015060421923878041 0.042539762696839796 0.053109922389073756 -1.2978250210794733 -0.039686711566807205 -0.12538506072254305 -0.066372444339206568
decision_type=2 2 2 2 2 2 2 2 2
left_child=8 2 6 4 -3 -5 -2 -4 -1
right_child=1 3 7 5 -6 -7 -8 -9 -10
leaf_value=-0.0010824936996616751 -0.0080089812342410086 0.017417693269963907 -0.03069256363279169 0.0067073249260447328 -0.013308995010750406 -0.014915954600800994 0.019166733322486119 -0.0092381820978471238 0.023028374379855374
leaf_weight=7.4798639267683056 10.024394184350969 28.026715874671936 15.333265274763106 14.740489095449446 7.3200472742319098 33.189359843730927 7.8261206299066535 22.024231016635895 9.4972441643476468
leaf_count=31 41 114 64 61 30 138 32 91 39
internal_value=-0.00276927 -0.00491552 -0.0118325 0 0.0102808 -0.00796315 0.00388058 -0.0195374 0.0126205
internal_weight=155.462 138.485 55.208 83.2766 35.3468 47.9298 17.8505 37.3575 16.9771
internal_count=641 571 228 343 144 199 73 155 70
is_linear=0
shrinkage=0.03


Tree=37
num_leaves=11
num_cat=0
split_feature=27 37 2 17 20 7 13 27 3 33
split_gain=6.22 9.14854 6.95766 5.82193 5.47314 4.10652 2.27951 2.10877 1.72912 1.42324
threshold=1.5000000000000002 0.025401341023259753 0.020390007005322345 -0.97184027682808505 0.016604549732597597 0.0064246273374382766 2.3159809327792336 2.5000000000000004 0.011627924458249674 0.87106177470416035
decision_type=2 2 2 2 2 2 2 2 2 2
left_child=2 4 6 -3 -2 -6 8 -5 -1 -4
right_child=1 3 9 7 5 -7 -8 -9 -10 -11
leaf_value=-0.024851100120212442 -0.010572037329886824 0.0064928971055032373 0.014473161141755604 -0.0010818794844434433 0.020996558322024211 0.0017096666444634157 -0.003669491726566275 -0.020904532026435555 -0.0052177502291017291 -0.0013589723912396927
leaf_weight=22.353773489594463 7.5027751326560965 13.755392447113989 7.3463142812252027 8.6724184304475802 27.897660851478577 18.156797870993614 13.878159597516058 19.465504497289658 8.9245142787694913 7.330792099237442
leaf_count=92 31 57 30 36 114 75 57 81 38 30
internal_value=-0.00269654 0.0019371 -0.0101546 -0.00815556 0.0101111 0.0140925 -0.0159148 -0.0157699 -0.0203502 0.00645138
internal_weight=155.284 95.4505 59.8336 41.8933 53.5572 46.0545 45.1564 28.1379 31.2783 14.6771
internal_count=641 394 247 174 220 189 187 117 130 60
is_linear=0
shrinkage=0.03


Tree=38
num_leaves=7
num_cat=0
split_feature=19 37 27 2 34 23
split_gain=6.75367 4.86748 6.4432 6.72287 6.57383 3.58416
threshold=0.20219909053257132 0.052660882093518498 1.5000000000000002 0.017892899502684471 0.012500150898091424 1.0661224036052399
decision_type=2 2 2 2 2 2
left_child=1 2 3 -1 -4 -3
right_child=-2 5 4 -5 -6 -7
leaf_value=-0.016476919876517473 0.018599172905674064 -0.027245316576988629 0.0097689286204654304 0.0075168064246195626 -0.0079671522762133472 0
leaf_weight=37.752477273344994 10.240612298250197 11.452982947230341 49.238178104162216 11.977871015667914 27.109131500124931 7.3626007437705985
leaf_count=156 43 49 202 49 112 30
internal_value=-0.00263324 -0.0044688 -0.00207924 -0.0103407 0.00323719 -0.0180217
internal_weight=155.134 144.893 126.078 49.7303 76.3473 18.8156
internal_count=641 598 519 205 314 79
is_linear=0
shrinkage=0.03


Tree=39
num_leaves=7
num_cat=0
split_feature=19 37 27 20 2 19
split_gain=6.42419 4.65496 6.06745 6.61853 6.37578 3.12612
threshold=0.20219909053257132 0.052660882093518498 1.5000000000000002 0.016604549732597597 0.017892899502684471 0.13465997885588191
decision_type=2 2 2 2 2 2
left_child=1 2 4 -4 -1 -3
right_child=-2 5 3 -5 -6 -7
leaf_value=-0.016029462836753376 0.01815210997153717 -0.0043108903188615235 -0.015341419204762174 0.007182429608093694 0.007320823714261823 -0.030670958835319947
leaf_weight=37.69878064095974 10.227495670318602 11.152827039361002 12.049375772476195 64.301736697554588 11.983031436800955 7.5888745635747901
leaf_count=156 43 46 50 264 49 33
internal_value=-0.00256148 -0.00435438 -0.00201755 0.0031355 -0.0100419 -0.017636
internal_weight=155.002 144.775 126.033 76.3511 49.6818 18.7417
internal_count=641 598 519 314 205 79
is_linear=0
shrinkage=0.03


Tree=40
num_leaves=6
num_cat=0
split_feature=19 25 25 19 36
split_gain=6.1664 5.45127 5.46582 5.34366 4.81012
threshold=0.19442668977679475 0.014548057029122608 0.19512127042306146 0.13578931640180639 0.0073817818954154618
decision_type=2 2 2 2 2
left_child=1 -1 4 -4 -3
right_child=-2 2 3 -5 -6
leaf_value=-0.01949788516991072 0.020106934687777338 0.013626423535111894 0 -0.018835365235352279 -0.0058444963077448654
leaf_weight=11.049731016159056 11.633227631449698 38.125923022627831 60.807768657803535 15.36637833714485 13.392800420522688
leaf_count=46 49 156 251 64 56
internal_value=0.000796796 -0.000978452 0.000784409 -0.00415837 0.00825524
internal_weight=150.376 138.743 127.693 76.1741 51.5187
internal_count=622 573 527 315 212
is_linear=0
shrinkage=0.03


Tree=41
num_leaves=10
num_cat=0
split_feature=23 22 37 15 9 19 8 2 40
split_gain=6.36119 6.53171 5.91184 5.24724 4.87742 5.75215 3.81398 1.83787 0.399694
threshold=1.11902996028535 -0.15109500002648388 0.052660882093518498 13.774232443715002 0.086899091526256328 0.08409710873439151 0.016289701914483434 0.0093428840545920506 0.080507707087290062
decision_type=2 2 2 2 2 2 2 2 2
left_child=2 7 4 6 5 -1 -3 -2 -4
right_child=1 3 8 -5 -6 -7 -8 -9 -10
leaf_value=-0.0051578629302540206 0.034838941527320699 0.0031425058755849508 -0.025921990775237977 0.016328534974435392 -0.019939946992833336 0.0098930381851641911 -0.022587651256400748 0.0085831197000997023 -0.0073887609467019307
leaf_weight=43.772349655628204 7.5757989436388007 8.5301411449909263 7.1685874462127668 9.8231021314859372 8.0062949210405332 42.654093742370605 7.6075665950775138 8.1290510296821576 7.0518613457679749
leaf_count=181 31 35 31 40 34 176 31 33 30
internal_value=0.000763426 0.0105273 -0.00296781 0.000326622 0 0.00215634 -0.00931327 0.0246006 -0.0197004
internal_weight=150.319 41.6657 108.653 25.9608 94.4327 86.4264 16.1377 15.7048 14.2204
internal_count=622 170 452 106 391 357 66 64 61
is_linear=0
shrinkage=0.03


Tree=42
num_leaves=7
num_cat=0
split_feature=19 1 33 7 8 12
split_gain=5.82221 4.98545 6.13194 6.97474 4.04164 5.34451
threshold=0.19442668977679475 -0.011819389785062915 0.93815086983709439 0.01021194518314613 -0.016071863803225787 58.282617225836923
decision_type=2 2 2 2 2 2
left_child=1 4 3 -3 -1 -6
right_child=-2 2 -4 -5 5 -7
leaf_value=-0.0033488775439489095 0.019524169254254285 0 0.013866063673621982 -0.016575150470831156 0.024996112020607461 -0.0033559391757822066
leaf_weight=14.217376857995985 11.602567076683043 51.279781371355057 11.908767551183699 38.812410667538643 15.116879820823671 7.2332099229097357
leaf_count=58 49 212 49 162 62 30
internal_value=0.000734871 -0.000987084 -0.00448373 -0.00732062 0.00810422 0.0156825
internal_weight=150.171 138.568 102.001 90.0922 36.5675 22.3501
internal_count=622 573 423 374 150 92
is_linear=0
shrinkage=0.03


Tree=43
num_leaves=11
num_cat=0
split_feature=23 34 9 28 23 3 6 23 0 36
split_gain=6.03544 7.2494 6.4947 6.43467 4.67269 6.609 5.13686 3.29418 3.23175 0.559361
threshold=1.11902996028535 -0.025546109284758142 0.017319351612611628 4.5000000000000009 0.99340291485971954 0.030247754296349075 -0.0023241597241547827 1.3461054060461992 0.0027395746679504955 0.0058625641493879341
decision_type=2 2 2 2 2 2 2 2 2 2
left_child=1 2 -1 8 5 -3 -6 9 -2 -5
right_child=3 4 -4 7 6 -7 -8 -9 -10 -11
leaf_value=0.029291827116424134 -0.016439518984430312 -0.0058667726510538559 -0.002855292944382192 0.032949579764189919 0 0.020561169197535561 -0.027755013666696578 0.0014060537109540376 0.0072738379626009798 0.011222976622252547
leaf_weight=8.7777528315782565 7.5825367420911816 58.44403900206089 9.6658695042133314 9.3957486301660591 9.5327412188053149 7.8080822229385367 14.242947950959204 8.5246865898370725 8.5446401387453061 7.5547108203172675
leaf_count=37 31 244 40 38 39 32 60 35 35 31
internal_value=0.000724507 -0.0029103 0.0130794 0.0102445 -0.0065621 -0.00202112 -0.0174952 0.0191997 -0.00363169 0.0262641
internal_weight=150.074 108.471 18.4436 41.6023 90.0278 66.2521 23.7757 25.4751 16.1272 16.9505
internal_count=622 452 77 170 375 276 99 104 66 69
is_linear=0
shrinkage=0.03


Tree=44
num_leaves=9
num_cat=0
split_feature=34 35 17 11 17 7 9 1
split_gain=5.06722 5.15331 5.91772 9.90021 4.88704 4.42869 4.69034 1.41693
threshold=0.041200949234203928 0.040502983983893744 -0.94036904961812195 0.043489167396740365 -2.2165507752464353 0.010783447472531777 0.038895980093941414 -0.0088044347703177799
decision_type=2 2 2 2 2 2 2 2
left_child=1 2 4 -4 -1 7 -7 -3
right_child=-2 5 3 -5 -6 6 -8 -9
leaf_value=-0.002976510081224946 -0.01711457488883851 0.0077729727328891872 0.0015905597177633486 -0.021907431142131083 0.019811995438138403 -0.016411713769930433 0.011421069862424756 0.026704397118923008
leaf_weight=13.319190785288813 10.933125913143156 11.925710558891298 45.744892165064812 21.926868081092834 15.955392211675642 7.3381526619195965 11.079716205596922 11.681840240955351
leaf_count=55 46 49 190 92 66 30 46 48
internal_value=0.000726067 0.00245892 -0.00124412 -0.00621823 0.00943688 0.0110104 0 0.0190807
internal_weight=149.905 138.972 96.9463 67.6718 29.2746 42.0254 18.4179 23.6076
internal_count=622 576 403 282 121 173 76 97
is_linear=0
shrinkage=0.03


Tree=45
num_leaves=11
num_cat=0
split_feature=37 7 19 2 13 11 1 38 19 16
split_gain=5.06495 4.98611 5.39285 4.58721 6.73611 5.49367 6.06072 2.38411 2.29476 2.23908
threshold=-1.0000000180025095e-35 -0.025694909664299888 0.13125875729335193 -0.010679479762097708 -1.1330486301523022 0.0041185350191105261 0.030289388894563566 0.008022887481986719 0.076012978650443055 -3.5272779924331981
decision_type=2 2 2 2 2 2 2 2 2 2
left_child=1 -1 9 4 7 8 -7 -2 -5 -3
right_child=3 2 -4 5 -6 6 -8 -9 -10 -11
leaf_value=-0.011334992336897042 0.0041054815422902988 0.030849230587968304 -0.0064176743083154521 -0.0041084208640577609 0.024749195474316102 -0.0081132880063172885 0.015886809627541847 -0.016903059881648204 -0.029298017872688167 0.0092494633141045595
leaf_weight=9.3453910201787931 7.3616834878921527 7.7283267974853507 9.3918373137712461 7.0706996619701412 8.1030120402574521 57.356826663017273 9.0418512821197492 7.1005140095949173 12.848533764481543 18.876556277275089
leaf_count=38 30 32 39 30 33 240 37 30 54 78
internal_value=-0.00225514 0.00584045 0.0110562 -0.00580619 0.00548129 -0.00898411 -0.0042568 -0.00609835 -0.0222316 0.0177665
internal_weight=154.225 45.3421 35.9967 108.883 22.5652 86.3179 66.3987 14.4622 19.9192 26.6049
internal_count=641 187 149 454 93 361 277 60 84 110
is_linear=0
shrinkage=0.03


Tree=46
num_leaves=8
num_cat=0
split_feature=7 33 32 32 15 9 23
split_gain=4.82783 6.11506 5.17334 5.41406 4.26938 5.18669 5.84408
threshold=0.010783447472531777 0.9429743132083882 0.015369950445969007 -1.0000000180025095e-35 28.786151930467501 -0.039686711566807205 0.9481897587905006
decision_type=2 2 2 2 2 2 2
left_child=4 2 3 -2 5 -1 -7
right_child=1 -3 -4 -5 -6 6 -8
leaf_value=-0.012095745421708074 -0.0015990982484834087 0.0083940033469333472 0.0071865467273771501 -0.025052350799328525 -0.013000048696019057 0 0.017578968958597969
leaf_weight=11.401950567960737 15.240324497222895 12.656249493360518 7.2355013787746421 26.959623023867611 12.06301127374172 38.680697560310364 29.799974739551544
leaf_count=47 64 52 30 114 51 160 123
internal_value=-0.00218695 -0.00856085 -0.0133508 -0.0173773 0.00204834 0.004766 0.00804986
internal_weight=154.037 62.0917 49.4354 42.1999 91.9456 79.8826 68.4807
internal_count=641 260 208 178 381 330 283
is_linear=0
shrinkage=0.03


Tree=47
num_leaves=8
num_cat=0
split_feature=25 7 6 20 3 14 32
split_gain=4.75687 4.71626 6.47606 5.43074 6.61779 4.38621 3.79866
threshold=0.014548057029122608 0.010783447472531777 0.02454327443051741 0.016706527381146589 -0.024393498928056031 1.8095902598878413 0.0013461297732469959
decision_type=2 2 2 2 2 2 2
left_child=-1 3 6 5 -5 -2 -3
right_child=1 2 -4 4 -6 -7 -8
leaf_value=-0.018045013047687124 0.0027648497123625832 -0.00029021731419194194 0.0097595786549706642 -0.0053474027288701667 0.014147408921778975 -0.024832704733052307 -0.01917777531670016
leaf_weight=13.281605452299116 8.988096550107004 16.930327564477921 13.382935747504233 20.478696271777153 46.672442674636841 7.3534099757671347 26.798719137907028
leaf_count=56 37 71 55 84 194 31 113
internal_value=-0.00212924 -0.000288644 -0.00689637 0.00411142 0.00800256 -0.0101895 -0.0125257
internal_weight=153.886 140.605 57.112 83.4926 67.1511 16.3415 43.729
internal_count=641 585 239 346 278 68 184
is_linear=0
shrinkage=0.03


Tree=48
num_leaves=9
num_cat=0
split_feature=37 7 20 32 32 12 4 7
split_gain=4.68742 4.61522 4.24264 4.23078 6.34163 3.95638 3.65713 2.56929
threshold=-1.0000000180025095e-35 -0.025694909664299888 0.023127388497811041 0.010839581675998191 0.00098427908053777568 67.953063470232507 0.0069070880539905408 -0.002945271474351223
decision_type=2 2 2 2 2 2 2 2
left_child=1 -1 3 4 -2 -4 7 -3
right_child=2 6 5 -5 -6 -7 -8 -9
leaf_value=-0.010789321551314023 0.0028082214757363493 0.026305139722700831 -0.026505269173258326 0.011969199742579248 -0.014248790018656733 0 -0.0003455248398175246 0.0032818519630420902
leaf_weight=9.3513593524694425 38.764169320464134 12.227799370884894 12.690847203135492 13.324475735425947 34.532148465514183 9.1787685453891736 14.041194468736647 9.6291774362325686
leaf_count=38 160 51 55 55 145 39 58 40
internal_value=-0.00208632 0.00570193 -0.00551484 -0.00217378 -0.00519367 -0.0168287 0.0107363 0.0179163
internal_weight=153.74 45.2495 108.49 86.6208 73.2963 21.8696 35.8982 21.857
internal_count=641 187 454 360 305 94 149 91
is_linear=0
shrinkage=0.03


Tree=49
num_leaves=6
num_cat=0
split_feature=25 19 19 21 34
split_gain=4.48608 4.23297 8.66284 6.1873 2.52029
threshold=0.014548057029122608 0.20219909053257132 0.13578931640180639 0.014278342439097891 -0.01347587998070404
decision_type=2 2 2 2 2
left_child=-1 2 3 -2 -4
right_child=1 -3 4 -5 -6
leaf_value=-0.017514301839469885 -0.0055135996456878297 0.017722967948252653 -0.0013190379319044977 0.0085052067199844622 -0.024422718787839533
leaf_weight=13.222865611314772 51.781696423888206 8.7809700369834882 7.9001486897468594 56.83660289645195 15.027685672044752
leaf_count=56 215 37 33 236 64
internal_value=-0.00202881 -0.00023863 -0.00179739 0.00170755 -0.0178082
internal_weight=153.55 140.327 131.546 108.618 22.9278
internal_count=641 585 548 451 97
is_linear=0
shrinkage=0.03


end of trees

feature_importances:
atr_pct=38
vol_ratio=33
macro_topix_ret_20=33
div_ma_10=23
macd_signal=22
bb_bandwidth=21
volatility=21
ma_20_60_cross=17
macro_topix_vol_20=17
macd=15
div_ma_60=14
return_5d=13
gap=13
macro_nikkei_ret_20=13
rsi_change=12
macro_usdjpy_vol_20=12
macd_hist_change=10
price_position_20d=10
macro_usdjpy_ret_20=10
upper_shadow_pct=9
vol_change=8
month=8
macro_usdjpy_ret_60=8
div_ma_5=7
return_3d=6
return_10d=6
return_20d=6
day_of_week=6
ma_5_20_cross=5
rsi=5
macd_hist=5
candle_body_pct=5
return_2d=4
lower_shadow_pct=4
return_1d=3
div_ma_20=3
bb_pct_b=2

parameters:
[boosting: gbdt]
[objective: binary]
[metric: binary_logloss]
[tree_learner: serial]
[device_type: cpu]
[data_sample_strategy: bagging]
[data: ]
[valid: ]
[num_iterations: 50]
[learning_rate: 0.03]
[num_leaves: 15]
[num_threads: 0]
[seed: 42]
[deterministic: 0]
[force_col_wise: 0]
[force_row_wise: 0]
[histogram_pool_size: -1]
[max_depth: 4]
[min_data_in_leaf: 30]
[min_sum_hessian_in_leaf: 0.001]
[bagging_fraction: 0.7]
[pos_bagging_fraction: 1]
[neg_bagging_fraction: 1]
[bagging_freq: 5]
[bagging_seed: 400]
[bagging_by_query: 0]
[feature_fraction: 0.6]
[feature_fraction_bynode: 1]
[feature_fraction_seed: 30056]
[extra_trees: 0]
[extra_seed: 12879]
[early_stopping_round: 0]
[early_stopping_min_delta: 0]
[first_metric_only: 0]
[max_delta_step: 0]
[lambda_l1: 0.5]
[lambda_l2: 2]
[linear_lambda: 0]
[min_gain_to_split: 0]
[drop_rate: 0.1]
[max_drop: 50]
[skip_drop: 0.5]
[xgboost_dart_mode: 0]
[uniform_drop: 0]
[drop_seed: 17869]
[top_rate: 0.2]
[other_rate: 0.1]
[min_data_per_group: 100]
[max_cat_threshold: 32]
[cat_l2: 10]
[cat_smooth: 10]
[max_cat_to_onehot: 4]
[top_k: 20]
[monotone_constraints: ]
[monotone_constraints_method: basic]
[monotone_penalty: 0]
[feature_contri: ]
[forcedsplits_filename: ]
[refit_decay_rate: 0.9]
[cegb_tradeoff: 1]
[cegb_penalty_split: 0]
[cegb_penalty_feature_lazy: ]
[cegb_penalty_feature_coupled: ]
[path_smooth: 0]
[interaction_constraints: ]
[verbosity: -1]
[saved_feature_importance_type: 0]
[use_quantized_grad: 0]
[num_grad_quant_bins: 4]
[quant_train_renew_leaf: 0]
[stochastic_rounding: 1]
[linear_tree: 0]
[max_bin: 255]
[max_bin_by_feature: ]
[min_data_in_bin: 5]
[bin_construct_sample_cnt: 200000]
[data_random_seed: 175]
[is_enable_sparse: 1]
[enable_bundle: 1]
[use_missing: 1]
[zero_as_missing: 0]
[feature_pre_filter: 1]
[pre_partition: 0]
[two_round: 0]
[header: 0]
[label_column: ]
[weight_column: ]
[group_column: ]
[ignore_column: ]
[categorical_feature: ]
[forcedbins_filename: ]
[precise_float_parser: 0]
[parser_config_file: ]
[objective_seed: 16083]
[num_class: 1]
[is_unbalance: 0]
[scale_pos_weight: 1]
[sigmoid: 1]
[boost_from_average: 1]
[reg_sqrt: 0]
[alpha: 0.9]
[fair_c: 1]
[poisson_max_delta_step: 0.7]
[tweedie_variance_power: 1.5]
[lambdarank_truncation_level: 30]
[lambdarank_norm: 1]
[label_gain: ]
[lambdarank_position_bias_regularization: 0]
[eval_at: ]
[multi_error_top_k: 1]
[auc_mu_weights: ]
[num_machines: 1]
[local_listen_port: 12400]
[time_out: 120]
[machine_list_filename: ]
[machines: ]
[gpu_platform_id: -1]
[gpu_device_id: -1]
[gpu_use_dp: 0]
[num_gpu: 1]

end of parameters

pandas_categorical:[]
