tree
version=v4
num_class=1
num_tree_per_iteration=1
label_index=0
max_feature_idx=44
objective=binary sigmoid:1
feature_names=return_1d return_2d return_3d return_5d return_10d return_20d div_ma_5 div_ma_10 div_ma_20 div_ma_60 ma_5_20_cross ma_20_60_cross rsi rsi_change macd macd_signal macd_hist macd_hist_change bb_pct_b bb_bandwidth atr_pct volatility vol_change vol_ratio candle_body_pct upper_shadow_pct lower_shadow_pct day_of_week month is_month_end is_month_start streak gap price_position_20d macro_usdjpy_ret_20 macro_usdjpy_ret_60 macro_usdjpy_vol_20 macro_topix_ret_20 macro_topix_vol_20 macro_topix_above_200dma macro_nikkei_ret_20 macro_nikkei_above_200dma macro_nikkei_vi macro_jgb10y macro_bias_score
feature_infos=[-0.15807562854189028:0.19280199076906812] [-0.19745591058900258:0.20318396439925945] [-0.23837838624295249:0.27648600256514033] [-0.22312077480031678:0.26466038425487959] [-0.22794526474391108:0.51396648044692728] [-0.29180771834800268:0.60998936311615415] [-0.16915640225460579:0.14127428137218562] [-0.1870841462002984:0.20210384634114292] [-0.22029774307858255:0.33166417833005718] [-0.25564226649808902:0.42714161878857998] [-0.10587927235867489:0.22633411109306634] [-0.15542273658889794:0.22575615227315504] [8.1967060021082148:97.208545822261641] [-45.895008662445541:31.316699080493841] [-188.97676083275519:266.59734177812197] [-172.23170936689394:228.33225001260345] [-80.038367193888718:70.86452205301434] [-26.599713861336028:27.477926891613379] [-0.2838966303180615:1.4364283109293134] [0.040274051968061941:0.6407999405582322] [0.014894075275995651:0.075648032788874303] [0.0077021828282352106:0.058762458247950636] [-0.7282439959821021:10.583262480262359] [0.399928592221377:2.6429734386181001] [-1:1] [0:0.94467978343156966] [0:0.95093104929016437] [0:4] [1:12] [0:1] [0:1] [-9:8] [-0.11365943186759964:0.13760566149007269] [0:1] [-0.10288784967882303:0.08505611680078462] [-0.13986255140503889:0.13160084488587853] [0.0024251968629527628:0.011841457708833433] [-0.21871130063915301:0.21255316252998058] [0.0039190425134663694:0.040640975235326539] [0:1] [-0.22859537662338159:0.23022297972565586] [0:1] none none none
tree_sizes=1279 1203 996 1180 991 1089 886 1092 887 1212 868 866 890 1078 963 1097 999 1000 1082 1211 976 1087 783 974 1357 971 1185 884 1092 979 1270 1418 1400 1410 975 860 889 1302 1391 1080 1183 892 1422 998 890 1099 1198 1160 1199 1175

Tree=0
num_leaves=11
num_cat=0
split_feature=34 23 21 13 14 15 3 37 21 15
split_gain=22.8688 15.6933 11.9428 9.90003 8.64107 8.88939 6.72092 5.60416 4.92488 5.56482
threshold=-0.027389906991610199 0.99665031558633521 0.028324128753060961 1.0000000180025095e-35 -1.7231827915824451 17.059441723872485 -0.020200719827481003 0.015296861841698874 0.038351365262035107 4.6189459507083068
decision_type=2 2 2 2 2 2 2 2 2 2
left_child=8 2 3 -2 7 -6 -4 -3 9 -1
right_child=1 4 6 -5 5 -7 -8 -9 -10 -11
leaf_value=0.10339920182494074 0.05955483517113741 0.082374482653374062 0.067951605604923887 0.085982395200225673 0.1036207352001399 0.076707908619905382 0.033721991936573652 0.051614007993958537 0.11918216111033467 0.071796955730769413
leaf_weight=7.9882431030273455 24.963259696960449 7.9882431030273464 11.233466863632204 21.718035936355591 19.720975160598755 21.718035936355591 14.478690624237059 8.9867734909057599 8.487508296966551 7.7386105060577393
leaf_count=32 100 32 45 87 79 87 58 36 34 31
internal_value=0.0765354 0.0713896 0.0621669 0.072034 0.0826741 0.0900495 0.0464242 0.0659516 0.102046 0.0882031
internal_weight=155.022 130.807 72.3935 46.6813 58.414 41.439 25.7122 16.975 24.2144 15.7269
internal_count=621 524 290 187 234 166 103 68 97 63
is_linear=0
shrinkage=1


Tree=1
num_leaves=10
num_cat=0
split_feature=36 23 21 3 6 14 11 37 21
split_gain=17.3274 14.6452 10.6584 9.98458 7.35719 7.23444 11.1609 8.64231 2.66948
threshold=0.0085990054719249139 0.99665031558633521 0.028324128753060961 -0.021382056074066787 0.02138747428388027 -1.7231827915824451 0.14055215100385046 0.0087735921042859672 0.023445409198041403
decision_type=2 2 2 2 2 2 2 2 2
left_child=1 2 4 -4 -1 7 -7 -3 -2
right_child=8 5 3 -5 -6 6 -8 -9 -10
leaf_value=-0.009020971750173171 0.009052301436373273 0.011208244659743247 -0.0028587367304350759 -0.039825182349756946 0.01847340382521552 0.021409154490811953 -0.012185038286669825 -0.025146606843280225 0.040187190183170289
leaf_weight=38.947173476219177 7.4859212636947614 9.2323787063360232 11.985393419861795 16.990817755460739 8.9846550077199918 34.174275249242783 9.734725743532179 9.9920705854892713 7.4773187041282654
leaf_count=156 30 37 48 68 36 137 39 40 30
internal_value=-0.000160559 -0.00367459 -0.012391 -0.0261909 -0.00303332 0.00676777 0.0134281 -0.00756979 0.0283988
internal_weight=155.005 140.041 76.908 28.9762 47.9318 63.1335 43.909 19.2244 14.9632
internal_count=621 561 308 116 192 253 176 77 60
is_linear=0
shrinkage=0.03


Tree=2
num_leaves=8
num_cat=0
split_feature=34 11 34 34 21 9 8
split_gain=21.2506 10.7189 10.8463 16.1734 4.50084 5.33244 2.01869
threshold=-0.027389906991610199 0.14581563645833442 0.034551093974205867 0.014354691535691357 0.038351365262035107 0.022114787204875933 0.031595607617632471
decision_type=2 2 2 2 2 2 2
left_child=4 2 3 -2 5 -1 -3
right_child=1 6 -4 -5 -6 -7 -8
leaf_value=0.026038777722522447 -0.0066830433433133253 -0.0073995839625912415 -0.024062606832538865 0.018081126550538586 0.040933293981150073 -0.0048777049843263878 -0.032768246426850181
leaf_weight=7.9776180982589739 62.155158862471581 7.7437095046043423 14.226099118590353 35.426338285207748 8.453685909509657 7.7379273921251297 11.241944685578344
leaf_count=32 249 31 57 142 34 31 45
internal_value=-0.000148368 -0.00510943 -0.00125197 0.00233938 0.0244642 0.0111375 -0.0248272
internal_weight=154.962 130.793 111.808 97.5815 24.1692 15.7155 18.9857
internal_count=621 524 448 391 97 63 76
is_linear=0
shrinkage=0.03


Tree=3
num_leaves=10
num_cat=0
split_feature=34 23 14 5 26 26 37 23 5
split_gain=20.2628 14.1191 7.71373 9.6222 7.16552 10.1175 5.05025 4.49671 3.55756
threshold=-0.027389906991610199 0.99665031558633521 -1.7231827915824451 0.08280291894863491 0.14285380045572918 0.095237223307291688 0.015296861841698874 0.75897980985716562 0.078540177196737573
decision_type=2 2 2 2 2 2 2 2 2
left_child=8 4 6 -4 5 -2 -3 -6 -1
right_child=1 2 3 -5 7 -7 -8 -9 -10
leaf_value=0.031859923443605234 -0.014144541169939868 0.0054629916589924582 0.028941408397785293 0 -0.0040295049527061515 0.025384763024019038 -0.023678185851481452 -0.025104431479647801 0.0044937524786603719
leaf_weight=15.662059321999552 12.988217338919641 7.9851016998291042 16.689291328191757 24.693484976887703 15.483337983489035 7.4907827079296103 8.9988416135311109 36.464491754770279 8.4676740020513517
leaf_count=63 52 32 67 99 62 30 36 146 34
internal_value=-0.00014304 -0.00498667 0.00571443 0.0126973 -0.0137337 0.000619236 -0.010055 -0.0194832 0.0239096
internal_weight=154.923 130.794 58.3667 41.3828 72.4268 20.479 16.9839 51.9478 24.1297
internal_count=621 524 234 166 290 82 68 208 97
is_linear=0
shrinkage=0.03


Tree=4
num_leaves=8
num_cat=0
split_feature=34 23 9 14 14 38 5
split_gain=19.2297 13.343 8.51013 13.7805 5.89332 6.08006 3.36301
threshold=-0.027389906991610199 1.0032353396333822 0.26629197940972166 -1.7231827915824451 -16.319313589385214 0.0086036422367784058 0.078540177196737573
decision_type=2 2 2 2 2 2 2
left_child=6 4 3 -3 -2 -6 -1
right_child=1 2 -4 -5 5 -7 -8
leaf_value=0.031082709898315478 0.0069222442691708273 -0.0097877449665550523 -0.019008177250374979 0.021982209098438767 -0.005155670747997919 -0.024713011933020768 0.0043856022623220857
leaf_weight=15.622668892145159 9.2415139377117139 16.982908174395561 8.240447059273718 32.115577757358551 29.217290207743645 34.976196259260178 8.4655492007732374
leaf_count=63 37 68 33 129 117 140 34
internal_value=-0.00011973 -0.00483859 0.00572109 0.0107466 -0.0132157 -0.0164629 0.0233308
internal_weight=154.862 130.774 57.3389 49.0985 73.435 64.1935 24.0882
internal_count=621 524 230 197 294 257 97
is_linear=0
shrinkage=0.03


Tree=5
num_leaves=9
num_cat=0
split_feature=23 34 9 15 13 14 27 38
split_gain=14.336 16.8993 11.392 11.3009 5.84927 6.68052 6.61558 2.98808
threshold=1.0232183860551014 -0.028478863032973364 0.26629197940972166 -8.2117744529873598 1.0000000180025095e-35 25.35042633708105 2.5000000000000004 0.0076329902746453066
decision_type=2 2 2 2 2 2 2 2
left_child=1 -1 3 -2 6 -6 -3 -5
right_child=2 4 -4 7 5 -7 -8 -9
leaf_value=0.023803113757412883 -0.0097913323454672154 -0.028702096656683839 -0.017392441679506414 0.0062483829014400027 0.004652623816642088 -0.020554081556098201 -0.003597143208326499 0.028004101400736729
leaf_weight=12.400222972035406 9.49016125500202 23.982880726456642 7.9951816350221625 10.692997515201567 29.96210652589798 11.237573742866514 18.237160757184029 33.55600842833519
leaf_count=50 38 96 32 43 120 45 73 135
internal_value=0.000999739 -0.00612521 0.0121391 0.0172683 -0.0112028 -0.00250878 -0.0188503 0.0235686
internal_weight=157.554 95.8199 61.7343 53.7392 83.4197 41.1997 42.22 44.249
internal_count=632 384 248 216 334 165 169 178
is_linear=0
shrinkage=0.03


Tree=6
num_leaves=7
num_cat=0
split_feature=9 4 35 27 13 34
split_gain=11.4567 12.0967 9.07132 8.28032 8.42738 4.94578
threshold=0.26994442852895234 0.096123025094198025 0.035480675738342689 1.5000000000000002 -0.042559394993762815 0.036246484386888163
decision_type=2 2 2 2 2 2
left_child=1 3 -3 4 -1 -5
right_child=-2 2 -4 5 -6 -7
leaf_value=-0.022926037992426974 -0.025391051075731367 0.034803696991792657 -0.0012698734082473115 0.0088747865642608992 0.0016015117418485747 -0.010803448548607817
leaf_weight=21.944809705018997 11.490148544311522 15.154775604605677 8.4546307176351529 65.009586796164513 23.914074704051018 11.482136905193327
leaf_count=88 46 61 34 261 96 46
internal_value=0.000958474 0.0034493 0.0222096 -0.00034914 -0.0102898 0.00552978
internal_weight=157.45 145.96 23.6094 122.351 45.8589 76.4917
internal_count=632 586 95 491 184 307
is_linear=0
shrinkage=0.03


Tree=7
num_leaves=9
num_cat=0
split_feature=23 34 9 15 21 23 21 36
split_gain=13.479 15.8127 10.416 10.668 9.56261 9.94071 9.4791 6.74451
threshold=1.0232183860551014 -0.028478863032973364 0.26629197940972166 -8.2117744529873598 0.028324128753060961 0.75897980985716562 0.018117758278467153 0.0062727771891288196
decision_type=2 2 2 2 2 2 2 2
left_child=1 -1 3 -2 5 -3 -5 -6
right_child=2 4 -4 6 7 -7 -8 -9
leaf_value=0.022998815904908036 -0.0095982114230453875 0.016090178931486076 -0.01647019951299953 -0.005320721442710682 -0.034225658093481826 -0.011013389041967876 0.028858405000329209 -0.002910318285438689
leaf_weight=12.360570698976515 9.4900880306959134 15.233810544013975 7.9974271953105918 7.4418098628520957 18.730745613574985 38.450152039527893 36.701842337846756 10.982773467898367
leaf_count=50 38 61 32 30 75 154 148 44
internal_value=0.0009189 -0.00598651 0.0117347 0.0166509 -0.0108962 -0.00275121 0.0227905 -0.0240373
internal_weight=157.389 95.7581 61.6312 53.6337 83.3975 53.684 44.1437 29.7135
internal_count=632 384 248 216 334 215 178 119
is_linear=0
shrinkage=0.03


Tree=8
num_leaves=7
num_cat=0
split_feature=9 4 27 13 39 33
split_gain=10.5245 11.0874 7.79006 7.92098 4.0744 2.92503
threshold=0.26994442852895234 0.096123025094198025 1.5000000000000002 -0.042559394993762815 1.0000000180025095e-35 0.84294006805587607
decision_type=2 2 2 2 2 2
left_child=1 2 3 -1 -4 -3
right_child=-2 5 4 -5 -6 -7
leaf_value=-0.022257452167451702 -0.024378762637834287 0.0027010686833323417 0.022540657441790995 0.0015130692022923531 0.0022727588357921431 0.028117721376098366
leaf_weight=21.93456082046032 11.483465328812597 7.6832886487245586 8.9186002910137159 23.898267656564713 67.493158236145973 15.841428697109221
leaf_count=88 46 31 36 96 271 64
internal_value=0.000876735 0.00327086 -0.000358026 -0.0100044 0.00534427 0.0212663
internal_weight=157.253 145.769 122.245 45.8328 76.4118 23.5247
internal_count=632 586 491 184 307 95
is_linear=0
shrinkage=0.03


Tree=9
num_leaves=10
num_cat=0
split_feature=23 34 9 11 13 35 11 40 9
split_gain=12.6308 14.8582 9.50853 14.6866 5.17505 6.80876 3.87732 3.02455 1.74382
threshold=1.0232183860551014 -0.028478863032973364 0.26629197940972166 -0.0028235378073594992 1.0000000180025095e-35 0.017349450952553139 0.056931352171476053 0.034141347335333035 0.18760683731484687
decision_type=2 2 2 2 2 2 2 2 2
left_child=1 -1 3 7 6 -6 -3 -2 -5
right_child=2 4 -4 8 5 -7 -8 -9 -10
leaf_value=0.022311741440092004 0.0040567162410689254 -0.025781915332831591 -0.015576148034154471 0.030350485500498316 -0.018650520934910712 0.0057659222626524273 -0.0057372078165864159 -0.018620894532612051 0.0093953058385543697
leaf_weight=12.319322049617766 8.9521513879299182 23.225505694746971 7.9934724420309058 27.690066680312157 13.476982519030569 27.697301626205444 18.961640909314156 7.4712208956480017 9.3912907093763334
leaf_count=50 36 93 32 112 54 111 76 30 38
internal_value=0.000860568 -0.00582055 0.0113474 0.0160563 -0.0105791 -0.00237228 -0.0177794 -0.00634698 0.0261796
internal_weight=157.179 95.6808 61.4982 53.5047 83.3614 41.1743 42.1871 16.4234 37.0814
internal_count=632 384 248 216 334 165 169 66 150
is_linear=0
shrinkage=0.03


Tree=10
num_leaves=7
num_cat=0
split_feature=11 35 0 23 27 21
split_gain=14.4311 8.81827 8.50596 7.06358 6.82156 1.61158
threshold=0.14581563645833442 -0.0078154842535687035 0.028487015940064867 1.3596786670580006 1.5000000000000002 0.028647011045709377
decision_type=2 2 2 2 2 2
left_child=2 -2 3 4 -1 -4
right_child=1 -3 5 -5 -6 -7
leaf_value=-0.012162356360179122 0 -0.037012433502678965 0.03078650932390457 0.021679326076972975 0.0032626255856174273 0.0083770673409692391
leaf_weight=40.062728211283684 9.186910957098009 12.464697331190107 7.9318470358848598 9.8835979104042035 62.885669693350792 10.630526378750799
leaf_count=161 37 50 32 40 253 43
internal_value=-0.000746471 -0.022411 0.00299351 -0.000106729 -0.00271452 0.0207454
internal_weight=153.046 21.6516 131.394 112.832 102.948 18.5624
internal_count=616 87 529 454 414 75
is_linear=0
shrinkage=0.03


Tree=11
num_leaves=7
num_cat=0
split_feature=11 0 23 33 21 21
split_gain=13.7175 8.11511 6.71893 6.71157 5.33649 1.53251
threshold=0.14581563645833442 0.028487015940064867 1.3596786670580006 0.59854511470149185 0.040791639515824193 0.028647011045709377
decision_type=2 2 2 2 2 2
left_child=1 2 4 -2 -1 -3
right_child=3 5 -4 -5 -6 -7
leaf_value=-0.004906439877565524 0 0.030115721954188285 0.021177359452428903 -0.034322283477055605 0.017576788714297711 0.0081696265943446908
leaf_weight=94.57188481092453 8.9366454780101794 7.9101337045431164 9.8620636463165265 12.698678150773047 8.377606123685835 10.624317988753317
leaf_count=380 36 32 40 51 34 43
internal_value=-0.000708783 0.00293503 -8.89455e-05 -0.0218412 -0.00263383 0.0202872
internal_weight=152.981 131.346 112.812 21.6353 102.949 18.5345
internal_count=616 529 454 87 414 75
is_linear=0
shrinkage=0.03


Tree=12
num_leaves=7
num_cat=0
split_feature=34 3 15 19 24 19
split_gain=14.7318 6.55087 6.6504 8.11132 7.96578 2.06932
threshold=-0.028949107309786056 -0.079238743566484623 11.842496345634364 0.28727259080454909 0.66533142189388994 0.16642084952280053
decision_type=2 2 2 2 2 2
left_child=5 -2 4 -4 -3 -1
right_child=1 2 3 -5 -6 -7
leaf_value=0.0055765762081392027 0.018571840435749401 -0.0048970099808300109 -0.022144455704976203 0.0026128189668179541 0.020931429740823296 0.028583055144173249
leaf_weight=8.6273557692766207 7.973783776164054 61.700572058558464 35.590249016880989 15.378579616546629 10.898961171507834 12.73555241525173
leaf_count=35 32 248 143 62 44 52
internal_value=-0.000666694 -0.00459574 -0.00648218 -0.0145748 -0.000361244 0.0212068
internal_weight=152.905 131.542 123.568 50.9688 72.5995 21.3629
internal_count=616 529 497 205 292 87
is_linear=0
shrinkage=0.03


Tree=13
num_leaves=9
num_cat=0
split_feature=34 23 38 9 23 19 5 13
split_gain=13.9927 9.69361 6.48377 6.17777 6.74113 4.91575 4.41307 2.04873
threshold=-0.028949107309786056 1.0197165765744998 0.011792353134092796 0.036047459039792833 0.92405872683087931 0.19962349697309142 0.087799568954969556 -0.32853695043868564
decision_type=2 2 2 2 2 2 2 2
left_child=7 3 6 4 -2 -5 -3 -1
right_child=1 2 -4 5 -6 -7 -8 -9
leaf_value=0.005249486044406137 0.0051101232128384737 0.019305382413473782 -0.010605770629365043 -0.030436299473983304 -0.019552988801057502 -0.0066729900994405757 0 0.028039562910953528
leaf_weight=8.5957279801368731 28.95386415719986 23.220114812254906 14.432116240262983 18.206395462155342 12.483629152178763 18.406194865703583 15.820161581039427 12.710897251963614
leaf_count=35 116 94 58 73 50 74 64 52
internal_value=-0.000616133 -0.00444498 0.00509612 -0.011133 -0.00253284 -0.0198427 0.0115001 0.0207284
internal_weight=152.829 131.522 53.4724 78.0501 41.4375 36.6126 39.0403 21.3066
internal_count=616 529 216 313 166 147 158 87
is_linear=0
shrinkage=0.03


Tree=14
num_leaves=8
num_cat=0
split_feature=11 20 10 14 37 32 3
split_gain=12.5575 7.77458 6.6632 6.44086 6.35904 5.16709 3.59799
threshold=0.14581563645833442 0.025848834015141493 -0.01519893761874863 -44.108173099613161 0.013273291505895736 0.013848046622336409 0.0082448659223061122
decision_type=2 2 2 2 2 2 2
left_child=1 2 -1 -3 -2 -5 -4
right_child=4 3 6 5 -6 -7 -8
leaf_value=-0.02889460197736184 0 -0.015780660961629889 0.013398327178150673 0.0054774352399762716 -0.031710007266349836 0.02399504310464189 -0.0098047913012251336
leaf_weight=8.9754798859357852 7.6782765090465572 7.9917287826538077 8.440945506095888 77.285310566425323 13.888536378741263 16.263323247432709 12.187344267964361
leaf_count=36 31 32 34 312 56 66 49
internal_value=-0.000601606 0.00288025 -0.0100097 0.00690391 -0.0208583 0.00928856 0
internal_weight=152.711 131.144 29.6038 101.54 21.5668 93.5486 20.6283
internal_count=616 529 119 410 87 378 83
is_linear=0
shrinkage=0.03


Tree=15
num_leaves=9
num_cat=0
split_feature=13 9 20 35 10 15 19 6
split_gain=11.0427 6.69786 6.6454 8.05878 6.45464 5.20043 5.58366 0.18728
threshold=4.5447296916329316 0.27586839990600392 0.026139245627779546 1.0000000180025095e-35 -0.013013882653837626 23.181368768373641 0.14473450089280285 0.017229590394334322
decision_type=2 2 2 2 2 2 2 2
left_child=1 2 4 -4 -1 6 -2 -8
right_child=5 -3 3 -5 -6 -7 7 -9
leaf_value=-0.03615515004380996 0.0014603399985304007 -0.028009186067123024 0.014667620132748305 -0.0048081294368341352 -0.0041001662964312456 -0.0049758410903162301 0.014684639805324733 0.038275554646090504
leaf_weight=7.4728553742170361 11.151279136538507 8.932123124599455 25.371372371912003 60.603734239935875 18.881544753909111 8.4179299175739271 7.4482333362102491 7.6081821173429489
leaf_count=30 45 36 103 244 76 34 30 31
internal_value=-0.00101322 -0.00538565 -0.00299699 0.00097148 -0.0156276 0.0133478 0.0197006 0.0305751
internal_weight=155.887 121.262 112.33 85.9751 26.3544 34.6256 26.2077 15.0564
internal_count=629 489 453 347 106 140 106 61
is_linear=0
shrinkage=0.03


Tree=16
num_leaves=8
num_cat=0
split_feature=34 13 5 17 34 5 15
split_gain=13.8381 9.94893 6.36875 5.86249 8.07359 5.35504 4.86088
threshold=-0.027389906991610199 4.5447296916329316 0.085530245838805544 -0.28382447039954423 0.0084672293851539866 -0.017487814597810455 3.1790734739732271
decision_type=2 2 2 2 2 2 2
left_child=2 3 -1 4 -2 -5 -3
right_child=1 6 -4 5 -6 -7 -8
leaf_value=0.030308011608190959 -0.013816412490205937 0.021372769001189923 -0.0011147705405982233 -0.027583317438552194 0.0088035311717131106 -0.0069088094688236545 -0.001384593928890095
leaf_weight=14.587882548570635 24.611160606145859 14.387602508068086 7.3519680798053733 20.681029602885246 28.045167744159698 31.500934526324272 14.629713922739027
leaf_count=60 99 58 30 83 113 127 59
internal_value=-0.000986678 -0.00476987 0.0199383 -0.00912816 -0.00161312 -0.0160952 0.0100661
internal_weight=155.795 133.856 21.9399 104.838 52.6563 52.182 29.0173
internal_count=629 539 90 422 212 210 117
is_linear=0
shrinkage=0.03


Tree=17
num_leaves=8
num_cat=0
split_feature=36 38 15 19 38 37 17
split_gain=11.7347 11.0263 9.12061 8.85095 8.1194 3.90366 0.953511
threshold=0.0078773298394208182 0.011859030870932078 52.728333897340534 0.16642084952280053 0.0070981702294115939 -0.0081549205098154203 -0.048284903305822129
decision_type=2 2 2 2 2 2 2
left_child=1 2 4 -2 -1 -3 -7
right_child=3 5 -4 -5 -6 6 -8
leaf_value=-0.014145916625076381 -0.0027116448699017973 -0.0049852099361346117 -0.020360105993247217 0.030443903347500592 0.0085661265799727698 -0.013290432284868127 -0.037482561519144218
leaf_weight=15.385822564363478 10.85915081202984 13.185552641749384 14.345095962285994 14.8197084069252 69.706122055649757 8.706585049629215 8.6865950077772105
leaf_count=62 44 53 58 61 281 35 35
internal_value=-0.000956619 -0.00475732 5.43927e-05 0.0166982 0.00405669 -0.0199074 -0.0287656
internal_weight=155.695 130.016 99.437 25.6789 85.0919 30.5787 17.3932
internal_count=629 524 401 105 343 123 70
is_linear=0
shrinkage=0.03


Tree=18
num_leaves=9
num_cat=0
split_feature=34 13 11 17 34 34 9 27
split_gain=12.7462 9.35763 7.21061 5.52824 7.56729 5.13781 4.85872 1.61677
threshold=-0.027389906991610199 4.5447296916329316 0.045208590434047131 -0.28382447039954423 0.0084672293851539866 0.027457251351965754 0.10396808605213137 2.5000000000000004
decision_type=2 2 2 2 2 2 2 2
left_child=6 3 7 4 -2 -5 -1 -3
right_child=1 2 -4 5 -6 -7 -8 -9
leaf_value=0.028167868926343834 -0.013336399216522474 0.028312860025582323 -0.0074161095634470865 -0.0083787020343535738 0.0085652436023728445 -0.030216923951124897 0 0.0053764109357118586
leaf_weight=14.552913650870325 24.603879421949387 10.382885277271276 11.158457070589064 37.747832596302032 28.035356864333153 14.409809574484823 7.261040434241294 7.4425151050090781
leaf_count=60 99 42 45 152 113 58 30 30
internal_value=-0.000957485 -0.00458572 0.00980437 -0.00881514 -0.00151063 -0.0155821 0.0191802 0.0210014
internal_weight=155.595 133.781 28.9839 104.797 52.6392 52.1576 21.814 17.8254
internal_count=629 539 117 422 212 210 90 72
is_linear=0
shrinkage=0.03


Tree=19
num_leaves=10
num_cat=0
split_feature=36 38 13 38 0 25 36 0 38
split_gain=10.8525 11.9386 9.306 5.84848 5.74593 3.34489 2.73929 2.72833 1.83333
threshold=0.0077251683088562654 0.011530483704877473 4.8841968809531133 0.0075583403429907272 -0.0055625147137912103 0.053000945967253452 0.0054101259058263402 -0.015118457379239612 0.015812392251553276
decision_type=2 2 2 2 2 2 2 2 2
left_child=1 2 4 -2 -1 -3 -4 -7 -5
right_child=3 5 6 8 -6 7 -8 -9 -10
leaf_value=0.0046097341749313965 -0.0056874981299177806 -0.00032573898210143653 0.027352035236859851 0.010953308144833848 -0.011590621313934787 -0.0069857046460693366 0.0015541652931322881 -0.031657360318240658 0.03345579129229407
leaf_weight=33.973950564861298 7.4353271424770382 7.9238667637109748 10.872120544314386 13.753151684999468 39.944007888436317 9.2024510651826876 7.3969350159168235 16.63614846765995 8.3334667831659299
leaf_count=137 30 32 44 56 161 37 30 67 35
internal_value=-0.000924006 -0.00488556 0.000651431 0.0147389 -0.0040218 -0.0196144 0.0188308 -0.0245425 0.0221394
internal_weight=155.471 125.949 92.187 29.5219 73.918 33.7625 18.2691 25.8386 22.0866
internal_count=629 508 372 121 298 136 74 104 91
is_linear=0
shrinkage=0.03


Tree=20
num_leaves=8
num_cat=0
split_feature=15 35 0 17 3 17 0
split_gain=8.05841 9.43458 7.84383 6.61532 7.15503 2.98134 2.38682
threshold=49.825600029655867 0.02134330473173918 0.025650779159079543 -1.2867426156534585 0.038058725501815445 -2.0464594871576298 -0.02236356989581095
decision_type=2 2 2 2 2 2 2
left_child=2 5 3 6 -5 -2 -1
right_child=1 -3 -4 4 -6 -7 -8
leaf_value=0.026699592465436506 0.009973273853931033 -0.033025713757869703 0.022492690067335931 -0.0071497771879554259 0.010826344757565729 -0.01053505764439243 0.001957279512198911
leaf_weight=9.1437374800443667 11.161668896675112 10.145844325423239 16.866970211267471 66.204231351613998 25.850329384207726 10.380352288484575 7.6975000947713843
leaf_count=37 45 41 69 267 105 42 31
internal_value=0.00106282 -0.0118823 0.00457688 0.00131102 -0.00181945 0 0.0175951
internal_weight=157.451 31.6879 125.763 108.896 92.0546 21.542 16.8412
internal_count=637 128 509 440 372 87 68
is_linear=0
shrinkage=0.03


Tree=21
num_leaves=9
num_cat=0
split_feature=15 35 20 9 9 9 6 3
split_gain=7.67589 8.9791 8.89864 7.90456 7.77167 5.2074 3.70651 6.90824
threshold=49.825600029655867 0.02134330473173918 0.026632767526132282 -0.048993410549844851 -0.0064752309295468165 0.25901116510739258 -0.031701584217664738 -0.0016999592421353957
decision_type=2 2 2 2 2 2 2 2
left_child=2 5 3 -1 -5 -2 -4 -8
right_child=1 -3 6 4 -6 -7 7 -9
leaf_value=-0.026316143576445291 0.010579921897896839 -0.032232649581486798 0.025537559214027002 0.018266518662308395 -0.010815506234938705 -0.017365745164498333 -0.0036483425977177257 0.0142888083449668
leaf_weight=10.923969417810438 13.897000700235372 10.133004456758497 10.844186604022978 12.424691304564478 17.120207265019417 7.6403499841690055 30.229846999049187 44.149288013577461
leaf_count=44 56 41 44 50 69 31 122 180
internal_value=0.00104244 -0.0115919 0.00447504 -0.00667347 0.00132174 0 0.00997258 0.0068976
internal_weight=157.363 31.6704 125.692 40.4689 29.5449 21.5374 85.2233 74.3791
internal_count=637 128 509 163 119 87 346 302
is_linear=0
shrinkage=0.03


Tree=22
num_leaves=6
num_cat=0
split_feature=10 12 15 35 25
split_gain=7.70571 13.5884 7.37171 10.1283 6.92715
threshold=-0.0610923545168977 34.693979789052968 52.728333897340534 0.02134330473173918 0.35714198521205359
decision_type=2 2 2 2 2
left_child=-1 -2 4 -4 -3
right_child=1 2 3 -5 -6
leaf_value=0.020910444645741582 -0.026262016791253194 0.011319299173754568 0.0013032104758022764 -0.033965665365518947 -0.0052391838204846842
leaf_weight=13.835248529911039 15.121439605951307 69.037379577755928 19.787137836217884 8.8713675737380964 30.593224182724953
leaf_count=56 61 280 80 36 124
internal_value=0.000998143 -0.00108089 0.00212966 -0.0106287 0.00608411
internal_weight=157.246 143.411 128.289 28.6585 99.6306
internal_count=637 581 520 116 404
is_linear=0
shrinkage=0.03


Tree=23
num_leaves=8
num_cat=0
split_feature=34 23 34 28 37 14 38
split_gain=6.66407 7.62143 6.68961 7.97423 7.25115 5.80368 6.99873
threshold=-0.04309693831980526 1.0232183860551014 0.0093507739926536066 7.5000000000000009 0.0087735921042859672 -18.491561099706839 0.0089996331054285148
decision_type=2 2 2 2 2 2 2
left_child=-1 5 4 -4 -3 -2 -7
right_child=1 2 3 -5 -6 6 -8
leaf_value=0.021998638659312741 0.01471100876405276 0.01194302492493915 0.031013579226680847 0 -0.016154074359729438 1.4370433523852484e-05 -0.016907319669210535
leaf_weight=10.528116434812544 8.4545468688011152 14.23558083176613 15.19104738533497 11.650660321116446 14.561983123421667 39.941801473498344 42.600150898098946
leaf_count=44 34 58 62 47 59 161 172
internal_value=0.000953844 -0.000731883 0.00773579 0.018013 -0.0019041 -0.00612571 -0.00873491
internal_weight=157.164 146.636 55.6393 26.8417 28.7976 90.9965 82.542
internal_count=637 593 226 109 117 367 333
is_linear=0
shrinkage=0.03


Tree=24
num_leaves=12
num_cat=0
split_feature=15 20 16 34 19 37 40 25 13 17 37
split_gain=6.71382 8.28637 7.47235 5.66704 5.48862 6.22329 4.66661 4.11285 3.63719 3.39577 3.3906
threshold=49.825600029655867 0.026632767526132282 1.0220783792767085 0.011249363949162096 0.28727259080454909 0.021421569455458259 0.055330986572809888 0.35714198521205359 4.3812006261356311 -0.36633745435712023 0.01260626602443349
decision_type=2 2 2 2 2 2 2 2 2 2 2
left_child=1 2 9 -4 5 -2 -6 8 -3 -1 -9
right_child=4 7 3 -5 6 -7 -8 10 -10 -11 -12
leaf_value=0 0 0.0078937043641960532 -0.01025732532536607 0.01903756154280007 -0.012569484710488158 -0.035727401109741805 0.017117835307275946 0.0090599155642431452 0.025653979480985935 -0.026544488826321017 -0.010432830691900126
leaf_weight=7.4302309155464199 7.4247163534164491 40.181006297469139 8.44269508123398 11.133650675415991 7.4240817427635175 9.3351657390594465 7.4059193581342697 15.442000940442087 16.500828683376312 13.417617842555044 12.882485389709471
leaf_count=30 30 163 34 45 30 38 30 63 68 54 52
internal_value=0.000947007 0.00416628 -0.00658657 0.00592865 -0.0108758 -0.0217416 0.00163714 0.00948599 0.0140177 -0.0184853 0
internal_weight=157.02 125.431 40.4242 19.5763 31.5899 16.7599 14.83 85.0063 56.6818 20.8478 28.3245
internal_count=637 509 163 79 128 68 60 346 231 84 115
is_linear=0
shrinkage=0.03


Tree=25
num_leaves=8
num_cat=0
split_feature=34 23 23 12 38 36 20
split_gain=16.9191 8.37966 8.02597 5.64709 4.92337 5.37171 3.98386
threshold=-0.027930448746805166 1.0232183860551014 0.65570860765471473 72.376871835827913 0.011792353134092796 0.0052260808517211278 0.03053078186510429
decision_type=2 2 2 2 2 2 2
left_child=6 2 -2 -4 5 -3 -1
right_child=1 4 3 -5 -6 -7 -8
leaf_value=0.0027816884250801057 0.011175703234881443 0.021685887196054396 -0.016826142936880759 0.0079858246081561841 -0.0095689385840915034 0 0.031988539139974188
leaf_weight=7.7701503485441235 11.709472149610518 18.14258474111557 60.527257323265076 7.4324612766504279 12.636951610445974 23.596385940909386 14.67055296897888
leaf_count=32 47 74 244 30 51 96 62
internal_value=0.000487331 -0.00355183 -0.00971668 -0.0137474 0.00523884 0.0102976 0.0235445
internal_weight=156.486 134.045 79.6692 67.9597 54.3759 41.739 22.4407
internal_count=636 542 321 274 221 170 94
is_linear=0
shrinkage=0.03


Tree=26
num_leaves=10
num_cat=0
split_feature=36 20 23 11 3 23 14 36 36
split_gain=8.51789 6.35432 6.02542 8.12076 6.69999 6.5558 4.13895 2.65162 2.13086
threshold=0.0077671056023701154 0.03053078186510429 1.0232183860551014 -0.0067781772919446306 0.059316531181677797 0.65570860765471473 -17.92524501556343 0.0091068663335226573 0.0047738633629512261
decision_type=2 2 2 2 2 2 2 2 2
left_child=2 -2 5 8 -5 -1 -7 -3 -4
right_child=1 7 3 4 -6 6 -8 -9 -10
leaf_value=0.011737981133014518 -0.0007341585244980516 0.0074258512564561513 0 0.023442437857771892 -0.0018640920305581015 0.0069438964322814292 -0.014140843945095755 0.037266417878167313 -0.019453510042924654
leaf_weight=10.711484551429747 11.523849055171015 7.3121074438095084 7.4133032560348537 20.600593611598015 13.915996477007864 7.4408332407474509 60.096159130334854 8.3364015370607358 8.9420531243085843
leaf_count=43 47 30 30 84 57 30 243 36 36
internal_value=0.000500542 0.0152344 -0.00267075 0.00507147 0.0132856 -0.0078921 -0.0114692 0.0265944 -0.0110053
internal_weight=156.293 27.1724 129.12 50.8719 34.5166 78.2485 67.537 15.6485 16.3554
internal_count=636 113 523 207 141 316 273 66 66
is_linear=0
shrinkage=0.03


Tree=27
num_leaves=7
num_cat=0
split_feature=34 22 22 5 20 28
split_gain=15.7262 6.74542 6.16068 5.49827 3.6512 2.78296
threshold=-0.027930448746805166 -0.38651944322066439 0.53468217089936987 -0.13682867130423446 0.03053078186510429 6.5000000000000009
decision_type=2 2 2 2 2 2
left_child=4 -2 3 -3 -1 -4
right_child=1 2 5 -5 -6 -7
leaf_value=0.0028241283059621579 0.017351666993038216 0.013353400512743762 0.020257512784066189 -0.010278806136750845 0.031008110296545491 -0.0013362163056505347
leaf_weight=7.7706947177648571 10.599670916795729 7.4725399911403647 8.8024583458900469 99.117446973919868 14.489216804504393 7.8737361878156653
leaf_count=32 43 30 36 401 62 32
internal_value=0.000507697 -0.00337549 -0.00552614 -0.0082685 0.0228316 0.0102075
internal_weight=156.126 133.866 123.266 106.59 22.2599 16.6762
internal_count=636 542 499 431 94 68
is_linear=0
shrinkage=0.03


Tree=28
num_leaves=9
num_cat=0
split_feature=34 23 23 12 12 14 36 20
split_gain=14.9545 7.46168 7.23305 5.28631 4.62492 10.6942 8.80564 3.48873
threshold=-0.027930448746805166 1.0232183860551014 0.65570860765471473 72.376871835827913 67.169189108953958 -0.79388988090431656 0.0050322082912597271 0.03053078186510429
decision_type=2 2 2 2 2 2 2 2
left_child=7 2 -2 -4 5 -3 -6 -1
right_child=1 4 3 -5 6 -7 -8 -9
leaf_value=0.0027577602175341892 0.010719321086272713 -0.0053869874235600666 -0.015910957429113366 0.0080512422415234177 0.013980681070599119 0.025893558887497718 -0.022924805267313365 0.030395302086709288
leaf_weight=7.7671589255332973 11.707235395908354 16.366998463869095 60.419660687446594 7.4261052608489981 8.5596050471067446 18.788340345025063 10.572760686278341 14.37987945973873
leaf_count=32 47 66 244 30 35 77 43 62
internal_value=0.000526738 -0.00325078 -0.00907793 -0.012918 0.00504095 0.0114207 -0.00594338 0.022355
internal_weight=155.988 133.841 79.553 67.8458 54.2877 35.1553 19.1324 22.147
internal_count=636 542 321 274 221 143 78 94
is_linear=0
shrinkage=0.03


Tree=29
num_leaves=8
num_cat=0
split_feature=34 34 34 36 27 20 21
split_gain=14.2368 6.43112 15.0796 6.56393 6.47059 3.33512 2.94554
threshold=-0.027930448746805166 0.034551093974205867 0.011658217495534752 0.0047247732072339798 1.5000000000000002 0.03053078186510429 0.023336617750242726
decision_type=2 2 2 2 2 2 2
left_child=5 2 3 -2 -4 -1 -3
right_child=1 6 4 -5 -6 -7 -8
leaf_value=0.0026929428280610015 0.0045110863122369959 -0.027505026139330469 0 -0.014636807173104324 0.022492393320777154 0.029802518602360443 -0.0017310664359671327
leaf_weight=7.7636788338422802 20.739603474736214 10.880075037479402 18.917937278747559 49.937547132372856 25.116183340549469 14.267411917448042 8.1216573268175107
leaf_count=32 84 44 77 202 102 62 33
internal_value=0.000535965 -0.00314309 -0.000212229 -0.00884211 0.0130957 0.0218926 -0.018417
internal_weight=155.744 133.713 114.711 70.6772 44.0341 22.0311 19.0017
internal_count=636 542 465 286 179 94 77
is_linear=0
shrinkage=0.03


Tree=30
num_leaves=11
num_cat=0
split_feature=37 34 34 5 36 19 35 6 31 27
split_gain=16.6028 7.99433 11.4382 7.8092 7.82305 5.51372 5.18833 3.6188 4.49494 2.16286
threshold=0.01601439565633345 0.012180832334821702 0.029745213301793697 0.097581750259929448 0.0043698420435613807 0.249111313689032 -0.019336587164372639 0.0334016403811793 -1.4999999999999998 1.5000000000000002
decision_type=2 2 2 2 2 2 2 2 2 2
left_child=3 7 9 4 -1 -6 -5 8 -2 -3
right_child=1 2 -4 6 5 -7 -8 -9 -10 -11
leaf_value=-0.0072253154989295925 -0.0018981250880167704 0.00021226347144060319 -0.020906555796969289 0.0076215825265196864 0.025714308537877675 0 -0.02308172320695703 0 -0.027944905522641353 0.019395280539954131
leaf_weight=9.1181424111127836 9.6090517938137037 10.327589556574823 12.050599098205565 8.0080730468034726 36.098587602376938 8.6197571456432325 7.3511136621236792 8.5212213397026044 25.854933589696884 14.253335341811178
leaf_count=37 39 42 49 33 148 36 30 35 105 58
internal_value=-0.000164513 -0.00940772 0.000623974 0.0103554 0.0157034 0.0208088 -0.00717559 -0.0177522 -0.0217659 0.0125223
internal_weight=149.812 80.6167 36.6315 69.1957 53.8365 44.7183 15.3592 43.9852 35.464 24.5809
internal_count=612 328 149 284 221 184 63 179 144 100
is_linear=0
shrinkage=0.03


Tree=31
num_leaves=12
num_cat=0
split_feature=37 34 34 5 34 22 16 31 37 7 20
split_gain=15.6623 7.57202 10.8729 7.39182 6.48257 5.42372 4.50832 3.97762 3.83865 3.28944 1.04924
threshold=0.01601439565633345 0.012180832334821702 0.029745213301793697 0.097581750259929448 0.0093507739926536066 0.47670859542294114 4.2392551309137918 -1.4999999999999998 -0.019764695075917379 0.040735896391230798 0.027950625478755597
decision_type=2 2 2 2 2 2 2 2 2 2 2
left_child=3 5 9 4 10 7 -5 -2 -6 -3 -1
right_child=1 2 -4 6 8 -7 -8 -9 -10 -11 -12
leaf_value=0.0092303726848410386 -0.0017342461873229411 0.002758427190238933 -0.020388640356136859 -0.020738975591348248 -0.011049428628082763 0.0031115168941835449 0.0078362460512091964 -0.027349601629031623 0.011350848402399361 0.02631468979691642 0.029119554780657725
leaf_weight=8.3498539477586764 8.6260912865400297 16.766570791602138 12.037015944719313 8.0791484564542753 8.4085853844881076 7.8554961532354346 7.2813605070114127 27.483529254794121 17.054827064275742 7.7943383753299704 19.949776887893677
leaf_count=34 35 68 49 33 34 32 30 112 69 32 84
internal_value=-0.000172328 -0.00915446 0.000603803 0.0100484 0.0152606 -0.0172767 -0.00698713 -0.0220362 0.00314162 0.0122172 0.0247429
internal_weight=149.687 80.563 36.5979 69.1236 53.763 43.9651 15.3605 36.1096 25.4634 24.5609 28.2996
internal_count=612 328 149 284 221 179 63 147 103 100 118
is_linear=0
shrinkage=0.03


Tree=32
num_leaves=12
num_cat=0
split_feature=37 34 34 9 9 26 21 13 34 7 33
split_gain=14.8104 7.17463 10.353 6.97152 6.5507 5.36685 5.08221 5.23184 3.84563 3.14266 3.05802
threshold=0.01601439565633345 0.012180832334821702 0.029745213301793697 0.024375757083262683 -0.043260933500908233 0.12499938805837904 0.019848840338537857 3.6952230752082333 0.0057281397424600042 0.040735896391230798 0.53645343083069263
decision_type=2 2 2 2 2 2 2 2 2 2 2
left_child=3 6 9 4 8 -5 -2 -8 -1 -3 -7
right_child=1 2 -4 5 -6 10 7 -9 -10 -11 -12
leaf_value=0.019219282196597961 0.0028861531988248409 0.0026846488215263036 -0.019886636137570888 0.015785361141358038 0.033912492264358621 -0.019130910312500991 -0.027424902092210164 0 -0.0049518659157668015 0.025754256238403359 0.00051223637669147782
leaf_weight=8.4875519573688525 7.8653594851493827 16.765501081943516 12.021365091204641 11.561912998557089 13.871141776442526 9.4726483225822466 27.476504564285278 8.5952382087707502 10.679908156394957 7.7689355611801139 14.947049573063849
leaf_count=35 32 68 49 48 57 39 112 35 43 32 62
internal_value=-0.000154808 -0.00889456 0.000599979 0.00978992 0.0193217 8.6315e-05 -0.0168028 -0.021416 0.00584737 0.0119456 -0.00741119
internal_weight=149.513 80.4929 36.5558 69.0202 33.0386 35.9816 43.9371 36.0717 19.1675 24.5344 24.4197
internal_count=612 328 149 284 135 149 179 147 78 100 101
is_linear=0
shrinkage=0.03


Tree=33
num_leaves=12
num_cat=0
split_feature=37 40 37 40 8 9 3 20 35 38 37
split_gain=14.026 8.64577 7.22009 7.63488 6.77273 7.75053 5.94572 5.8932 3.38815 1.86232 1.57215
threshold=0.01601439565633345 1.0000000180025095e-35 0.0010122416126799874 -0.019595860061444866 0.075851250766930903 0.26994442852895234 -0.017149158364084812 0.036142382121371767 0.010637926901307939 0.0089519570011081535 0.0087735921042859672
decision_type=2 2 2 2 2 2 2 2 2 2 2
left_child=1 2 3 -1 6 9 7 -2 -8 -6 -3
right_child=4 10 -4 -5 5 -7 8 -9 -10 -11 -12
leaf_value=-0.00049472287168640433 0.014756110278278811 0.034827872675814428 -0.021183341755582615 0.02527139597037548 0.025984228896500774 -0.017348327814279009 -0.033574135468702637 -0.015007782674094035 -0.011853611322094188 0.0029590391086762508 0.010226013004865338
leaf_weight=30.403145357966423 9.6170655041933077 9.7384062111377734 7.3711882829666129 12.844812095165251 7.2643022537231472 7.2849151194095603 12.502697154879568 10.317666679620741 25.138454437255859 8.2686523944139463 8.5813089758157712
leaf_count=126 39 40 30 53 30 30 51 42 102 34 35
internal_value=-0.000128031 0.00955236 0.00248209 0.00760517 -0.00864154 0.00443363 -0.01405 0 -0.0207765 0.0163185 0.0261829
internal_weight=149.333 68.9389 50.6191 43.248 80.3938 22.8179 57.5759 19.9347 37.6412 15.533 18.3197
internal_count=612 284 209 179 328 94 234 81 153 64 75
is_linear=0
shrinkage=0.03


Tree=34
num_leaves=8
num_cat=0
split_feature=37 11 14 23 21 36 19
split_gain=13.3342 9.11114 9.50649 6.52111 6.17073 5.78898 5.256
threshold=0.010736221430679095 0.15187005696480163 93.005627671186303 0.75283589685647934 0.021287692165247379 0.0058625641493879341 0.22016128692467987
decision_type=2 2 2 2 2 2 2
left_child=3 2 5 -1 -5 -2 -6
right_child=1 -3 -4 4 6 -7 -8
leaf_value=-0.007101978992690338 0 -0.029464053623180841 0.024267436179220486 -0.00021643282046691003 0.031609614926621024 -0.017500098627286506 0.0054640259103882439
leaf_weight=12.637752339243887 41.832458317279816 12.551820874214171 7.8568337112665168 14.157924816012381 19.780265063047409 26.43468464910984 13.900900691747664
leaf_count=52 170 52 32 58 82 108 58
internal_value=-0.000115428 -0.00755816 -0.00309235 0.0104502 0.0154869 -0.00705574 0.0221503
internal_weight=149.153 88.6758 76.124 60.4768 47.8391 68.2671 33.6812
internal_count=612 362 310 250 198 278 140
is_linear=0
shrinkage=0.03


Tree=35
num_leaves=7
num_cat=0
split_feature=10 12 9 20 26 26
split_gain=5.87801 8.32296 7.83663 7.35397 5.7725 5.43981
threshold=-0.0610923545168977 45.923769722314709 -0.0090328226595319822 0.05057293240119435 0.13303693649191234 0.4426669072069172
decision_type=2 2 2 2 2 2
left_child=-1 4 -3 -4 -2 -6
right_child=1 2 3 -5 5 -7
leaf_value=0.017343024111848401 0.0038895938311942014 0.0217608311104882 -0.0049578037096370863 0.018202021297797178 -0.026684245036364174 0
leaf_weight=13.211158588528631 11.482579618692396 14.0392490029335 71.968486487865448 12.732218295335768 22.553440347313881 9.7744187116622907
leaf_count=54 47 57 295 54 92 40
internal_value=-0.00028924 -0.00224447 0.00248623 -0.000963834 -0.012877 -0.019149
internal_weight=155.762 142.55 98.74 84.7007 43.8104 32.3279
internal_count=639 585 406 349 179 132
is_linear=0
shrinkage=0.03


Tree=36
num_leaves=7
num_cat=0
split_feature=11 34 20 12 11 13
split_gain=5.73642 5.793 6.32686 7.43046 6.60416 5.7774
threshold=0.14943677176793693 0.041200949234203928 0.025848834015141493 49.281596865699676 -0.069364404055052384 -0.66992665398831253
decision_type=2 2 2 2 2 2
left_child=1 2 3 -1 -4 -2
right_child=5 -3 4 -5 -6 -7
leaf_value=-0.024524567433585925 0.0019213805961301865 -0.018640460850095381 -0.014097436664754487 0.004318090239159687 0.010126243466295577 -0.027372988297782865
leaf_weight=11.814870074391367 9.1769772320985812 9.1329295784234983 9.1583090424537641 16.474328175187111 88.836561441421509 11.102073386311529
leaf_count=48 38 37 37 67 366 46
internal_value=-0.000261205 0.00193554 0.00380795 -0.00805666 0.00747568 -0.0144606
internal_weight=155.696 135.417 126.284 28.2892 97.9949 20.2791
internal_count=639 555 518 115 403 84
is_linear=0
shrinkage=0.03


Tree=37
num_leaves=11
num_cat=0
split_feature=34 34 34 11 20 9 20 15 37 2
split_gain=5.58179 7.46323 5.80779 9.84817 4.89516 4.31701 3.43056 5.27163 3.20367 2.62448
threshold=-0.02050692411844118 0.011249363949162096 0.036246484386888163 0.13583559241989843 0.045913343564364363 0.037403979375338507 0.036142382121371767 -6.5413822935771666 0.01224247316553584 0.012596347872560478
decision_type=2 2 2 2 2 2 2 2 2 2
left_child=4 6 3 -3 5 -1 7 -2 -8 -4
right_child=1 2 9 -5 -6 -7 8 -9 -10 -11
leaf_value=0.013490223004817649 0.013497316260274927 0.015314927850276596 -0.017371722761358642 -0.017790742091041822 0.024800037319521146 -0.013498012891921251 -0.0012787387173177748 -0.011606547933765626 -0.024199106336412462 0.0020256555699252107
leaf_weight=9.0601305812597328 9.3953301310539263 40.398681223392487 11.813781231641771 7.8440994024276725 11.331040531396864 8.2774625420570356 9.5388842374086398 19.293200999498367 20.014112085103989 8.5792142152786237
leaf_count=38 38 165 48 32 50 34 39 78 82 35
internal_value=-0.000279684 -0.0031049 0.00340705 0.0091396 0.0111217 0 -0.0108864 -0.00255256 -0.0178264 -0.00908942
internal_weight=155.546 126.877 68.6358 48.2428 28.6686 17.3376 58.2415 28.6885 29.553 20.393
internal_count=639 517 280 197 122 72 237 116 121 83
is_linear=0
shrinkage=0.03


Tree=38
num_leaves=12
num_cat=0
split_feature=19 35 27 14 28 23 25 14 23 4 19
split_gain=5.77514 7.9436 5.8854 5.46798 7.26631 6.39545 3.9103 3.41309 6.38074 3.13789 0.738429
threshold=0.13646878882317856 0.0023615937511609624 2.5000000000000004 24.167305582963682 3.5000000000000004 0.9421056445976741 0.10213204138581537 20.941455607484503 0.92076225687522417 -0.026673027030207627 0.10690537012859382
decision_type=2 2 2 2 2 2 2 2 2 2 2
left_child=2 7 6 4 -3 -5 -1 -2 -9 -4 -8
right_child=1 3 9 5 -6 -7 10 8 -10 -11 -12
leaf_value=0 0.026181877346491904 0.024250143439994865 -0.0092322268776249914 -0.032259473531803549 -0.002475301953784485 -0.0005762202587411752 -0.011175291083363421 -0.012488240714271759 0.017204175403682229 0.012867175680835792 -0.030748425829881014
leaf_weight=8.5526345670223254 13.064013034105299 9.7403265535831434 7.6138369888067272 8.0133638530969638 37.327905684709549 15.971973106265066 10.038214311003687 8.2641403079032916 14.940326303243635 11.514233410358427 10.292321130633352
leaf_count=35 57 40 31 33 152 65 41 34 62 47 42
internal_value=-0.000277868 0.00349099 -0.00880522 -0.00220421 0.00351258 -0.0134069 -0.0170155 0.0145725 0.00588242 0.00331942 -0.0236224
internal_weight=155.333 107.322 48.0112 71.0536 47.0682 23.9853 28.8832 36.2685 23.2045 19.1281 20.3305
internal_count=639 443 196 290 192 98 118 153 96 78 83
is_linear=0
shrinkage=0.03


Tree=39
num_leaves=9
num_cat=0
split_feature=19 11 13 32 35 10 10 26
split_gain=5.57956 9.23769 5.16765 8.38184 3.20171 3.75688 2.56142 0.447396
threshold=0.2737291831674899 0.14943677176793693 4.8841968809531133 0.00085816178687303523 0.033433514961092155 0.097259154121818195 0.024510615089417879 0.21760760142409138
decision_type=2 2 2 2 2 2 2 2
left_child=1 2 3 -1 5 7 -4 -2
right_child=4 -3 6 -5 -6 -7 -8 -9
leaf_value=0.0043900241311809552 0.0095948259175752393 -0.024419750941784064 0.002159821171931644 -0.014174333636337386 -0.0030097637391644852 0 0.022267483518164773 0.030145868857981924
leaf_weight=46.659932434558868 7.080133378505713 14.201616257429121 16.323971614241604 36.973851040005684 8.8997641503810865 7.2618493288755408 9.3872427344322187 8.3626838922500593
leaf_count=191 30 59 68 151 36 30 39 35
internal_value=-0.000282104 -0.00327614 -6.0025e-06 -0.00378134 0.0104741 0.0161824 0.0111197 0.0237642
internal_weight=155.151 123.547 109.345 83.6338 31.6044 22.7047 25.7112 15.4428
internal_count=639 508 449 342 131 95 107 65
is_linear=0
shrinkage=0.03


Tree=40
num_leaves=10
num_cat=0
split_feature=13 11 14 25 36 15 18 10 3
split_gain=9.38743 10.3435 6.36386 6.21155 6.14059 4.85875 4.84191 13.3674 6.35977
threshold=1.0000000180025095e-35 0.14943677176793693 87.070422529615271 0.21680380889363757 0.0045406766802168824 24.061004473948163 0.58395632131257225 0.0013383746882302818 0.051548230577015082
decision_type=2 2 2 2 2 2 2 2 2
left_child=2 3 6 5 -5 -2 7 -1 -8
right_child=1 -3 -4 4 -6 -7 8 -9 -10
leaf_value=-0.011714430295581554 0.027225559405045837 -0.02082372263061601 0.015320417826037496 -0.017964148665188858 0.009783483441750505 0 -0.02770916696814469 0.0273239527117972 0.0003595505061066241
leaf_weight=30.066288262605667 25.780483156442642 7.3965056240558615 8.5063016563653928 7.3956490606069556 26.860924810171127 7.5997248142957678 19.054552242159847 8.4118814468383771 9.4362751245498639
leaf_count=123 107 31 35 30 112 31 78 35 39
internal_value=0.00108809 0.00857317 -0.00618876 0.012509 0.00271883 0.0214107 -0.00950335 -0.00188113 -0.0185069
internal_weight=150.509 75.0333 75.4753 67.6368 34.2566 33.3802 66.969 38.4782 28.4908
internal_count=621 311 310 280 142 138 275 158 117
is_linear=0
shrinkage=0.03


Tree=41
num_leaves=7
num_cat=0
split_feature=10 12 38 32 19 21
split_gain=7.13717 9.53957 7.12718 6.75801 2.02112 3.25278
threshold=-0.0610923545168977 40.427320644193713 0.0067253370931505997 0.013262913479525353 0.13744150659531557 0.025635938385607002
decision_type=2 2 2 2 2 2
left_child=-1 4 -3 -4 -2 -6
right_child=1 2 3 -5 5 -7
leaf_value=0.022053936937008651 -0.024206289191897372 0.024024932755107559 -0.0034598024007627876 0.015748163290789031 0.0051020599842966832 -0.018757875905789471
leaf_weight=11.352993741631506 12.975056052207949 11.002926513552664 80.557172283530235 18.561284482479095 8.5415306985378248 7.3401656150817862
leaf_count=47 53 45 333 78 35 30
internal_value=0.00105785 -0.000839444 0.00312666 0.000229147 -0.0156824 -0.00595123
internal_weight=150.331 138.978 110.121 99.1185 28.8568 15.8817
internal_count=621 574 456 411 118 65
is_linear=0
shrinkage=0.03


Tree=42
num_leaves=12
num_cat=0
split_feature=13 9 21 10 21 36 34 32 22 21 8
split_gain=8.64327 6.25691 5.71692 5.56864 5.58775 5.47808 4.53261 3.69596 1.67085 1.34814 0.947487
threshold=1.0000000180025095e-35 0.24658351565025599 0.023824787294694633 0.022071970783859255 0.028647011045709377 0.0051469171691743039 -0.0019642055284313504 -0.0056172009134091696 0.039187994832475044 0.020222779087843576 0.030799265613410159
decision_type=2 2 2 2 2 2 2 2 2 2 2
left_child=2 3 5 4 -2 -1 10 -8 -5 -7 -4
right_child=1 -3 6 8 -6 9 7 -9 -10 -11 -12
leaf_value=0.0011964280443931036 0.011516299409661892 -0.012335703919738259 0.020980154768415991 0.031975854851501929 -0.010449606658030255 -0.01094453242776232 0.0073711673795897213 -0.013229105523344227 0.0097558258610720844 -0.031952733004053782 0.0024521720852915632
leaf_weight=10.775603413581846 31.150255233049393 9.2132205814123136 7.0902442485094053 11.177959114313127 12.780158728361128 11.727296099066736 10.043510422110559 18.533602520823479 10.528473049402235 10.062055811285971 7.1626719087362289
leaf_count=44 128 38 30 47 54 48 41 76 44 41 30
internal_value=0.00103483 0.00823162 -0.00594422 0.0116198 0.00462268 -0.0150548 0.00101086 -0.00548994 0.0235633 -0.0231471 0.0140395
internal_weight=150.245 74.8501 75.395 65.6368 43.9304 32.565 42.83 28.5771 21.7064 21.7894 14.2529
internal_count=621 311 310 273 182 133 177 117 91 89 60
is_linear=0
shrinkage=0.03


Tree=43
num_leaves=8
num_cat=0
split_feature=10 12 34 34 34 34 25
split_gain=6.79474 9.04474 8.69347 6.24295 7.29948 7.08556 0.0261609
threshold=-0.0610923545168977 40.427320644193713 0.0093507739926536066 0.011914230819505269 0.034551093974205867 -0.04309693831980526 0.14921784888149262
decision_type=2 2 2 2 2 2 2
left_child=-1 2 -2 5 -5 -3 -4
right_child=1 3 6 4 -6 -7 -8
leaf_value=0.021518859621788292 0.0010934274683150203 0.019434182713924664 -0.014486679293631491 0.019353695621744396 -0.0047353866232461711 -0.0070941745781693587 -0.037029626458058455
leaf_weight=11.327498838305472 13.901088371872904 8.6143422275781614 7.3604382425546628 30.84368996322155 14.939102724194525 55.561754435300827 7.5398841202259064
leaf_count=47 57 39 30 127 61 229 31
internal_value=0.00101047 -0.000839099 -0.0153069 0.00302219 0.0113102 -0.00282688 -0.0298136
internal_weight=150.088 138.76 28.8014 109.959 45.7828 64.1761 14.9003
internal_count=621 574 118 456 188 268 61
is_linear=0
shrinkage=0.03


Tree=44
num_leaves=7
num_cat=0
split_feature=34 32 32 11 38 7
split_gain=5.55061 4.30761 6.18236 4.53455 3.39662 3.38631
threshold=-0.048380510754904786 0.013848046622336409 0.0032206504538979668 0.12310508260328258 0.0091544502169972966 0.035936813658426825
decision_type=2 2 2 2 2 2
left_child=-1 2 3 -2 -4 -3
right_child=1 5 4 -5 -6 -7
leaf_value=0.022617852972388337 0.00598337780790896 0.019504563173343783 -0.0021167953946889411 -0.011332517876512986 -0.019698851565171285 -0.0018448593539509839
leaf_weight=7.9958631247282019 60.923963010311127 13.579042449593546 21.6807741522789 15.060281336307524 21.5528883934021 9.1116180419921857
leaf_count=37 250 56 89 62 89 38
internal_value=0.000977705 -0.000434771 -0.00285379 0.00215636 -0.0116969 0.010869
internal_weight=149.904 141.909 119.218 75.9842 43.2337 22.6907
internal_count=621 584 490 312 178 94
is_linear=0
shrinkage=0.03


Tree=45
num_leaves=9
num_cat=0
split_feature=34 34 12 35 12 38 19 36
split_gain=9.0715 4.55087 10.0397 9.72607 8.19409 4.68559 2.39731 2.197
threshold=-0.028949107309786056 0.011658217495534752 40.427320644193713 0.054986871568956659 29.576722676919257 0.0067253370931505997 0.16642084952280053 0.0050887551174993778
decision_type=2 2 2 2 2 2 2 2
left_child=6 4 7 -4 -2 -6 -1 -3
right_child=1 2 3 -5 5 -7 -8 -9
leaf_value=0.00097332509481001383 0.014167997787062351 -0.0033881685272289523 0.016371505174110002 -0.011587397568089446 0.0062309964952146453 -0.016563679418467724 0.024447169414075678 -0.028754169386706475
leaf_weight=7.7641804814338711 9.0867224335670453 7.7962571233510953 35.03401406109333 13.758889660239218 7.3467124849557868 55.307635337114334 11.354785189032553 7.3170840293169022
leaf_count=33 37 32 144 56 30 227 52 30
internal_value=-0.00156486 -0.00444112 0.00117746 0.00804636 -0.00954569 -0.0135488 0.0166197 -0.0184708
internal_weight=154.766 135.647 63.9062 48.7929 71.7411 62.6543 19.119 15.1133
internal_count=641 556 262 200 294 257 85 62
is_linear=0
shrinkage=0.03


Tree=46
num_leaves=10
num_cat=0
split_feature=34 23 12 5 23 38 35 7 19
split_gain=8.65322 8.2381 5.83645 9.31384 5.16311 4.02036 3.86874 2.91952 2.29315
threshold=-0.028949107309786056 1.0197165765744998 40.427320644193713 0.091253137732288506 0.7440922386844897 0.0099597847528201337 0.017349450952553139 -0.034211707332066701 0.16642084952280053
decision_type=2 2 2 2 2 2 2 2 2
left_child=8 4 7 -4 5 -2 -6 -3 -1
right_child=1 2 3 -5 6 -7 -8 -9 -10
leaf_value=0.00095026975815446651 0.011650279777158327 0.001891990600036241 0.025976138673194007 -0.0022351995497105689 -0.023665137168676742 -0.012818550384370977 -0.0071644261923090565 -0.021400670253579987 0.023988094580249118
leaf_weight=7.7625203430652645 13.605798751115801 7.3151195496320724 17.330994606018066 20.60073746740818 24.465724617242813 7.6242155879735938 37.291327834129333 7.3113251775503141 11.264574795961378
leaf_count=33 55 30 72 85 101 31 152 30 52
internal_value=-0.00151316 -0.0043214 0.0046736 0.0109343 -0.0101706 0.00187014 -0.0144739 -0.0100229 0.016287
internal_weight=154.572 135.545 52.5582 37.9317 82.9871 21.23 61.7571 14.6264 19.0271
internal_count=641 556 217 157 339 86 253 60 85
is_linear=0
shrinkage=0.03


Tree=47
num_leaves=10
num_cat=0
split_feature=13 25 20 31 38 3 20 19 13
split_gain=5.69032 9.71473 4.91073 4.58731 3.50997 4.28824 2.04444 1.83981 1.59224
threshold=3.3308084901861403 0.2759525278440802 0.043968110621099211 -2.4999999999999996 0.013494428529607597 0.067874130659496337 0.02747182993828105 0.15944960670949873 -2.9096229743627329
decision_type=2 2 2 2 2 2 2 2 2
left_child=3 2 6 8 5 -5 -2 -3 -1
right_child=1 7 -4 4 -6 -7 -8 -9 -10
leaf_value=0.016784933602207491 0.008426286150912024 -0.01872414249059709 -0.00017636620698846062 -0.0063541214763986392 0.0062391479346914505 -0.025328695468517119 0.033835210093666877 0 0
leaf_weight=7.9612872749567032 8.278558582067495 7.8033217042684537 8.0863665789365751 71.901969268918037 11.651330307126043 12.38208097219467 11.086295634508131 7.8694546073675156 7.3079633116722089
leaf_count=33 34 32 35 296 50 51 47 33 30
internal_value=-0.00146802 0.00742816 0.0179147 -0.00512066 -0.00764472 -0.00983799 0.0254805 -0.0100392 0.00891795
internal_weight=154.329 43.124 27.4512 111.205 95.9354 84.2841 19.3649 15.6728 15.2693
internal_count=641 181 116 460 397 347 81 65 63
is_linear=0
shrinkage=0.03


Tree=48
num_leaves=10
num_cat=0
split_feature=36 23 38 16 12 10 25 10 32
split_gain=5.91747 6.71922 6.35765 6.28523 5.48383 8.5266 2.64319 2.27002 0.718266
threshold=0.0079246560292421213 1.0197165765744998 0.015594245950331232 4.8557121059192783 40.427320644193713 0.032725304302137499 0.018346751089878797 -0.053114635536271763 0.0025957041826645271
decision_type=2 2 2 2 2 2 2 2 2
left_child=1 3 8 6 7 -6 -1 -3 -2
right_child=2 4 -4 -5 5 -7 -8 -9 -10
leaf_value=0.0093305432735064763 -0.0058598686488753509 0.00089554228781784338 0.031454975734788067 -0.02861038254568242 0.026910612934667861 -0.0012587552768868466 -0.0074224965053525764 -0.019380085329791016 0.0056542099438192444
leaf_weight=7.2678535282611838 7.4160011410713222 7.3257166743278503 7.337345913052558 11.237122967839239 14.593580201268194 20.53198766708374 62.886052340269089 7.5353555083274824 8.1067026853561384
leaf_count=30 31 30 35 46 61 85 258 31 34
internal_value=-0.00141739 -0.00398961 0.0118936 -0.00927991 0.00436144 0.0108599 -0.00526849 -0.00957498 0
internal_weight=154.238 131.378 22.86 81.391 49.9866 35.1256 70.1539 14.8611 15.5227
internal_count=641 541 100 334 207 146 288 61 65
is_linear=0
shrinkage=0.03


Tree=49
num_leaves=10
num_cat=0
split_feature=34 23 19 22 34 23 21 12 21
split_gain=8.0154 7.40164 5.30735 6.57415 5.7599 4.81057 6.44899 3.90107 3.16197
threshold=-0.028949107309786056 1.0197165765744998 0.21355738080823605 -0.19489947866371435 0.012448077353523159 0.7440922386844897 0.028647011045709377 73.555649389062708 0.038351365262035107
decision_type=2 2 2 2 2 2 2 2 2
left_child=8 5 3 -3 -4 6 -2 -7 -1
right_child=1 2 4 -5 -6 7 -8 -9 -10
leaf_value=0.0040173616805157641 0.014039023061435094 0.02765079404221623 -0.018182365311191346 0 0.010344101666906249 -0.016560751092813637 -0.017202141165904791 0.0042878806465471622 0.03047594801005447
leaf_weight=12.407794669270517 13.825199201703073 12.225811049342157 12.928240120410921 18.53371250629425 8.7102376222610456 54.281742230057716 7.379493609070777 7.3189263492822638 6.4446731656789771
leaf_count=53 56 51 53 77 36 223 30 30 32
internal_value=-0.00136873 -0.00407307 0.00445692 0.0123045 -0.00616127 -0.00962541 0.00197473 -0.0137909 0.015837
internal_weight=154.056 135.203 52.398 30.7595 21.6385 82.8054 21.2047 61.6007 18.8525
internal_count=641 556 217 128 89 339 86 253 85
is_linear=0
shrinkage=0.03


end of trees

feature_importances:
macro_usdjpy_ret_20=49
vol_ratio=28
div_ma_60=20
volatility=19
rsi_change=18
atr_pct=17
macro_usdjpy_vol_20=17
macro_topix_ret_20=17
macro_topix_vol_20=17
ma_20_60_cross=16
bb_bandwidth=16
macd=14
macd_signal=14
rsi=13
macro_usdjpy_ret_60=13
ma_5_20_cross=12
return_5d=10
return_20d=10
upper_shadow_pct=8
day_of_week=8
gap=7
return_1d=6
macd_hist_change=6
lower_shadow_pct=6
vol_change=5
div_ma_5=4
div_ma_10=4
macro_nikkei_ret_20=4
return_10d=3
div_ma_20=3
macd_hist=3
month=3
streak=3
price_position_20d=3
return_3d=1
bb_pct_b=1
candle_body_pct=1
macro_topix_above_200dma=1

parameters:
[boosting: gbdt]
[objective: binary]
[metric: binary_logloss]
[tree_learner: serial]
[device_type: cpu]
[data_sample_strategy: bagging]
[data: ]
[valid: ]
[num_iterations: 50]
[learning_rate: 0.03]
[num_leaves: 15]
[num_threads: 0]
[seed: 42]
[deterministic: 0]
[force_col_wise: 0]
[force_row_wise: 0]
[histogram_pool_size: -1]
[max_depth: 4]
[min_data_in_leaf: 30]
[min_sum_hessian_in_leaf: 0.001]
[bagging_fraction: 0.7]
[pos_bagging_fraction: 1]
[neg_bagging_fraction: 1]
[bagging_freq: 5]
[bagging_seed: 400]
[bagging_by_query: 0]
[feature_fraction: 0.6]
[feature_fraction_bynode: 1]
[feature_fraction_seed: 30056]
[extra_trees: 0]
[extra_seed: 12879]
[early_stopping_round: 0]
[early_stopping_min_delta: 0]
[first_metric_only: 0]
[max_delta_step: 0]
[lambda_l1: 0.5]
[lambda_l2: 2]
[linear_lambda: 0]
[min_gain_to_split: 0]
[drop_rate: 0.1]
[max_drop: 50]
[skip_drop: 0.5]
[xgboost_dart_mode: 0]
[uniform_drop: 0]
[drop_seed: 17869]
[top_rate: 0.2]
[other_rate: 0.1]
[min_data_per_group: 100]
[max_cat_threshold: 32]
[cat_l2: 10]
[cat_smooth: 10]
[max_cat_to_onehot: 4]
[top_k: 20]
[monotone_constraints: ]
[monotone_constraints_method: basic]
[monotone_penalty: 0]
[feature_contri: ]
[forcedsplits_filename: ]
[refit_decay_rate: 0.9]
[cegb_tradeoff: 1]
[cegb_penalty_split: 0]
[cegb_penalty_feature_lazy: ]
[cegb_penalty_feature_coupled: ]
[path_smooth: 0]
[interaction_constraints: ]
[verbosity: -1]
[saved_feature_importance_type: 0]
[use_quantized_grad: 0]
[num_grad_quant_bins: 4]
[quant_train_renew_leaf: 0]
[stochastic_rounding: 1]
[linear_tree: 0]
[max_bin: 255]
[max_bin_by_feature: ]
[min_data_in_bin: 5]
[bin_construct_sample_cnt: 200000]
[data_random_seed: 175]
[is_enable_sparse: 1]
[enable_bundle: 1]
[use_missing: 1]
[zero_as_missing: 0]
[feature_pre_filter: 1]
[pre_partition: 0]
[two_round: 0]
[header: 0]
[label_column: ]
[weight_column: ]
[group_column: ]
[ignore_column: ]
[categorical_feature: ]
[forcedbins_filename: ]
[precise_float_parser: 0]
[parser_config_file: ]
[objective_seed: 16083]
[num_class: 1]
[is_unbalance: 0]
[scale_pos_weight: 1]
[sigmoid: 1]
[boost_from_average: 1]
[reg_sqrt: 0]
[alpha: 0.9]
[fair_c: 1]
[poisson_max_delta_step: 0.7]
[tweedie_variance_power: 1.5]
[lambdarank_truncation_level: 30]
[lambdarank_norm: 1]
[label_gain: ]
[lambdarank_position_bias_regularization: 0]
[eval_at: ]
[multi_error_top_k: 1]
[auc_mu_weights: ]
[num_machines: 1]
[local_listen_port: 12400]
[time_out: 120]
[machine_list_filename: ]
[machines: ]
[gpu_platform_id: -1]
[gpu_device_id: -1]
[gpu_use_dp: 0]
[num_gpu: 1]

end of parameters

pandas_categorical:[]
