tree
version=v4
num_class=1
num_tree_per_iteration=1
label_index=0
max_feature_idx=44
objective=binary sigmoid:1
feature_names=return_1d return_2d return_3d return_5d return_10d return_20d div_ma_5 div_ma_10 div_ma_20 div_ma_60 ma_5_20_cross ma_20_60_cross rsi rsi_change macd macd_signal macd_hist macd_hist_change bb_pct_b bb_bandwidth atr_pct volatility vol_change vol_ratio candle_body_pct upper_shadow_pct lower_shadow_pct day_of_week month is_month_end is_month_start streak gap price_position_20d macro_usdjpy_ret_20 macro_usdjpy_ret_60 macro_usdjpy_vol_20 macro_topix_ret_20 macro_topix_vol_20 macro_topix_above_200dma macro_nikkei_ret_20 macro_nikkei_above_200dma macro_nikkei_vi macro_jgb10y macro_bias_score
feature_infos=[-0.087591240875912413:0.16526610644257711] [-0.13998929336188437:0.19732337379396192] [-0.15179514255543824:0.21506380329909747] [-0.15491846396633346:0.23436041083099912] [-0.18439517260735339:0.22315592903828207] [-0.18056206088992977:0.26206037970743856] [-0.1080946035976016:0.071056241426611794] [-0.12227493844213561:0.097501671630903897] [-0.16265978656033775:0.1409523207684287] [-0.21830637505069994:0.22649825375748983] [-0.098880457953817058:0.0985234568661566] [-0.10508450537761482:0.12100503489854586] [7.4879227053140198:92.100538599640942] [-23.130999202398307:23.778711166609909] [-850.09264835708382:1082.0943347062639] [-727.49336015041865:959.38590026946144] [-347.38550676731131:370.20326218213899] [-129.44440360422749:113.68028882144685] [-0.27481088238826878:1.3543980947925283] [0.03074133860163062:0.28902723377067446] [0.016724137931034482:0.055097680097680089] [0.008949052277275639:0.052922244735539706] [-0.91126723913609164:4.7554850154047239] [0.5208094017849253:1.8359211912761686] [-0.97142857142857142:0.97101449275362317] [0:0.9642857142857143] [0:0.91428571428571426] [0:4] [1:12] none [0:1] [-9:8] [-0.079728921666334496:0.17429193899782125] [0:1] [-0.10288784967882303:0.08505611680078462] [-0.13986255140503889:0.13160084488587853] [0.0024251968629527628:0.011841457708833433] [-0.90806057657351702:0.19897857359448179] [0.0040695656242548776:2.1402487319617212] [0:1] [-0.22859537662338159:0.23022297972565586] [0:1] none none none
tree_sizes=1088 1414 1164 998 1080 1060 893 1276 1098 865 1312 995 986 998 1521 1093 1208 870 1095 986 1208 892 889 1098 1089 1175 998 1210 1426 761 1297 1214 1518 1200 1101 1100 992 1185 1190 1186 974 995 1003 1108 787 1394 994 887 969 788

Tree=0
num_leaves=9
num_cat=0
split_feature=37 36 14 36 28 15 2 2
split_gain=12.1057 10.6153 8.43271 9.19152 6.00338 6.00281 4.29149 5.88884
threshold=-0.0025631043333473875 0.007901969307132101 369.63571513460198 0.006173882116836441 9.5000000000000018 279.38945511875733 0.020190848627143158 -0.016684658798966686
decision_type=2 2 2 2 2 2 2 2
left_child=4 2 5 -4 6 -2 7 -1
right_child=1 -3 3 -5 -6 -7 -8 -9
leaf_value=-0.084590098654698909 -0.090419546244371471 -0.11694835901919734 -0.1173108153532236 -0.08299540841602486 -0.095448461361453907 -0.068742936849778627 -0.089286690826765047 -0.051570783357042696
leaf_weight=10.229598626494409 58.3835628926754 16.467158764600754 17.714670792222027 8.9820865988731367 10.47910103201866 11.976115465164183 9.7305938154458982 11.976115465164186
leaf_count=41 234 66 71 36 42 48 39 48
internal_value=-0.0908173 -0.0959997 -0.0918073 -0.105609 -0.0776068 -0.0864714 -0.0712924 -0.0645174
internal_weight=155.939 113.524 97.0564 26.6968 42.4154 70.3597 31.9363 22.2057
internal_count=625 455 389 107 170 282 128 89
is_linear=0
shrinkage=1


Tree=1
num_leaves=12
num_cat=0
split_feature=5 38 36 38 38 9 35 12 23 20 17
split_gain=11.0994 8.34381 7.20184 6.11799 8.67745 6.97012 4.12476 13.3491 6.38139 3.43047 2.78633
threshold=0.045015858330203391 0.0078995966504895147 0.0053352491639303426 0.0066785437736529632 0.0094739961848768119 0.065171867096381286 0.039505712788034282 48.339529612475992 0.9442134907440014 0.024728893394710964 -26.282153965356738
decision_type=2 2 2 2 2 2 2 2 2 2 2
left_child=1 2 -1 -2 10 -6 8 -8 -3 -4 -5
right_child=3 6 9 4 5 -7 7 -9 -10 -11 -12
leaf_value=0.012705115609141764 0.0094400595446409545 0.030230338120627316 -0.0049012447794689919 -0.0063830511352653925 0.016515731776994679 -0.014501402117211903 0.0176153499008215 -0.01800354856633813 0.0031051418667107909 -0.031577415180131449 -0.031574192337722677
leaf_weight=7.9832888543605831 8.4803905785083753 16.220115572214127 12.473999470472338 8.2285748720169085 9.4812375009059924 12.968378603458403 20.464073359966278 14.221574917435644 16.967226326465607 7.731103152036666 20.694190859794617
leaf_count=32 34 65 50 33 38 52 82 57 68 31 83
internal_value=-0.00147782 0.00471111 -0.0083272 -0.0114845 -0.015444 -0.00050886 0.0104241 0.00241693 0.0177534 -0.0177087 -0.0257687
internal_weight=155.914 96.0614 28.1884 59.8528 51.3724 22.4496 67.873 34.6856 33.1873 20.2051 28.9228
internal_count=625 385 113 240 206 90 272 139 133 81 116
is_linear=0
shrinkage=0.03


Tree=2
num_leaves=10
num_cat=0
split_feature=37 36 38 11 38 14 15 10 33
split_gain=11.2219 9.89967 9.37626 9.36342 6.70049 6.57498 4.43418 1.60115 1.02842
threshold=-0.0025631043333473875 0.007901969307132101 0.0066785437736529632 -0.01734151106567677 0.012454501608660561 -113.58731416113186 109.39453888840849 0.021552278570012632 0.19775541795665638
decision_type=2 2 2 2 2 2 2 2 2
left_child=4 2 -2 -4 5 8 -7 -3 -1
right_child=1 7 3 -5 -6 6 -8 -9 -10
leaf_value=0 0.019780603109561722 -0.036963917521756713 0.016148412888622024 -0.010434694700777555 0.028615323943881821 0.029323605604053886 0 -0.010991201222650255 -0.016607495553607472
leaf_weight=7.4862839877605438 12.477236136794088 7.7148881554603603 11.977003097534178 72.564097955822945 11.983329072594641 7.7398158311843872 7.4855605959892273 8.7161197215318662 7.7360153049230576
leaf_count=30 50 31 48 291 48 31 30 35 31
internal_value=-0.00143781 -0.00643453 -0.00238318 -0.00620916 0.0112728 0.00264189 0.0159538 -0.0266878 -0.0101082
internal_weight=155.88 113.449 97.0183 84.5411 42.431 30.4477 15.2254 16.431 15.2223
internal_count=625 455 389 339 170 122 61 66 61
is_linear=0
shrinkage=0.03


Tree=3
num_leaves=8
num_cat=0
split_feature=19 38 9 36 38 2 38
split_gain=13.5697 14.2336 14.4748 10.642 12.5561 6.65538 6.22908
threshold=0.060960743912189731 0.0094324027601269036 0.065171867096381286 0.007901969307132101 0.0064437642039240038 0.016660819670352937 0.011547277389371996
decision_type=2 2 2 2 2 2 2
left_child=-1 3 5 4 -2 -3 -4
right_child=1 2 6 -5 -6 -7 -8
leaf_value=0.032804480526838965 0.021988386632928056 0.020689304286065989 -0.032412177443355839 -0.032727019133128858 -0.012103118128820232 -0.0010782519623052239 3.8356005120285506e-05
leaf_weight=7.7342708259820929 9.7398833781480771 36.200887754559517 8.2210828661918658 16.407440185546875 51.597194582223892 16.719282373785973 9.2203910648822767
leaf_count=31 39 145 33 66 207 67 37
internal_value=-0.00138961 -0.00368848 0.00586372 -0.0124519 -0.00592942 0.0137502 -0.0162466
internal_weight=155.84 148.106 70.3616 77.7445 61.3371 52.9202 17.4415
internal_count=625 594 282 312 246 212 70
is_linear=0
shrinkage=0.03


Tree=4
num_leaves=9
num_cat=0
split_feature=19 38 9 36 38 28 38 1
split_gain=12.9164 13.4078 13.7099 10.1411 11.9104 7.09906 5.9598 0.0676012
threshold=0.060960743912189731 0.0094324027601269036 0.065171867096381286 0.007901969307132101 0.0064437642039240038 8.5000000000000018 0.011547277389371996 -0.0080951064491873708
decision_type=2 2 2 2 2 2 2 2
left_child=-1 3 5 4 -2 -3 -4 -5
right_child=1 2 6 7 -6 -7 -8 -9
leaf_value=0.031994252166564381 0.02143097100153386 0.02206538435740674 -0.031685387934049181 -0.016436674922008537 -0.011761213744615018 0 3.7409151661879243e-05 -0.039687712155012995
leaf_weight=7.7427382469177237 9.7453490942716581 31.221464559435844 8.2035002112388629 8.187062472105028 51.562897935509682 21.71833673119545 9.2204105854034406 8.1767249554395658
leaf_count=31 39 125 33 33 207 87 37 33
internal_value=-0.00134697 -0.00359404 0.00567064 -0.0121069 -0.00573781 0.0133461 -0.0158507 -0.0319287
internal_weight=155.778 148.036 70.3637 77.672 61.3082 52.9398 17.4239 16.3638
internal_count=625 594 282 312 246 212 70 66
is_linear=0
shrinkage=0.03


Tree=5
num_leaves=9
num_cat=0
split_feature=5 14 15 28 15 10 2 35
split_gain=19.523 9.83848 9.42091 7.94088 6.84282 6.03125 3.30767 0.130133
threshold=0.057018821061817 351.82402140864002 301.78220210999564 11.500000000000002 148.51704643456208 0.059131727155154142 0.03671011065828423 0.01824368907605212
decision_type=2 2 2 2 2 2 2 2
left_child=2 6 3 4 -1 -3 -2 -4
right_child=1 5 7 -5 -6 -7 -8 -9
leaf_value=0.011018800646109401 0.011241512356623955 -0.032306964660698392 0.013399656499100616 -0.017178755072287152 -0.010960295751565015 0 -0.01164664906618453 0.035204589272481553
leaf_weight=68.863568544387817 11.702893912792208 22.367184162139896 7.4762547761201841 11.939104646444319 13.200988352298735 7.7021303474903098 7.4684012830257407 7.7392155230045319
leaf_count=276 47 90 30 48 53 31 30 31
internal_value=0.00045129 -0.0147773 0.00759412 0.00359119 0.00712814 -0.024976 0.00135873 0.0281633
internal_weight=158.46 49.2406 109.219 94.0037 82.0646 30.0693 19.1713 15.2155
internal_count=636 198 438 377 329 121 77 61
is_linear=0
shrinkage=0.03


Tree=6
num_leaves=7
num_cat=0
split_feature=37 17 38 20 9 40
split_gain=18.5474 11.2643 10.6165 8.99597 6.65766 2.42694
threshold=0.061208971141158093 33.706491101347062 0.0094324027601269036 0.020586815169576191 0.087412908602069891 0.012890492489754714
decision_type=2 2 2 2 2 2
left_child=1 2 3 -1 -4 -3
right_child=-2 5 4 -5 -6 -7
leaf_value=0.024321896528492572 -0.029205880121054462 -0.027003985639149439 0.02017132632079954 -0.0054129894613118837 -0.0066513744554053148 -0.0018011728563085303
leaf_weight=8.7296089231967908 14.911343589425085 8.9794674664735812 51.198868855834007 59.189725518226624 7.9424152672290793 7.4616433233022681
leaf_count=35 60 36 205 238 32 30
internal_value=0.000431785 0.00397366 0.00714165 -0.000790266 0.0162241 -0.0178152
internal_weight=158.413 143.502 127.061 67.9193 59.1413 16.4411
internal_count=636 576 510 273 237 66
is_linear=0
shrinkage=0.03


Tree=7
num_leaves=11
num_cat=0
split_feature=5 32 14 10 36 17 28 3 14 23
split_gain=17.9736 9.46845 9.06958 5.71388 5.26434 6.86513 4.75613 4.52538 3.9282 2.14934
threshold=0.057018821061817 0.00070947867537130016 351.82402140864002 0.059131727155154142 0.0079849886195329772 15.246511845122258 5.5000000000000009 0.036058712949908485 101.42104779116654 0.94150728836144404
decision_type=2 2 2 2 2 2 2 2 2 2
left_child=1 4 7 -4 5 -1 9 -2 -8 -3
right_child=2 6 3 -5 -6 -7 8 -9 -10 -11
leaf_value=0.022106391109890256 0.01539291110847338 0.018808886222057682 -0.031191838606180539 0 -0.006003948311941806 -0.0053722552130115011 -0.01615011394604049 -0.011004280198686 0.0063062113546881269 -0.00021044395635320156
leaf_weight=47.665280997753143 9.2166391015052813 7.740884110331538 22.283101409673694 7.696211725473403 7.6929603517055503 7.9774816632270804 22.173622667789463 9.9526622593402845 7.4815150946378699 8.4843247681856138
leaf_count=191 37 31 90 31 31 32 89 40 30 34
internal_value=0.000397995 0.0072518 -0.014227 -0.0240411 0.014634 0.0178569 -0.00281129 0.00123416 -0.0099704 0.00910875
internal_weight=158.365 109.216 49.1486 29.9793 63.3357 55.6428 45.8803 19.1693 29.6551 16.2252
internal_count=636 438 198 121 254 223 184 77 119 65
is_linear=0
shrinkage=0.03


Tree=8
num_leaves=9
num_cat=0
split_feature=37 18 4 1 28 26 23 24
split_gain=17.1125 11.7357 11.4272 6.63082 6.62074 6.68367 5.99348 3.55345
threshold=0.061208971141158093 0.57478232064628865 -0.047291358913684071 -0.0055674938814675437 5.5000000000000009 0.31851119894598162 0.95991887822811095 -0.048076923076923073
decision_type=2 2 2 2 2 2 2 2
left_child=1 2 3 -1 7 -6 -4 -3
right_child=-2 4 6 -5 5 -7 -8 -9
leaf_value=0.007688906059590165 -0.028145000407418328 -0.0053585780180857561 0.0090983534133102246 -0.020909670894832134 -0.019932735202978061 0.0040516212405018086 0.031168298412024488 0.016167931744908333
leaf_weight=14.960151672363283 14.853757068514822 9.7018659859895724 30.15894316136837 10.462768763303755 29.326781451702118 13.424368023872374 21.946073591709137 13.459984079003332
leaf_count=60 60 39 121 42 118 54 88 54
internal_value=0.000372634 0.00377528 0.0116156 -0.00420041 -0.00529625 -0.0122217 0.0194797 0.00684571
internal_weight=158.295 143.441 77.5279 25.4229 65.913 42.7511 52.105 23.1619
internal_count=636 576 311 102 265 172 209 93
is_linear=0
shrinkage=0.03


Tree=9
num_leaves=7
num_cat=0
split_feature=40 17 8 8 4 25
split_gain=15.3464 7.7598 8.36405 7.87767 5.90201 3.75262
threshold=0.093382542286192707 33.706491101347062 0.0074713674224325356 -0.015579564715205435 0.059302838059801084 0.22287581699346407
decision_type=2 2 2 2 2 2
left_child=1 2 3 -1 -4 -3
right_child=-2 5 4 -5 -6 -7
leaf_value=0.003674369755012417 -0.033985584951863095 -0.026953459886712012 -0.0089675165546296825 0.024401045665374491 0.010109910935839374 0
leaf_weight=43.879713222384453 8.8604489415884 8.4472488015890139 41.263451442122459 27.692976862192154 19.632599279284477 8.4620399475097638
leaf_count=176 36 34 166 111 79 34
internal_value=0.000359006 0.00291737 0.00549464 0.0123431 -0.00245265 -0.0149255
internal_weight=158.238 149.378 132.469 71.5727 60.8961 16.9093
internal_count=636 600 532 287 245 68
is_linear=0
shrinkage=0.03


Tree=10
num_leaves=11
num_cat=0
split_feature=18 4 17 35 16 2 18 28 28 9
split_gain=14.0954 7.63415 7.64345 7.00468 7.00526 6.05256 5.05829 4.65734 6.28677 3.00477
threshold=0.57478232064628865 -0.0067340311229651664 24.537204538801038 0.038397542527518043 137.5110173657728 -0.011920606462259618 0.72407233403731108 8.5000000000000018 6.5000000000000009 0.011924607503024619
decision_type=2 2 2 2 2 2 2 2 2 2
left_child=1 2 5 4 6 -1 -2 8 -5 -3
right_child=3 9 -4 7 -6 -7 -8 -9 -10 -11
leaf_value=-0.00040611165596425298 -0.0078694501592876318 0.035154735232737905 -0.020378913676073196 -0.024989469512230005 -0.021101249690348992 0.020154262387419838 0.012017244735264819 -0.036437188585552935 0.0080357672425548175 0.0067249088558510922
leaf_weight=28.164129078388214 17.130591332912445 10.484664916992189 7.9735641330480567 7.9258574694395127 11.151501327753065 19.704740300774574 25.584150016307831 9.1875212639570218 8.4275058358907682 8.2341050058603269
leaf_count=113 69 42 32 32 45 79 103 37 34 33
internal_value=0.000200012 0.00953043 0.00331837 -0.00839565 -0.00172868 0.00822543 0.00371104 -0.0207652 -0.00813196 0.0252292
internal_weight=153.968 74.5612 55.8424 79.4071 53.8662 47.8689 42.7147 25.5409 16.3534 18.7188
internal_count=619 299 224 320 217 192 172 103 66 75
is_linear=0
shrinkage=0.03


Tree=11
num_leaves=8
num_cat=0
split_feature=7 38 15 38 1 34 2
split_gain=12.0697 10.5931 13.8024 12.3322 9.6403 9.31446 5.85512
threshold=0.05294161380890449 0.0078995966504895147 88.014265284783363 0.0066785437736529632 -0.014318281683784682 -0.0088860967055880962 -0.017172125665985302
decision_type=2 2 2 2 2 2 2
left_child=1 3 6 -1 -5 -4 -3
right_child=-2 2 5 4 -6 -7 -8
leaf_value=0.013062475932976943 -0.030971422191395842 0.000736700800765656 0.01923616007921498 0.0071860187495793489 -0.027637603306934898 -0.0092765009731461991 0.025811918332788786
leaf_weight=13.698151171207426 8.3911209702491742 12.724134281277655 11.439750477671621 7.960590347647666 24.79841536283493 40.964511394500732 33.936896666884422
leaf_count=55 34 51 46 32 100 165 136
internal_value=0.000176882 0.00247017 0.00804842 -0.00895658 -0.0188172 -0.00229819 0.0195937
internal_weight=153.914 145.522 99.0653 46.4572 32.759 52.4043 46.661
internal_count=619 585 398 187 132 211 187
is_linear=0
shrinkage=0.03


Tree=12
num_leaves=8
num_cat=0
split_feature=37 17 38 28 9 9 26
split_gain=13.1443 10.2709 12.7453 16.137 8.00088 2.96533 1.80911
threshold=0.058640146158953972 33.706491101347062 0.007793208369195284 7.5000000000000009 0.088871482404766125 0.043483975311796479 0.25384979862591811
decision_type=2 2 2 2 2 2 2
left_child=1 2 3 -1 -4 -3 -2
right_child=6 5 4 -5 -6 -7 -8
leaf_value=0.006986753974328532 -0.0081377032328749117 -0.0027846415428417898 0.01670225692743663 -0.031596938562816861 -0.0099670358943935427 -0.029153453532592771 -0.03312322492716703
leaf_weight=24.141290634870529 8.5942353457212466 9.7049966901540774 72.838915511965752 13.372669681906698 9.6180361658334714 7.4235590100288382 8.1292258501052839
leaf_count=97 35 39 292 54 39 30 33
internal_value=0.000173569 0.00344194 0.0066909 -0.00729075 0.0132515 -0.0168504 -0.023325
internal_weight=153.823 137.099 119.971 37.514 82.457 17.1286 16.7235
internal_count=619 551 482 151 331 69 68
is_linear=0
shrinkage=0.03


Tree=13
num_leaves=8
num_cat=0
split_feature=7 38 38 34 1 9 6
split_gain=11.2125 9.48068 11.4494 11.4271 9.16382 7.67709 4.05822
threshold=0.05294161380890449 0.0078995966504895147 0.0066785437736529632 -0.0078933473678629001 -0.014318281683784682 0.026955196961134128 0.012501392563765543
decision_type=2 2 2 2 2 2 2
left_child=1 2 -1 6 -4 -5 -3
right_child=-2 3 4 5 -6 -7 -8
leaf_value=0.012692602238703247 -0.029970970498586345 0.029324560801639653 0.0072625513060670683 0.01143343224960805 -0.026657723089183582 -0.0079663829032289996 0.002045306441179263
leaf_weight=13.702069669961928 8.3451920598745328 20.928863152861599 7.9556339830160132 31.456731870770454 24.706328332424164 38.412542045116425 8.2148119658231717
leaf_count=55 34 84 32 126 100 155 33
internal_value=0.000118627 0.00233095 -0.00848412 0.00761145 -0.0180205 0.000634256 0.0227421
internal_weight=153.722 145.377 46.364 99.0129 32.662 69.8693 29.1437
internal_count=619 585 187 398 132 281 117
is_linear=0
shrinkage=0.03


Tree=14
num_leaves=13
num_cat=0
split_feature=18 36 4 34 25 23 26 5 0 35 35 23
split_gain=12.179 8.11402 7.40975 5.78298 5.55562 6.36026 5.50589 6.44509 5.4889 4.96914 7.29992 2.25777
threshold=0.57478232064628865 0.0062389476842729021 -0.0067340311229651664 0.006708305952168426 0.18808962264150947 0.88893644931807725 0.15751879699248122 0.057018821061817 0.0018477111708230522 0.023498666623702261 -0.023776328745680971 0.90495480145531171
decision_type=2 2 2 2 2 2 2 2 2 2 2 2
left_child=2 6 4 -4 8 -6 7 -2 -1 10 -3 -8
right_child=1 9 3 -5 5 -7 11 -9 -10 -11 -12 -13
leaf_value=0.025289209968508943 0.011775221149764065 -0.0046551625431891924 0.041628581428483087 0.0063141882184147482 -0.020790528952624839 0.0044107554047898151 -0.006600829972326386 -0.020610110094522571 -0.0033783559207785489 -0.012273445932773802 0.025115693757796643 -0.031713022679601161
leaf_weight=12.95803362131119 9.9228097945451754 13.339870110154152 7.7261163890361813 10.965367138385771 11.687045991420744 23.174716040492058 7.4705602526664761 8.0883647054433805 7.9632643461227408 11.866840720176695 11.91191828250885 16.522084727883339
leaf_count=52 40 54 31 44 47 93 30 33 32 48 48 67
internal_value=0.000117076 -0.00788474 0.0087983 0.0242491 0.00270141 -0.00430043 -0.0166448 -0.00262496 0.0143804 0.00198892 0.00965067 -0.0255805
internal_weight=153.597 79.1224 74.4745 18.6915 55.7831 34.8618 42.0038 18.0112 20.9213 37.1186 25.2518 23.9926
internal_count=619 320 299 75 224 140 170 73 84 150 102 97
is_linear=0
shrinkage=0.03


Tree=15
num_leaves=9
num_cat=0
split_feature=6 37 39 8 28 18 3 32
split_gain=14.499 12.2263 9.6544 9.16171 8.49787 8.17638 7.29085 0.661628
threshold=0.026908546530865263 0.026956431292904929 1.0000000180025095e-35 0.014695532187613039 2.5000000000000004 0.77281829561422055 -0.011537473533441254 0.013298543161556877
decision_type=2 2 2 2 2 2 2 2
left_child=1 2 6 -4 -3 -6 -1 -2
right_child=7 4 3 -5 5 -7 -8 -9
leaf_value=0.0033989642663229229 -0.03212405471642546 0.011895481889312462 0.011032215985154397 -0.01208709525410072 -0.022844370936940854 0.0050094862827631606 0.040744116762036285 -0.010300327125892617
leaf_weight=9.2014876604080218 9.1029530763626116 12.146694481372831 46.343605697154999 20.321917116641998 29.244475454092026 11.585500195622442 11.723723992705343 7.4120009690523139
leaf_count=37 37 49 186 82 118 47 47 30
internal_value=-0.00025318 0.00289928 0.00977517 0.00361943 -0.0081384 -0.0147258 0.0267057 -0.0253103
internal_weight=157.082 140.567 87.5907 66.6655 52.9767 40.83 20.9252 16.515
internal_count=633 566 352 268 214 165 84 67
is_linear=0
shrinkage=0.03


Tree=16
num_leaves=10
num_cat=0
split_feature=14 32 38 16 36 26 36 33 32
split_gain=10.7099 9.73707 8.61729 12.7887 8.46117 6.58142 11.0027 6.88238 3.14965
threshold=53.757794336939703 0.016356158034011362 0.0078995966504895147 -74.991553626784253 0.0080059099677748762 0.31431940152870391 0.0057013751940565927 0.65573814400504193 0.0053325737769762691
decision_type=2 2 2 2 2 2 2 2 2
left_child=1 2 3 -1 5 7 -7 -2 -4
right_child=4 -3 8 -5 -6 6 -8 -9 -10
leaf_value=-0.029918512717650232 0.0026815816493543088 -0.019417964973212232 0.026118612584442914 0.013574135397593811 -0.027444181222226603 -0.008424830661543526 0.029193025392917085 -0.018439279930176244 0.0042679417746358216
leaf_weight=7.4396619051694897 23.141987681388855 7.7012979686260215 27.90895402431488 14.924591735005377 13.549025446176527 12.607103317976 11.162822023034094 27.819175466895103 10.72767563164234
leaf_count=30 93 31 112 60 55 51 45 113 43
internal_value=-0.000242265 0.00840763 0.0126636 -0.00154669 -0.00717715 -0.00268761 0.00955378 -0.00882578 0.0209294
internal_weight=156.982 68.7022 61.0009 22.3643 88.2801 74.7311 23.7699 50.9612 38.6366
internal_count=633 276 245 90 357 302 96 206 155
is_linear=0
shrinkage=0.03


Tree=17
num_leaves=7
num_cat=0
split_feature=17 15 28 36 36 1
split_gain=13.6377 11.7472 10.1629 9.39553 10.9709 5.13771
threshold=33.706491101347062 103.23192440424326 11.500000000000002 0.0077922121695635027 0.006173882116836441 0.015303674452066708
decision_type=2 2 2 2 2 2
left_child=1 2 5 4 -3 -1
right_child=-2 3 -4 -5 -6 -7
leaf_value=0.020256974731071378 -0.023996934824141582 -0.0095465580562321059 -0.014422241593493878 -0.027988351090772835 0.017400278484152681 0
leaf_weight=48.559972628951073 17.278594762086868 37.755807891488075 9.6536815762519819 11.798646748065947 18.646286889910698 13.156722649931906
leaf_count=195 70 153 39 48 75 53
internal_value=-0.000243108 0.00288907 0.0113192 -0.00579027 -9.04075e-05 0.0159073
internal_weight=156.85 139.571 71.3704 68.2007 56.4021 61.7167
internal_count=633 563 287 276 228 248
is_linear=0
shrinkage=0.03


Tree=18
num_leaves=9
num_cat=0
split_feature=17 14 36 40 13 20 9 0
split_gain=12.9165 12.32 8.75535 11.4129 7.40222 6.44167 3.15067 1.32994
threshold=33.706491101347062 334.50144107443163 0.0079849886195329772 0.010482509687188115 2.6776637677107762 0.025912157188360947 0.11634797039178098 0.026010268800966466
decision_type=2 2 2 2 2 2 2 2
left_child=1 2 4 -4 -1 6 -3 -2
right_child=7 5 3 -5 -6 -7 -8 -9
leaf_value=0.017291865822665148 -0.031988407458280459 -0.033492604517243105 0.0096055042793876649 -0.033107913394898783 -0.00095424766284850934 0.0012810637634461781 -0.004385968318758259 -0.0089672572674931224
leaf_weight=61.992349475622177 8.630946949124338 10.503517851233484 10.398258686065676 8.1256861984729749 26.626625686883926 14.520920038223265 7.3081788867712012 8.6091190874576551
leaf_count=249 35 43 42 33 107 59 30 35
internal_value=-0.000255531 0.00278949 0.00777037 -0.00980069 0.011744 -0.0127703 -0.0239556 -0.0233992
internal_weight=156.716 139.476 107.143 18.5239 88.619 32.3326 17.8117 17.2401
internal_count=633 563 431 75 356 132 73 70
is_linear=0
shrinkage=0.03


Tree=19
num_leaves=8
num_cat=0
split_feature=6 37 17 15 4 33 26
split_gain=12.6673 10.6068 6.91116 7.30047 6.40519 5.54149 2.80661
threshold=0.026908546530865263 0.026956431292904929 30.736124009911453 112.91498402479361 -1.0000000180025095e-35 0.65872530830514042 0.26909814323607434
decision_type=2 2 2 2 2 2 2
left_child=1 2 3 -1 6 -6 -3
right_child=-2 4 -4 -5 5 -7 -8
leaf_value=0.017850219441484561 -0.023802005126519584 -0.029939614771613204 -0.015041113941992213 -0.00088877742912368352 0.018077735349975445 -0.0070478637800891371 -0.0037565191860469364
leaf_weight=54.42980095744133 16.380844205617905 10.653825253248216 7.4550110548734656 25.510268792510033 9.1913762986659986 24.774332940578461 8.1841952949762327
leaf_count=219 67 43 30 103 37 101 33
internal_value=-0.00028614 0.0026521 0.00906784 0.0118115 -0.00763625 0 -0.0207365
internal_weight=156.58 140.199 87.3951 79.9401 52.8037 33.9657 18.838
internal_count=633 566 352 322 214 138 76
is_linear=0
shrinkage=0.03


Tree=20
num_leaves=10
num_cat=0
split_feature=37 13 9 35 35 7 0 7 17
split_gain=9.54934 6.12886 5.91167 7.07858 4.07547 4.04663 4.14105 4.03655 2.06833
threshold=0.054631060086592027 3.0593458405812162 0.073789727262827967 -0.0014081143326124532 0.023498666623702261 0.022702696758284742 0.014824796990533186 0.042146049046754057 1.7990531043572846
decision_type=2 2 2 2 2 2 2 2 2
left_child=1 2 3 -1 -2 6 -3 -7 -4
right_child=4 5 8 -5 -6 7 -8 -9 -10
leaf_value=-0.0018616384590502044 -0.0041260261628159392 -0.0028982665876332203 -0.017195218007473336 0.016284959238103802 -0.031293921093493743 0.017244155527822481 -0.028725289201404606 -0.0095470176273465945 0.0013400438556696744
leaf_weight=27.207247987389565 12.699285894632341 15.628369152545931 8.8189791291952151 52.717402845621109 9.466784864664076 8.1924886703491193 8.9243916571140272 7.5749959498643866 7.6367435008287421
leaf_count=110 52 63 36 212 39 33 36 31 31
internal_value=-0.000506406 0.00243709 0.00659254 0.0100299 -0.0179794 -0.00698365 -0.0143073 0.0039031 -0.00856759
internal_weight=158.867 136.701 96.3804 79.9247 22.1661 40.3202 24.5528 15.7675 16.4557
internal_count=643 552 389 322 91 163 99 64 67
is_linear=0
shrinkage=0.03


Tree=21
num_leaves=7
num_cat=0
split_feature=37 3 25 26 32 26
split_gain=9.08434 7.55812 4.87648 5.81357 4.58703 4.28119
threshold=0.054631060086592027 0.064618698361932916 0.35637874132240815 0.012353210309592804 -0.0020574059497462378 0.25384979862591811
decision_type=2 2 2 2 2 2
left_child=1 2 3 -1 -4 -2
right_child=5 -3 4 -5 -6 -7
leaf_value=-0.013126971818794225 -0.0035473337707193522 -0.022564943235351596 0.0061522095507204862 0.01130117575609025 -0.011995705876171164 -0.031160345220310796
leaf_weight=7.6510416567325583 12.65184596180916 8.0321727693080884 21.301343575119972 75.614578902721405 24.044577017426491 9.4593840688467008
leaf_count=31 52 33 86 305 97 39
internal_value=-0.000522846 0.00234416 0.00433636 0.00862536 -0.0032541 -0.0175874
internal_weight=158.755 136.644 128.612 83.2656 45.3459 22.1112
internal_count=643 552 519 336 183 91
is_linear=0
shrinkage=0.03


Tree=22
num_leaves=7
num_cat=0
split_feature=37 3 32 38 25 26
split_gain=8.64351 7.19809 4.80625 5.09209 5.05088 4.09208
threshold=0.054631060086592027 0.064618698361932916 0.005155612542254385 0.011010877249417699 0.26990950226244348 0.25384979862591811
decision_type=2 2 2 2 2 2
left_child=1 2 3 -1 -4 -2
right_child=5 -3 4 -5 -6 -7
leaf_value=0.003448430674113549 -0.003456989764960948 -0.022084835421895682 0.0046439491859264458 0.020064180747641765 -0.016706133576115518 -0.030519757965927638
leaf_weight=71.548562616109848 12.645376056432726 8.0044807940721494 19.843891829252243 21.574416473507881 15.63405656814575 9.4109021276235563
leaf_count=289 52 33 80 87 63 39
internal_value=-0.000537531 0.00225479 0.00419961 0.00779652 -0.00475359 -0.0172049
internal_weight=158.662 136.605 128.601 93.123 35.4779 22.0563
internal_count=643 552 519 376 143 91
is_linear=0
shrinkage=0.03


Tree=23
num_leaves=9
num_cat=0
split_feature=14 15 15 4 36 21 15 13
split_gain=7.99345 7.56454 7.69178 8.0636 5.00764 4.23466 6.88053 1.20523
threshold=369.63571513460198 286.96479767055934 116.25907350715927 -0.028237273873266629 0.0071220746004734565 0.015876294285599783 486.74517043168976 -1.7271468715258533
decision_type=2 2 2 2 2 2 2 2
left_child=1 2 3 -1 -4 -2 -7 -3
right_child=5 7 4 -5 -6 6 -8 -9
leaf_value=-0.0080822593104965933 0.0042323386960415573 0.005725078201439574 -0.022010678873460372 0.011110558521668779 0.0031548400930218562 -0.032189582577340108 -0.00028136321592710012 0.026839368444434464
leaf_weight=27.826708436012268 7.3259224593639365 7.4528120458126095 18.08851590752602 53.891717880964279 8.8567610681056959 13.494422972202303 11.667946591973303 9.9425345063209516
leaf_count=112 30 30 73 218 36 56 48 40
internal_value=-0.00053863 0.00282416 -0.000117378 0.00435891 -0.0135743 -0.0134287 -0.0190559 0.0200898
internal_weight=158.547 126.059 108.664 81.7184 26.9453 32.4883 25.1624 17.3953
internal_count=643 509 439 330 109 134 104 70
is_linear=0
shrinkage=0.03


Tree=24
num_leaves=9
num_cat=0
split_feature=37 32 11 11 8 20 35 35
split_gain=8.00788 5.60917 5.0014 5.13533 4.46357 9.72592 7.25855 4.07559
threshold=0.054631060086592027 0.0053325737769762691 0.043647224535725677 1.0000000180025095e-35 0.0071807308039412952 0.025912157188360947 -0.0028213129801106236 0.023498666623702261
decision_type=2 2 2 2 2 2 2 2
left_child=1 4 3 -3 6 -6 -1 -2
right_child=7 2 -4 -5 5 -7 -8 -9
leaf_value=-0.0030936954602823405 -0.0029750701167481717 0 0.011318552235043657 -0.023476669136030404 -0.014248043024787984 0.014064646511425737 0.018705141364088226 -0.029894979696995845
leaf_weight=18.549190849065781 12.603177666664125 16.063576221466068 8.1562000662088376 15.810389593243597 22.147668033838272 17.780489817261696 37.988320082426071 9.3502634614706022
leaf_count=75 52 65 33 64 90 72 153 39
internal_value=-0.00052177 0.00215923 -0.00688836 -0.0123833 0.00612968 -0.00121282 0.0114356 -0.0166056
internal_weight=158.449 136.496 40.0302 31.874 96.4657 39.9282 56.5375 21.9534
internal_count=643 552 162 129 390 162 228 91
is_linear=0
shrinkage=0.03


Tree=25
num_leaves=10
num_cat=0
split_feature=5 17 15 36 21 40 34 24 38
split_gain=10.391 8.93224 7.94959 5.83749 5.70456 4.52293 3.93427 3.37265 0.927625
threshold=0.039511231897433781 33.706491101347062 303.98223204130016 0.0073375039766244233 0.017327245489296959 0.062736621208859825 0.0012352704006407535 -0.36127844712182056 0.010030671911122427
decision_type=2 2 2 2 2 2 2 2 2
left_child=1 2 3 -1 5 6 -2 -6 -9
right_child=4 -3 -4 -5 7 -7 -8 8 -10
leaf_value=-0.0012618770045496296 -0.0037276956751364208 -0.019176138351359388 0.031296213427041759 0.016996347029083144 0 -0.015900595415998992 0.022962677380381373 -0.029399931668221795 -0.012575441816456001
leaf_weight=54.871857360005379 7.8884899169206637 10.844739794731138 9.2033932656049711 19.326811224222183 8.3324884027242643 7.9295601695775977 7.4135119616985321 15.220958828926088 15.300539702177046
leaf_count=221 32 44 37 78 34 33 30 63 63
internal_value=-0.0021984 0.00394843 0.00750961 0.00361834 -0.0115955 0 0.0094959 -0.0183462 -0.022719
internal_weight=156.332 94.2468 83.4021 74.1987 62.0855 23.2316 15.302 38.854 30.5215
internal_count=635 380 336 299 255 95 62 160 126
is_linear=0
shrinkage=0.03


Tree=26
num_leaves=8
num_cat=0
split_feature=20 39 3 3 38 24 6
split_gain=10.0241 8.69142 8.93266 7.69014 5.74085 3.60152 3.48782
threshold=0.020586815169576191 1.0000000180025095e-35 -0.030410459090508653 -0.011537473533441254 0.0064437642039240038 -0.14907407407407405 0.010038141232531829
decision_type=2 2 2 2 2 2 2
left_child=-1 3 5 -2 -4 -3 -5
right_child=1 2 4 6 -6 -7 -8
leaf_value=0.020549385592145194 -0.0065347912411483607 -0.0031304638636558209 0.0076010996752002005 0.035959319257519932 -0.014880471241267682 0.018791786436130463 0.004211568973639254
leaf_weight=13.616799354553221 11.909800484776499 10.917855083942415 9.4259862303733808 7.4128038138151151 84.398878246545792 11.129164353013037 7.3738654255867004
leaf_count=55 48 44 38 30 345 45 30
internal_value=-0.00214653 -0.00467229 -0.00829311 0.0100033 -0.0123538 0.00795448 0.0234089
internal_weight=156.185 142.568 115.872 26.6965 93.8249 22.047 14.7867
internal_count=635 580 472 108 383 89 60
is_linear=0
shrinkage=0.03


Tree=27
num_leaves=10
num_cat=0
split_feature=14 32 13 38 11 16 10 32 13
split_gain=9.3684 6.14274 5.4848 6.09495 5.29164 5.5846 2.80016 2.53966 5.2402
threshold=369.63571513460198 0.0042257628692334856 -2.5676650275408899 0.0079398430769895053 0.041917489000447901 -55.355542594131386 0.018805539096066973 -0.0076576977713524444 1.5532284236197145
decision_type=2 2 2 2 2 2 2 2 2
left_child=1 2 6 -4 5 -3 -1 -2 -9
right_child=7 4 3 -5 -6 -7 -8 8 -10
leaf_value=-0.0080212757633670376 -0.00062196429163412432 -0.032413718614070046 -0.0012631209577325393 0.019842281982214983 0.01101698285100873 -0.0046273063296122215 0.010245894211369519 -0.032399917429989461 -0.00016926988595420192
leaf_weight=24.529889345169067 8.4506947100162524 7.7093132138252249 16.830160975456238 32.434714794158936 8.9221196472644788 28.068917334079742 8.15836253762245 13.071953251957895 7.8913423568010321
leaf_count=99 35 31 68 131 36 114 33 55 33
internal_value=-0.00205148 0.00145532 0.00638161 0.0125715 -0.00714179 -0.0124107 -0.00270184 -0.0167602 -0.0219918
internal_weight=156.067 126.653 81.9531 49.2649 44.7004 35.7782 32.6883 29.414 20.9633
internal_count=635 512 331 199 181 145 132 123 88
is_linear=0
shrinkage=0.03


Tree=28
num_leaves=12
num_cat=0
split_feature=33 16 11 21 17 32 21 38 11 32 18
split_gain=9.52957 6.78202 11.7342 7.71615 6.33652 5.71612 4.77879 6.37938 4.07176 2.11715 0.574008
threshold=0.53643655687572078 -74.991553626784253 0.046124869768274464 0.019940645706601208 -11.780475300024063 -0.008541218122300796 0.018517983612673251 0.007793208369195284 -0.0065899595937669022 -0.012194567889922235 0.48271677125621726
decision_type=2 2 2 2 2 2 2 2 2 2 2
left_child=1 2 3 -1 -3 9 7 -7 -8 -2 -6
right_child=5 4 -4 -5 10 6 8 -9 -10 -11 -12
leaf_value=-0.026405512558043333 -0.0027286757084680341 -0.00099373085531236408 0.019634288720943176 0.007115203949029131 0.027629631615191146 -0.017505242828701983 -0.00020015359830985059 0.0075005754135856941 -0.026093295955495439 0.01535709758570971 0.0090442814530280885
leaf_weight=15.868937268853189 10.468740060925485 13.39075919985771 10.901263788342474 7.4539846181869498 15.854100182652475 14.617682397365568 8.3263078927993757 17.854085460305214 25.643011078238487 7.8881819844245902 7.6775959283113471
leaf_count=64 43 54 44 30 64 60 34 73 106 32 31
internal_value=-0.0020149 0.00586863 -0.00334761 -0.0153841 0.0145298 -0.00878491 -0.0128628 -0.00368358 -0.0205276 0.00505138 0.0233368
internal_weight=155.945 71.1466 34.2242 23.3229 36.9225 84.798 66.4411 32.4718 33.9693 18.3569 23.5317
internal_count=635 287 138 94 149 348 273 133 140 75 95
is_linear=0
shrinkage=0.03


Tree=29
num_leaves=6
num_cat=0
split_feature=20 12 20 11 15
split_gain=9.18234 10.4283 8.96542 8.56112 4.73549
threshold=0.020586815169576191 33.150964023057057 0.026151114486173136 -0.03566785000782851 354.58272486914581
decision_type=2 2 2 2 2
left_child=-1 2 -2 -3 -5
right_child=1 3 -4 4 -6
leaf_value=0.019765485074387575 0.034623577367589808 0.012785555849844431 -0.0040793229501093677 -0.013981629437267728 0
leaf_weight=13.614602088928221 8.6832926571369189 14.057203054428099 8.9032385200262052 82.76938571035862 27.752996161580086
leaf_count=55 35 57 36 337 115
internal_value=-0.00194918 -0.0043781 0.0158484 -0.00755722 -0.0104592
internal_weight=155.781 142.166 17.5865 124.58 110.522
internal_count=635 580 71 509 452
is_linear=0
shrinkage=0.03


Tree=30
num_leaves=11
num_cat=0
split_feature=10 37 11 11 16 38 1 36 5 2
split_gain=10.7355 6.93575 6.20869 8.71108 5.51427 10.7413 6.4485 4.8677 1.3694 1.28699
threshold=0.00034851195944940466 -0.0067962583918638733 0.03506962784461954 0.069118046366584376 -74.991553626784253 0.010149321044470997 0.023396284749302002 0.0047892167367912736 -0.03834184955603958 -0.0062010218432342881
decision_type=2 2 2 2 2 2 2 2 2 2
left_child=4 -2 7 -4 5 8 9 -3 -1 -6
right_child=1 2 3 -5 6 -7 -8 -9 -10 -11
leaf_value=-0.021831706712044541 0.0099178885333626645 0 0.0095886486686573586 -0.022845092125667637 0.008675331929238559 0.017631574967350908 -0.0047934022835959943 -0.023672664768025917 -0.0030281758963501713 0.030320693570429793
leaf_weight=10.150074005126951 13.579247802495955 10.802246719598768 20.90478673577309 9.003780394792555 8.1795583814382606 14.128731518983839 7.6049976199865332 35.165975883603096 8.9245713949203509 14.089361399412153
leaf_count=41 55 44 86 38 33 57 31 144 36 57
internal_value=-0.00151622 -0.00820563 -0.0118131 -0.000525139 0.00770081 -0.000396651 0.0166315 -0.0185167 -0.014868 0.0243584
internal_weight=152.533 89.456 75.8768 29.9086 63.0773 33.2034 29.8739 45.9682 19.0746 22.2689
internal_count=622 367 312 124 255 134 121 188 77 90
is_linear=0
shrinkage=0.03


Tree=31
num_leaves=10
num_cat=0
split_feature=33 17 17 9 39 38 33 21 38
split_gain=9.99177 5.29958 7.08252 7.20061 4.48444 4.76973 5.00294 4.03795 3.47403
threshold=0.53643655687572078 30.736124009911453 1.0000000180025095e-35 -0.037950276556236971 1.0000000180025095e-35 0.010782881054116357 0.80061807331628321 0.018323335864541063 0.0087567548250151866
decision_type=2 2 2 2 2 2 2 2 2
left_child=1 2 3 -1 -2 7 -7 -6 -4
right_child=4 -3 8 -5 5 6 -8 -9 -10
leaf_value=-0.019036331853413843 0.0094623119829664332 -0.014171802663237629 0.0030894995506346177 0.0088036031932632042 -0.007493094328535628 0.017443221522677705 -0.010891974600851071 -0.025429601048893951 0.028457318889039147
leaf_weight=9.6631020903587324 8.5970260947942716 7.4190648049116126 9.1614614874124545 27.218819886445999 33.351870894432068 8.0933955907821673 10.355999276041983 21.464362636208534 17.028798311948776
leaf_count=39 35 30 37 110 137 33 43 89 69
internal_value=-0.0014714 0.00658997 0.00962316 0.000519733 -0.00858346 -0.0110954 0.00129491 -0.0154284 0.0209644
internal_weight=152.354 70.4912 63.0722 36.8819 81.8627 73.2656 18.4494 54.8162 26.1903
internal_count=622 285 255 149 337 302 76 226 106
is_linear=0
shrinkage=0.03


Tree=32
num_leaves=13
num_cat=0
split_feature=33 16 35 16 0 17 9 21 11 36 20 2
split_gain=9.43884 5.91482 4.81263 5.26161 4.50408 4.53048 3.76546 3.31001 3.28534 3.07284 2.44996 2.56554
threshold=0.53643655687572078 -38.355202480160038 0.037827511716566738 25.264010247015424 0.0019207417979133503 1.0000000180025095e-35 0.035398616878322096 0.018517983612673251 0.025645195105130084 0.0065073011054223176 0.026475168085995881 -0.007821722499614157
decision_type=2 2 2 2 2 2 2 2 2 2 2 2
left_child=1 4 3 9 5 -1 -5 -4 -6 -2 11 -3
right_child=2 10 7 6 8 -7 -8 -9 -10 -11 -12 -13
leaf_value=-0.0014029056587296078 -0.0034687420131822469 -0.003259086346338503 -0.0056953282920630365 0.0051662779994602987 -0.023224183137152247 0.021145986481812987 -0.014585348112355595 -0.029405209814529366 0.00093655132479822411 0.018790975525178246 0.030367108292163787 0.017479739517320004
leaf_weight=19.814575970172886 7.3642208129167583 7.4411206543445614 13.532692119479181 9.606263190507887 8.3950177133083326 10.14355745911598 28.577975586056709 12.070604026317595 7.4174075871706 10.582157865166662 8.092189282178877 9.1295746862888354
leaf_count=80 30 30 56 39 34 41 119 50 30 43 33 37
internal_value=-0.00143002 0.00640355 -0.00835137 -0.00287422 0 0.00660814 -0.0092332 -0.0187374 -0.012216 0.00947285 0.0176366 0.00801115
internal_weight=152.167 70.4334 81.7339 56.1306 45.7706 29.9581 38.1842 25.6033 15.8124 17.9464 24.6629 16.5707
internal_count=622 285 337 231 185 121 158 106 64 73 100 67
is_linear=0
shrinkage=0.03


Tree=33
num_leaves=10
num_cat=0
split_feature=18 37 32 11 10 6 6 37 36
split_gain=11.2361 5.24341 4.41669 5.48846 4.1778 5.6416 7.45059 5.0878 2.96177
threshold=0.58027737418533099 -0.0067962583918638733 0.011092661708890119 0.041917489000447901 0.014805891136740247 -0.0093791593073414541 0.006858240523495005 0.0043833246184661343 0.0063170362415130325
decision_type=2 2 2 2 2 2 2 2 2
left_child=4 -2 3 -3 5 7 -7 -1 -4
right_child=1 2 8 -5 -6 6 -8 -9 -10
leaf_value=0.0058650467210648888 0.0073485077182149959 -0.024858284384395742 -0.010283693560768806 -0.0029035326629663124 0.025719420812280406 0.019330410943772598 -0.0070321790090989277 -0.017342423022124173 0.012794643624284736
leaf_weight=14.361293435096742 11.573966726660727 29.989162132143974 8.4810833334922773 18.408550232648849 7.3661742359399787 27.345806360244751 12.08915853500366 14.858112737536429 7.512162819504737
leaf_count=58 47 124 35 77 30 111 49 60 31
internal_value=-0.00138392 -0.0095015 -0.0128863 -0.0172518 0.0065711 0.00363443 0.0109374 -0.00581051 0
internal_weight=151.985 75.9649 64.391 48.3977 76.0205 68.6544 39.435 29.2194 15.9932
internal_count=622 314 267 201 308 278 160 118 66
is_linear=0
shrinkage=0.03


Tree=34
num_leaves=9
num_cat=0
split_feature=33 17 37 35 37 15 7 21
split_gain=8.57612 4.91004 7.48065 4.54072 4.14271 4.28692 3.95133 3.27866
threshold=0.53643655687572078 30.736124009911453 0.026345357259188521 0.037827511716566738 0.0706511704390307 360.52646425081042 -0.01233084124255307 0.018517983612673251
decision_type=2 2 2 2 2 2 2 2
left_child=1 2 6 4 5 -2 -1 -5
right_child=3 -3 -4 7 -6 -7 -8 -9
leaf_value=0.0061243641554952211 -0.0042692701376198646 -0.013843292454366279 -0.0091951038358567255 -0.0051778315314950623 -0.020823921222725895 0.015110586727997973 0.024509977812671294 -0.028659134006150791
leaf_weight=29.666061431169506 36.618416428565979 7.4045568108558646 13.382267087697981 13.498101070523264 7.4797378331422797 11.893232271075247 19.860338464379314 12.001964896917341
leaf_count=120 150 30 54 56 32 49 81 50
internal_value=-0.00133789 0.0061275 0.00906334 -0.0079514 -0.00262699 0.000595159 0.0144534 -0.0180556
internal_weight=151.805 70.3132 62.9087 81.4915 55.9914 48.5116 49.5264 25.5001
internal_count=622 285 255 337 231 199 201 106
is_linear=0
shrinkage=0.03


Tree=35
num_leaves=9
num_cat=0
split_feature=5 38 15 4 15 32 34 21
split_gain=9.29947 6.18946 5.62239 6.46236 8.80296 4.9685 3.9157 2.59838
threshold=0.057018821061817 0.0066132952462958595 286.96479767055934 -0.047291358913684071 98.724943806145333 -0.0069377398750290467 -0.0083372371273247019 0.019746719969833217
decision_type=2 2 2 2 2 2 2 2
left_child=2 -2 3 5 -5 -1 -3 -8
right_child=1 6 -4 4 -6 -7 7 -9
leaf_value=0.0035332228855258275 0.012118267296146413 -6.3035774308873037e-05 0.021956219796546467 0.013102612946372758 -0.010214802464701267 -0.022796517223936608 -0.0084585716230902806 -0.029885043406838709
leaf_weight=9.6447409838438052 7.3784526586532584 13.7431204020977 14.322620719671248 52.849693343043327 17.463459059596062 11.827041149139403 14.716573953628542 13.556767791509627
leaf_count=39 30 57 58 215 71 48 62 58
internal_value=0.000511244 -0.00989699 0.00558867 0.00246089 0.00698156 -0.0110373 -0.0144788 -0.0205234
internal_weight=155.502 49.3949 106.108 91.7849 70.3132 21.4718 42.0165 28.2733
internal_count=638 207 431 373 286 87 177 120
is_linear=0
shrinkage=0.03


Tree=36
num_leaves=8
num_cat=0
split_feature=7 7 8 25 32 5 20
split_gain=9.35719 7.0383 8.60012 10.8182 4.18428 3.64926 2.34281
threshold=0.042786007914873747 0.028043041277157985 0.033351434893490191 0.35182926829268296 0.011092661708890119 0.061279479180586967 0.024812447244353861
decision_type=2 2 2 2 2 2 2
left_child=1 2 3 -1 -2 -3 -4
right_child=4 5 6 -5 -6 -7 -8
leaf_value=0.010581785199219018 -0.03221035912293857 0.03053304390370274 -0.030540218566324991 -0.0090850400801308923 -0.00034429794763265586 0.0036207591466467437 -0.0040669923658509799
leaf_weight=67.065739586949348 8.4318029880523664 9.6372092515230197 7.0729246735572797 37.103082731366158 7.3456104397773734 10.822966828942297 7.8598535805940628
leaf_count=273 36 39 30 151 31 45 33
internal_value=0.000482494 0.00314453 0.000110624 0.00339634 -0.0199258 0.018555 -0.0196181
internal_weight=155.339 139.562 119.102 104.169 15.7774 20.4602 14.9328
internal_count=638 571 487 424 67 84 63
is_linear=0
shrinkage=0.03


Tree=37
num_leaves=10
num_cat=0
split_feature=26 36 18 36 34 36 20 13 4
split_gain=13.0802 8.41592 6.73666 6.06371 5.36396 5.27156 3.52585 3.26127 3.25758
threshold=0.34711565785734588 0.0078411833163536723 0.57105834310051928 0.007036075324096564 0.0064794002695974804 0.005796328881898659 0.026980397492446344 1.0104989374276061 -0.029889740910741088
decision_type=2 2 2 2 2 2 2 2 2
left_child=1 3 8 4 -1 -4 -3 -5 -2
right_child=2 6 5 7 -6 -7 -8 -9 -10
leaf_value=-0.015805121933542131 0.0068312055552071024 -0.034977037420485406 -0.013048354269412749 0.024446140791704558 0.00048060357557538897 0.013040477001058445 -0.0041312910797746266 0 0.032778302258268679
leaf_weight=25.468884065747261 10.126461058855059 9.0154907405376452 10.436601504683496 8.8922719210386294 48.707154378294945 13.602634504437445 7.4195497632026663 7.5812754780054084 13.965875685214995
leaf_count=105 41 38 43 36 200 56 31 31 57
internal_value=0.0004474 -0.00528968 0.0132125 -0.00132563 -0.00518246 0.00100574 -0.0238244 0.0139096 0.0238067
internal_weight=155.216 107.085 48.1316 90.6496 74.176 24.0392 16.435 16.4735 24.0923
internal_count=638 441 197 372 305 99 69 67 98
is_linear=0
shrinkage=0.03


Tree=38
num_leaves=10
num_cat=0
split_feature=26 36 36 14 5 0 17 35 38
split_gain=12.4239 8.07303 5.75221 5.51564 5.33987 4.11546 3.30137 2.5066 1.97115
threshold=0.34711565785734588 0.0078411833163536723 0.007036075324096564 351.82402140864002 0.073834468541394874 0.0048817752085879027 24.537204538801038 -0.048398002944672606 0.007793208369195284
decision_type=2 2 2 2 2 2 2 2 2
left_child=1 2 4 6 -1 -4 8 -3 -2
right_child=3 7 5 -5 -6 -7 -8 -9 -10
leaf_value=-0.00035299653819563032 0.0060660783920296986 -0.0051498148020671488 0.025836915800976478 -0.0053380714601161819 -0.019383260246461493 -0.00092100643185891911 0 -0.032808721033281661 0.026902226986469064
leaf_weight=58.240285038948059 9.1398230940103549 7.2001496106386211 8.6245233714580554 9.7173582911491376 15.909625187516211 7.8402921557426444 7.3491835743188849 9.1701247841119748 21.877279326319695
leaf_count=237 37 30 35 41 68 32 30 39 89
internal_value=0.000436151 -0.00515508 -0.00127377 0.0128851 -0.00503496 0.0135632 0.017908 -0.0233451 0.0219561
internal_weight=155.069 106.985 90.6147 48.0836 74.1499 16.4648 38.3663 16.3703 31.0171
internal_count=638 441 372 197 305 67 156 69 126
is_linear=0
shrinkage=0.03


Tree=39
num_leaves=10
num_cat=0
split_feature=26 36 36 14 21 0 19 17 38
split_gain=11.7887 7.73064 5.4648 5.24747 4.55499 3.93449 3.52847 3.13854 1.8514
threshold=0.34711565785734588 0.0078411833163536723 0.007036075324096564 351.82402140864002 0.018537274543251481 0.0048817752085879027 0.16602711525317265 24.537204538801038 0.007793208369195284
decision_type=2 2 2 2 2 2 2 2 2
left_child=1 2 4 7 -1 -4 -3 8 -2
right_child=3 6 5 -5 -6 -7 -8 -9 -10
leaf_value=0.0010112039855765863 0.0059164172158138444 -0.034186241258262577 0.025236670639504938 -0.0052096466409094896 -0.013532621652206528 -0.00089904055833789907 -0.0036104441502313638 0 0.026219132426200657
leaf_weight=43.932216867804527 9.1404740363359469 8.8069072514772433 8.6125116497278231 9.7076493203639966 30.145361557602882 7.8397674411535254 7.5001343339681616 7.3491835743188849 21.826702460646629
leaf_count=180 37 37 35 41 125 32 32 30 89
internal_value=0.000409624 -0.00503812 -0.00123837 0.0125457 -0.00491031 0.0132221 -0.0228736 0.0174515 0.0214039
internal_weight=154.861 106.837 90.5299 48.024 74.0776 16.4523 16.307 38.3164 30.9672
internal_count=638 441 372 197 305 67 69 156 126
is_linear=0
shrinkage=0.03


Tree=40
num_leaves=8
num_cat=0
split_feature=37 32 13 1 0 15 13
split_gain=5.56634 5.39087 6.40884 3.81418 4.44498 2.39536 1.43475
threshold=0.061208971141158093 0.0053325737769762691 9.3324507344572236 0.024458504907103221 -0.0077574172198496263 303.98223204130016 0.36340986339162745
decision_type=2 2 2 2 2 2 2
left_child=1 3 5 4 -1 -3 -2
right_child=6 2 -4 -5 -6 -7 -8
leaf_value=0 -0.025936093071485051 -0.016760645435561924 0.013594258013682334 -0.010949647604055921 0.013260072140689704 3.1295162302020657e-05 -0.0034047449594929702
leaf_weight=38.725825622677803 6.9155598282814008 27.587422177195549 8.351275369524954 9.1208235770463926 48.553170531988144 7.9329068362712851 7.0325536727905273
leaf_count=158 30 113 34 38 199 33 30
internal_value=-0.00049938 0.00129313 -0.00708228 0.0053237 0.0073995 -0.0128089 -0.0173681
internal_weight=154.22 140.271 43.8716 96.3998 87.279 35.5203 13.9481
internal_count=635 575 180 395 357 146 60
is_linear=0
shrinkage=0.03


Tree=41
num_leaves=8
num_cat=0
split_feature=37 32 13 22 17 17 13
split_gain=5.33417 5.0575 6.08364 5.20175 4.9695 6.83667 1.37216
threshold=0.061208971141158093 0.0053325737769762691 9.3324507344572236 -0.26170957129345268 30.736124009911453 -0.97309388210657477 0.36340986339162745
decision_type=2 2 2 2 2 2 2
left_child=1 4 3 -3 5 -1 -2
right_child=6 2 -4 -5 -6 -7 -8
leaf_value=0.00092569840395902657 -0.025463639994156621 0.007208708165020122 0.013255584746393477 -0.01822388233279696 -0.015251934813256065 0.018451569364000827 -0.0033272629791041169
leaf_weight=58.643071323633194 6.870349392294882 7.3501652479171744 8.3586897403001768 28.133051931858063 7.4598832279443732 30.283148691058159 7.0270892679691315
leaf_count=240 30 30 34 116 31 124 30
internal_value=-0.000498346 0.00125223 -0.00685897 -0.0124519 0.00515856 0.00733355 -0.0170409
internal_weight=154.125 140.228 43.8419 35.4832 96.3861 88.9262 13.8974
internal_count=635 575 180 146 395 364 60
is_linear=0
shrinkage=0.03


Tree=42
num_leaves=8
num_cat=0
split_feature=20 38 19 9 38 10 24
split_gain=8.93133 8.05681 10.0067 6.91265 5.42298 6.0148 4.96252
threshold=0.020586815169576191 0.009677402616270073 0.10872363669677866 0.051068580452432018 0.0064437642039240038 0.0024463101356455579 -0.11546786546786546
decision_type=2 2 2 2 2 2 2
left_child=-1 4 6 -4 -2 -6 -3
right_child=1 2 3 -5 5 -7 -8
leaf_value=0.022236866399268904 0.0072666597959014671 -0.028451346221787955 0.021068260178053199 -0.0023995945839630282 -0.0014731443969360513 -0.020135531669336581 0.00017473510840888912
leaf_weight=12.042491152882574 12.769085824489592 7.3976694494485882 28.683725714683533 15.606697887182234 29.02307565510273 37.944170027971268 10.528142541646956
leaf_count=49 52 30 117 66 118 160 43
internal_value=-0.000489753 -0.00280412 0.00504571 0.0127284 -0.00908625 -0.0125422 -0.0125559
internal_weight=153.995 141.953 62.2162 44.2904 79.7363 66.9672 17.9258
internal_count=635 586 256 183 330 278 73
is_linear=0
shrinkage=0.03


Tree=43
num_leaves=9
num_cat=0
split_feature=20 38 9 21 36 38 15 1
split_gain=8.48245 7.58998 6.78203 9.80402 6.02427 7.17673 5.38179 0.867444
threshold=0.020586815169576191 0.009677402616270073 0.065171867096381286 0.019462329298316448 0.0078411833163536723 0.0064437642039240038 492.85087029367077 -0.0080951064491873708
decision_type=2 2 2 2 2 2 2 2
left_child=-1 4 3 -3 5 -2 -4 -6
right_child=1 2 6 -5 7 -7 -8 -9
leaf_value=0.02167709027063839 0.017603954193684102 -0.0040459168428358576 -0.027544300385181991 0.022233648617075878 -0.0095808978284513176 -0.0084243339474902503 0.0040947752169995131 -0.030814321479858624
leaf_weight=12.034625694155691 9.3590216040611249 20.905428007245064 6.9819130003452292 26.203326672315598 8.2605195045471209 52.718854457139969 8.0846186727285367 9.2606049031019193
leaf_count=49 38 85 30 107 34 218 34 40
internal_value=-0.000473568 -0.00273356 0.00488168 0.0105763 -0.00883956 -0.00383918 -0.0111977 -0.0235792
internal_weight=153.809 141.774 62.1753 47.1088 79.599 62.0779 15.0665 17.5211
internal_count=635 586 256 192 330 256 64 74
is_linear=0
shrinkage=0.03


Tree=44
num_leaves=6
num_cat=0
split_feature=38 36 17 36 19
split_gain=5.30929 7.6802 6.90627 6.20878 5.58453
threshold=0.021727433229992935 0.0080059099677748762 34.004149897145702 0.0071220746004734565 0.16110510951199719
decision_type=2 2 2 2 2
left_child=1 2 3 -1 -3
right_child=-2 4 -4 -5 -6
leaf_value=-0.00024177642656235889 0.020486038105142226 -0.030753806438527344 -0.018029387925922152 0.016475992348070623 0.00014427145347048251
leaf_weight=90.60701821744442 8.0718482881784421 11.188043043017389 13.527627140283583 23.052853271365166 7.158107489347457
leaf_count=373 33 47 57 94 31
internal_value=-0.000465936 -0.00199164 0.000622559 0.00324555 -0.0191319
internal_weight=153.605 145.534 127.187 113.66 18.3462
internal_count=635 602 524 467 78
is_linear=0
shrinkage=0.03


Tree=45
num_leaves=12
num_cat=0
split_feature=37 21 15 11 9 4 5 10 19 36 5
split_gain=4.67216 7.08338 6.12078 8.62097 5.78392 8.94212 5.43512 3.87003 3.26915 2.83652 2.64231
threshold=-0.0007608606752480539 0.017578129601234598 1.0000000180025095e-35 0.039359482551830756 0.043483975311796479 -0.045691445182724215 0.014726946241030771 0.00034851195944940466 0.13462139177326318 0.006660659854349567 -0.026454874721155094
decision_type=2 2 2 2 2 2 2 2 2 2 2
left_child=4 6 9 -4 5 -1 7 -2 -8 -3 -7
right_child=1 2 3 -5 -6 10 8 -9 -10 -11 -12
leaf_value=-0.005007691330851498 0.003334936421682675 -0.0061987027609572247 -0.026430949725837444 0 -0.010741264685969941 0.011048968444985954 0.020151409784909164 -0.020494276723642138 -0.00041687510258613927 0.01657971687971423 0.035564734465051574
leaf_weight=13.987593650817869 12.95381882786751 7.3815861344337446 26.174362570047379 19.45430588722229 9.9581784307956678 14.21075803041458 17.883318528532985 7.8624182641506186 8.440483555197714 7.5183955281972885 9.5039989054203051
leaf_count=57 53 30 110 82 41 59 73 32 36 31 39
internal_value=-0.000191464 -0.0037373 -0.0104582 -0.0158223 0.0073447 0.0127999 0.0046616 -0.00601559 0.013463 0.00500939 0.0234592
internal_weight=155.329 107.669 60.5287 45.6287 47.6605 37.7024 47.14 20.8162 26.3238 14.9 23.7148
internal_count=643 447 253 192 196 155 194 85 109 61 98
is_linear=0
shrinkage=0.03


Tree=46
num_leaves=8
num_cat=0
split_feature=7 17 38 19 24 34 28
split_gain=7.26782 5.97684 8.29685 6.02746 4.81441 4.81381 3.40492
threshold=0.05294161380890449 -2.9120255499254379 0.009677402616270073 0.17922787303273149 0.70209762000806786 0.010320476997857876 7.5000000000000009
decision_type=2 2 2 2 2 2 2
left_child=1 2 3 -1 5 -3 -4
right_child=-2 4 6 -5 -6 -7 -8
leaf_value=-0.017275909441155635 -0.025767239885251304 0.0026100473568416525 0.018386079034962258 0.0093828682460809498 -0.0083951099141310308 0.019812143993840552 -0.0010243202906635037
leaf_weight=37.882769867777824 7.4562713354825965 35.484416857361794 12.185664489865305 7.2985543459653845 12.10260623693466 27.255898982286453 15.501874953508375
leaf_count=157 33 146 50 31 50 112 64
internal_value=-0.000181141 0.00133719 -0.004593 -0.0124364 0.00727543 0.0106959 0.00767633
internal_weight=155.168 147.712 72.8689 45.1813 74.8429 62.7403 27.6875
internal_count=643 610 302 188 308 258 114
is_linear=0
shrinkage=0.03


Tree=47
num_leaves=7
num_cat=0
split_feature=7 7 28 37 9 38
split_gain=6.97013 5.11749 7.0674 9.20156 3.66152 3.25073
threshold=0.05294161380890449 0.028043041277157985 1.5000000000000002 0.026956431292904929 0.044728575146098008 0.0083020252050671813
decision_type=2 2 2 2 2 2
left_child=1 2 -1 -4 -3 -6
right_child=-2 4 3 -5 5 -7
leaf_value=0.020602085185276495 -0.025311955079604636 0.028422040239333753 0.0025170477768072029 -0.01506963766778233 0.017034629358033467 -0.0063054762366161346
leaf_weight=9.9908444136381132 7.3995113670825949 7.6021539717912701 74.135150983929634 38.675045624375343 7.2448066025972393 9.9778910726308805
leaf_count=41 33 31 305 161 30 42
internal_value=-0.000174097 0.00130714 -0.00115613 -0.00353908 0.0132291 0.00348315
internal_weight=155.025 147.626 122.801 112.81 24.8249 17.2227
internal_count=643 610 507 466 103 72
is_linear=0
shrinkage=0.03


Tree=48
num_leaves=8
num_cat=0
split_feature=7 7 37 12 14 2 0
split_gain=6.69193 4.86921 6.37384 5.06946 4.12565 1.88753 1.91478
threshold=0.05294161380890449 0.028043041277157985 0.026956431292904929 61.81370152096148 191.87351526559544 0.037442559707267516 0.00036259954566630897
decision_type=2 2 2 2 2 2 2
left_child=1 2 3 -1 -4 6 -3
right_child=-2 5 4 -5 -6 -7 -8
leaf_value=0.0071957460156328859 -0.024868419984782383 0.0029282072177234204 -0.01934894590748874 -0.012411315731443768 -0.0005163343015546335 0 0.026698744875403291
leaf_weight=67.228602916002274 7.3420825004577628 7.1774718761444154 20.486007750034332 11.999330043792723 23.007477775216103 8.6772286146879178 8.9714253246784192
leaf_count=276 33 30 84 50 97 36 37
internal_value=-0.000155189 0.00129039 -0.00111121 0.00380905 -0.0101771 0.012919 0.0184472
internal_weight=154.89 147.548 122.721 79.2279 43.4935 24.8261 16.1489
internal_count=643 610 507 326 181 103 67
is_linear=0
shrinkage=0.03


Tree=49
num_leaves=6
num_cat=0
split_feature=38 2 38 34 34
split_gain=4.31209 6.70144 6.90079 6.27805 4.53294
threshold=0.0064437642039240038 0.043921410148897617 0.007793208369195284 0.029955035811310208 0.01470656479444188
decision_type=2 2 2 2 2
left_child=-1 2 4 -4 -2
right_child=1 -3 3 -5 -6
leaf_value=0.014913501059205161 -0.018569157765501887 -0.022065533701028765 0.0079939922887134231 -0.010062754959889115 0.0043111710603260852
leaf_weight=13.237115725874899 22.256095930933956 11.402695864439009 79.133905932307243 19.590631678700447 9.1495010852813703
leaf_count=54 93 50 327 81 38
internal_value=-0.000156434 -0.00185855 0.000105765 0.00413328 -0.0115953
internal_weight=154.77 141.533 130.13 98.7245 31.4056
internal_count=643 589 539 408 131
is_linear=0
shrinkage=0.03


end of trees

feature_importances:
macro_topix_vol_20=38
macro_usdjpy_vol_20=29
macd_hist_change=22
macro_topix_ret_20=21
macd_signal=18
div_ma_60=16
gap=16
div_ma_10=12
ma_20_60_cross=12
macd=12
atr_pct=12
month=12
macro_usdjpy_ret_60=12
return_20d=11
volatility=11
lower_shadow_pct=11
return_3d=10
rsi_change=10
return_10d=9
macro_usdjpy_ret_20=9
return_1d=8
return_2d=8
ma_5_20_cross=8
bb_pct_b=8
price_position_20d=8
macd_hist=7
bb_bandwidth=7
return_5d=6
div_ma_5=6
div_ma_20=5
vol_ratio=5
candle_body_pct=5
upper_shadow_pct=5
macro_nikkei_ret_20=4
rsi=3
macro_topix_above_200dma=3
vol_change=1

parameters:
[boosting: gbdt]
[objective: binary]
[metric: binary_logloss]
[tree_learner: serial]
[device_type: cpu]
[data_sample_strategy: bagging]
[data: ]
[valid: ]
[num_iterations: 50]
[learning_rate: 0.03]
[num_leaves: 15]
[num_threads: 0]
[seed: 42]
[deterministic: 0]
[force_col_wise: 0]
[force_row_wise: 0]
[histogram_pool_size: -1]
[max_depth: 4]
[min_data_in_leaf: 30]
[min_sum_hessian_in_leaf: 0.001]
[bagging_fraction: 0.7]
[pos_bagging_fraction: 1]
[neg_bagging_fraction: 1]
[bagging_freq: 5]
[bagging_seed: 400]
[bagging_by_query: 0]
[feature_fraction: 0.6]
[feature_fraction_bynode: 1]
[feature_fraction_seed: 30056]
[extra_trees: 0]
[extra_seed: 12879]
[early_stopping_round: 0]
[early_stopping_min_delta: 0]
[first_metric_only: 0]
[max_delta_step: 0]
[lambda_l1: 0.5]
[lambda_l2: 2]
[linear_lambda: 0]
[min_gain_to_split: 0]
[drop_rate: 0.1]
[max_drop: 50]
[skip_drop: 0.5]
[xgboost_dart_mode: 0]
[uniform_drop: 0]
[drop_seed: 17869]
[top_rate: 0.2]
[other_rate: 0.1]
[min_data_per_group: 100]
[max_cat_threshold: 32]
[cat_l2: 10]
[cat_smooth: 10]
[max_cat_to_onehot: 4]
[top_k: 20]
[monotone_constraints: ]
[monotone_constraints_method: basic]
[monotone_penalty: 0]
[feature_contri: ]
[forcedsplits_filename: ]
[refit_decay_rate: 0.9]
[cegb_tradeoff: 1]
[cegb_penalty_split: 0]
[cegb_penalty_feature_lazy: ]
[cegb_penalty_feature_coupled: ]
[path_smooth: 0]
[interaction_constraints: ]
[verbosity: -1]
[saved_feature_importance_type: 0]
[use_quantized_grad: 0]
[num_grad_quant_bins: 4]
[quant_train_renew_leaf: 0]
[stochastic_rounding: 1]
[linear_tree: 0]
[max_bin: 255]
[max_bin_by_feature: ]
[min_data_in_bin: 5]
[bin_construct_sample_cnt: 200000]
[data_random_seed: 175]
[is_enable_sparse: 1]
[enable_bundle: 1]
[use_missing: 1]
[zero_as_missing: 0]
[feature_pre_filter: 1]
[pre_partition: 0]
[two_round: 0]
[header: 0]
[label_column: ]
[weight_column: ]
[group_column: ]
[ignore_column: ]
[categorical_feature: ]
[forcedbins_filename: ]
[precise_float_parser: 0]
[parser_config_file: ]
[objective_seed: 16083]
[num_class: 1]
[is_unbalance: 0]
[scale_pos_weight: 1]
[sigmoid: 1]
[boost_from_average: 1]
[reg_sqrt: 0]
[alpha: 0.9]
[fair_c: 1]
[poisson_max_delta_step: 0.7]
[tweedie_variance_power: 1.5]
[lambdarank_truncation_level: 30]
[lambdarank_norm: 1]
[label_gain: ]
[lambdarank_position_bias_regularization: 0]
[eval_at: ]
[multi_error_top_k: 1]
[auc_mu_weights: ]
[num_machines: 1]
[local_listen_port: 12400]
[time_out: 120]
[machine_list_filename: ]
[machines: ]
[gpu_platform_id: -1]
[gpu_device_id: -1]
[gpu_use_dp: 0]
[num_gpu: 1]

end of parameters

pandas_categorical:[]
