tree
version=v4
num_class=1
num_tree_per_iteration=1
label_index=0
max_feature_idx=44
objective=binary sigmoid:1
feature_names=return_1d return_2d return_3d return_5d return_10d return_20d div_ma_5 div_ma_10 div_ma_20 div_ma_60 ma_5_20_cross ma_20_60_cross rsi rsi_change macd macd_signal macd_hist macd_hist_change bb_pct_b bb_bandwidth atr_pct volatility vol_change vol_ratio candle_body_pct upper_shadow_pct lower_shadow_pct day_of_week month is_month_end is_month_start streak gap price_position_20d macro_usdjpy_ret_20 macro_usdjpy_ret_60 macro_usdjpy_vol_20 macro_topix_ret_20 macro_topix_vol_20 macro_topix_above_200dma macro_nikkei_ret_20 macro_nikkei_above_200dma macro_nikkei_vi macro_jgb10y macro_bias_score
feature_infos=[-0.075028419856006057:0.074354772634166233] [-0.10749542961608771:0.072600234508718442] [-0.13592920353982296:0.075024925953412591] [-0.11653999276149118:0.09688246473133999] [-0.12178449361395938:0.12208111429741919] [-0.14365883772622057:0.15946632782719194] [-0.089926180001491246:0.049077905770015445] [-0.10083801455014274:0.063498315211700365] [-0.095666348674156437:0.085518255329576021] [-0.12276333772448145:0.14527170132987477] [-0.062156848386248686:0.067117776152157971] [-0.061384247062958197:0.090126101122239621] [10.915043411533304:97.882736156351797] [-22.375620096251524:23.911045634711847] [-85.031145468112754:119.43496125647289] [-71.712211758319683:107.24128860996282] [-39.708371371325498:32.666983108745114] [-18.860445779579706:10.249067622344448] [-0.26624188755557282:1.3477180589501505] [0.023590912830590949:0.2160664966273102] [0.0099025495878150797:0.040524384140577213] [0.0062393301991226372:0.030173420090933423] [-0.76185152057245076:3.3427925433739389] [0.52538993059312733:1.8868679035856968] [-1:1] [0:0.93548387096774188] [0:0.93749713898578191] [0:4] [1:12] none [0:1] [-10:8] [-0.077770576798444568:0.078656288406390829] [0:1] [-0.10288784967882303:0.08505611680078462] [-0.13986255140503889:0.13160084488587853] [0.0024251968629527628:0.011841457708833433] [-0.22586491944566001:0.19897857359448179] [0.0040695656242548776:0.036437272436454948] [0:1] [-0.22859537662338159:0.23022297972565586] [0:1] none none none
tree_sizes=1090 1094 884 988 973 1085 1072 1072 1070 1072 1374 976 1211 884 882 1305 971 988 894 1309 1300 988 993 1199 1062 1314 889 1205 1284 1267 1102 786 974 890 1190 1201 996 994 990 971 1164 976 1200 1210 1098 869 760 1074 785 1176

Tree=0
num_leaves=9
num_cat=0
split_feature=14 35 36 18 16 12 36 12
split_gain=15.6555 11.8466 14.0945 8.90132 7.26578 6.49561 5.17673 3.00782
threshold=40.77289506434159 0.055922458804034465 0.0071701010779905714 0.16826576466999879 9.6933520347003803 77.359118198862177 0.0066634034470565385 64.672114744709262
decision_type=2 2 2 2 2 2 2 2
left_child=1 2 4 -4 -1 7 -3 -2
right_child=5 6 3 -5 -6 -7 -8 -9
leaf_value=-0.045694713762279751 -0.081043612470359364 -0.095089270015123351 -0.050394910500211748 -0.082894652839729521 -0.070844889553868709 -0.068874716169369563 -0.067305661329484567 -0.10842784658110648
leaf_weight=38.701810836791992 10.237253189086919 14.481967926025392 7.7403621673583975 30.462070465087891 12.234766006469725 7.7403621673583975 7.490673065185546 11.985076904296873
leaf_count=155 41 58 31 122 49 31 30 48
internal_value=-0.0720339 -0.0668858 -0.0619029 -0.0752611 -0.0518016 -0.0906292 -0.0855107 -0.0983393
internal_weight=141.074 111.112 89.139 38.2024 50.9366 29.9627 21.9726 22.2223
internal_count=565 445 357 153 204 120 88 89
is_linear=0
shrinkage=1


Tree=1
num_leaves=9
num_cat=0
split_feature=15 35 13 11 9 35 19 32
split_gain=21.1666 10.9333 11.5991 8.0093 5.02255 4.03466 2.94729 0.451001
threshold=39.882299324396165 0.055922458804034465 6.0273016952259981 0.032261153344904321 0.094569999829122883 0.076420888291436465 0.061739079694153647 -0.002012024168223769
decision_type=2 2 2 2 2 2 2 2
left_child=1 2 3 -1 7 -3 -4 -2
right_child=4 5 6 -5 -6 -7 -8 -9
leaf_value=0.0095926631981326331 -0.014775567045670585 -0.022478032832159107 0.001422888981766556 0.037829562256611375 -0.00085689227048668215 0.001948411598183324 -0.020311682609008366 -0.036488516168348306
leaf_weight=61.93248724937439 8.7346394807100332 13.722453415393831 7.7425080388784435 9.9896666109561902 8.2341820001602155 7.7367278635501853 10.236760973930357 12.725329518318176
leaf_count=248 35 55 31 40 33 31 41 51
internal_value=-0.00144675 0.00452292 0.00921814 0.0146349 -0.0231805 -0.0136168 -0.0109957 -0.0303034
internal_weight=141.055 111.361 89.9014 71.9222 29.6942 21.4592 17.9793 21.46
internal_count=565 446 360 288 119 86 72 86
is_linear=0
shrinkage=0.03


Tree=2
num_leaves=7
num_cat=0
split_feature=14 38 21 13 33 28
split_gain=14.3009 12.8557 16.5774 7.67176 5.42973 5.26172
threshold=40.77289506434159 0.013053296375765669 0.015480839268324088 6.0273016952259981 0.81276952777533829 8.5000000000000018
decision_type=2 2 2 2 2 2
left_child=1 2 3 -1 -2 -6
right_child=4 -3 -4 -5 5 -7
leaf_value=0.0083403569114662828 -0.031887288054027026 0.035994780831105286 -0.035977263562635274 -0.012534405069903143 0.0092561418191740297 -0.021257573274307506
leaf_weight=77.417549729347229 13.955472797155382 7.9906782805919638 8.2325280755758268 17.470705315470695 8.4827587604522687 7.4778051227331153
leaf_count=310 56 32 33 70 34 30
internal_value=-0.00142232 0.00349028 0.000191957 0.0041627 -0.0192136 -0.00498009
internal_weight=141.027 111.111 103.121 94.8883 29.916 15.9606
internal_count=565 445 413 380 120 64
is_linear=0
shrinkage=0.03


Tree=3
num_leaves=8
num_cat=0
split_feature=14 37 23 5 28 23 34
split_gain=13.5644 8.72597 7.8399 7.32297 8.40279 8.12974 2.47123
threshold=40.77289506434159 -0.042535942091880767 1.2063609277745042 -0.022654980083000095 10.500000000000002 0.85731985090405238 0.01556907545768227
decision_type=2 2 2 2 2 2 2
left_child=1 -1 6 5 -5 -3 -2
right_child=2 3 -4 4 -6 -7 -8
leaf_value=0.030948019611296361 -0.013104678850934241 -0.029280779702870522 0.0036804503780070714 0.010963017876703375 -0.015008822200412752 3.2922510531000829e-06 -0.03958522294286769
leaf_weight=7.4949211031198493 11.955992579460149 10.981160417199133 8.4786217957735044 59.186106652021408 11.484264880418776 21.963965311646461 9.4475047439336759
leaf_count=30 48 44 34 237 46 88 38
internal_value=-0.00140038 0.00337927 -0.0187401 0.000694802 0.00623915 -0.0104455 -0.0278181
internal_weight=140.993 111.11 29.8821 103.615 70.6704 32.9451 21.4035
internal_count=565 445 120 415 283 132 86
is_linear=0
shrinkage=0.03


Tree=4
num_leaves=8
num_cat=0
split_feature=15 35 36 38 16 36 15
split_gain=18.7441 10.1162 17.8617 14.3198 8.64992 7.45782 3.89031
threshold=39.882299324396165 0.055922458804034465 0.0069348330391099935 0.013053296375765669 9.6933520347003803 0.0069348330391099935 3.3806743588625636
decision_type=2 2 2 2 2 2 2
left_child=1 2 4 -4 -1 -2 -3
right_child=5 6 3 -5 -6 -7 -8
leaf_value=0.028477951469795114 -0.03310232574856805 -0.00042366600928727381 -0.013429875810747243 0.027690922430929295 0 -0.0012692688289580535 -0.026304797203332057
leaf_weight=34.737822338938713 17.899374336004261 12.462014406919481 35.200992554426193 7.4922304302453986 12.482925772666929 11.699947729706762 8.9765277802944166
leaf_count=139 72 50 141 30 50 47 36
internal_value=-0.0013774 0.00422755 0.00874802 -0.00496174 0.021146 -0.0218709 -0.0132202
internal_weight=140.952 111.353 89.914 42.6932 47.2207 29.5993 21.4385
internal_count=565 446 360 171 189 119 86
is_linear=0
shrinkage=0.03


Tree=5
num_leaves=9
num_cat=0
split_feature=8 35 36 38 23 36 14 19
split_gain=11.5149 15.4973 15.1379 13.907 8.43203 7.97781 6.76772 3.70439
threshold=0.029677040890000023 0.055922458804034465 0.007958393091731757 0.0084275045000684525 1.0388021214553786 0.0067213542211298286 40.139174307553965 0.097564965457214922
decision_type=2 2 2 2 2 2 2 2
left_child=1 2 6 -4 -2 -3 -1 -6
right_child=4 5 3 -5 7 -7 -8 -9
leaf_value=0.022970181397346842 -0.032309181015163738 -0.026974067749363211 -0.027827033029958714 0.018713257950010161 0.010926039809191596 0.0063836248814501924 -0.0031075539488898806 -0.014405225500343869
leaf_weight=54.964469730854034 11.701721847057344 14.675944834947588 12.472507655620577 7.4861865788698188 9.4786525815725344 8.4811550229787809 8.9379784464836103 7.4628923237323752
leaf_count=220 47 59 50 30 38 34 36 30
internal_value=0.00132778 0.00597491 0.012046 -0.00957295 -0.0148023 -0.0146245 0.0191115 0
internal_weight=135.662 107.018 83.8611 19.9587 28.6433 23.1571 63.9024 16.9415
internal_count=544 429 336 80 115 93 256 68
is_linear=0
shrinkage=0.03


Tree=6
num_leaves=9
num_cat=0
split_feature=15 36 35 16 28 7 36 15
split_gain=13.7183 11.9899 15.4402 11.205 9.11143 8.61985 5.08179 0.506729
threshold=39.882299324396165 0.007958393091731757 0.049857185515147735 10.53373893416201 6.5000000000000009 -0.0080724262755932415 0.0069740304329113621 55.458917603315889
decision_type=2 2 2 2 2 2 2 2
left_child=1 2 3 -1 -4 -3 7 -2
right_child=6 5 4 -5 -6 -7 -8 -9
leaf_value=0.026501393469644311 -0.035460665091521272 0.0068290902142134303 -0.029774437229909557 -0.0034803110060157134 0.0044195351843499663 -0.026963880589265226 0 -0.012797451974761478
leaf_weight=45.970112413167953 7.4320847839117077 10.22605834901333 8.2160534411668795 12.983167946338652 19.435228928923607 12.968037337064741 10.203015759587286 8.163043335080145
leaf_count=184 30 41 33 52 78 52 41 33
internal_value=0.00126185 0.0060339 0.0112261 0.0197549 -0.00655768 -0.0121101 -0.0174815 -0.0272535
internal_weight=135.597 109.799 86.6046 58.9533 27.6513 23.1941 25.7981 15.5951
internal_count=544 440 347 236 111 93 104 63
is_linear=0
shrinkage=0.03


Tree=7
num_leaves=9
num_cat=0
split_feature=15 36 35 3 7 28 36 15
split_gain=13.0473 11.3141 14.5992 10.6454 10.4332 8.68868 4.86231 0.471618
threshold=39.882299324396165 0.007958393091731757 0.049857185515147735 -0.010877424667050438 0.011107365496153985 6.5000000000000009 0.0069740304329113621 55.458917603315889
decision_type=2 2 2 2 2 2 2 2
left_child=1 2 4 -3 -1 -4 7 -2
right_child=6 3 5 -5 -6 -7 -8 -9
leaf_value=0.029328760730595767 -0.034719397058463851 0.011241545649977177 -0.029098061784620221 -0.02686273700594137 0.0029363600167439784 0.0042985972282988984 0 -0.012502637832300585
leaf_weight=34.719581544399261 7.406125575304034 8.9809357374906558 8.2015252411365527 14.19930876791477 24.222624316811562 19.438777074217796 10.203015759587286 8.1521885395050031
leaf_count=139 30 36 33 57 97 78 41 33
internal_value=0.00118238 0.00583858 0.0108853 -0.0117836 0.0191811 -0.00639966 -0.0171076 -0.0266828
internal_weight=135.524 109.763 86.5825 23.1802 58.9422 27.6403 25.7613 15.5583
internal_count=544 440 347 93 236 111 104 63
is_linear=0
shrinkage=0.03


Tree=8
num_leaves=9
num_cat=0
split_feature=15 36 35 16 3 28 36 15
split_gain=12.4295 10.6852 13.8337 10.334 10.1279 8.28856 4.65443 0.44007
threshold=39.882299324396165 0.007958393091731757 0.049857185515147735 10.53373893416201 -0.010877424667050438 6.5000000000000009 0.0069740304329113621 55.458917603315889
decision_type=2 2 2 2 2 2 2 2
left_child=1 2 3 -1 -3 -4 7 -2
right_child=6 4 5 -5 -6 -7 -8 -9
leaf_value=0.025141719467053344 -0.034008486813711429 0.010962518676399063 -0.02844620230072677 -0.0035979789402499377 -0.026193283315048565 0.0041810220652516881 0 -0.012215162631800388
leaf_weight=45.935386300086975 7.3763668835163143 8.9840957075357455 8.1838766038417834 12.984014287590979 14.176800906658171 19.442047566175461 10.203015759587286 8.1409621834754926
leaf_count=184 30 36 33 52 57 78 41 33
internal_value=0.00111869 0.00566587 0.0105734 0.018652 -0.0114587 -0.00624598 -0.0167449 -0.0261312
internal_weight=135.427 109.706 86.5453 58.9194 23.1609 27.6259 25.7203 15.5173
internal_count=544 440 347 236 93 111 104 63
is_linear=0
shrinkage=0.03


Tree=9
num_leaves=9
num_cat=0
split_feature=15 36 3 7 36 9 36 15
split_gain=11.8294 10.0774 9.63839 9.22683 15.5363 6.27737 4.45737 0.411661
threshold=39.882299324396165 0.007958393091731757 -0.010877424667050438 0.0090853951269861209 0.0060481643155248571 0.032049459923852351 0.0069740304329113621 55.458917603315889
decision_type=2 2 2 2 2 2 2 2
left_child=1 3 -3 4 -1 -5 7 -2
right_child=6 2 -4 5 -6 -7 -8 -9
leaf_value=0.0035870201429444443 -0.03332579438565135 0.010691016004367452 -0.025547585975925595 -0.013604208640398735 0.0372138956905749 0.010410438360045692 0 -0.011934790274396588
leaf_weight=31.112642720341682 7.343119919300082 8.9866334795951861 14.150004476308821 17.458510458469391 20.462563320994377 17.456379488110542 10.203015759587286 8.1294036656618101
leaf_count=125 30 36 57 70 82 70 41 33
internal_value=0.00104665 0.00548607 -0.0111445 0.0102557 0.0180997 -0.00127776 -0.016393 -0.0255979
internal_weight=135.302 109.627 23.1366 86.4901 51.5752 34.9149 25.6755 15.4725
internal_count=544 440 93 347 207 140 104 63
is_linear=0
shrinkage=0.03


Tree=10
num_leaves=12
num_cat=0
split_feature=34 28 4 27 5 24 4 7 5 18 3
split_gain=8.96415 6.62277 10.3368 6.98336 5.86749 5.58308 4.46065 9.65634 3.25066 2.81152 2.75061
threshold=0.0079652569852287653 8.5000000000000018 -0.010736141161176936 1.5000000000000002 0.051698197313430956 -0.32970350009478339 0.010108197871099735 -0.012596927978553473 0.028369681326339772 0.87693391339885485 0.0086002543878684907
decision_type=2 2 2 2 2 2 2 2 2 2 2
left_child=1 3 -3 10 6 -5 7 -2 -8 -6 -1
right_child=4 2 -4 5 9 -7 8 -9 -10 -11 -12
leaf_value=-0.013256144912900496 -0.013307755580417737 0.018052568656281222 -0.021065741256658357 0 -0.034627410750424616 0.030792423346502552 -0.02318150444695647 0.017605183359457186 0 -0.0058887380963597719 0.0091479018999296585
leaf_weight=7.4641150236129743 13.948144450783728 7.9605631977319744 13.16177451610565 7.9670790582895306 7.6012933403253546 19.427205577492714 10.43700882792473 18.666596308350563 7.448043003678321 8.1792534291744214 7.9642295241355896
leaf_count=30 56 32 53 32 31 78 42 75 30 33 32
internal_value=-0.000246594 0.00752989 -0.00538788 0.0141923 -0.00796956 0.0228087 -0.00231912 0.00394645 -0.0137469 -0.0229133 -0.00110773
internal_weight=130.225 63.945 21.1223 42.8226 66.2803 27.3943 50.4998 32.6147 17.8851 15.7805 15.4283
internal_count=524 257 85 172 267 110 203 131 72 64 62
is_linear=0
shrinkage=0.03


Tree=11
num_leaves=8
num_cat=0
split_feature=15 38 36 4 34 26 34
split_gain=11.4229 8.25954 11.5297 11.0975 7.39483 2.23445 1.56712
threshold=40.738240470007206 0.014238371554770942 0.007958393091731757 -0.013923107549941192 0.0099544002993000608 0.14839769620314883 0.014096847337023434
decision_type=2 2 2 2 2 2 2
left_child=1 2 4 -4 -1 -2 -7
right_child=5 -3 3 -5 -6 6 -8
leaf_value=0.016521314809430612 -0.030356861242269387 0.030384392314405418 0.0048996081126075966 -0.036078016135434661 -0.0014285248886877478 0 -0.016968773624689123
leaf_weight=34.654837399721146 8.1464578807353991 7.7254070639610282 9.2162051647901553 10.89528466761112 43.559391930699348 8.6488174200057966 7.3171327710151663
leaf_count=139 33 31 37 44 175 35 30
internal_value=-0.000253357 0.00394001 0.00114848 -0.0178767 0.00655125 -0.0181602 -0.00841551
internal_weight=130.164 106.051 98.3257 20.1115 78.2142 24.1124 15.966
internal_count=524 426 395 81 314 98 65
is_linear=0
shrinkage=0.03


Tree=12
num_leaves=10
num_cat=0
split_feature=35 14 36 38 37 11 24 37 0
split_gain=8.96646 9.82834 10.092 13.4104 7.47668 5.24914 5.18233 2.79275 0.57221
threshold=0.055922458804034465 32.301809033840307 0.0070432854719026826 0.011739167140687491 0.042368497112862065 0.0026278856133430399 0.19233975407087819 0.041303330336285866 -0.0043592136912455328
decision_type=2 2 2 2 2 2 2 2 2
left_child=1 2 4 -4 -1 -2 8 -8 -3
right_child=5 6 3 -5 -6 -7 7 -9 -10
leaf_value=0.02558021520845527 0.0014314933432683795 -0.0088520526076032585 -0.011881518190373856 0.028913916494728829 -0.0046104026692990515 -0.025427831991107132 -0.0091315962339942897 0.01357424276256672 -0.028823987498899029
leaf_weight=31.897113427519798 8.4538915753364581 7.8865440785884857 28.335377976298332 7.4757694005966178 7.7225296497344962 15.775449350476263 7.6914789676666242 7.4493102729320526 7.3788660168647784
leaf_count=128 34 32 114 30 31 64 31 30 30
internal_value=-0.000259631 0.00345649 0.00930924 -0.00188962 0.0193964 -0.0160899 -0.0102784 0.00144501 -0.0215953
internal_weight=130.066 105.837 75.4308 35.8111 39.6196 24.2293 30.4062 15.1408 15.2654
internal_count=524 426 303 144 159 98 123 61 62
is_linear=0
shrinkage=0.03


Tree=13
num_leaves=7
num_cat=0
split_feature=15 35 13 12 28 21
split_gain=10.4991 7.93635 7.94432 8.12156 3.29371 3.25275
threshold=40.738240470007206 0.065622986415204046 5.1269271555032967 65.22410809398248 8.5000000000000018 0.0099385140970923627
decision_type=2 2 2 2 2 2
left_child=1 2 3 -1 -2 -4
right_child=4 -3 5 -5 -6 -7
leaf_value=0.016416448537623269 -0.0053469876767251361 -0.015680223280470335 0.0053165869126863326 -0.0095913041024733928 -0.029526430969350637 -0.016189397850700223
leaf_weight=59.451158553361893 14.038066908717157 13.881433010101317 7.9511060416698482 10.95369231700897 9.9826593995094282 13.674848750233648
leaf_count=239 57 56 32 44 41 55
internal_value=-0.000264364 0.0037501 0.00711157 0.0120098 -0.0174692 -0.00786679
internal_weight=129.933 105.912 92.0308 70.4049 24.0207 21.626
internal_count=524 426 370 283 98 87
is_linear=0
shrinkage=0.03


Tree=14
num_leaves=7
num_cat=0
split_feature=15 35 13 12 17 28
split_gain=9.97508 7.95074 7.82957 6.63257 3.24552 2.31005
threshold=42.964487843833162 0.065622986415204046 5.1269271555032967 65.22410809398248 2.4431192642687543 8.5000000000000018
decision_type=2 2 2 2 2 2
left_child=1 2 3 -1 -4 -2
right_child=5 -3 4 -5 -6 -7
leaf_value=0.015596299267519237 -0.0067221217364778754 -0.015884787922422077 -0.017860142936014681 -0.007317907949628142 0.0030178058136669881 -0.029107448306256892
leaf_weight=60.175606146454811 13.287843942642214 14.110797360539435 11.644223034381868 11.684547916054724 10.212350770831106 8.7217376828193647
leaf_count=242 54 57 47 47 41 36
internal_value=-0.000288477 0.00343099 0.0067672 0.0115701 -0.00804111 -0.0179032
internal_weight=129.837 107.828 93.7167 71.8602 21.8566 22.0096
internal_count=524 434 377 289 88 90
is_linear=0
shrinkage=0.03


Tree=15
num_leaves=11
num_cat=0
split_feature=4 20 40 28 37 14 36 34 0 28
split_gain=12.3573 14.4451 11.0588 9.39299 11.0852 5.01464 6.02567 5.00509 4.01205 3.45436
threshold=0.011377886082333701 0.01456595628353251 0.053798616366259273 5.5000000000000009 0.032075006935562207 15.919336683625263 0.0054930045106797642 -0.002991407225890141 0.012580240588053073 5.5000000000000009
decision_type=2 2 2 2 2 2 2 2 2 2
left_child=3 9 8 4 7 6 -5 -1 -3 -2
right_child=1 2 -4 5 -6 -7 -8 -9 -10 -11
leaf_value=0.024303205427914722 0.023197950621506282 -0.033851140490095112 0.0057597948587979758 0.0021560811466355069 -0.025480597730059517 -0.0016051339888430403 0.029462742760641231 -0.0048998479259552939 -0.0067679414192219301 -0.001050875551171522
leaf_weight=8.1894576847553289 8.7052682489156741 23.80687689781189 10.41460372507572 12.417736187577246 11.90510021150112 9.6236716955900174 23.349273651838303 8.4563939720392227 9.4178353846073133 7.9491680562496176
leaf_count=33 35 97 42 50 48 39 94 34 38 32
internal_value=-0.000294329 -0.0102976 -0.0192676 0.00772144 -0.00516869 0.0160219 0.0209957 0.0097288 -0.0274202 0.0119481
internal_weight=134.235 60.2938 43.6393 73.9416 28.551 45.3907 35.767 16.6459 33.2247 16.6544
internal_count=542 244 177 298 115 183 144 67 135 67
is_linear=0
shrinkage=0.03


Tree=16
num_leaves=8
num_cat=0
split_feature=8 35 16 24 28 34 3
split_gain=11.6316 14.1828 7.59741 7.1974 5.99667 5.86994 4.23737
threshold=0.03624446912863017 0.05854648449409406 -1.6337941762900641 -0.24859481212041409 5.5000000000000009 0.012756636583129867 0.04120663580104645
decision_type=2 2 2 2 2 2 2
left_child=1 3 -3 4 -1 -5 -2
right_child=6 2 -4 5 -6 -7 -8
leaf_value=-0.016760862013682726 -0.032285618862453819 0 -0.036513487017644522 0.020204867150353314 0.0073753636044341644 0.00044963194602289102 -0.0010823644814822978
leaf_weight=14.138500049710272 10.547431424260141 10.37969906628132 8.8313904255628568 41.690960720181465 19.086448386311531 22.044754698872566 7.4117426574230185
leaf_count=57 43 42 36 168 77 89 30
internal_value=-0.000281105 0.00319045 -0.0189328 0.00801941 -0.00283819 0.0138217 -0.0215584
internal_weight=134.131 116.172 19.2111 96.9607 33.2249 63.7357 17.9592
internal_count=542 469 78 391 134 257 73
is_linear=0
shrinkage=0.03


Tree=17
num_leaves=8
num_cat=0
split_feature=8 35 24 13 28 23 35
split_gain=11.0668 13.4917 6.80521 7.52612 5.68767 3.52576 3.14767
threshold=0.03624446912863017 0.05854648449409406 -0.24859481212041409 6.4944197538118376 5.5000000000000009 1.2652169017939039 0.074884704637423374
decision_type=2 2 2 2 2 2 2
left_child=1 2 4 -4 -1 -2 -3
right_child=5 6 3 -5 -6 -7 -8
leaf_value=-0.016329620407955433 -0.031252660489649989 -0.028789537581626976 0.019013425255068578 -0.0040126479165408131 0.0071749661486532734 -0.0022454169170195988 -0.0026262347811804982
leaf_weight=14.129472672939299 10.260355427861215 10.081524208188059 48.801392167806625 14.919286862015722 19.08680234849453 7.656550630927085 9.0855051577091199
leaf_count=57 42 41 197 60 77 31 37
internal_value=-0.000300396 0.00308196 0.0077921 0.0134359 -0.00275699 -0.0210802 -0.0185163
internal_weight=134.021 116.104 96.937 63.7207 33.2163 17.9169 19.167
internal_count=542 469 391 257 134 73 78
is_linear=0
shrinkage=0.03


Tree=18
num_leaves=7
num_cat=0
split_feature=20 10 19 12 14 21
split_gain=11.4619 13.2756 5.99194 7.82772 5.82883 4.68466
threshold=0.012529092646762633 -0.019133004416195972 0.066280837618950303 49.183966322432873 16.490036533183915 0.013144315166170204
decision_type=2 2 2 2 2 2
left_child=-1 5 4 -4 -3 -2
right_child=1 2 3 -5 -6 -7
leaf_value=0.026452073106842357 0.00068772298834983469 0.0086327320851417033 -0.032361383536682928 -0.0067723772574243765 -0.013811736411060318 0.029542369493949026
leaf_weight=10.921612381935118 10.444502100348474 27.984211280941963 13.850559785962103 46.169338285923004 13.859521329402922 10.674900084733961
leaf_count=44 42 113 56 188 56 43
internal_value=-0.00032788 -0.00321135 -0.00784075 -0.0137725 0.000565603 0.0172152
internal_weight=133.905 122.983 101.864 60.0199 41.8437 21.1194
internal_count=542 498 413 244 169 85
is_linear=0
shrinkage=0.03


Tree=19
num_leaves=11
num_cat=0
split_feature=4 38 19 38 36 23 15 17 22 26
split_gain=10.9819 11.9128 11.5422 8.9738 10.1898 8.43959 4.60678 4.40958 2.70576 6.26764
threshold=0.011377886082333701 0.0081075636721317425 0.074312581395735239 0.00772281972675433 0.0051469171691743039 0.88860478227741158 -22.334127857447235 -0.13037448416145822 0.24658132041315009 0.12320246363346955
decision_type=2 2 2 2 2 2 2 2 2 2
left_child=3 2 -2 5 6 -1 -5 -6 9 -3
right_child=1 8 -4 4 7 -7 -8 -9 -10 -11
leaf_value=-0.024594908772346331 0.026162643369675709 0.0083419124303070191 -0.013238598098270197 0.0095418718587565766 0.0095704910703202917 0.0076150801223949776 -0.019754311779947582 0.03411890988683576 -0.033149646026846051 -0.020792197272851341
leaf_weight=10.904657453298571 11.424902692437174 7.3821831047534969 11.058813512325285 7.4469705522060394 16.834259837865829 14.361693575978277 7.4130120575427991 16.833548814058304 10.301778346300123 19.865743517875671
leaf_count=44 46 30 45 30 68 58 30 68 42 81
internal_value=-0.00030617 -0.00976603 0.0066718 0.00724639 0.0146855 -0.00652061 -0.00479276 0.0234899 -0.0198275 -0.0123555
internal_weight=133.828 60.0334 22.4837 73.7941 48.5278 25.2664 14.86 33.6678 37.5497 27.2479
internal_count=542 244 91 298 196 102 60 136 153 111
is_linear=0
shrinkage=0.03


Tree=20
num_leaves=11
num_cat=0
split_feature=4 18 10 21 14 35 20 20 3 16
split_gain=7.59283 8.76881 10.1827 8.26069 7.6898 6.11429 6.16364 10.838 3.80215 3.2867
threshold=0.012060339315282389 0.46811630466712834 -0.023982091785209488 0.011718325662027169 33.033664596244542 0.054369067707480963 0.01456595628353251 0.017306133648206642 0.0068045935398228794 8.1850440645175979
decision_type=2 2 2 2 2 2 2 2 2 2
left_child=1 2 -1 -4 8 6 9 -8 -3 -2
right_child=5 4 3 -5 -6 -7 7 -9 -10 -11
leaf_value=0.020038044739636586 0.023157329816722708 0.042602001493483664 0.004706749449623202 -0.02216391618193058 -0.0032067336327129257 -0.029740367303524418 -0.028417134678761773 0.0032235178651507505 0.010030525012767501 -0.001010267447998077
leaf_weight=12.89954763650894 7.6908866167068464 9.1625732481479698 17.837452083826065 18.775784119963646 7.5745275765657416 7.7035097926855078 14.492182165384291 21.220107138156891 8.906849727034567 7.9768274873495102
leaf_count=52 31 37 72 76 31 32 59 86 36 32
internal_value=0.000129485 0.00648941 -0.000748261 -0.00911871 0.0200495 -0.00766263 -0.0030812 -0.0100447 0.0298937 0.0112825
internal_weight=134.24 75.1567 49.5128 36.6132 25.644 59.0835 51.38 35.7123 18.0694 15.6677
internal_count=544 304 200 148 104 240 208 145 73 63
is_linear=0
shrinkage=0.03


Tree=21
num_leaves=8
num_cat=0
split_feature=15 13 11 26 15 36 25
split_gain=10.9922 9.92685 8.21344 7.37075 6.53643 2.2869 1.56063
threshold=40.738240470007206 6.7558502815304431 0.032261153344904321 0.23913277118834445 56.700510192341589 0.0072008007764995064 0.15473709246878484
decision_type=2 2 2 2 2 2 2
left_child=1 2 3 -1 5 -2 -3
right_child=4 6 -4 -5 -6 -7 -8
leaf_value=-0.0058533569598507263 -0.038342539148017427 -0.0014744999118057984 0.028097764780403836 0.01247077911671586 0.0005813861189629592 -0.0089943895450848837 -0.021069210922731195
leaf_weight=33.250130444765091 8.0859496891498583 8.181862488389017 14.59370882809162 41.566983193159103 10.645641058683394 7.3790423125028601 10.399092212319372
leaf_count=134 34 33 59 168 44 30 42
internal_value=0.000134082 0.00451831 0.00878702 0.00419155 -0.0164965 -0.0278317 -0.0141515
internal_weight=134.102 107.992 89.4108 74.8171 26.1106 15.465 18.581
internal_count=544 436 361 302 108 64 75
is_linear=0
shrinkage=0.03


Tree=22
num_leaves=8
num_cat=0
split_feature=15 13 11 26 15 36 34
split_gain=10.4658 9.44062 7.80712 6.96173 6.28987 2.20048 1.51465
threshold=40.738240470007206 6.7558502815304431 0.032261153344904321 0.23913277118834445 56.700510192341589 0.0072008007764995064 0.0060500763064323957
decision_type=2 2 2 2 2 2 2
left_child=1 2 3 -1 5 -2 -3
right_child=4 6 -4 -5 -6 -7 -8
leaf_value=-0.0056880542143250739 -0.037677651612585114 -0.021202252928917569 0.02739472431801911 0.012116706368432062 0.00056665568122162848 -0.0087892832804261859 -0.001994728970673982
leaf_weight=33.248087182641029 8.0180975049734133 9.677516236901285 14.570849448442457 41.556790933012962 10.646687120199202 7.3714891374111167 8.8939236253499967
leaf_count=134 34 39 59 168 44 30 36
internal_value=0.000104754 0.00438307 0.0085496 0.00406578 -0.0161455 -0.0273053 -0.0138211
internal_weight=133.983 107.947 89.3757 74.8049 26.0363 15.3896 18.5714
internal_count=544 436 361 302 108 64 75
is_linear=0
shrinkage=0.03


Tree=23
num_leaves=10
num_cat=0
split_feature=15 4 12 16 15 15 10 20 36
split_gain=9.96579 7.41591 8.35606 8.06232 6.05549 5.87784 4.55974 3.71647 2.12018
threshold=40.738240470007206 0.012060339315282389 53.698463624130909 -6.7929786402851757 56.700510192341589 21.798134816018443 0.021423109623706863 0.013918720763398321 0.0072008007764995064
decision_type=2 2 2 2 2 2 2 2 2
left_child=1 2 3 -1 8 7 -7 -3 -2
right_child=4 5 -4 -5 -6 6 -8 -9 -10
leaf_value=0.01582481979130063 -0.037041162499888827 0.0029810093679038811 0.029330364447236613 -0.007328262534289893 0.0005522991782376484 0.0230227567842403 -0.0058685552525204856 -0.018975936184312203 -0.008588999680224094
leaf_weight=24.454273000359532 7.9466435909271258 7.6819061338901546 14.576709747314451 25.032616123557094 10.647705167531965 7.7068094015121442 7.4408939331769943 21.001318544149399 7.3638347685337067
leaf_count=99 34 31 59 101 44 31 30 85 30
internal_value=7.59679e-05 0.00425132 0.0106978 0.00399193 -0.0158049 -0.00489924 0.00892674 -0.0127956 -0.0267966
internal_weight=133.853 107.895 64.0636 49.4869 25.9582 43.8309 15.1477 28.6832 15.3105
internal_count=544 436 259 200 108 177 61 116 64
is_linear=0
shrinkage=0.03


Tree=24
num_leaves=9
num_cat=0
split_feature=13 34 26 3 14 11 4 19
split_gain=7.07494 8.90499 7.78013 5.45949 4.61312 5.74273 4.16432 1.60744
threshold=6.6353332894762618 0.010614667307790151 0.12320246363346955 0.0077680076547079766 40.77289506434159 0.0093659139012880494 0.026643491439573345 0.065123700336684159
decision_type=2 2 2 2 2 2 2 2
left_child=1 2 3 -1 5 -3 -4 -2
right_child=7 4 6 -5 -6 -7 -8 -9
leaf_value=-0.018188206893926161 -0.0021870272098088134 -0.011418449998947902 0.021893419138823186 0.011236563944066498 -0.02015220795813388 0.010815227422286194 0 -0.021462726965916688
leaf_weight=10.317634075880052 8.6615304499864596 18.84978249669075 34.964560583233833 8.1420356631278974 12.6333891749382 18.946066439151764 8.8994503170251829 12.278889030218123
leaf_count=42 35 76 142 33 53 77 36 50
internal_value=6.75431e-05 0.00321513 0.0107329 -0.0046469 -0.00584466 0 0.0174527 -0.0150294
internal_weight=133.693 112.753 62.3237 18.4597 50.4292 37.7958 43.864 20.9404
internal_count=544 459 253 75 206 153 178 85
is_linear=0
shrinkage=0.03


Tree=25
num_leaves=11
num_cat=0
split_feature=34 26 20 24 32 13 7 22 6 2
split_gain=10.9778 8.33869 6.16909 5.25357 3.91494 3.46036 2.22488 1.56335 1.44852 2.88097
threshold=0.012756636583129867 0.13125597455822069 0.012983478749048654 0.20942728142989311 -0.0036787452619911894 -5.838736019386185 0.017851530526469785 -0.23840981889329785 -0.0055335253426755234 0.013771548686882131
decision_type=2 2 2 2 2 2 2 2 2 2
left_child=1 8 -2 5 -4 -3 -5 -6 -1 -10
right_child=2 3 4 6 7 -7 -8 -9 9 -11
leaf_value=-0.019231486102759845 0.0080018282354088026 -0.012730330714896668 -0.00035110086006128995 0.02786238176680423 -0.005726536447653429 0.0074203319066566409 0.0048717460957735928 -0.025197208088194006 0.0073195379744988125 -0.01471053003380181
leaf_weight=8.3656474053859728 8.4278070181608182 8.1042579114437086 11.452466294169424 13.819214746356012 8.2779571861028618 27.608246028423309 8.6528469771146757 28.863587513566021 8.6293985247612017 8.1279972195625287
leaf_count=34 34 33 47 56 34 112 35 119 35 33
internal_value=-0.00312385 0.0036714 -0.0130937 0.00994826 -0.0172205 0.00201717 0.0207444 -0.0217552 -0.00997428 -0.0029954
internal_weight=140.329 83.3076 57.0218 58.1846 48.594 35.7125 22.4721 37.1415 25.123 16.7574
internal_count=572 338 234 236 200 145 91 153 102 68
is_linear=0
shrinkage=0.03


Tree=26
num_leaves=7
num_cat=0
split_feature=35 14 38 21 33 38
split_gain=9.36274 9.77765 5.80951 8.38018 4.02937 1.8585
threshold=0.055922458804034465 40.77289506434159 0.011739167140687491 0.011718325662027169 0.81910960692788481 0.011194264453122068
decision_type=2 2 2 2 2 2
left_child=1 2 3 -1 -3 -2
right_child=5 4 -4 -5 -6 -7
leaf_value=0.0093365310388084776 -0.024048146095216983 -0.025217437125587387 0.023386151210200531 -0.010931692249113717 -0.0014448347824163297 -0.003036607200871694
leaf_weight=49.431368201971054 17.520017072558407 13.144235447049143 12.102380335330961 26.23622165620327 14.093355521559713 7.6830960661172858
leaf_count=200 72 55 49 106 58 32
internal_value=-0.00304234 0.000565521 0.00558451 0.00201527 -0.0143702 -0.0188884
internal_weight=140.211 115.008 87.77 75.6676 27.2376 25.2031
internal_count=572 468 355 306 113 104
is_linear=0
shrinkage=0.03


Tree=27
num_leaves=10
num_cat=0
split_feature=15 35 37 11 26 38 18 32 35
split_gain=10.3139 9.56313 10.4524 10.4382 9.32371 5.35146 3.40728 2.05711 0.929998
threshold=32.997905882812738 0.055922458804034465 0.040558218464168967 0.022814694068999501 0.17568113092790574 0.01020488099046553 0.83320312725173906 0.0018656257063404127 0.074884704637423374
decision_type=2 2 2 2 2 2 2 2 2
left_child=1 2 4 -4 -1 6 -2 -7 -3
right_child=5 8 3 -5 -6 7 -8 -9 -10
leaf_value=-0.001594317522703939 -0.031784257406687173 -0.020900196653571963 -0.035308549720961036 0.0078241195071872827 0.020596357257410949 0.008906164566041961 -0.00424164618859628 -0.011004952926553542 -0.0033783632966868631
leaf_weight=26.041887864470482 15.67587895691395 11.960963726043703 7.7019640654325512 8.4232408702373487 40.461648285388947 7.2637666612863523 7.9089870899915686 7.2279629558324814 7.3793405294418326
leaf_count=105 66 49 31 34 164 30 33 30 30
internal_value=-0.0029746 0.00192715 0.00654433 -0.0135728 0.011895 -0.0159169 -0.0241879 -0.000245497 -0.0158608
internal_weight=140.046 101.969 82.6287 16.1252 66.5035 38.0766 23.5849 14.4917 19.3403
internal_count=572 413 334 65 269 159 99 60 79
is_linear=0
shrinkage=0.03


Tree=28
num_leaves=11
num_cat=0
split_feature=34 37 33 15 28 15 11 11 11 5
split_gain=9.93078 7.57771 10.519 9.12026 5.29574 5.03142 10.3796 8.19704 3.62672 1.14178
threshold=0.012756636583129867 0.036589775731792125 0.82835056113717265 39.882299324396165 11.500000000000002 32.997905882812738 0.0079072620798515975 -0.020988148113715462 0.021790773771614206 0.056781625529595876
decision_type=2 2 2 2 2 2 2 2 2 2
left_child=1 3 -3 4 -1 6 7 -2 -8 -7
right_child=5 2 -4 -5 -6 9 8 -9 -10 -11
leaf_value=0.01741550322482489 0 -0.030770103877230472 0.011460001596607487 -0.015739704600352081 -0.0046622912372937366 -0.010378022162465641 0.021687608000837119 -0.036305410701678989 -0.0016903990154662775 -0.032878036688344374
leaf_weight=45.883027240633965 9.1274905204772967 10.057564198970796 7.374080002307891 9.6565920114517194 10.122821867465971 8.8410992026329058 8.8587748706340808 10.102507472038267 10.35194782912731 9.4448909163475019
leaf_count=186 37 41 30 40 41 37 36 41 42 41
internal_value=-0.00292981 0.00352939 -0.0127928 0.00833425 0.0131433 -0.0124447 -0.00524331 -0.0200972 0.00941133 -0.0248346
internal_weight=139.821 83.0941 17.4316 65.6624 56.0058 56.7267 38.4407 19.23 19.2107 18.286
internal_count=572 338 71 267 227 234 156 78 78 78
is_linear=0
shrinkage=0.03


Tree=29
num_leaves=11
num_cat=0
split_feature=34 40 8 23 13 20 36 13 13 5
split_gain=9.42171 9.71024 7.64727 7.01487 5.98084 5.35272 5.06595 3.46171 3.78285 0.775903
threshold=0.012756636583129867 0.043535022751868387 0.020239113030492663 0.96461350651915301 -2.5404659758926544 0.012983478749048654 0.0069740304329113621 1.0499101934570378 -4.7514803440791153 0.025622715970085367
decision_type=2 2 2 2 2 2 2 2 2 2
left_child=1 3 -3 4 -1 -2 -5 8 -7 -9
right_child=5 2 -4 6 -6 7 -8 9 -10 -11
leaf_value=0 0.0074236053387318705 -0.033619242641759202 0.0040383743509866199 -0.011611516818443076 0.025531763863712312 -0.02050967206094827 0.010890641522822044 -0.012642564343206953 0 -0.034812161078708777
leaf_weight=11.762432277202604 8.4051088988780958 8.1090585142374021 7.410733073949813 18.08040976524353 23.568327233195305 11.311278864741324 14.073308199644087 9.3106971681118029 19.058707088232044 8.5067938119173032
leaf_count=48 34 33 30 74 96 47 57 38 79 36
internal_value=-0.00288838 0.0034007 -0.0163732 0.00850448 0.0173863 -0.0121698 -0.00126239 -0.0160459 -0.00823426 -0.0264292
internal_weight=139.597 83.0043 15.5198 67.4845 35.3308 56.5926 32.1537 48.1875 30.37 17.8175
internal_count=572 338 63 275 144 234 131 200 126 74
is_linear=0
shrinkage=0.03


Tree=30
num_leaves=9
num_cat=0
split_feature=40 35 18 38 36 23 38 36
split_gain=6.33869 7.7793 7.93729 13.8822 6.48086 6.80248 5.48845 3.58676
threshold=0.04721672586585391 0.055922458804034465 0.80056158245492315 0.0078297904565501637 0.0070926940345379247 1.0707152273010756 0.0078297904565501637 0.0068133800155333489
decision_type=2 2 2 2 2 2 2 2
left_child=1 2 6 -4 5 -2 -1 -3
right_child=4 7 3 -5 -6 -7 -8 -9
leaf_value=-0.00061707433469087669 -0.015212706291597936 -0.021736836793145881 0.019249650384424007 -0.02460566487121121 -0.028210596306706054 0.017326865681481916 0.018614512744169222 0.0015267702739330425
leaf_weight=17.429330319166183 11.416064351797109 13.150636136531832 8.5808128863573092 14.440708383917807 12.236332833766935 8.0827033966779691 39.050948470830917 7.5741875469684592
leaf_count=71 47 55 35 59 50 33 159 31
internal_value=-0.00145132 0.00216761 0.00658018 -0.00742791 -0.0127763 -0.00066948 0.0126052 -0.0131886
internal_weight=131.962 100.227 79.5018 23.0215 31.7351 19.4988 56.4803 20.7248
internal_count=540 410 324 94 130 80 230 86
is_linear=0
shrinkage=0.03


Tree=31
num_leaves=6
num_cat=0
split_feature=20 10 33 18 20
split_gain=7.48666 7.29264 10.0781 6.72452 0.177794
threshold=0.012983478749048654 -0.023982091785209488 0.24062846221629794 0.80366825527813346 0.017760304391306232
decision_type=2 2 2 2 2
left_child=-1 -2 4 -4 -3
right_child=1 2 3 -5 -6
leaf_value=0.01806401936281098 0.015868706427916292 -0.034733042179542706 0.0033124577517906454 -0.01350390377303903 -0.013755106636375851
leaf_weight=13.482361420989035 12.346538007259367 7.6339252442121532 59.443155691027641 30.333513915538788 8.5606660991907102
leaf_count=55 50 31 244 125 35
internal_value=-0.00142485 -0.00403364 -0.00674234 -0.00237643 -0.0271992
internal_weight=131.8 118.318 105.971 89.7767 16.1946
internal_count=540 485 435 369 66
is_linear=0
shrinkage=0.03


Tree=32
num_leaves=8
num_cat=0
split_feature=20 38 14 27 20 23 1
split_gain=7.11541 7.49418 5.36168 4.46778 5.64662 4.41372 3.18762
threshold=0.012983478749048654 0.011047007521918525 37.710605445468907 3.5000000000000004 0.015307527165110838 1.018825227354452 -0.00069386488639266986
decision_type=2 2 2 2 2 2 2
left_child=-1 3 5 4 -2 -3 -5
right_child=1 2 -4 6 -6 -7 -8
leaf_value=0.017620333389466315 4.7342519062189648e-05 0.029419488799293386 -0.0080836887261964453 -0.0080864289564704511 -0.016799757340836153 0 0.014765110145860077
leaf_weight=13.457927718758581 24.559122785925865 10.357809722423559 8.1448414474725706 7.3601731956005123 50.206391379237175 7.3648763149976721 10.258838430047033
leaf_count=55 100 42 34 30 207 30 42
internal_value=-0.00139085 -0.00393627 0.00958608 -0.00800433 -0.0112133 0.0184634 0.00460333
internal_weight=131.71 118.252 25.8675 92.3845 74.7655 17.7227 17.619
internal_count=540 485 106 379 307 72 72
is_linear=0
shrinkage=0.03


Tree=33
num_leaves=7
num_cat=0
split_feature=20 38 21 26 14 38
split_gain=6.74368 7.08829 6.71635 6.35332 5.11258 2.12132
threshold=0.012983478749048654 0.011047007521918525 0.01581088685079312 0.22394702561875815 37.710605445468907 0.012873884859023521
decision_type=2 2 2 2 2 2
left_child=-1 2 3 -2 5 -3
right_child=1 4 -4 -5 -6 -7
leaf_value=0.017189260368637899 -0.013463945124841678 0.0054540933096270793 -0.031160708043236819 0.002573989007461786 -0.0078972788412463302 0.029109000441855149
leaf_weight=13.432111173868178 38.091131716966629 10.330324038863187 8.1690839082002622 46.044205024838448 8.1343510895967466 7.3704734295606604
leaf_count=55 156 42 34 189 34 30
internal_value=-0.00133072 -0.00381234 -0.00777265 -0.00465685 0.00934006 0.0180204
internal_weight=131.572 118.14 92.3044 84.1353 25.8351 17.7008
internal_count=540 485 379 345 106 72
is_linear=0
shrinkage=0.03


Tree=34
num_leaves=10
num_cat=0
split_feature=4 2 19 35 37 38 15 25 22
split_gain=9.13744 8.28224 10.3968 6.64798 6.34975 6.26373 5.79336 4.40327 4.04953
threshold=0.028334196721005348 -0.0064833811315963543 0.095781337357374666 0.040132702387684079 0.010714777174402392 0.0098184560430549187 32.997905882812738 0.10622179239200517 1.0000000180025095e-35
decision_type=2 2 2 2 2 2 2 2 2
left_child=1 2 5 6 -5 -1 -3 -2 -9
right_child=7 3 -4 4 -6 -7 -8 8 -10
leaf_value=-0.02343998928293347 0 0.023139140032571243 0.020044164347247179 0.015688289167237746 -0.013493787447534725 0.0055498828295487343 -0.0036000140615159004 -0.0061607377682808854 -0.034535169007177596
leaf_weight=22.02824787795544 11.305748745799063 30.174361780285835 7.3228967040777198 8.8097783625125903 15.267750307917593 7.3461472988128653 7.6098949164152137 11.395505577325823 10.16759070754051
leaf_count=90 47 123 30 36 63 30 32 47 42
internal_value=-0.00128474 0.00320199 -0.00760989 0.00988809 -0.00185679 -0.0158203 0.0174665 -0.0145806 -0.0219723
internal_weight=131.428 98.5591 36.6973 61.8618 24.0775 29.3744 37.7843 32.8688 21.5631
internal_count=540 404 150 254 99 120 155 136 89
is_linear=0
shrinkage=0.03


Tree=35
num_leaves=10
num_cat=0
split_feature=15 4 4 37 38 23 38 38 38
split_gain=10.3637 5.87254 7.90101 6.02646 5.59798 3.78451 9.512 4.93474 0.641257
threshold=39.882299324396165 0.011377886082333701 -0.048649483705620326 0.010714777174402392 0.010050859023777127 1.0128905363727749 0.0088358271234713261 0.010007320940288045 0.0076495058129960238
decision_type=2 2 2 2 2 2 2 2 2
left_child=1 2 -1 -4 8 7 -7 -3 -2
right_child=4 5 3 -5 -6 6 -8 -9 -10
leaf_value=-0.013111543580394458 -0.010246551016985654 -0.020891725611381629 0.02323654646034836 0.0031222647772577651 0.0021613711042178709 0.022322713006003615 -0.013007362680377258 0.0053870394118386592 -0.032455096830352304
leaf_weight=9.1294408142566663 7.0407894253730836 15.534757733345034 29.862813681364059 27.753659978508949 8.0606296956539136 11.60295554995537 11.524421989917753 7.8730385750532141 9.1845057457685453
leaf_count=37 30 64 122 113 34 47 47 32 40
internal_value=0.000380197 0.00435413 0.00999851 0.014229 -0.0165064 -0.003511 0.00448665 -0.0117344 -0.025823
internal_weight=137.567 113.281 66.7459 57.6165 24.2859 46.5352 23.1274 23.4078 16.2253
internal_count=566 462 272 235 104 190 94 96 70
is_linear=0
shrinkage=0.03


Tree=36
num_leaves=8
num_cat=0
split_feature=15 38 24 37 6 9 38
split_gain=9.87483 5.39181 5.35165 4.77451 8.01143 4.9194 0.60939
threshold=39.882299324396165 0.010050859023777127 -0.75192354402944628 0.037324142470915651 0.0043402345874805496 0.041033880940982703 0.0076495058129960238
decision_type=2 2 2 2 2 2 2
left_child=2 6 -1 4 -4 -5 -2
right_child=1 -3 3 5 -6 -7 -8
leaf_value=-0.01611411140995319 -0.010025470145860277 0.0021087386585995544 0.017973114371196475 -0.013174053195231137 -0.00056313912167017897 0.013012833309273787 -0.031889623984310611
leaf_weight=8.349729508161543 7.0245233029127183 8.0638312399387342 44.848118498921394 17.606117859482769 35.050961315631866 7.3180464208126059 9.1036358922719938
leaf_count=34 30 34 183 72 143 30 40
internal_value=0.000351475 -0.0161631 0.00423126 0.00626365 0.00984311 -0.00453265 -0.0253509
internal_weight=137.365 24.192 113.173 104.823 79.8991 24.9242 16.1282
internal_count=566 104 462 428 326 102 70
is_linear=0
shrinkage=0.03


Tree=37
num_leaves=8
num_cat=0
split_feature=11 21 38 4 23 9 14
split_gain=9.15985 6.62185 14.5732 7.87426 6.6881 6.37175 2.64494
threshold=0.055685763327825939 0.014517015040474956 0.011826333961519516 0.011377886082333701 1.0061494467325023 -0.061164508564851977 -11.670562256134188
decision_type=2 2 2 2 2 2 2
left_child=1 3 6 5 -5 -1 -3
right_child=-2 2 -4 4 -6 -7 -8
leaf_value=-0.0087054042292746062 -0.026596660769250602 -0.0074404154634541732 0.012165433518730985 -0.014884157783959257 0.007324645000800426 0.018189177187467272 -0.036785735207231184
leaf_weight=7.427381068468093 8.4478650987148267 7.3174946010112789 13.754156142473219 20.112284034490585 24.580493122339249 46.232534274458885 9.3210699856281298
leaf_count=30 36 30 57 83 101 189 40
internal_value=0.000314734 0.00257514 -0.00907993 0.00643541 -0.00255778 0.014018 -0.0268679
internal_weight=137.193 128.745 30.3927 98.3527 44.6928 53.6599 16.6386
internal_count=566 530 127 403 184 219 70
is_linear=0
shrinkage=0.03


Tree=38
num_leaves=8
num_cat=0
split_feature=11 4 4 37 20 9 40
split_gain=8.7406 6.1549 7.08348 6.7861 6.70969 9.99575 3.90268
threshold=0.055685763327825939 0.011377886082333701 -0.048649483705620326 0.010714777174402392 0.014480648590228417 0.032049459923852351 0.053798616366259273
decision_type=2 2 2 2 2 2 2
left_child=1 2 -1 -4 5 -3 -6
right_child=-2 4 3 -5 6 -7 -8
leaf_value=-0.0132980574015381 -0.026086981346248945 -0.011512482981747518 0.021565911456515513 0.0012360129168843992 -0.016081304031402417 0.029333308020495556 0.0042564769468035231
leaf_weight=9.3233527243137342 8.3944159895181638 8.273400545120241 31.430157795548439 29.933973744511604 31.55446594953537 9.0813122093677503 8.9995497316122037
leaf_count=38 36 34 129 123 132 37 37
internal_value=0.000271127 0.00247973 0.00838995 0.0122376 -0.00452357 0.00990866 -0.0112276
internal_weight=136.991 128.596 70.6875 61.3641 57.9087 17.3547 40.554
internal_count=566 530 290 252 240 71 169
is_linear=0
shrinkage=0.03


Tree=39
num_leaves=8
num_cat=0
split_feature=11 4 4 20 9 28 3
split_gain=8.35981 5.79491 6.73145 6.3504 9.53583 5.95552 5.09574
threshold=0.055685763327825939 0.011377886082333701 -0.048649483705620326 0.014480648590228417 0.032049459923852351 5.5000000000000009 0.038272800866143826
decision_type=2 2 2 2 2 2 2
left_child=1 2 -1 4 -3 -4 -5
right_child=-2 3 5 6 -6 -7 -8
leaf_value=-0.012973430869337846 -0.025591776461360245 -0.011237879295145515 0 -0.016660434724003789 0.028660288759666731 0.018860583805971276 0.0063710371857950811
leaf_weight=9.3200400024652463 8.3396753668785077 8.270217105746271 22.983562305569649 31.091339260339737 9.0629659295082075 38.316033571958542 9.3941371589899045
leaf_count=38 36 34 95 130 37 157 39
internal_value=0.000255494 0.00241545 0.00815398 -0.0043811 0.00965451 0.0119116 -0.0109149
internal_weight=136.778 128.438 70.6196 57.8187 17.3332 61.2996 40.4855
internal_count=566 530 290 240 71 252 169
is_linear=0
shrinkage=0.03


Tree=40
num_leaves=10
num_cat=0
split_feature=15 14 32 26 21 12 14 3 5
split_gain=5.8959 6.76355 6.78074 5.59164 4.64641 3.23553 2.82243 2.32317 2.1051
threshold=42.964487843833162 5.324743151827307 -0.0009062802916665057 0.15043235745028863 0.0098799169237635837 66.31734193748423 54.006935428161121 0.0064059103321274522 0.013939281754631662
decision_type=2 2 2 2 2 2 2 2 2
left_child=1 3 8 7 -5 -4 -2 -1 -3
right_child=6 2 5 4 -6 -7 -8 -9 -10
leaf_value=-0.021892436844151091 -0.024638921704524985 0.0054192787663501704 0.0080226997800949551 -0.011229433594217717 0.010295273397688662 -0.010354421266040071 -0.0024368098331556949 0 0.03027097327200232
leaf_weight=14.263006761670114 9.3029122054576892 7.2435300946235683 22.43479585647583 11.285691544413565 24.681723207235336 11.04640184342861 13.589910820126532 7.6528044342994681 12.899486050009726
leaf_count=58 41 30 92 46 101 46 59 31 53
internal_value=0 0.00280361 0.0103743 -0.00407175 0.00291052 0.00129491 -0.0133163 -0.0154431 0.0233083
internal_weight=134.4 111.507 53.6242 57.8832 35.9674 33.4812 22.8928 21.9158 20.143
internal_count=557 457 221 236 147 138 100 89 83
is_linear=0
shrinkage=0.03


Tree=41
num_leaves=8
num_cat=0
split_feature=13 15 12 23 36 14 17
split_gain=7.91658 8.19036 9.83981 7.76883 6.72263 3.21211 2.16135
threshold=6.7558502815304431 42.964487843833162 44.862388058397421 0.88860478227741158 0.0079925233203345814 54.006935428161121 1.5668188682657842
decision_type=2 2 2 2 2 2 2
left_child=1 2 3 -1 -4 -3 -2
right_child=6 5 4 -5 -6 -7 -8
leaf_value=-0.018131164086585102 -0.028305227641145059 -0.025136170866449349 0.018733496483673652 0.0080009833347206797 -0.0088683248464498463 -0.0013130729966405418 -0.0056749560267635498
leaf_weight=17.889579772949219 7.447646081447604 8.5202573686838168 49.121285304427147 18.501261413097382 7.3792453706264487 13.174356848001478 12.24594587087631
leaf_count=73 31 38 202 76 30 57 50
internal_value=0 0.00298962 0.006986 -0.00473006 0.0146922 -0.0126343 -0.0167452
internal_weight=134.28 114.586 92.8914 36.3908 56.5005 21.6946 19.6936
internal_count=557 476 381 149 232 95 81
is_linear=0
shrinkage=0.03


Tree=42
num_leaves=10
num_cat=0
split_feature=38 9 20 28 28 0 1 0 9
split_gain=6.87221 7.951 6.56394 9.09678 9.53262 4.2479 4.24046 3.70385 1.38985
threshold=0.011047007521918525 0.061135184048379219 0.014812499726612223 6.5000000000000009 8.5000000000000018 -0.0080150382597965458 -0.0016515479620975435 0.0037456542744068737 0.021085931422510886
decision_type=2 2 2 2 2 2 2 2 2
left_child=2 8 6 5 -5 -4 -1 -8 -2
right_child=1 -3 3 4 -6 -7 7 -9 -10
leaf_value=-0.0077750809587436819 0.0090630216482382609 -0.0096940564558339864 -0.0023463645018737067 0.018574812355215218 -0.0111405370686336 -0.026132118173511 0.023725522670844948 0.00023400950961707727 0.03075499540078434
leaf_weight=10.517882868647574 9.788014501333242 8.0125983357429487 11.709237471222876 15.161518558859823 20.126701682806015 23.854402184486389 12.088692709803583 12.976777717471121 9.886642247438429
leaf_count=43 40 34 49 62 85 100 50 53 41
internal_value=-3.48495e-05 0.0126433 -0.00364356 -0.00892947 0.00153584 -0.0192419 0.00639748 0.0130338 0.0224875
internal_weight=134.122 27.6873 106.435 70.8519 35.2882 35.5636 35.5834 25.0655 19.6747
internal_count=557 115 442 296 147 149 146 103 81
is_linear=0
shrinkage=0.03


Tree=43
num_leaves=10
num_cat=0
split_feature=38 9 19 23 28 37 11 19 36
split_gain=6.52779 7.59317 6.43179 9.01766 5.45322 5.70605 3.97568 2.9937 0.810964
threshold=0.011047007521918525 0.061135184048379219 0.071128162766052203 0.90522613119604256 10.500000000000002 0.026538810488799806 -0.011555245791168676 0.071128162766052203 0.0050336948839173829
decision_type=2 2 2 2 2 2 2 2 2
left_child=2 7 4 8 5 -1 -5 -2 -4
right_child=1 -3 3 6 -6 -7 -8 -9 -10
leaf_value=0.019747311909608187 0.0048782688383837928 -0.0094752343760515431 -0.010446212678103582 -0.014664382092005813 -0.010749703882578558 -0.0027207371004456704 0.0057548062690849118 0.031567542555532027 -0.031026109460741563
leaf_weight=20.936829194426537 8.7043776810169273 7.9981224983930579 8.3909860998392123 10.563893675804136 13.546252861618994 15.653424710035322 24.663197189569473 10.937967106699942 12.568236500024794
leaf_count=86 36 34 36 43 56 65 104 45 52
internal_value=-1.94572e-05 0.0123447 -0.0035408 -0.0104207 0.00398555 0.0101039 -0.000424428 0.0219772 -0.025068
internal_weight=133.963 27.6405 106.323 56.1863 50.1365 36.5903 35.2271 19.6423 20.9592
internal_count=557 115 442 235 207 151 147 81 88
is_linear=0
shrinkage=0.03


Tree=44
num_leaves=9
num_cat=0
split_feature=15 9 7 22 12 37 32 15
split_gain=5.2984 6.86057 11.64 6.23376 5.18559 8.16157 3.80649 0.89151
threshold=39.882299324396165 0.0061521130647225258 0.0014423604017556309 0.24658132041315009 54.048090633142706 0.025990762689450112 -0.002012024168223769 56.700510192341589
decision_type=2 2 2 2 2 2 2 2
left_child=1 4 -3 -4 5 -1 -2 -8
right_child=6 2 3 -5 -6 -7 7 -9
leaf_value=-0.0015308324627552247 0.0025620304652390459 0.032145353410159894 0.0094141696613205383 -0.015226306968712846 0.011745863021234825 -0.032326235369432264 -0.024034094051051478 -0.0049673437385204409
leaf_weight=34.02200111746788 9.4642339646816271 13.990490570664404 26.26600556075573 11.603174135088919 11.515488311648367 8.6056681573390943 11.435659468173982 6.9115905463695517
leaf_count=139 41 58 108 48 47 35 51 30
internal_value=-2.98067e-05 0.00295141 0.0106387 0.00110298 -0.00426114 -0.00925401 -0.0113315 -0.0187829
internal_weight=133.814 106.003 51.8597 37.8692 54.1432 42.6277 27.8115 18.3473
internal_count=557 435 214 156 221 174 122 81
is_linear=0
shrinkage=0.03


Tree=45
num_leaves=7
num_cat=0
split_feature=4 0 36 16 35 12
split_gain=7.52538 5.45497 6.49258 10.9027 6.78718 2.77794
threshold=0.041599469522251804 -0.017241068934990996 0.0078247875062488013 -4.0698762347991204 0.048515471432557862 66.083900053488208
decision_type=2 2 2 2 2 2
left_child=1 -1 4 -4 -3 -2
right_child=5 2 3 -5 -6 -7
leaf_value=-0.016920505065321334 0 0.016982628263928875 0.011656981871735545 -0.025209020828112383 -0.0015413005142156703 -0.021906088634906059
leaf_weight=7.3424074202775946 7.4361589252948788 52.447879195213318 12.911323845386507 11.702159777283667 23.892566353082657 12.706132709980009
leaf_count=31 31 219 53 48 99 54
internal_value=0.00147528 0.00476067 0.00678131 -0.00588412 0.0111023 -0.0143459
internal_weight=128.439 108.296 100.954 24.6135 76.3404 20.1423
internal_count=535 450 419 101 318 85
is_linear=0
shrinkage=0.03


Tree=46
num_leaves=6
num_cat=0
split_feature=4 0 3 10 4
split_gain=7.12176 5.18859 4.47076 4.23228 5.4654
threshold=0.041599469522251804 -0.017241068934990996 0.038272800866143826 0.020945164187093471 -0.030960872839679906
decision_type=2 2 2 2 2
left_child=1 -1 -2 4 -3
right_child=2 3 -4 -5 -6
leaf_value=-0.016545056244833607 -0.023771431695148611 0.01817717019485417 0.0025937430990956487 0.021082312658646817 0
leaf_weight=7.3293374329805365 12.671340331435205 16.522328212857246 7.423749327659606 13.886187076568602 70.483797624707222
leaf_count=31 54 68 31 58 293
internal_value=0.00140588 0.00460459 -0.0139993 0.00657853 0.00367348
internal_weight=128.317 108.222 20.0951 100.892 87.0061
internal_count=535 450 85 419 361
is_linear=0
shrinkage=0.03


Tree=47
num_leaves=9
num_cat=0
split_feature=15 16 36 35 33 16 14 3
split_gain=6.22311 5.17462 9.16551 7.29063 4.52109 3.86963 3.83638 1.90743
threshold=34.059561404738709 -7.0454589562958398 0.0079246560292421213 0.048515471432557862 0.81276952777533829 -15.172256807900931 5.324743151827307 -0.014849896854267073
decision_type=2 2 2 2 2 2 2 2
left_child=1 5 3 -3 7 -1 -4 -2
right_child=4 2 6 -5 -6 -7 -8 -9
leaf_value=0.00053750561733895369 -0.0030909665115031971 0.013281594951311357 -0.03031123485394259 -0.0083045801612030654 0.0028126563415468227 0.027740718802850572 0 -0.026007339204971672
leaf_weight=8.9915959686040896 7.3877618163824108 43.128407657146454 7.8373190462589246 17.969074979424477 12.7969454228878 11.913993641734121 7.3204027265310287 10.918545961380007
leaf_count=37 32 177 32 74 55 49 30 49
internal_value=0.00136252 0.00520229 0.00120083 0.00663327 -0.00976869 0.0177639 -0.0180427 -0.0187131
internal_weight=128.264 97.1608 76.2552 61.0975 31.1033 20.9056 15.1577 18.3063
internal_count=535 399 313 251 136 86 62 81
is_linear=0
shrinkage=0.03


Tree=48
num_leaves=6
num_cat=0
split_feature=4 0 19 40 20
split_gain=6.74784 4.91352 5.02697 5.91425 2.25715
threshold=0.041599469522251804 -0.017241068934990996 0.044132346946976556 0.048830152964862157 0.017046091892942778
decision_type=2 2 2 2 2
left_child=1 -1 -3 -4 -2
right_child=4 2 3 -5 -6
leaf_value=-0.016170473739622871 -0.023738803383610275 -0.010764610872228459 0.013264009632888419 -0.0036843396414071379 -0.0022602033870147403
leaf_weight=7.3070039451122275 8.8329527229070681 11.145270779728888 66.960272818803787 22.635095879435539 11.189560905098913
leaf_count=31 37 46 278 95 48
internal_value=0.00130661 0.00442466 0.00635018 0.00883151 -0.013712
internal_weight=128.07 108.048 100.741 89.5954 20.0225
internal_count=535 450 419 373 85
is_linear=0
shrinkage=0.03


Tree=49
num_leaves=10
num_cat=0
split_feature=4 1 20 0 26 13 3 14 28
split_gain=6.40659 5.33371 5.44009 6.62671 4.24838 4.69243 4.23428 3.37853 1.7492
threshold=0.041599469522251804 0.0013022893181279251 0.015167872069900074 -0.003155486668097895 0.14839769620314883 -4.3372978236216921 0.038272800866143826 18.070560911374063 5.5000000000000009
decision_type=2 2 2 2 2 2 2 2 2
left_child=1 4 8 -4 5 -1 -2 -6 -3
right_child=6 2 3 -5 7 -7 -8 -9 -10
leaf_value=-0.028480013578299143 -0.022983390904555801 0.033969659965034198 0.023477476286726928 -0.0047604017984817885 0.0096204518567507107 0 0.0026626139398554325 -0.007793739231602587 0.009998375669340304
leaf_weight=7.5871023833751705 12.575870737433435 8.0024101138114947 8.2326936125755292 24.60410413146019 26.156101867556572 9.9304331690072996 7.4156537503004065 12.942738905549048 10.549746200442312
leaf_count=32 54 33 34 103 108 41 31 55 44
internal_value=0.00123074 0.00427184 0.011123 0.0028301 -0.00185822 -0.0134923 -0.0134112 0.00339218 0.0233676
internal_weight=127.997 108.005 51.389 32.8368 56.6164 17.5175 19.9915 39.0988 18.5522
internal_count=535 450 214 137 236 73 85 163 77
is_linear=0
shrinkage=0.03


end of trees

feature_importances:
macd_signal=33
macro_usdjpy_vol_20=29
macro_topix_vol_20=25
macro_usdjpy_ret_60=22
return_10d=21
macd=18
month=18
atr_pct=17
rsi_change=14
ma_20_60_cross=13
return_5d=12
vol_ratio=12
macro_topix_ret_20=12
macro_usdjpy_ret_20=11
div_ma_60=10
rsi=10
macd_hist=10
lower_shadow_pct=10
bb_bandwidth=9
return_1d=8
volatility=8
return_20d=6
div_ma_10=6
bb_pct_b=6
candle_body_pct=6
ma_5_20_cross=5
gap=5
price_position_20d=5
macro_nikkei_ret_20=5
div_ma_20=4
vol_change=4
return_2d=3
macd_hist_change=3
return_3d=2
div_ma_5=2
upper_shadow_pct=2
day_of_week=2

parameters:
[boosting: gbdt]
[objective: binary]
[metric: binary_logloss]
[tree_learner: serial]
[device_type: cpu]
[data_sample_strategy: bagging]
[data: ]
[valid: ]
[num_iterations: 50]
[learning_rate: 0.03]
[num_leaves: 15]
[num_threads: 0]
[seed: 44]
[deterministic: 0]
[force_col_wise: 0]
[force_row_wise: 0]
[histogram_pool_size: -1]
[max_depth: 4]
[min_data_in_leaf: 30]
[min_sum_hessian_in_leaf: 0.001]
[bagging_fraction: 0.7]
[pos_bagging_fraction: 1]
[neg_bagging_fraction: 1]
[bagging_freq: 5]
[bagging_seed: 21897]
[bagging_by_query: 0]
[feature_fraction: 0.6]
[feature_fraction_bynode: 1]
[feature_fraction_seed: 12646]
[extra_trees: 0]
[extra_seed: 20733]
[early_stopping_round: 0]
[early_stopping_min_delta: 0]
[first_metric_only: 0]
[max_delta_step: 0]
[lambda_l1: 0.5]
[lambda_l2: 2]
[linear_lambda: 0]
[min_gain_to_split: 0]
[drop_rate: 0.1]
[max_drop: 50]
[skip_drop: 0.5]
[xgboost_dart_mode: 0]
[uniform_drop: 0]
[drop_seed: 20829]
[top_rate: 0.2]
[other_rate: 0.1]
[min_data_per_group: 100]
[max_cat_threshold: 32]
[cat_l2: 10]
[cat_smooth: 10]
[max_cat_to_onehot: 4]
[top_k: 20]
[monotone_constraints: ]
[monotone_constraints_method: basic]
[monotone_penalty: 0]
[feature_contri: ]
[forcedsplits_filename: ]
[refit_decay_rate: 0.9]
[cegb_tradeoff: 1]
[cegb_penalty_split: 0]
[cegb_penalty_feature_lazy: ]
[cegb_penalty_feature_coupled: ]
[path_smooth: 0]
[interaction_constraints: ]
[verbosity: -1]
[saved_feature_importance_type: 0]
[use_quantized_grad: 0]
[num_grad_quant_bins: 4]
[quant_train_renew_leaf: 0]
[stochastic_rounding: 1]
[linear_tree: 0]
[max_bin: 255]
[max_bin_by_feature: ]
[min_data_in_bin: 5]
[bin_construct_sample_cnt: 200000]
[data_random_seed: 182]
[is_enable_sparse: 1]
[enable_bundle: 1]
[use_missing: 1]
[zero_as_missing: 0]
[feature_pre_filter: 1]
[pre_partition: 0]
[two_round: 0]
[header: 0]
[label_column: ]
[weight_column: ]
[group_column: ]
[ignore_column: ]
[categorical_feature: ]
[forcedbins_filename: ]
[precise_float_parser: 0]
[parser_config_file: ]
[objective_seed: 3944]
[num_class: 1]
[is_unbalance: 0]
[scale_pos_weight: 1]
[sigmoid: 1]
[boost_from_average: 1]
[reg_sqrt: 0]
[alpha: 0.9]
[fair_c: 1]
[poisson_max_delta_step: 0.7]
[tweedie_variance_power: 1.5]
[lambdarank_truncation_level: 30]
[lambdarank_norm: 1]
[label_gain: ]
[lambdarank_position_bias_regularization: 0]
[eval_at: ]
[multi_error_top_k: 1]
[auc_mu_weights: ]
[num_machines: 1]
[local_listen_port: 12400]
[time_out: 120]
[machine_list_filename: ]
[machines: ]
[gpu_platform_id: -1]
[gpu_device_id: -1]
[gpu_use_dp: 0]
[num_gpu: 1]

end of parameters

pandas_categorical:[]
