tree
version=v4
num_class=1
num_tree_per_iteration=1
label_index=0
max_feature_idx=44
objective=binary sigmoid:1
feature_names=return_1d return_2d return_3d return_5d return_10d return_20d div_ma_5 div_ma_10 div_ma_20 div_ma_60 ma_5_20_cross ma_20_60_cross rsi rsi_change macd macd_signal macd_hist macd_hist_change bb_pct_b bb_bandwidth atr_pct volatility vol_change vol_ratio candle_body_pct upper_shadow_pct lower_shadow_pct day_of_week month is_month_end is_month_start streak gap price_position_20d macro_usdjpy_ret_20 macro_usdjpy_ret_60 macro_usdjpy_vol_20 macro_topix_ret_20 macro_topix_vol_20 macro_topix_above_200dma macro_nikkei_ret_20 macro_nikkei_above_200dma macro_nikkei_vi macro_jgb10y macro_bias_score
feature_infos=[-0.18591968551007365:0.11160168872608711] [-0.27377270006323517:0.14113887626357791] [-0.30135091495603539:0.13966054530706673] [-0.27879655321267627:0.19412302431435102] [-0.31109715651976955:0.29400127924783281] [-0.31511992930868749:0.31623023152750229] [-0.22124734670029789:0.07094492161728716] [-0.25273626644754543:0.11563931167981648] [-0.28893894482241894:0.12354959966950552] [-0.29225664493337233:0.25568167357930327] [-0.18028738640809505:0.095529509307972216] [-0.14607531561552067:0.14772748859868412] [13.87280687827888:95.613193826621085] [-37.138315624687564:30.177851665978821] [-58.10745809273817:46.813739996783397] [-49.450557803021766:39.82172959532268] [-26.603047625919686:16.203154976572176] [-12.626558282979314:6.6110206059287364] [-0.36582158080243787:1.3152745959727874] [0.032374241455441453:0.48844436465895325] [0.010692031507447441:0.074513623200678614] [0.0061219320671192972:0.062956470375995471] [-0.79352852904716398:4.3755158184319116] [0.49012865621224372:1.9479776370565265] [-1:1] [0:0.92753616778490833] [0:0.95348837209302328] [0:4] [1:12] none [0:1] [-8:9] [-0.17352503980940204:0.13006099030131746] [0:1] [-0.10288784967882303:0.08505611680078462] [-0.13986255140503889:0.13160084488587853] [0.0024251968629527628:0.011841457708833433] [-0.22586491944566001:0.19897857359448179] [0.0040695656242548776:0.036437272436454948] [0:1] [-0.22859537662338159:0.23022297972565586] [0:1] none none none
tree_sizes=1268 979 1094 1314 1201 789 1081 681 999 981 781 782 890 780 1079 1071 1312 1302 1186 1200 1094 1096 970 1402 970 1399 999 892 892 1005 1294 877 993 1271 878 1277 1190 1069 887 1190 1076 788 974 783 891 1277 1209 1286 1381 1170

Tree=0
num_leaves=11
num_cat=0
split_feature=28 18 40 32 20 9 12 22 10 3
split_gain=11.3642 14.0139 9.83522 7.74846 7.2046 7.01236 7.59171 4.13048 2.84706 0.201047
threshold=5.5000000000000009 0.16671779500508585 0.040631213741467061 0.0015616221009092659 0.018881586519764407 0.021180184353457553 59.890165301956287 -0.12028551506665984 -0.021452767614759501 0.022546590066883424
decision_type=2 2 2 2 2 2 2 2 2 2
left_child=2 -2 5 7 -5 8 -7 -3 -1 -4
right_child=1 3 9 4 -6 6 -8 -9 -10 -11
leaf_value=0.12616341641586218 0.1267917338242413 0.070800863865777081 0.13711592516521981 0.11196404183415705 0.088572293685422243 0.069212565431151979 0.10558536149754323 0.091286125819967839 0.10012000061812128 0.11471287261759666
leaf_weight=7.4818597733974483 8.7288364022970182 17.208277478814125 8.230045750737192 20.201021388173103 23.193765297532082 7.4818597733974483 8.978231728076933 25.1889279037714 8.978231728076933 9.2276270538568479
leaf_count=30 35 69 33 81 93 30 36 101 36 37
internal_value=0.100628 0.094611 0.111919 0.0905946 0.0992472 0.101236 0.0884895 0.0817631 0.114492 0.128935
internal_weight=144.899 94.5208 50.3779 85.792 43.3948 32.9202 16.4601 42.3972 16.4601 17.4577
internal_count=581 379 202 344 174 132 66 170 66 70
is_linear=0
shrinkage=1


Tree=1
num_leaves=8
num_cat=0
split_feature=35 37 11 4 38 38 20
split_gain=16.8212 8.55419 9.78444 6.10865 6.04569 5.42107 4.48584
threshold=0.052076279981205349 -0.0086942846501197862 0.084283775469497405 0.0011335370019101012 0.011441951732983522 0.0092134018998472327 0.029188730915638311
decision_type=2 2 2 2 2 2 2
left_child=1 6 4 -2 -3 -5 -1
right_child=3 2 -4 5 -6 -7 -8
leaf_value=0.031484115919989786 0 0.0029389989455076392 0.031251909468516782 -0.042676303113603951 -0.019000977626001395 -0.0087321840683259374 0.0035992239569594608
leaf_weight=15.95569668710232 12.719150617718695 66.823161348700523 7.7247970402240744 7.9841912090778377 11.476123109459875 12.222957178950308 9.9705372303724271
leaf_count=64 51 268 31 32 46 49 40
internal_value=0.00215325 0.00779756 0.00284161 -0.0159557 -0.000483047 -0.0254551 0.0223232
internal_weight=144.877 111.95 86.0241 32.9263 78.2993 20.2071 25.9262
internal_count=581 449 345 132 314 81 104
is_linear=0
shrinkage=0.03


Tree=2
num_leaves=9
num_cat=0
split_feature=28 18 25 7 19 36 24 33
split_gain=10.4774 13.1442 7.24833 5.70209 9.20921 13.0552 5.09826 4.97266
threshold=5.5000000000000009 0.16671779500508585 0.36457943203030779 0.031292213222045777 0.1378705873742922 0.0071333786806057464 0.080672791810055641 0.40715401745618057
decision_type=2 2 2 2 2 2 2 2
left_child=3 -2 7 4 5 -1 -4 -3
right_child=1 2 6 -5 -6 -7 -8 -9
leaf_value=-0.011782371504183538 0.027508432020234532 0.015592672407919542 -0.032801579163666966 -0.0052023546478197295 0.035751725396986643 0.02816310241077007 -0.0024012191182478629 -0.0057783003806869222
leaf_weight=14.704464912414553 8.7098658084869367 9.7281066626310331 12.72453546524048 10.217777550220488 14.434425160288809 10.958953112363814 9.7260641604661924 53.63999380171299
leaf_count=59 35 39 51 41 58 44 39 215
internal_value=0.00209051 -0.00367938 -0.00756988 0.0129434 0.0179512 0.00553605 -0.0215187 -0.00189132
internal_weight=144.844 94.5286 85.8187 50.3156 40.0978 25.6634 22.4506 63.3681
internal_count=581 379 344 202 161 103 90 254
is_linear=0
shrinkage=0.03


Tree=3
num_leaves=11
num_cat=0
split_feature=35 37 36 38 7 21 13 20 4 38
split_gain=15.6778 7.95755 9.59313 9.9558 6.32305 5.55155 4.85659 4.45765 2.99366 0.824702
threshold=0.052076279981205349 -0.0086942846501197862 0.0050177200738143321 0.0071404290919197594 -0.0068420860243087007 0.013790455354073465 4.5783659887091064 0.022199109145364791 -0.05587077931389655 0.0096552582537214864
decision_type=2 2 2 2 2 2 2 2 2 2
left_child=1 7 5 -4 -2 -3 9 -1 -9 -6
right_child=4 2 3 -5 6 -7 -8 8 -10 -11
leaf_value=0.035874699220153822 0.0047408001204498878 -0.0010619580770666779 0.013823762739373727 -0.012003728860386663 -0.039793613483197703 0.025523531617491595 -0.00020537275331501161 0.020168283105419991 -0.0027658621764226048 -0.014709869503364207
leaf_weight=10.199489757418634 8.4753837883472425 8.9770083427429217 17.17642417550087 41.399560540914536 8.4931547492742592 18.429541021585464 7.4882171154022208 7.4541624784469596 8.2196082323789579 8.4871206879615766
leaf_count=41 34 36 69 166 34 74 30 30 33 34
internal_value=0.00204265 0.00750047 0.00271543 -0.00397627 -0.0154279 0.0168254 -0.022811 0.0215282 0.00834051 -0.0309176
internal_weight=144.8 111.856 85.9825 58.576 32.9439 27.4065 24.4685 25.8733 15.6738 16.9803
internal_count=581 449 345 235 132 110 98 104 63 68
is_linear=0
shrinkage=0.03


Tree=4
num_leaves=10
num_cat=0
split_feature=35 28 37 40 7 4 28 7 17
split_gain=14.9418 9.38016 11.2198 6.40006 6.04031 5.82375 5.10225 7.88321 3.40651
threshold=0.052076279981205349 8.5000000000000018 0.01673766646084485 0.038998003302746727 -0.0068420860243087007 -0.011959702745160504 1.5000000000000002 0.031292213222045777 0.3397115118407818
decision_type=2 2 2 2 2 2 2 2 2
left_child=1 6 5 -4 -2 -3 -1 -8 -6
right_child=4 2 3 -5 8 -7 7 -9 -10
leaf_value=0.033251529723838762 0.0046266455367807305 -0.0044599707469708087 0.00069371633690873586 -0.031262179268218303 -0.031024589487262264 0.027366040798275051 0.013893503229533399 -0.012853957978862763 -0.0052761109219885633
leaf_weight=8.9447211325168592 8.4733420312404615 7.9627251923084286 7.7296925336122539 12.232817456126211 14.489758536219599 8.4696654081344587 56.733001172542572 9.720400005578993 9.9880121499299985
leaf_count=36 34 32 31 49 58 34 228 39 40
internal_value=0.00198837 0.00732174 -0.00471728 -0.0192692 -0.0150605 0.0123196 0.0132985 0.00950068 -0.0222767
internal_weight=144.744 111.793 36.3949 19.9625 32.9511 16.4324 75.3981 66.4534 24.4778
internal_count=581 449 146 80 132 66 303 267 98
is_linear=0
shrinkage=0.03


Tree=5
num_leaves=6
num_cat=0
split_feature=28 4 41 35 38
split_gain=16.6487 9.43216 6.4593 7.96257 7.35992
threshold=1.5000000000000002 -0.076818534769117083 1.0000000180025095e-35 0.017198453265034556 0.0090356108761418964
decision_type=2 2 2 2 2
left_child=-1 -2 4 -4 -3
right_child=1 2 3 -5 -6
leaf_value=0.031792882945473236 0.024310791112109015 0.028171739901674427 -0.020995533706203117 -0.0033103587440417763 -0.0041388919145930476
leaf_weight=10.913327336311339 7.9310650676488867 7.9529457390308407 32.38003234565258 80.022453710436821 14.709083184599875
leaf_count=44 32 32 130 321 59
internal_value=-0.000738458 -0.00372897 -0.00581563 -0.00881406 0.00795696
internal_weight=153.909 142.996 135.065 112.402 22.662
internal_count=618 574 542 451 91
is_linear=0
shrinkage=0.03


Tree=6
num_leaves=9
num_cat=0
split_feature=28 9 38 6 12 40 13 34
split_gain=15.8243 8.19156 10.6958 6.91475 5.99753 11.3837 5.37569 5.17454
threshold=1.5000000000000002 -0.003809802937054903 0.011702842693925236 0.0015051675898975359 52.584203534840782 0.0058555883347418689 2.3458445650369844 0.020028141333726216
decision_type=2 2 2 2 2 2 2 2
left_child=-1 2 7 -4 6 -6 -3 -2
right_child=1 4 3 -5 5 -7 -8 -9
leaf_value=0.031063148634860135 0.028575224019699128 -0.025509251880830225 0.0051552863857290913 -0.028562069732111877 0.015876202479386339 -0.010446314469965879 0.0010260186053671816 0
leaf_weight=10.882061913609503 15.887548670172693 23.697185367345813 10.443606033921244 7.4849328845739356 18.443478092551231 50.116887107491493 7.7295446097850791 9.2037727534770948
leaf_count=44 64 95 42 30 74 201 31 37
internal_value=-0.000691763 -0.00360669 0.00693921 -0.00962233 -0.00833829 -0.00290339 -0.0188631 0.0191634
internal_weight=153.889 143.007 43.0199 17.9285 99.9871 68.5604 31.4267 25.0913
internal_count=618 574 173 72 401 275 126 101
is_linear=0
shrinkage=0.03


Tree=7
num_leaves=5
num_cat=0
split_feature=28 4 36 6
split_gain=15.0531 8.7732 6.59045 6.61092
threshold=1.5000000000000002 -0.076818534769117083 0.0035495051258916835 -0.0084123741504992747
decision_type=2 2 2 2
left_child=-1 -2 -3 -4
right_child=1 2 3 -5
leaf_value=0.030361309294931201 0.023578972481509655 -0.02861531913031605 0.0095245848625909839 -0.0069409649447914994
leaf_weight=10.846373006701468 7.9025305211544028 8.485947906970976 25.39953039586544 101.20851570367813
leaf_count=44 32 34 102 406
internal_value=-0.000654069 -0.00349639 -0.0055105 -0.00342434
internal_weight=153.843 142.997 135.094 126.608
internal_count=618 574 542 508
is_linear=0
shrinkage=0.03


Tree=8
num_leaves=8
num_cat=0
split_feature=41 18 10 0 36 34 18
split_gain=8.14688 9.94387 14.9921 8.81157 8.25747 5.45287 3.88324
threshold=1.0000000180025095e-35 0.23018356660100497 0.020581035738346024 0.015556356060550282 0.008138132147436021 0.0097892813297230114 0.46907562206740555
decision_type=2 2 2 2 2 2 2
left_child=4 -2 3 -3 6 -4 -1
right_child=1 2 5 -5 -6 -7 -8
leaf_value=-0.0091513032881596519 0.018772296509117478 -0.021583626235509971 -0.0045811529297873979 0.0055842507218049455 0.033369905598443106 0.014785012219129852 0.015124786187640397
leaf_weight=11.917688086628919 12.892064303159712 52.636655077338219 22.903119653463364 11.466827005147932 9.3936503529548627 24.380031049251556 8.2114183455705625
leaf_count=48 52 211 92 46 38 98 33
internal_value=-0.000617883 -0.00410641 -0.00717114 -0.016475 0.0129204 0.00529479 0.000545912
internal_weight=153.801 124.279 111.387 64.1035 29.5228 47.2832 20.1291
internal_count=618 499 447 257 119 190 81
is_linear=0
shrinkage=0.03


Tree=9
num_leaves=8
num_cat=0
split_feature=41 33 18 38 10 27 14
split_gain=7.72848 9.52003 13.2969 9.06366 8.87712 5.08325 3.26093
threshold=1.0000000180025095e-35 0.90883883825755352 0.23018356660100497 0.0090356108761418964 0.020581035738346024 2.5000000000000004 -12.4763863543248
decision_type=2 2 2 2 2 2 2
left_child=3 2 -2 -1 -4 -3 -5
right_child=1 5 4 6 -6 -7 -8
leaf_value=0.032341209194651409 0.018311417602992631 0.023245717283670069 -0.018699618650317294 0.013092659015993857 0.00062771551139244872 -0.0039997472626256223 -0.0098955125198833625
leaf_weight=10.594658866524698 12.870708033442495 13.660125792026522 59.397320985794067 7.4261922538280514 30.378395244479179 7.9629040807485572 11.470183089375494
leaf_count=43 52 55 238 30 122 32 46
internal_value=-0.00057043 -0.00397005 -0.00788826 0.0126209 -0.012125 0.0130882 0
internal_weight=153.76 124.269 102.646 29.491 89.7757 21.623 18.8964
internal_count=618 499 412 119 360 87 76
is_linear=0
shrinkage=0.03


Tree=10
num_leaves=6
num_cat=0
split_feature=9 28 15 19 1
split_gain=10.0407 10.6529 7.07947 7.1027 4.59264
threshold=-0.032524753647070581 1.5000000000000002 33.036336256135932 0.085233027034456454 0.0025537775665456235
decision_type=2 2 2 2 2
left_child=4 -2 3 -3 -1
right_child=1 2 -4 -5 -6
leaf_value=0.028394498123043427 0.023922261547704344 0.0014186561573407475 0.018832161795607903 -0.013973988393489766 2.4867455750844427e-05
leaf_weight=13.852157786488535 10.516746163368223 44.119795680046082 7.942939117550849 60.321049749851227 9.1947034001350385
leaf_count=56 43 177 32 242 37
internal_value=0.00119382 -0.0021919 -0.00514232 -0.00742615 0.0185809
internal_weight=145.947 122.901 112.384 104.441 23.0469
internal_count=587 494 451 419 93
is_linear=0
shrinkage=0.03


Tree=11
num_leaves=6
num_cat=0
split_feature=9 28 15 11 1
split_gain=9.52041 10.1206 6.72976 6.10099 4.35778
threshold=-0.032524753647070581 1.5000000000000002 33.036336256135932 0.05950074640632997 0.0025537775665456235
decision_type=2 2 2 2 2
left_child=4 -2 3 -3 -1
right_child=1 2 -4 -5 -6
leaf_value=0.027716844774006787 0.023388729615047427 -0.0035139920608637603 0.018404198135493387 -0.022579587363133435 2.4254834470674033e-05
leaf_weight=13.814568623900415 10.480127081274984 87.014732241630554 7.9305061846971503 17.452620580792427 9.1946912407875043
leaf_count=56 43 349 32 70 37
internal_value=0.00119165 -0.00210103 -0.0049762 -0.00720436 0.0181373
internal_weight=145.887 122.878 112.398 104.467 23.0093
internal_count=587 494 451 419 93
is_linear=0
shrinkage=0.03


Tree=12
num_leaves=7
num_cat=0
split_feature=9 14 41 17 38 1
split_gain=9.04148 5.67154 6.15203 6.97607 4.53985 4.13668
threshold=-0.032524753647070581 29.616999605025914 1.0000000180025095e-35 0.45434382023760872 0.0082740279098164008 0.0025537775665456235
decision_type=2 2 2 2 2 2
left_child=5 2 4 -4 -2 -1
right_child=1 -3 3 -5 -6 -7
leaf_value=0.027063194103079335 0.026309222415746011 0.015541772977448772 -0.013108096490742557 0.0035774961432093635 -0.0020399120070157531 2.365698652184703e-05
leaf_weight=13.772717103362085 7.2994568645954159 12.368286296725271 62.810691729187965 31.644124180078506 8.723249599337576 9.1946793049573881
leaf_count=56 30 50 252 127 35 37
internal_value=0.00117742 -0.0020272 -0.00436884 -0.00740433 0.0115292 0.0177081
internal_weight=145.813 122.846 110.478 94.4548 16.0227 22.9674
internal_count=587 494 444 379 65 93
is_linear=0
shrinkage=0.03


Tree=13
num_leaves=6
num_cat=0
split_feature=14 28 15 28 35
split_gain=8.71983 9.27305 6.00325 5.98713 3.11285
threshold=-6.8087001374462366 1.5000000000000002 33.036336256135932 10.500000000000002 -0.047027463053953215
decision_type=2 2 2 2 2
left_child=4 -2 3 -3 -1
right_child=1 2 -4 -5 -6
leaf_value=0.005378943159701415 0.022724104008902093 -0.010526595256821659 0.017658399789840101 0.0053631980347297378 0.031124178397486445
leaf_weight=11.863208860158922 10.423604443669317 81.254927709698677 7.9053347408771506 25.911251842975616 8.3809185922145826
leaf_count=48 43 326 32 104 34
internal_value=0.00117232 -0.00176061 -0.00445698 -0.00651939 0.0185517
internal_weight=145.739 125.495 115.072 107.166 20.2441
internal_count=587 505 462 430 82
is_linear=0
shrinkage=0.03


Tree=14
num_leaves=9
num_cat=0
split_feature=14 18 1 14 37 25 5 20
split_gain=8.29552 5.58701 6.61023 6.47444 6.25211 5.95257 5.04396 2.97043
threshold=-6.8087001374462366 0.66397685744751611 -0.0089920700872587727 3.5343760923133805 0.0016130792065699453 0.30183179946477406 -0.017637128334076154 0.029188730915638311
decision_type=2 2 2 2 2 2 2 2
left_child=7 2 3 -2 -3 -6 -4 -1
right_child=1 4 6 -5 5 -7 -8 -9
leaf_value=0.030458506257781744 0.015583953019572517 0.023186188540018134 0 -0.013086304703492918 0.0066177639540408121 -0.012410253174100393 -0.025900226084290202 0.0052438272501705192
leaf_weight=8.3505198955535906 13.623724713921549 10.343371182680128 10.706594437360765 10.721369355916975 38.985512509942055 21.130138099193573 19.946816265583038 11.85993607342243
leaf_count=34 55 42 43 43 157 85 80 48
internal_value=0.00117622 -0.00168096 -0.00876564 0.00235352 0.00373145 -1.31758e-05 -0.0176592 0.0181419
internal_weight=145.668 125.458 54.9985 24.3451 70.459 60.1157 30.6534 20.2105
internal_count=587 505 221 98 284 242 123 82
is_linear=0
shrinkage=0.03


Tree=15
num_leaves=9
num_cat=0
split_feature=19 15 34 34 34 7 9 34
split_gain=8.13647 10.0667 6.98794 10.1666 6.44959 8.92782 5.27726 2.31056
threshold=0.13154354393663656 10.98830384114993 0.038130874387779297 0.01144786039043766 0.01160843184637528 0.014762596195007952 0.0839829150735662 -0.0071514864354860199
decision_type=2 2 2 2 2 2 2 2
left_child=1 2 3 -1 5 7 -3 -2
right_child=4 6 -4 -5 -6 -7 -8 -9
leaf_value=-0.0042347017903195611 0.020734806358638377 -0.0043517237373366519 -0.019052293450731953 0.019294936216447036 0.023697020933224459 -0.01590862893764549 -0.035248406686461529 0
leaf_weight=40.337423577904701 12.75257797539234 11.468876674771311 11.22110879421234 24.635682910680771 17.779562085866928 13.192353218793867 10.477154463529585 7.4292077869176891
leaf_count=163 52 46 45 99 72 53 42 30
internal_value=0.000488328 -0.00445034 0.000674666 0.00477277 0.0100565 0.0014367 -0.0214404 0.0138632
internal_weight=149.294 98.1402 76.1942 64.9731 51.1537 33.3741 21.946 20.1818
internal_count=602 395 307 262 207 135 88 82
is_linear=0
shrinkage=0.03


Tree=16
num_leaves=11
num_cat=0
split_feature=19 38 38 15 38 21 35 11 21 25
split_gain=7.73723 10.5344 9.72566 9.56695 7.09324 14.7736 5.46671 3.06187 2.1072 1.48002
threshold=0.13154354393663656 0.010926166688491981 0.014509642356889844 10.98830384114993 0.0075516974502015761 0.010715947741706427 0.050700774003145328 0.05950074640632997 0.016095354282542745 0.23221396104276704
decision_type=2 2 2 2 2 2 2 2 2 2
left_child=3 6 -3 4 9 -6 8 -5 -2 -1
right_child=1 2 -4 7 5 -7 -8 -9 -10 -11
leaf_value=0.024716815113436735 0.010436174766044946 -0.026234652958000849 0.013459516891907733 -0.0045489652514702208 -0.037157186458568046 0.0021218108787081878 -0.00070563630795913935 -0.029962826943023785 0.033608613888955613 0.0032454452186583952
leaf_weight=8.8787602484226245 10.638727068901064 9.6521334052085894 8.3594246506690961 9.4738362580537814 8.1816618740558607 51.754443526268005 7.7331467270851126 12.472659975290297 14.707394540309904 7.3721328526735297
leaf_count=36 43 39 34 38 33 208 31 50 60 30
internal_value=0.000459526 0.00979995 -0.00755847 -0.00435215 0.000640003 -0.00402455 0.0195712 -0.0209148 0.0259054 0.0172214
internal_weight=149.224 51.0908 18.0116 98.1335 76.187 59.9361 33.0793 21.9465 25.3461 16.2509
internal_count=602 207 73 395 307 241 134 88 103 66
is_linear=0
shrinkage=0.03


Tree=17
num_leaves=11
num_cat=0
split_feature=19 38 37 26 38 35 35 35 23 3
split_gain=7.34718 10.0111 9.51027 13.1985 9.25095 6.85812 6.58151 5.23003 2.1745 1.48668
threshold=0.13154354393663656 0.010926166688491981 -0.015717999498693843 0.31561159991953297 0.014509642356889844 0.01548808343751973 0.047987675578263785 0.050700774003145328 1.0772422470595566 0.04016464099998452
decision_type=2 2 2 2 2 2 2 2 2 2
left_child=2 7 6 5 -3 -4 -1 9 -5 -2
right_child=1 4 3 8 -6 -7 -8 -9 -10 -11
leaf_value=0.027439378415098008 0.030562582952069785 -0.025552439116923079 -0.014422178898306595 -0.030792712382465243 0.01314981263755961 0.0074488634569619162 -0.0052354160777445067 -0.00068881164405710724 -0.0064297876655781848 0.0083362482652415155
leaf_weight=10.75254897773266 17.403495371341709 9.6657162606716174 17.640567883849144 18.947336077690128 8.3469107300043088 35.614990830421448 7.7089110463857642 7.7332259267568579 7.4484391510486594 7.8684116303920737
leaf_count=44 71 39 71 76 34 143 31 31 30 32
internal_value=0.000441994 0.00955443 -0.00424277 -0.0088651 -0.00734674 0 0.0138842 0.0190995 -0.0253832 0.0253113
internal_weight=149.131 51.0178 98.1128 79.6513 18.0126 53.2556 18.4615 33.0051 26.3958 25.2719
internal_count=602 207 395 320 73 214 75 134 106 103
is_linear=0
shrinkage=0.03


Tree=18
num_leaves=10
num_cat=0
split_feature=19 37 9 10 35 34 10 19 16
split_gain=6.97037 9.02542 7.87078 6.84681 6.29146 5.81706 6.27165 7.56908 0.816601
threshold=0.13154354393663656 -0.015717999498693843 -0.0097818489467980801 0.019311937049286357 0.047987675578263785 0.01160843184637528 -0.049445928424075018 0.1776452421584224 4.015668897104506
decision_type=2 2 2 2 2 2 2 2 2
left_child=1 4 -3 -4 -1 6 -2 -8 -7
right_child=5 2 3 -5 -6 8 7 -9 -10
leaf_value=0.026829511142858281 0.022777399457386629 0.010803940579922355 -0.019565236109014134 0 -0.0051097793271631404 0.028830496759487626 0.0079645098271543709 -0.022049652417741823 0.0084287336909226757
leaf_weight=10.713116168975832 7.2733907997608176 13.151501968502997 43.894795566797256 22.604823157191277 7.7106486558914176 9.8099839389324206 14.323488011956217 11.686459153890608 7.847910910844802
leaf_count=44 30 53 176 91 31 40 58 47 32
internal_value=0.00042498 -0.00413455 -0.00863714 -0.0129041 0.0135366 0.00931115 0.00111811 -0.00559705 0.0223062
internal_weight=149.016 98.0749 79.6511 66.4996 18.4238 50.9412 33.2833 26.0099 17.6579
internal_count=602 395 320 267 75 207 135 105 72
is_linear=0
shrinkage=0.03


Tree=19
num_leaves=10
num_cat=0
split_feature=35 25 37 26 10 35 18 12 11
split_gain=6.67211 6.65746 6.1312 7.84016 6.95932 3.60128 3.05931 4.1858 1.47366
threshold=0.05607982061815709 0.09302531891478702 -0.0025631043333473875 0.17939571323277256 0.029180328866961095 0.010738575290937248 0.7167627513754754 34.520069254129467 0.03485987251064205
decision_type=2 2 2 2 2 2 2 2 2
left_child=2 -2 6 5 -5 -4 7 -1 -3
right_child=1 8 3 4 -6 -7 -8 -9 -10
leaf_value=0.021338410242775337 0.0071424970944206304 -0.009777188728957921 -0.0004411769861114818 -0.015962384002925965 0.0071197126807687741 0.01740848824192669 0.028755776487528983 -0.00045208115268335528 -0.032556458696443573
leaf_weight=9.9106379002332705 8.4626962095499056 10.710589900612833 16.04432500898838 34.085795000195503 14.985605880618094 19.6463223695755 7.8105520606040946 19.75886282324791 7.4763695746660224
leaf_count=41 34 43 65 137 61 79 32 80 30
internal_value=0.000445038 -0.0124979 0.00354319 -0.000820793 -0.00861701 0.00938877 0.013334 0.00724095 -0.0221822
internal_weight=148.892 26.6497 122.242 84.762 49.0714 35.6906 37.4801 29.6695 18.187
internal_count=602 107 495 342 198 144 153 121 73
is_linear=0
shrinkage=0.03


Tree=20
num_leaves=9
num_cat=0
split_feature=14 28 10 20 23 7 38 34
split_gain=9.5899 11.4174 9.27495 9.4972 7.36473 7.27886 4.42492 2.49716
threshold=-1.5938868896276686 1.5000000000000002 0.019311937049286357 0.015918079473854759 1.049770627449029 0.016855475077214892 0.010903145749426033 -0.0071514864354860199
decision_type=2 2 2 2 2 2 2 2
left_child=5 -2 3 -3 -4 6 -1 -8
right_child=1 2 4 -5 -6 -7 7 -9
leaf_value=0.034202959114116492 0.024799374357198322 -0.033112936640252076 0.01369925189146327 -0.0055720215060846949 -0.010238562646534433 -0.0094526168449381043 0.019466215909916991 -7.2644430268052799e-05
leaf_weight=11.529692292213442 9.5467905551195127 15.695980831980703 25.277050092816353 39.063990741968155 17.657233119010925 7.4666328877210608 8.0351781994104403 10.664492532610891
leaf_count=47 40 63 102 157 71 30 33 43
internal_value=0.00123651 -0.00325893 -0.00659378 -0.014619 0.00350319 0.0139233 0.0203908 0.00866811
internal_weight=144.937 107.241 97.6943 54.76 42.9343 37.696 30.2294 18.6997
internal_count=586 433 393 220 173 153 123 76
is_linear=0
shrinkage=0.03


Tree=21
num_leaves=9
num_cat=0
split_feature=14 28 10 3 7 26 38 34
split_gain=9.10575 10.8869 8.77761 8.60694 6.95293 6.238 4.21507 2.39333
threshold=-1.5938868896276686 1.5000000000000002 0.019311937049286357 0.021734242401438512 0.016855475077214892 0.24160470088879674 0.010903145749426033 -0.0071514864354860199
decision_type=2 2 2 2 2 2 2 2
left_child=4 -2 5 -4 6 -3 -1 -8
right_child=1 2 3 -5 -6 -7 7 -9
leaf_value=0.033443378242018623 0.024285871436331995 -0.0038935567104780261 0.016440994068049272 -0.0091238091236127382 -0.0092268821133790566 -0.024866456736663486 0.019045114272195292 -7.0809562195230655e-05
leaf_weight=11.483923837542536 9.4992000609636289 29.861595436930656 21.295777648687363 21.625166848301888 7.468720629811286 24.887761890888214 8.0110446512699145 10.664529114961622
leaf_count=47 40 120 86 87 30 100 33 43
internal_value=0.00120853 -0.0031688 -0.00642322 0.00339383 0.0135849 -0.014232 0.019923 0.00845271
internal_weight=144.798 107.17 97.6703 42.9209 37.6282 54.7494 30.1595 18.6756
internal_count=586 433 393 173 153 220 123 76
is_linear=0
shrinkage=0.03


Tree=22
num_leaves=8
num_cat=0
split_feature=14 28 20 20 7 38 40
split_gain=8.64012 10.3775 8.6603 8.83362 6.6433 4.01891 1.169
threshold=-1.5938868896276686 1.5000000000000002 0.014034033929269649 0.018881586519764407 0.016855475077214892 0.010903145749426033 -0.034060764178340412
decision_type=2 2 2 2 2 2 2
left_child=4 -2 -3 -4 5 -1 -7
right_child=1 2 3 -5 -6 6 -8
leaf_value=0.032714031238971188 0.023786950475489007 -0.031928717542564607 0.0085236009239001188 -0.010365391671902782 -0.0090068816417507112 0 0.013810008097711256
leaf_weight=11.433108448982241 9.4501821696758253 8.6995738148689252 34.118377879261971 54.820718675851822 7.470440760254859 7.7773627787828472 10.873292103409765
leaf_count=47 40 35 137 221 30 32 44
internal_value=0.00118656 -0.00307427 -0.00624992 -0.00292625 0.013257 0.0194699 0.00824271
internal_weight=144.643 107.089 97.6387 88.9391 37.5542 30.0838 18.6507
internal_count=586 433 393 358 153 123 76
is_linear=0
shrinkage=0.03


Tree=23
num_leaves=12
num_cat=0
split_feature=14 10 37 8 38 18 12 38 10 26 0
split_gain=8.19779 9.56177 9.12527 7.92444 5.50416 6.23627 4.61389 3.53586 2.76945 1.39576 1.21275
threshold=-1.5938868896276686 0.019311937049286357 0.014361880446194132 0.0069211012826930563 0.010903145749426033 0.38521155435760307 66.332998074637089 0.0074198257890737062 0.0096349296939091129 0.21757132108094265 -0.0067103280649409283
decision_type=2 2 2 2 2 2 2 2 2 2 2
left_child=4 2 3 -2 -1 10 9 -8 -4 -3 -6
right_child=1 6 8 -5 5 -7 7 -9 -10 -11 -12
leaf_value=0.02620928210713673 -0.01136739897305662 0.027462794873448187 -0.010991316663919861 0.016676574585600488 0.0018842068818681478 -0.015572652926229415 0.012357674768520236 -0.0070501299735711313 -0.035758920172917173 0.005339904569790597 0.02155762075513562
leaf_weight=14.613503605127333 22.055213004350662 7.6673582792282087 13.441649168729784 12.495358005166052 7.3303089439868909 8.1983078122138959 11.169426441192625 21.562236502766609 10.70268754661083 7.9458591639995575 7.3469506353139913
leaf_count=60 89 31 54 51 30 33 46 87 43 32 30
internal_value=0.00116189 -0.00298461 -0.0110499 -0.000457237 0.0129325 0.0024226 0.00655934 0 -0.0244397 0.0189405 0.0140358
internal_weight=144.529 107.04 58.6949 34.5506 37.4891 22.8756 48.3449 32.7317 24.1443 15.6132 14.6773
internal_count=586 433 237 140 153 93 196 133 97 63 60
is_linear=0
shrinkage=0.03


Tree=24
num_leaves=8
num_cat=0
split_feature=9 28 24 10 33 22 38
split_gain=7.95016 9.97947 9.21665 8.61764 6.09383 4.61863 2.98886
threshold=-0.003809802937054903 1.5000000000000002 0.72019928818625145 0.019311937049286357 0.40715401745618057 -0.13599466845095123 0.010510415470505447
decision_type=2 2 2 2 2 2 2
left_child=4 -2 3 -3 5 -1 -6
right_child=1 2 -4 -5 6 -7 -8
leaf_value=0 0.023168703158524557 -0.018440212191984124 0.015118275095779402 0.00075288201944911026 0.0088236656399426263 0.02782837380507586 -0.014515830459800261
leaf_weight=7.30349934101105 9.3783216923475248 46.737606957554817 12.923847630620001 34.258650794625282 7.8931892216205579 18.452118054032326 7.4414549618959427
leaf_count=30 40 188 52 138 32 76 30
internal_value=0.001144 -0.00320223 -0.00642004 -0.0103189 0.0120598 0.0205153 -0.00200502
internal_weight=144.389 103.298 93.9201 80.9963 41.0903 25.7556 15.3346
internal_count=586 418 378 326 168 106 62
is_linear=0
shrinkage=0.03


Tree=25
num_leaves=12
num_cat=0
split_feature=35 23 14 38 12 23 7 28 20 6 9
split_gain=5.99292 6.08003 5.77712 6.4025 6.09622 5.05154 4.09909 4.04923 3.98968 3.63639 2.46843
threshold=0.047987675578263785 0.89739927155469967 -1.7845681553258712 0.011702842693925236 52.584203534840782 0.80311657959433458 -0.0042188392293000766 9.5000000000000018 0.021812459589065688 -0.0025827396251927445 0.018338027919775911
decision_type=2 2 2 2 2 2 2 2 2 2 2
left_child=2 6 3 -1 8 -6 -2 10 -4 -5 -3
right_child=1 7 4 9 5 -7 -8 -9 -10 -11 -12
leaf_value=0.02513306839298916 -0.0042889004894353291 0 -0.0014341908497862786 0.011328025851014362 -0.015170106032953474 0.0059777620668650744 -0.036485599954477227 0.010534009430174046 -0.027872263694188919 -0.014023639581154221 -0.021648365199138195
leaf_weight=13.939351081848146 7.6685997396707561 7.6924691647291201 11.18691608309746 8.0493223071098345 10.596913427114485 48.144199877977371 9.6881886422634107 10.691655188798903 10.672155305743216 8.1334154307842237 7.7247982025146484
leaf_count=58 31 31 45 33 43 196 39 43 43 33 31
internal_value=-0.00292632 -0.0121175 0.000699736 0.0115913 -0.00337119 0.00154185 -0.0249483 -0.00188601 -0.016225 -0.000729724 -0.0115809
internal_weight=154.188 43.4657 110.722 30.1221 80.6002 58.7411 17.3568 26.1089 21.8591 16.1827 15.4173
internal_count=626 175 451 124 327 239 70 105 88 66 62
is_linear=0
shrinkage=0.03


Tree=26
num_leaves=8
num_cat=0
split_feature=26 35 37 20 1 10 7
split_gain=5.7471 5.64961 7.75778 5.88549 4.73757 3.03625 2.46
threshold=0.0090491217759567609 0.047987675578263785 -0.014209913760707125 0.014034033929269649 -0.014735629063082898 -0.014845007969045807 0.024285949752954498
decision_type=2 2 2 2 2 2 2
left_child=-1 2 5 -4 -3 -2 -6
right_child=1 4 3 -5 6 -7 -8
leaf_value=0.015142455998307637 0.0014967933172444234 0.0046551703684312978 -0.026943964797102243 -0.00165100103386286 -0.023134124154500686 0.02731044795350631 -0.0015356142027998449
leaf_weight=12.217865988612173 9.3206426948308962 7.9256510436534873 7.6245721131563178 75.450050562620163 25.049885749816895 8.5024614483118039 7.9877901375293723
leaf_count=50 39 32 31 306 101 35 32
internal_value=-0.00287058 -0.00471517 -0.000664958 -0.00472755 -0.0138469 0.0160808 -0.0187259
internal_weight=154.079 141.861 100.898 83.0746 40.9633 17.8231 33.0377
internal_count=626 576 411 337 165 74 133
is_linear=0
shrinkage=0.03


Tree=27
num_leaves=7
num_cat=0
split_feature=36 6 7 37 38 36
split_gain=7.53333 9.83857 8.62381 6.1977 7.8309 0.658069
threshold=0.003347908353275867 -0.0084123741504992747 -0.024954466378208345 -0.022899513046007233 0.011702842693925236 0.0062727771891288196
decision_type=2 2 2 2 2 2
left_child=-1 2 -2 -3 -5 -4
right_child=1 3 5 4 -6 -7
leaf_value=-0.028094469090026764 -0.0038194662269290074 0.015177267368907843 0.011773039528452361 -0.0040959011741744933 -0.029118299968362092 0.033001272305719177
leaf_weight=7.9552627801895133 13.5957597643137 9.8609216064214689 8.6775301396846789 92.977313339710236 11.447680965065954 9.506026938557623
leaf_count=32 56 41 35 377 46 39
internal_value=-0.00278431 -0.000943651 0.013199 -0.00516464 -0.00747561 0.0257844
internal_weight=154.02 146.065 31.7793 114.286 104.425 18.1836
internal_count=626 594 130 464 423 74
is_linear=0
shrinkage=0.03


Tree=28
num_leaves=7
num_cat=0
split_feature=36 2 7 35 9 0
split_gain=7.18802 8.86446 16.6739 5.78023 4.8091 4.12714
threshold=0.003347908353275867 -0.016936529315245082 -0.02263607989264552 0.047987675578263785 -0.032524753647070581 0.0041814148741559096
decision_type=2 2 2 2 2 2
left_child=-1 2 -2 4 -3 -5
right_child=1 3 -4 5 -6 -7
leaf_value=-0.027432077067794467 -0.0092017016754685731 0.015083208626689097 0.035405597267736816 -0.024360929488293485 -0.00349566210121894 -0.00096130915998922622
leaf_weight=7.9512813836336127 12.647058725357057 12.84894686937332 13.48330646753311 17.114680811762813 76.969589695334435 12.946187600493429
leaf_count=32 52 53 55 69 313 52
internal_value=-0.00270367 -0.000903202 0.0141633 -0.00448887 -0.000403854 -0.01544
internal_weight=153.961 146.01 26.1304 119.879 89.8185 30.0609
internal_count=626 594 107 487 366 121
is_linear=0
shrinkage=0.03


Tree=29
num_leaves=8
num_cat=0
split_feature=36 6 7 23 37 37 0
split_gain=6.85494 8.99086 7.83917 6.05971 9.45325 5.60738 3.33418
threshold=0.003347908353275867 -0.0084123741504992747 -0.024954466378208345 0.91456798996633049 1.0000000180025095e-35 0.032013507066336995 -0.013676996509471294
decision_type=2 2 2 2 2 2 2
left_child=-1 2 -2 4 -3 -5 -4
right_child=1 3 6 5 -6 -7 -8
leaf_value=-0.026793247209797432 -0.0035058550883205861 0.0085275467183980307 0.0050527027024577951 -0.0055807477927715468 -0.020611056412420933 0.011758728331449525 0.034706482729678169
leaf_weight=7.9444211274385443 13.61251784861088 11.613481283187864 7.6199974864721325 42.963034614920616 35.062372744083405 24.599343731999397 10.468548104166983
leaf_count=32 56 47 31 175 142 100 43
internal_value=-0.00263523 -0.000874323 0.0126587 -0.00491196 -0.0130004 0.000673455 0.0247079
internal_weight=153.884 145.939 31.7011 114.238 46.6759 67.5624 18.0885
internal_count=626 594 130 464 189 275 74
is_linear=0
shrinkage=0.03


Tree=30
num_leaves=11
num_cat=0
split_feature=10 26 38 9 33 9 37 20 36 36
split_gain=4.67999 7.33727 6.62936 6.35495 5.74754 5.48616 8.25358 5.23653 0.740601 0.189024
threshold=0.019311937049286357 0.36363730943038614 0.011702842693925236 -0.0074255428222149431 0.41611738597566134 0.098466319618796053 0.031529629981956304 0.02263898303356322 0.0058334227043785429 0.0067213542211298286
decision_type=2 2 2 2 2 2 2 2 2 2
left_child=1 2 3 -1 -3 7 -7 8 -2 -6
right_child=5 4 -4 -5 9 6 -8 -9 -10 -11
leaf_value=0.023302555603564069 0.033535557209549226 0.0013724549193096735 -0.014616778501807126 0 -0.031760593393170916 -0.022291085470946961 0.011592800729542168 0.0002019949229140645 0.011399893621470784 -0.01216839562720989
leaf_weight=13.522048473358153 8.3977187722921425 9.2694040834903735 14.239937990903853 34.889420554041862 9.3544237613677996 9.6696977466344851 12.167993530631064 13.87400847673416 8.3678384572267515 8.0768335461616498
leaf_count=56 34 38 58 141 38 39 50 56 34 33
internal_value=0.000372766 -0.00367363 0.00181251 0.00733081 -0.0162984 0.00741977 -0.00339309 0.0153217 0.0256793 -0.0256413
internal_weight=141.829 89.3521 62.6514 48.4115 26.7007 52.4773 21.8377 30.6396 16.7656 17.4313
internal_count=577 364 255 197 109 213 89 124 68 71
is_linear=0
shrinkage=0.03


Tree=31
num_leaves=7
num_cat=0
split_feature=28 21 19 28 19 36
split_gain=7.20254 5.62114 8.0482 7.74981 6.54415 0.650521
threshold=2.5000000000000004 0.010283974299379772 0.085233027034456454 9.5000000000000018 0.12431388654230681 0.0058798014429900141
decision_type=2 2 2 2 2 2
left_child=5 -2 3 -3 -4 -1
right_child=1 2 4 -5 -6 -7
leaf_value=0.023561871893647678 -0.021010852385285651 0.023909032401959698 -0.015037235515510259 -0.0027426627723713369 0.0018592830004221181 0.0061132700730244793
leaf_weight=9.0468953251838702 10.761588200926779 18.63530333340168 33.42543251812458 16.323956772685051 45.3730688393116 8.1584751009941083
leaf_count=38 44 75 135 66 185 34
internal_value=0.000367009 -0.00213121 0 0.0115834 -0.00531719 0.0175673
internal_weight=141.725 124.519 113.758 34.9593 78.7985 17.2054
internal_count=577 505 461 141 320 72
is_linear=0
shrinkage=0.03


Tree=32
num_leaves=8
num_cat=0
split_feature=28 26 28 12 16 6 38
split_gain=6.88159 5.85561 4.68898 4.79835 4.65625 4.18069 1.72513
threshold=2.5000000000000004 0.36363730943038614 4.5000000000000009 61.723244126284015 4.7993581909115255 -0.0088898757275639676 0.0073522421485820453
decision_type=2 2 2 2 2 2 2
left_child=6 2 -2 -4 5 -3 -1
right_child=1 4 3 -5 -6 -7 -8
leaf_value=0.026473463565223787 -0.013865711696057255 0.00055213921789943091 0.010282197592011084 -0.0051148807679696692 0.0061755952554693435 -0.023315603296800158 0.0045012588461435495
leaf_weight=7.9802210628986385 11.742761656641958 7.3401622176170376 50.716744005680084 24.856156826019287 7.9167505651712409 21.926161676645279 9.1748220324516279
leaf_count=34 48 30 206 100 32 89 38
internal_value=0.000363252 -0.00207377 0.00206151 0.00502338 -0.0117769 -0.0171973 0.0172024
internal_weight=141.654 124.499 87.3157 75.5729 37.1831 29.2663 17.155
internal_count=577 505 354 306 151 119 72
is_linear=0
shrinkage=0.03


Tree=33
num_leaves=11
num_cat=0
split_feature=10 26 38 9 33 9 37 32 32 18
split_gain=4.33616 6.52337 6.19866 6.13367 5.50266 5.28611 7.69665 5.07223 1.6503 0.352079
threshold=0.019311937049286357 0.36363730943038614 0.011702842693925236 -0.0074255428222149431 0.41611738597566134 0.098466319618796053 0.031529629981956304 0.00032720985040901601 0.0053457478388684318 0.65995774210067537
decision_type=2 2 2 2 2 2 2 2 2 2
left_child=1 2 3 -1 -3 7 -7 -2 -9 -6
right_child=5 4 -4 -5 9 6 -8 8 -10 -11
leaf_value=0.022707966241911438 0 0.0017353672904236871 -0.01424099586047672 0 -0.030298069503865384 -0.021691414986246497 0.01104578031971773 0.03258850374929078 0.0083450726614990051 -0.010410734397556168
leaf_weight=13.466540187597273 12.586397066712381 9.2754537463188189 14.246846809983252 34.865268558263779 10.054850503802301 9.6702067703008669 12.105919077992437 9.8625147640705126 8.1363355219364148 7.3070144206285468
leaf_count=56 51 38 58 141 41 39 50 40 33 30
internal_value=0.000358176 -0.00353464 0.00162824 0.00698406 -0.0154541 0.0071529 -0.00346282 0.0149201 0.0243099 -0.0246429
internal_weight=141.577 89.216 62.5787 48.3318 26.6373 52.3614 21.7761 30.5852 17.9989 17.3619
internal_count=577 364 255 197 109 213 89 124 73 71
is_linear=0
shrinkage=0.03


Tree=34
num_leaves=7
num_cat=0
split_feature=28 21 19 35 19 38
split_gain=6.48271 5.35016 7.64207 7.31356 6.23117 1.6366
threshold=2.5000000000000004 0.010283974299379772 0.085233027034456454 0.024438793260000539 0.12908448189944097 0.0073522421485820453
decision_type=2 2 2 2 2 2
left_child=5 -2 3 -3 -4 -1
right_child=1 2 4 -5 -6 -7
leaf_value=0.025801907894042735 -0.020454168066737451 -0.0071733074782210629 -0.013793848342355275 0.020270509134341828 0.0025475786094616587 0.0043218863233759142
leaf_weight=7.9206569194793728 10.73235411942005 10.913538232445715 37.09881217777729 23.994823142886162 41.632900044322014 9.1596712917089445
leaf_count=34 44 44 150 97 170 38
internal_value=0.000347875 -0.0020123 0 0.0113604 -0.00511775 0.0167294
internal_weight=141.453 124.372 113.64 34.9084 78.7317 17.0803
internal_count=577 505 461 141 320 72
is_linear=0
shrinkage=0.03


Tree=35
num_leaves=11
num_cat=0
split_feature=25 36 36 41 14 28 10 19 33 26
split_gain=5.82434 7.03692 6.45808 5.51319 6.96878 5.44028 8.93296 5.96862 4.98598 3.03281
threshold=0.17543869042167728 0.0069051313625328719 0.004808297053764809 1.0000000180025095e-35 -0.93175355744821775 7.5000000000000009 -0.0059331636821348113 0.085653448776548444 0.89703246052202223 0.09352111400072545
decision_type=2 2 2 2 2 2 2 2 2 2
left_child=2 8 -1 -3 -5 7 -7 -4 9 -2
right_child=1 3 5 4 -6 6 -8 -9 -10 -11
leaf_value=0.022528316558487079 0 0.020887204753383633 0.029516705618204832 0.014409219662246873 -0.01743745455300081 0.012469373028533277 -0.020194673392939587 0 0.0055276104295788357 -0.021852731192477909
leaf_weight=14.085094466805456 8.0968898236751539 10.128557473421099 7.5542000681161907 8.4653195440769231 12.608036756515499 9.8207450211048144 18.006250232458115 17.705169498920441 8.2827330529689771 30.389817208051682
leaf_count=57 33 42 31 35 51 40 73 73 34 123
internal_value=-0.000424521 -0.00602584 0.00584677 0.00449979 -0.00385422 0.000491216 -0.0081008 0.0104068 -0.0132521 -0.0177376
internal_weight=145.143 77.9714 67.1715 31.2019 21.0734 53.0864 27.827 25.2594 46.7694 38.4867
internal_count=592 318 274 128 86 217 113 104 190 156
is_linear=0
shrinkage=0.03


Tree=36
num_leaves=10
num_cat=0
split_feature=37 35 23 22 40 6 33 20 12
split_gain=4.30622 7.22066 7.18776 7.84789 5.97752 10.1272 8.1572 5.14787 2.84713
threshold=-0.0086942846501197862 0.053304881294506175 0.80311657959433458 1.0000000180025095e-35 0.025671758218446365 0.0086180860418265514 0.86881256494364656 0.022295213594821738 36.739480467948773
decision_type=2 2 2 2 2 2 2 2 2
left_child=1 7 3 -2 6 -6 -4 -1 -9
right_child=2 -3 4 -5 5 -7 -8 8 -10
leaf_value=0.030575665894549988 -0.035480334567941599 -0.01174236556930143 -0.015790411130328506 0 0.019418960644652598 -0.0068370091588706283 0.013277872786321148 0.01447016656853835 -0.0075704075716108562
leaf_weight=10.691741630434992 9.8190625309944171 9.620337709784506 30.140069365501404 10.115809649229048 26.192285045981407 22.325657069683075 9.6602254360914213 8.5462241023778933 7.8970853239297858
leaf_count=45 40 39 122 41 107 91 39 36 32
internal_value=-0.000382856 0.00810955 -0.00349715 -0.0188759 0.00014912 0.00724792 -0.00807846 0.0159855 0.00339856
internal_weight=145.008 36.7554 108.253 19.9349 88.3182 48.5179 39.8003 27.1351 16.4433
internal_count=592 152 440 81 359 198 161 113 68
is_linear=0
shrinkage=0.03


Tree=37
num_leaves=9
num_cat=0
split_feature=15 34 21 18 33 12 36 26
split_gain=5.05251 8.49095 7.1309 5.32642 9.47912 6.31055 4.96782 1.76535
threshold=12.268739591603667 0.034649501004426438 0.014015601148564406 0.64742211671135286 0.359243661269248 62.881513828249133 0.0049452748353441744 0.24160470088879674
decision_type=2 2 2 2 2 2 2 2
left_child=1 3 -2 4 -1 -5 -4 -3
right_child=2 7 6 5 -6 -7 -8 -9
leaf_value=0.011476595822453131 -0.027880550339958718 -0.0030985256825394824 0.013204614531092737 0.027170945407212238 -0.012950466163716765 0.0030883015319457295 -0.012513785719883699 -0.025770667368251579
leaf_weight=27.989869311451912 11.10537865757942 8.1664790660142881 11.021782726049425 16.88911759853363 25.315316691994667 25.00130033493042 12.052439391613005 7.3382617980241767
leaf_count=116 45 33 45 69 103 102 49 30
internal_value=-0.00037025 0.00266108 -0.010207 0.0061943 0 0.0139352 0 -0.0164044
internal_weight=144.88 110.7 34.1796 95.1956 53.3052 41.8904 23.0742 15.5047
internal_count=592 453 139 390 219 171 94 63
is_linear=0
shrinkage=0.03


Tree=38
num_leaves=7
num_cat=0
split_feature=9 28 28 14 38 14
split_gain=4.83895 5.58974 5.02534 5.09592 12.3554 8.34328
threshold=-0.033821608503085597 7.5000000000000009 1.5000000000000002 13.178504916463966 0.0095897532358310816 5.7454884698521207
decision_type=2 2 2 2 2 2
left_child=1 -1 -2 5 -5 -4
right_child=2 -3 3 4 -6 -7
leaf_value=0.025008422665469082 0.018514530565772416 -0.002839084626533539 -0.0064850381889619974 -0.024425722014388866 0.01505291349092568 0.013774156439454578
leaf_weight=11.297996759414675 7.0335464477539054 10.30030435323715 59.836085841059685 24.671466559171677 7.7090261727571479 23.922271549701691
leaf_count=48 31 42 243 100 31 97
internal_value=-0.000370513 0.0119771 -0.00281229 -0.00452241 -0.0142616 -0.000337599
internal_weight=144.771 21.5983 123.172 116.139 32.3805 83.7584
internal_count=592 90 502 471 131 340
is_linear=0
shrinkage=0.03


Tree=39
num_leaves=10
num_cat=0
split_feature=15 21 28 19 23 7 21 40 26
split_gain=4.53663 6.77349 6.14119 7.69154 7.30556 5.52341 5.35843 4.06414 0.0374047
threshold=12.268739591603667 0.014015601148564406 7.5000000000000009 0.085653448776548444 1.187994864379823 0.0156577299583383 0.011558725842033107 0.035913360362268561 0.20526533837357419
decision_type=2 2 2 2 2 2 2 2 2
left_child=2 -2 3 8 6 -5 -4 -3 -1
right_child=1 7 4 5 -6 -7 -8 -9 -10
leaf_value=0.012143831704676054 -0.026911862687309218 -0.0096460507439256171 -0.026526350321310784 0.010629048671152282 0.012685457410856108 -0.011759629884956187 -0.002870895442064752 0.013964275307357504 0.030858702454988167
leaf_weight=7.9761440157890346 11.081132635474203 13.90218932926655 11.465861350297926 22.040738344192505 14.479183062911032 14.675390839576719 30.638142257928848 9.1696069389581663 9.2199134230613691
leaf_count=33 45 56 47 92 59 60 124 38 38
internal_value=-0.000337515 -0.00966604 0.00253308 0.00969045 -0.0041284 0.00114768 -0.0105637 0 0.0251291
internal_weight=144.648 34.1529 110.495 53.9122 56.5832 36.7161 42.104 23.0718 17.1961
internal_count=592 139 453 223 230 152 171 94 71
is_linear=0
shrinkage=0.03


Tree=40
num_leaves=9
num_cat=0
split_feature=35 36 28 40 7 38 15 14
split_gain=6.48827 7.29882 8.40915 6.94029 6.35807 4.6293 3.75449 5.42739
threshold=0.05607982061815709 0.0050177200738143321 8.5000000000000018 0.0064919340775928544 0.031292213222045777 0.0096552582537214864 20.809845211542147 12.748935104187639
decision_type=2 2 2 2 2 2 2 2
left_child=1 6 4 -4 -3 -2 7 -1
right_child=5 2 3 -5 -6 -7 -8 -9
leaf_value=0.018330494064420302 -0.023678784382412599 0.010287378949080347 0.00083691260182199825 -0.027608393094865083 -0.015127613697851343 0 0.030358289674418153 -0.0099016332362579038
leaf_weight=12.585773989558225 12.775424629449846 47.760577186942101 13.13725830614567 13.584390327334402 8.5340491086244565 13.831520602107046 9.601262614130972 8.1607842743396741
leaf_count=51 52 198 54 55 35 56 40 33
internal_value=0.00067398 0.00393459 -0.000588599 -0.014017 0.00579043 -0.0119979 0.0160428 0.00667161
internal_weight=139.971 113.364 83.0163 26.7216 56.2946 26.6069 30.3478 20.7466
internal_count=574 466 342 109 233 108 124 84
is_linear=0
shrinkage=0.03


Tree=41
num_leaves=6
num_cat=0
split_feature=4 38 6 5 16
split_gain=6.68329 5.28662 6.00053 5.18509 5.87709
threshold=-0.060417002467890106 0.011441951732983522 -0.00075565378756739857 -0.033072050614977026 -2.9134586968400003
decision_type=2 2 2 2 2
left_child=-1 3 -3 -2 -5
right_child=1 2 -4 4 -6
leaf_value=0.023064362170871759 0.020491546091473717 0.0026416939001476861 -0.025921766673972099 -0.01886324768194473 0.0021827784036821903
leaf_weight=9.1018218100070936 9.7067769616842252 9.7905436903238314 12.836975589394568 11.750886991620062 86.640068992972374
leaf_count=39 40 40 52 48 355
internal_value=0.000645773 -0.00112615 -0.0137429 0.00158028 -0.000507065
internal_weight=139.827 130.725 22.6275 108.098 98.391
internal_count=574 535 92 443 403
is_linear=0
shrinkage=0.03


Tree=42
num_leaves=8
num_cat=0
split_feature=35 37 36 28 32 38 32
split_gain=6.1027 9.32142 11.9998 12.4274 5.08827 4.437 1.36465
threshold=0.05607982061815709 -0.011133403026343689 0.0050177200738143321 8.5000000000000018 -0.0019609060600460633 0.0096552582537214864 -0.003090404886295028
decision_type=2 2 2 2 2 2 2
left_child=1 6 4 -4 -3 -2 -1
right_child=5 2 3 -5 -6 -7 -8
leaf_value=0.0063166924221127081 -0.023114803237257588 -0.0022364371215284379 0.001405057556040301 -0.02568404622264266 0.023242620419518939 0 0.026782774797889576
leaf_weight=8.374395817518236 12.745647266507151 8.5604142397642153 43.145136669278145 20.662833943963051 19.257536143064499 13.822064027190207 13.133522018790243
leaf_count=35 52 35 177 84 79 56 56
internal_value=0.000631728 0.00380141 -0.000354374 -0.0076532 0.0152748 -0.0116619 0.0206675
internal_weight=139.702 113.134 91.6259 63.808 27.818 26.5677 21.5079
internal_count=574 466 375 261 114 108 91
is_linear=0
shrinkage=0.03


Tree=43
num_leaves=6
num_cat=0
split_feature=10 28 10 34 38
split_gain=5.40805 5.2839 4.64879 7.5959 0.834744
threshold=-0.031179745144082945 2.5000000000000004 0.053592611450243972 0.034649501004426438 0.0073522421485820453
decision_type=2 2 2 2 2
left_child=-1 4 3 -3 -2
right_child=1 2 -4 -5 -6
leaf_value=0.01846556505845838 0.019746424517933629 0.0016780038578531754 -0.023806671506516025 -0.02004488706613583 0.0036824172172977127
leaf_weight=11.895651310682295 8.0292090177536029 86.944970890879631 7.6920497417449942 15.16382712125778 9.7817536592483503
leaf_count=51 35 354 31 62 41
internal_value=0.000618236 -0.00118898 -0.00380616 -0.00172701 0.0129437
internal_weight=139.507 127.612 109.801 102.109 17.811
internal_count=574 523 447 416 76
is_linear=0
shrinkage=0.03


Tree=44
num_leaves=7
num_cat=0
split_feature=4 38 6 35 4 38
split_gain=6.10435 4.94384 5.71086 5.05267 6.86075 5.47395
threshold=-0.060417002467890106 0.011441951732983522 -0.00075565378756739857 0.055838616090323263 0.01327762242983377 0.0096552582537214864
decision_type=2 2 2 2 2 2
left_child=-1 3 -3 4 -2 -5
right_child=1 2 -4 5 -6 -7
leaf_value=0.02214686378531059 -0.0048160150808816251 0.0026500850596462601 -0.025212868868175354 -0.022214248396674383 0.011825530384658204 0.0057805852941389306
leaf_weight=8.9906415343284589 35.35381780564785 9.774506479501726 12.790778949856756 12.697356387972834 51.154671996831894 8.6255584955215436
leaf_count=39 145 40 52 52 211 35
internal_value=0.000603382 -0.00108083 -0.0132998 0.00153523 0.00489993 -0.010722
internal_weight=139.387 130.397 22.5653 107.831 86.5085 21.3229
internal_count=574 535 92 443 356 87
is_linear=0
shrinkage=0.03


Tree=45
num_leaves=11
num_cat=0
split_feature=5 10 11 21 22 3 20 14 11 40
split_gain=7.75249 11.7302 5.45025 7.15783 4.72214 4.98148 4.14773 3.45244 3.33462 3.2646
threshold=-0.022270906107561102 0.019311937049286357 -0.0043030747458187571 0.029303728111449337 0.096497988921025915 -0.0047987880293577359 0.025242483592213514 8.1192291170131075 -0.002505321948753469 -0.034783955485614519
decision_type=2 2 2 2 2 2 2 2 2 2
left_child=2 4 3 -1 8 -6 7 -3 -2 -4
right_child=1 6 9 -5 5 -7 -8 -9 -10 -11
leaf_value=-0.013721277500697434 0 -0.012493972104297136 0.003708151994890036 0.020147838701958239 0.015165979962826029 -0.012301066689391502 0.020040676175236433 0.0064520398067226797 -0.022552459254062313 0.030052810707543291
leaf_weight=12.036621168255808 7.2895883917808524 9.7325437664985639 8.7943989783525485 7.3594245165586463 8.3589977174997347 11.882759422063826 13.146740168333052 29.721595227718353 30.781770944595337 12.933116704225538
leaf_count=50 30 40 37 31 34 49 54 122 126 54
internal_value=0.000698346 -0.00334068 0.0115895 0 -0.0124988 0 0.00662322 0.00103929 -0.0184714 0.0212331
internal_weight=152.038 110.914 41.1236 19.396 58.3131 20.2418 52.6009 39.4541 38.0714 21.7275
internal_count=627 455 172 81 239 83 216 162 156 91
is_linear=0
shrinkage=0.03


Tree=46
num_leaves=10
num_cat=0
split_feature=9 9 38 0 38 35 17 26 41
split_gain=7.33534 7.35199 9.87589 7.07833 5.89247 4.0081 3.7788 3.69896 3.52829
threshold=-0.003809802937054903 0.044668128240143892 0.010012701452710942 -0.00093732979080929358 0.012047495199214822 0.05607982061815709 0.49995446439847596 0.089896264315740035 1.0000000180025095e-35
decision_type=2 2 2 2 2 2 2 2 2
left_child=3 7 5 4 -1 -3 -5 -2 -9
right_child=1 2 -4 6 -6 -7 -8 8 -10
leaf_value=0.033130542084403046 0.0020704328382094503 0.0020072450050463301 0.02923388268445519 -0.011967062580102876 0.0017964077722242887 -0.017850251037555716 0.010154412158279903 0.00020402174824032116 -0.021072539655599708
leaf_weight=13.378654122352602 10.258133411407469 39.53031150996685 8.892546206712721 12.342131197452547 10.348492071032522 9.4988383799791318 11.248336777091025 7.2272002398967734 29.155048951506615
leaf_count=57 42 163 36 51 43 39 47 30 119
internal_value=0.000694464 -0.00363842 0.00327988 0.0103327 0.0212494 -0.0020948 -0.000863763 -0.0123201 -0.0166648
internal_weight=151.88 104.562 57.9217 47.3176 23.7271 49.0291 23.5905 46.6404 36.3822
internal_count=627 429 238 198 100 202 98 191 149
is_linear=0
shrinkage=0.03


Tree=47
num_leaves=11
num_cat=0
split_feature=5 10 37 11 21 11 20 20 14 15
split_gain=7.18612 10.8651 8.10753 5.18767 6.8822 4.30808 3.97668 3.20948 3.19063 1.84585
threshold=-0.022270906107561102 0.019311937049286357 -0.015717999498693843 -0.0043030747458187571 0.029303728111449337 -0.0050760466256268835 0.025242483592213514 0.022295213594821738 8.1192291170131075 0.39250857094293329
decision_type=2 2 2 2 2 2 2 2 2 2
left_child=3 2 -2 4 -1 -4 8 -5 -3 -9
right_child=1 6 5 7 -6 -7 -8 9 -10 -11
leaf_value=-0.013526796818227048 0.013718235418191208 -0.012066875464721316 0 0.035697888438031851 0.019709230621032556 -0.02069056923743668 0.019546310367413472 0.017738993964613748 0.0061500730746380664 -0.00059735173415174719
leaf_weight=12.039467230439188 7.3661287873983374 9.7323425561189634 10.511738270521162 7.1481051892042187 7.3321717977523795 40.30119951069355 13.110128641128538 7.3772647678852064 29.692250430583954 7.0919040739536285
leaf_count=50 31 40 43 30 31 165 54 31 122 30
internal_value=0.000694251 -0.00319209 -0.0120221 0.0112006 0 -0.0164157 0.0063938 0.0206408 0.000925463 0.00885972
internal_weight=151.703 110.714 58.1791 40.9889 19.3716 50.8129 52.5347 21.6173 39.4246 14.4692
internal_count=627 455 239 172 81 208 216 91 162 61
is_linear=0
shrinkage=0.03


Tree=48
num_leaves=12
num_cat=0
split_feature=9 10 32 7 7 7 20 26 32 19 32
split_gain=6.78501 8.66164 5.73418 5.53551 4.92367 4.16131 5.50571 3.43401 2.85513 5.29965 2.97086
threshold=-0.003809802937054903 0.019311937049286357 0.0062680126979298709 0.01177438025557339 0.011031145296825239 -0.036394328375327752 0.017350928667467333 0.089896264315740035 0.00032720985040901601 0.17079379723697988 -0.0047227744601106561
decision_type=2 2 2 2 2 2 2 2 2 2 2
left_child=3 2 7 5 -4 -1 -7 -2 10 -10 -3
right_child=1 8 4 -5 -6 6 -8 -9 9 -11 -12
leaf_value=-0.0017952032445498116 0 0.007011743603773787 0.017859577482783721 -0.0092681836820487518 -0.011985732340616487 0 0.028196887490589032 -0.021784221900421362 0.018643358209423599 -0.0072259569169963881 -0.013947118687044019
leaf_weight=8.5504388362169212 8.5627519935369474 10.255231723189356 8.0592183619737607 8.5508974194526655 7.5222573131322852 9.8579397499561363 20.200408130884171 31.062872737646103 21.428778231143955 7.9749671369791022 9.4743069410324079
leaf_count=37 35 42 33 35 31 41 85 128 88 33 39
internal_value=0.000704714 -0.00346119 -0.0115139 0.0099927 0.0028736 0.0148743 0.0199002 -0.0173978 0.00539002 0.011136 -0.00271994
internal_weight=151.5 104.34 55.2071 47.1597 15.5815 38.6088 30.0583 39.6256 49.1333 29.4037 19.7295
internal_count=627 429 227 198 64 163 126 163 202 121 81
is_linear=0
shrinkage=0.03


Tree=49
num_leaves=10
num_cat=0
split_feature=37 34 34 19 23 34 20 20 4
split_gain=6.44864 9.05218 4.82474 4.93022 3.81693 3.50673 2.49954 1.64664 0.396727
threshold=-0.014209913760707125 -0.016595833261163814 0.034649501004426438 0.17079379723697988 1.0519185815526753 0.0048447365215122948 0.021947671505459971 0.028652413097354768 0.0085974656173429826
decision_type=2 2 2 2 2 2 2 2 2
left_child=5 4 3 -3 8 7 -4 -1 -2
right_child=1 2 6 -5 -6 -7 -8 -9 -10
leaf_value=0.028710740730853418 -0.033445740019156615 0.0080837729426500981 -0.019680982172986517 -0.011364139972317116 0 0 0.00043784356079829652 0.0057823586019648985 -0.011868001182289537
leaf_weight=9.6013278961181694 7.7339156568050402 70.256959587335587 10.488925665616991 11.631774768233297 8.0828705728054029 10.446811899542807 7.3559370636939994 7.9557543098926535 7.761727049946785
leaf_count=42 32 288 43 48 34 43 31 34 32
internal_value=0.000679611 -0.00221839 0.00169558 0.00493744 -0.0181984 0.0132378 -0.0114235 0.0207419 -0.0260871
internal_weight=151.316 123.312 99.7336 81.8887 23.5785 28.0039 17.8449 17.5571 15.4956
internal_count=627 508 410 336 98 119 74 76 64
is_linear=0
shrinkage=0.03


end of trees

feature_importances:
macro_topix_vol_20=34
month=28
macro_usdjpy_ret_60=21
ma_5_20_cross=20
div_ma_10=18
div_ma_60=18
macro_topix_ret_20=18
atr_pct=17
macd=16
macro_usdjpy_vol_20=16
bb_bandwidth=15
macro_usdjpy_ret_20=14
lower_shadow_pct=13
bb_pct_b=10
volatility=10
return_10d=9
div_ma_5=9
macd_signal=9
ma_20_60_cross=8
rsi=8
vol_ratio=8
gap=8
price_position_20d=8
macro_nikkei_ret_20=8
macro_nikkei_above_200dma=6
return_1d=5
return_2d=5
upper_shadow_pct=5
return_5d=4
return_20d=4
vol_change=4
macd_hist=3
macd_hist_change=3
rsi_change=2
candle_body_pct=2
return_3d=1
div_ma_20=1
day_of_week=1

parameters:
[boosting: gbdt]
[objective: binary]
[metric: binary_logloss]
[tree_learner: serial]
[device_type: cpu]
[data_sample_strategy: bagging]
[data: ]
[valid: ]
[num_iterations: 50]
[learning_rate: 0.03]
[num_leaves: 15]
[num_threads: 0]
[seed: 43]
[deterministic: 0]
[force_col_wise: 0]
[force_row_wise: 0]
[histogram_pool_size: -1]
[max_depth: 4]
[min_data_in_leaf: 30]
[min_sum_hessian_in_leaf: 0.001]
[bagging_fraction: 0.7]
[pos_bagging_fraction: 1]
[neg_bagging_fraction: 1]
[bagging_freq: 5]
[bagging_seed: 11149]
[bagging_by_query: 0]
[feature_fraction: 0.6]
[feature_fraction_bynode: 1]
[feature_fraction_seed: 21351]
[extra_trees: 0]
[extra_seed: 16806]
[early_stopping_round: 0]
[early_stopping_min_delta: 0]
[first_metric_only: 0]
[max_delta_step: 0]
[lambda_l1: 0.5]
[lambda_l2: 2]
[linear_lambda: 0]
[min_gain_to_split: 0]
[drop_rate: 0.1]
[max_drop: 50]
[skip_drop: 0.5]
[xgboost_dart_mode: 0]
[uniform_drop: 0]
[drop_seed: 2965]
[top_rate: 0.2]
[other_rate: 0.1]
[min_data_per_group: 100]
[max_cat_threshold: 32]
[cat_l2: 10]
[cat_smooth: 10]
[max_cat_to_onehot: 4]
[top_k: 20]
[monotone_constraints: ]
[monotone_constraints_method: basic]
[monotone_penalty: 0]
[feature_contri: ]
[forcedsplits_filename: ]
[refit_decay_rate: 0.9]
[cegb_tradeoff: 1]
[cegb_penalty_split: 0]
[cegb_penalty_feature_lazy: ]
[cegb_penalty_feature_coupled: ]
[path_smooth: 0]
[interaction_constraints: ]
[verbosity: -1]
[saved_feature_importance_type: 0]
[use_quantized_grad: 0]
[num_grad_quant_bins: 4]
[quant_train_renew_leaf: 0]
[stochastic_rounding: 1]
[linear_tree: 0]
[max_bin: 255]
[max_bin_by_feature: ]
[min_data_in_bin: 5]
[bin_construct_sample_cnt: 200000]
[data_random_seed: 179]
[is_enable_sparse: 1]
[enable_bundle: 1]
[use_missing: 1]
[zero_as_missing: 0]
[feature_pre_filter: 1]
[pre_partition: 0]
[two_round: 0]
[header: 0]
[label_column: ]
[weight_column: ]
[group_column: ]
[ignore_column: ]
[categorical_feature: ]
[forcedbins_filename: ]
[precise_float_parser: 0]
[parser_config_file: ]
[objective_seed: 26397]
[num_class: 1]
[is_unbalance: 0]
[scale_pos_weight: 1]
[sigmoid: 1]
[boost_from_average: 1]
[reg_sqrt: 0]
[alpha: 0.9]
[fair_c: 1]
[poisson_max_delta_step: 0.7]
[tweedie_variance_power: 1.5]
[lambdarank_truncation_level: 30]
[lambdarank_norm: 1]
[label_gain: ]
[lambdarank_position_bias_regularization: 0]
[eval_at: ]
[multi_error_top_k: 1]
[auc_mu_weights: ]
[num_machines: 1]
[local_listen_port: 12400]
[time_out: 120]
[machine_list_filename: ]
[machines: ]
[gpu_platform_id: -1]
[gpu_device_id: -1]
[gpu_use_dp: 0]
[num_gpu: 1]

end of parameters

pandas_categorical:[]
