tree
version=v4
num_class=1
num_tree_per_iteration=1
label_index=0
max_feature_idx=44
objective=binary sigmoid:1
feature_names=return_1d return_2d return_3d return_5d return_10d return_20d div_ma_5 div_ma_10 div_ma_20 div_ma_60 ma_5_20_cross ma_20_60_cross rsi rsi_change macd macd_signal macd_hist macd_hist_change bb_pct_b bb_bandwidth atr_pct volatility vol_change vol_ratio candle_body_pct upper_shadow_pct lower_shadow_pct day_of_week month is_month_end is_month_start streak gap price_position_20d macro_usdjpy_ret_20 macro_usdjpy_ret_60 macro_usdjpy_vol_20 macro_topix_ret_20 macro_topix_vol_20 macro_topix_above_200dma macro_nikkei_ret_20 macro_nikkei_above_200dma macro_nikkei_vi macro_jgb10y macro_bias_score
feature_infos=[-0.17772667542706966:0.1470235717139432] [-0.20539682539682536:0.16510776738511601] [-0.24013357619914999:0.17508813160987069] [-0.22865947611710324:0.24522163481089865] [-0.25104727707959307:0.30696721311475406] [-0.27784189267166759:0.2820615261685977] [-0.18004324182663956:0.11861627362173989] [-0.20405762075873687:0.13833228001040926] [-0.23400609000351938:0.17718290736289741] [-0.25990902863676019:0.21897800811042367] [-0.11857745094931693:0.13821315192743766] [-0.10657688641646379:0.10999476118612317] [12.283044058744991:96.584190916078668] [-24.477381847899785:30.523230841411753] [-76.757544168411869:70.388875063558089] [-62.887320813967378:61.703804987249043] [-30.363520725662468:39.603186159897305] [-19.050373370978047:12.00312111644115] [-0.40688573596952488:1.3342851245192389] [0.033581177580368729:0.39473402552224823] [0.012253614857796663:0.061921529175050304] [0.0091059632042961632:0.057095451026884694] [-0.8996731498443703:7.0808635808635803] [0.45453671130036144:2.3363224203448341] [-1:1] [0:0.86904761904761907] [0:0.92592592592592593] [0:4] [1:12] none [0:1] [-7:9] [-0.073388837496145554:0.14382740711146624] [0:1] [-0.10288784967882303:0.08505611680078462] [-0.13986255140503889:0.13160084488587853] [0.0024251968629528543:0.011841457708833452] [-0.21871130063915301:0.21255327098343968] [0.0039190661917629455:0.040640984327119482] [0:1] [-0.22859537662338159:0.23022297972565586] [0:1] none none none
tree_sizes=1191 1507 1191 1386 1399 1475 1417 1593 1365 1313 1088 1282 1198 1161 1301 995 1045 1202 753 1074 1000 888 1000 972 1095 1526 1613 1630 1418 1210 1307 1397 1291 1313 1273 981 1194 1295 1307 770 1074 1073 1391 887 1082 772 778 993 887 776

Tree=0
num_leaves=10
num_cat=0
split_feature=36 28 4 35 14 37 35 9 34
split_gain=14.0352 6.51218 10.3299 7.21387 6.33483 5.71072 7.8338 4.97363 3.14897
threshold=0.0070911961006432144 8.5000000000000018 0.056459571953648376 0.054654599517179332 8.1442217225568374 0.050085093688953315 0.034654756365754109 -0.027656576979350662 -0.0043324841583393106
decision_type=2 2 2 2 2 2 2 2 2
left_child=1 2 7 4 -3 6 8 -1 -2
right_child=5 3 -4 -5 -6 -7 -8 -9 -10
leaf_value=-0.12689351070714525 -0.098589498453954705 -0.14677769802540053 -0.13689203515833737 -0.11199497820772679 -0.11390856354882492 -0.12228768681823962 -0.11911571243652319 -0.10432553354416403 -0.073573266537979895
leaf_weight=8.4724874496459943 25.168271541595455 18.440119743347172 12.459540367126463 12.459540367126463 7.475724220275878 7.475724220275878 9.2200598716735822 45.601917743682861 7.9741058349609402
leaf_count=34 101 74 50 50 30 30 37 183 32
internal_value=-0.113909 -0.120089 -0.114086 -0.129601 -0.138133 -0.101067 -0.0967752 -0.108466 -0.0901907
internal_weight=154.747 104.909 66.5339 38.3754 25.9158 49.8382 42.3624 54.0744 33.1424
internal_count=621 421 267 154 104 200 170 217 133
is_linear=0
shrinkage=1


Tree=1
num_leaves=13
num_cat=0
split_feature=38 34 16 7 7 20 12 9 23 1 9 35
split_gain=20.4454 19.3241 7.90603 17.7708 7.61949 7.31069 6.67809 6.50827 6.05103 4.58616 4.03612 1.9273
threshold=0.0089519720503527436 -0.016319447040454346 2.4241888517509804 -0.0073973716529899527 -0.011425357584533327 0.021797613736971862 51.102230765339677 -0.020773052987551135 1.1079067592900269 -0.013625143221801582 0.11032231846987588 0.037607981997207725
decision_type=2 2 2 2 2 2 2 2 2 2 2 2
left_child=2 5 3 9 8 -2 -5 -6 -3 -1 11 -4
right_child=1 4 10 6 7 -7 -8 -9 -10 -11 -12 -13
leaf_value=0.0028720529975386874 -0.008587707333717649 0.0092537125957642356 0.03600523934289545 -0.030630226052392961 -5.7130652126130938e-05 0.024240504635542889 0.0012906177712612259 -0.032798990455387401 -0.018862184858149458 0.031812832166442651 0.0011812388627012252 0.01029061687745942
leaf_weight=10.216001689434053 7.4791144579648998 12.209492161870005 14.211140677332883 10.962828844785692 7.7183309346437445 14.711334511637686 8.9735253751277906 29.887246996164322 10.957775965332983 11.963623642921446 7.4741488397121421 7.9732253551483145
leaf_count=41 30 49 57 44 31 59 36 120 44 48 30 32
internal_value=0 -0.0100121 0.0115748 0.00252552 -0.0187079 0.0127607 -0.0167709 -0.0267999 -0.00389082 0.0204431 0.0229798 0.0289988
internal_weight=154.738 82.9633 71.7745 42.116 60.7728 22.1904 19.9364 37.6056 23.1673 22.1796 29.6585 22.1844
internal_count=621 333 288 169 244 89 80 151 93 89 119 89
is_linear=0
shrinkage=0.03


Tree=2
num_leaves=10
num_cat=0
split_feature=38 20 10 11 10 37 11 38 11
split_gain=19.4091 17.7812 10.7714 6.52265 8.52648 12.3974 5.9745 5.55102 1.4575
threshold=0.0089519720503527436 0.031752972383860434 0.019830248542115573 0.036390201485031366 0.014576873566372163 0.01260626754095562 0.058006836223409304 0.0078652879404673293 0.004583225644517964
decision_type=2 2 2 2 2 2 2 2 2
left_child=3 2 6 4 5 -1 -2 -5 -6
right_child=1 -3 -4 7 8 -7 -8 -9 -10
leaf_value=0.026092399247131824 -0.011623457647991699 0.028953308594786072 -0.035996536257219318 -0.012555101768789663 0.01656038013288387 -0.0095109007602939798 0.013900483053708399 0.014891579444562889 0.044908002189588646
leaf_weight=13.962836757302286 53.027479082345963 7.4847143888473502 14.91605284810066 14.45227460563183 9.4795294702053088 17.192504569888115 7.4726360142230979 8.9743727445602399 7.7377170473337165
leaf_count=56 213 30 60 58 38 69 30 36 31
internal_value=0 -0.00974361 -0.0144266 0.0112907 0.0173979 0.00660439 -0.00788695 -0.00110649 0.0334287
internal_weight=154.7 82.9009 75.4162 71.7992 48.3726 31.1553 60.5001 23.4266 17.2172
internal_count=621 333 303 288 194 125 243 94 69
is_linear=0
shrinkage=0.03


Tree=3
num_leaves=12
num_cat=0
split_feature=38 36 20 17 14 3 19 11 35 11 5
split_gain=18.3923 17.4166 6.56034 6.48448 9.18983 7.41295 6.0555 5.84332 8.9743 5.05836 0.0957086
threshold=0.0089519720503527436 0.0071220746004734886 0.02644135978910726 -0.55057545330103419 38.549703604092208 0.02649904865891595 0.11818658104724662 0.059230359128815142 0.053387747164957096 0.030583192681623909 1.0000000180025095e-35
decision_type=2 2 2 2 2 2 2 2 2 2 2
left_child=3 7 6 4 10 9 -3 8 -2 -5 -1
right_child=1 2 -4 5 -6 -7 -8 -9 -10 -11 -12
leaf_value=0.015708759092776151 -0.031711374704391539 0.012264706230769031 0.021971942631261496 0.0025906983731619031 -0.0037220018256406062 0.019508296533661977 -0.020531481582697093 0.00053463638687770122 0 -0.022136418102858414 0.037596532648596963
leaf_weight=7.98143038153649 32.279805541038513 7.7172074764966991 13.968422994017599 20.695063680410389 7.7284396290779105 14.467101082205771 8.2169316262006742 9.2064691483974439 11.441176623106001 8.7136362642049772 12.230915829539297
leaf_count=32 130 31 56 83 31 58 33 37 46 35 49
internal_value=0 -0.00945767 0.00815819 0.0110205 0.0218972 0.00311449 -0.00421487 -0.0196179 -0.0240273 -0.00520128 0.0318214
internal_weight=154.647 82.83 29.9026 71.8166 27.9408 43.8758 15.9341 52.9275 43.721 29.4087 20.2123
internal_count=621 333 120 288 112 176 64 213 176 118 81
is_linear=0
shrinkage=0.03


Tree=4
num_leaves=12
num_cat=0
split_feature=38 36 21 19 33 18 9 28 4 21 40
split_gain=17.4035 16.4953 9.0194 6.36854 6.08595 11.6573 7.52312 7.45491 5.78649 7.08624 2.96876
threshold=0.0089519720503527436 0.0071220746004734886 0.025563661568344959 0.11818658104724662 0.50635643425181665 0.1836765071267254 0.1150694087098915 8.5000000000000018 0.043844877290406654 0.018785895384936854 0.054325552589354349
decision_type=2 2 2 2 2 2 2 2 2 2 2
left_child=4 8 3 -3 5 -1 10 -7 9 -2 -6
right_child=1 2 -4 -5 6 7 -8 -9 -10 -11 -12
leaf_value=0.028780935289248365 -0.0019965073115068657 0.012889415604736318 0.030107564393411182 -0.017306633663032919 0.030177929745930063 0.0016066234442192609 -0.0036099317382635655 -0.03093741930846074 -0.038887487164903693 -0.027096892495785771 0.0054782488489465006
leaf_weight=7.4859731793403652 26.582523971796036 9.7193416655063682 8.9851082116365415 11.204021334648131 23.213808223605159 15.459228038787844 9.4657392799854261 7.714816838502883 9.8887386918067914 16.365710690617561 8.4918264448642713
leaf_count=30 107 39 36 45 93 62 38 31 40 66 34
internal_value=0 -0.00918951 0.00793749 -0.00272481 0.0107339 1.57447e-05 0.0179977 -0.0102288 -0.0190937 -0.012675 0.0247252
internal_weight=154.577 82.7454 29.9085 20.9234 71.8314 30.66 41.1714 23.174 52.837 42.9482 31.7056
internal_count=621 333 120 84 288 123 165 93 213 173 127
is_linear=0
shrinkage=0.03


Tree=5
num_leaves=13
num_cat=0
split_feature=28 36 16 33 19 40 20 28 21 10 37 10
split_gain=12.8642 12.2477 11.9393 10.1314 8.96796 10.0965 8.36039 7.06586 3.83366 5.65757 3.50898 2.17842
threshold=8.5000000000000018 0.0057013751940566326 0.25724819843954633 0.43884454850426319 0.090289659476471176 0.062314557228926544 0.017870751924280635 4.5000000000000009 0.01430009599155419 -0.016166542756737953 0.031526372877853322 -0.0014572611332490657
decision_type=2 2 2 2 2 2 2 2 2 2 2 2
left_child=1 4 10 8 11 -6 -5 -4 -2 -10 -3 -1
right_child=3 2 7 6 5 -7 -8 -9 9 -11 -12 -13
leaf_value=0.020144615482179207 -0.017654969261061467 0.03567525026532109 0.016002634416400742 0 -0.026581067609943856 0.0079912453767488831 -0.037641577816776232 -0.012221283523456283 -0.006546261368449097 0.020295444439342714 0.0068451230279451885 0
leaf_weight=7.4717612117528915 8.2104595303535444 16.713103577494625 12.226244151592256 7.4651187360286739 21.839262232184414 9.2057946026325208 17.331604093313217 16.185321092605591 15.665200233459471 9.4508699774742144 7.9752029031515113 7.9794053584337217
leaf_count=30 33 67 49 30 88 37 70 65 63 38 32 32
internal_value=-0.00240854 0.00402024 0.0137257 -0.0134412 -0.00686331 -0.0160122 -0.0272282 0 -0.00179768 0.00375274 0.028135 0.0103879
internal_weight=157.719 99.5961 53.0999 58.1233 46.4962 31.0451 24.7967 28.4116 33.3265 25.1161 24.6883 15.4512
internal_count=634 400 213 234 187 125 100 114 134 101 99 62
is_linear=0
shrinkage=0.03


Tree=6
num_leaves=12
num_cat=0
split_feature=34 38 5 20 37 1 24 17 38 2 16
split_gain=11.5469 12.1894 7.92123 10.1531 7.49393 6.42898 5.45525 10.4119 4.80939 1.39077 1.2929
threshold=-0.014559244352543519 0.0089141260850393502 0.020606353014670401 0.023870900435835261 -0.0042097665820774446 0.0089377888113263432 -0.24068965517241378 -0.30955899069974885 0.007597078284348341 0.012359741462192654 2.5596204592228626
decision_type=2 2 2 2 2 2 2 2 2 2 2
left_child=4 6 3 -3 9 -6 8 -8 -2 -1 -4
right_child=1 2 10 -5 5 -7 7 -9 -10 -11 -12
leaf_value=0.029542738734897531 -0.019244441926374811 0.0094051001902956538 -0.01318785379112667 -0.019406436290134828 0.010935160054471472 -0.021067057550020203 0.03124255774581864 -0.0012534165327818269 0.0076802864591878203 0.0073589087264385403 -0.036376999229012524
leaf_weight=12.475857332348825 12.452319592237474 17.387471944093704 9.4359540641307849 22.762201562523842 11.719825252890589 7.4663038253784171 11.480650335550306 23.184552609920502 7.7384269833564749 7.7307854890823355 13.790442928671835
leaf_count=50 50 70 38 92 47 30 46 93 31 31 56
internal_value=-0.0023323 -0.00708762 -0.0158839 -0.00671903 0.0112306 -0.00162364 0.00301236 0.0102169 -0.008487 0.0231581 -0.0293433
internal_weight=157.625 118.232 63.3761 40.1497 39.3928 19.1861 54.8559 34.6652 20.1907 20.2066 23.2264
internal_count=634 476 256 162 158 77 220 139 81 81 94
is_linear=0
shrinkage=0.03


Tree=7
num_leaves=14
num_cat=0
split_feature=28 9 36 16 19 40 28 14 20 5 37 3 19
split_gain=12.045 19.5781 11.2611 11.0645 8.29557 9.46807 6.61434 5.32985 3.53326 3.42362 3.2077 2.87009 2.09648
threshold=8.5000000000000018 -0.022006858243287356 0.0057013751940566326 0.25724819843954633 0.090289659476471176 0.062314557228926544 4.5000000000000009 -27.741951030065362 0.022175408115206411 0.053377974388107992 0.031526372877853322 0.0013697401200855055 0.072712941711000609
decision_type=2 2 2 2 2 2 2 2 2 2 2 2 2
left_child=2 7 4 10 12 -6 -5 -2 -9 11 -4 -3 -1
right_child=1 9 3 6 5 -7 -8 8 -10 -11 -12 -13 -14
leaf_value=0 -0.010631254149700273 -0.015561903674791275 0.034339336250680565 0.0155036486114817 -0.025598959003869905 0.0078635468609402487 -0.011808493456746279 0.027441337086945853 0.00028681123737363793 -0.006988681138769914 0.0066122675859335948 -0.045199104246870597 0.019640021658956206
leaf_weight=7.9822477102279645 9.9463876485824603 10.162756994366651 16.730775907635692 12.228399604558946 21.754606232047085 9.2027626633644086 16.164928182959557 7.7175233364105251 9.9197698533534986 7.9423032850027075 7.9753309190273276 12.311685636639593 7.4758890271186829
leaf_count=32 40 41 67 49 88 37 65 31 40 32 32 50 30
internal_value=-0.00226688 -0.0129592 0.00394973 0.0132534 -0.00649167 -0.0153228 0 0.0048363 0.0145173 -0.0288627 0.027116 -0.0347771 0.0100642
internal_weight=157.515 58.0004 99.5149 53.0994 46.4155 30.9574 28.3933 27.5837 17.6373 30.4167 24.7061 22.4744 15.4581
internal_count=634 234 400 213 187 125 114 111 71 123 99 91 62
is_linear=0
shrinkage=0.03


Tree=8
num_leaves=12
num_cat=0
split_feature=28 9 9 23 11 26 17 14 5 6 1
split_gain=11.4776 18.7087 8.54453 10.0501 6.21135 5.49143 6.34085 5.08361 3.2566 3.22422 1.0687
threshold=8.5000000000000018 -0.022006858243287356 0.044557445992352916 1.0990715305695289 0.021328737496549736 0.12818622287760692 -1.0789516473362288 -27.741951030065362 0.053377974388107992 -0.0091093881885072944 -0.011834166043247439
decision_type=2 2 2 2 2 2 2 2 2 2 2
left_child=2 7 3 4 -1 -4 -7 -2 -3 -9 -5
right_child=1 8 5 10 -6 6 -8 9 -10 -11 -12
leaf_value=0.010705139383221056 -0.010371842187761092 -0.034021058193958169 0.010604305733974098 0 0.039087702502189146 0.0071382279895144084 -0.022060431282762409 0 -0.0068241140061141336 0.0252976266978143 -0.014855656355698146
leaf_weight=37.84370231628418 9.9394318610429782 22.389664545655254 9.19203934073448 7.9396692067384746 8.4903528243303281 7.4661982655525234 20.329132318496704 8.9395126700401324 7.9381159096956244 8.7086898833513242 8.202148035168646
leaf_count=152 40 91 37 32 34 30 82 36 32 35 33
internal_value=-0.00219915 -0.0126475 0.00386623 0.0106026 0.0176186 -0.0070878 -0.0137612 0.00472506 -0.028229 0.0141813 -0.00843144
internal_weight=157.379 57.9154 99.4632 62.4759 46.3341 36.9874 27.7953 27.5876 30.3278 17.6482 16.1418
internal_count=634 234 400 251 186 149 112 111 123 71 65
is_linear=0
shrinkage=0.03


Tree=9
num_leaves=11
num_cat=0
split_feature=7 41 12 26 21 34 21 23 1 0
split_gain=11.8902 10.706 9.61218 8.35099 6.49252 10.3503 7.1093 3.01397 2.25015 0.925723
threshold=-0.0050197253847596122 1.0000000180025095e-35 48.500737901715901 0.11905493866875265 0.018970056533851056 0.022563008441926272 0.020358721194967736 1.1171701625281314 -0.015166765621724641 0.0076768981286540203
decision_type=2 2 2 2 2 2 2 2 2 2
left_child=4 -2 9 -4 5 7 -6 -1 -8 -3
right_child=1 2 3 -5 6 -7 8 -9 -10 -11
leaf_value=0.029283071556520667 0.013010796621554297 -0.035575380682138683 0.011206712409171137 -0.012981589385093502 -0.024383716448338179 -0.0099667997548089204 -0.0029566507843158192 0.0041272455075244789 0.016668142668338212 -0.012476965632723226
leaf_weight=21.426722094416622 14.663256555795668 13.829581394791605 15.641680940985678 42.835393935441971 7.9148570299148586 9.1849803328514081 7.6805056929588327 7.9632069915533057 8.2012601345777476 7.9192949384450904
leaf_count=86 59 56 63 173 32 37 31 32 33 32
internal_value=-0.00212941 -0.00881866 -0.0132104 -0.00610693 0.00777209 0.0151731 -0.00388992 0.0236422 0.00706945 -0.0295553
internal_weight=157.261 94.8892 80.226 58.4771 62.3715 38.5749 23.7966 29.3899 15.8818 21.7489
internal_count=634 383 324 236 251 155 96 118 64 88
is_linear=0
shrinkage=0.03


Tree=10
num_leaves=9
num_cat=0
split_feature=28 35 11 18 33 14 19 15
split_gain=8.45934 9.44617 10.1017 8.71538 8.0067 6.22669 5.96493 5.67244
threshold=8.5000000000000018 -0.056750367768685188 0.017051193530913337 0.15164809179135913 0.7426887869365747 43.924500775802024 0.11880068512721438 -18.514275501261711
decision_type=2 2 2 2 2 2 2 2
left_child=1 -1 6 -2 7 -4 -3 -5
right_child=3 2 5 4 -6 -7 -8 -9
leaf_value=0.028446975557345624 0.012111708018478792 0.00019273215486518373 0.016287173542784718 -0.00026198189652451218 0.0071585509093351788 -0.0098663318826268786 -0.021649920661252559 -0.029070132996512177
leaf_weight=11.729697808623312 11.186686694622038 24.643140688538551 37.326384857296944 9.4347946196794457 9.1378986686468107 8.1443823128938657 16.805706933140755 24.603969305753711
leaf_count=47 45 99 150 38 37 33 68 100
internal_value=0 0.00525576 0.001388 -0.00926013 -0.0154205 0.0110684 -0.00890719 -0.021959
internal_weight=153.013 98.6493 86.9196 54.3633 43.1767 45.4708 41.4488 34.0388
internal_count=617 397 350 220 175 183 167 138
is_linear=0
shrinkage=0.03


Tree=11
num_leaves=11
num_cat=0
split_feature=38 36 12 7 19 23 12 28 21 16
split_gain=12.1078 13.7041 7.76459 16.5644 7.51947 7.10808 6.06063 5.41409 4.76309 4.41721
threshold=0.0089519720503527436 0.0060685481839526855 49.812553938718686 -0.0073973716529899527 0.083674141755222683 1.1597944373459941 36.728807263175121 2.5000000000000004 0.015493458187036235 1.6144506415586986
decision_type=2 2 2 2 2 2 2 2 2 2
left_child=2 4 3 -1 -2 9 -6 -4 -9 -3
right_child=1 5 7 -5 6 -7 -8 8 -10 -11
leaf_value=0.017310505652342063 0 0.017314107270816476 0.032030802222385364 -0.027027048188186926 -0.0019804996246143743 -0.017653437829256567 -0.036352371850831025 -0.0017738998375360507 0.020784775920360602 -0.0027261227964487317
leaf_weight=14.222685113549234 11.357119947671888 22.635883256793022 13.212010666728018 12.106720089912413 7.3691165447235134 8.9446534961462003 19.826304316520691 16.928793326020244 12.478792965412138 13.83464367687702
leaf_count=57 46 91 53 49 30 36 81 68 50 56
internal_value=0 -0.00752297 0.00922033 -0.00301595 -0.0202676 0.00337804 -0.0283261 0.0169122 0.00803502 0.00957567
internal_weight=152.917 83.9677 68.949 26.3294 38.5525 45.4152 27.1954 42.6196 29.4076 36.4705
internal_count=617 340 277 106 157 183 111 171 118 147
is_linear=0
shrinkage=0.03


Tree=12
num_leaves=10
num_cat=0
split_feature=38 37 14 23 19 22 22 22 16
split_gain=11.5034 10.0532 9.85354 11.2508 7.39059 4.16756 4.48993 3.78236 2.1648
threshold=0.0089519720503527436 0.051097383649112101 8.4712940026798851 0.98850832812311362 0.058191307622698231 -0.082316098248026923 0.049620814396355135 -0.2393045042675512 0.76917747633128641
decision_type=2 2 2 2 2 2 2 2 2
left_child=4 2 3 -2 -1 7 -7 -6 -4
right_child=1 -3 8 -5 5 6 -8 -9 -10
leaf_value=-0.012000053068187511 0.018117295490817521 -0.028893998455356763 -0.0061169082845009487 -0.008142347880621105 0.0069999347876634112 -0.010025310301440889 0.012110579394450444 0.033553338196372108 -0.032767848544884411
leaf_weight=10.386328861117361 24.825538322329521 13.992224112153052 7.9038906693458539 29.846775263547897 11.963768333196642 9.456260144710539 24.899886816740036 12.215649574995039 7.2976264208555222
leaf_count=42 100 57 32 121 48 38 100 49 30
internal_value=0 -0.00734429 -0.00213632 0.00373549 0.00898188 0.0132261 0.00538893 0.0225264 -0.0221053
internal_weight=152.788 83.8661 69.8738 54.6723 68.9219 58.5356 34.3561 24.1794 15.2015
internal_count=617 340 283 221 277 235 138 97 62
is_linear=0
shrinkage=0.03


Tree=13
num_leaves=10
num_cat=0
split_feature=38 36 19 19 23 7 5 9 38
split_gain=10.9356 12.8342 7.02652 7.02337 6.64503 4.42268 4.37391 5.81385 4.29302
threshold=0.0089519720503527436 0.0060685481839526855 0.083674141755222683 0.058191307622698231 1.1597944373459941 0.0020152877789278039 -0.010869568774764747 0.1150694087098915 0.011740820580373212
decision_type=2 2 2 2 2 2 2 2 2
left_child=3 2 -2 -1 8 -4 -5 -8 -3
right_child=1 4 5 6 -6 -7 7 -9 -10
leaf_value=-0.011707229178392006 0 0.01954741352914293 -0.011273305334344114 -0.00062437708816101729 -0.016991952388717365 -0.039422959132010223 0.022705293322906987 -0.0021246921966237169 0
leaf_weight=10.376898154616354 11.352377459406851 16.895682349801064 13.746022313833238 14.182756572961805 8.9275393038988096 13.280833244323729 35.151794463396072 9.2020658999681455 19.566839203238487
leaf_count=42 46 68 56 57 36 55 141 37 79
internal_value=0 -0.00718352 -0.0195581 0.00873935 0.00334703 -0.0273859 0.0128788 0.0173608 0.00934146
internal_weight=152.683 83.7693 38.3792 68.9135 45.3901 27.0269 58.5366 44.3539 36.4625
internal_count=617 340 157 277 183 111 235 178 147
is_linear=0
shrinkage=0.03


Tree=14
num_leaves=11
num_cat=0
split_feature=38 36 4 23 34 7 33 25 4 21
split_gain=10.3358 12.2768 6.48507 7.1158 5.79141 8.1515 13.9971 5.25725 4.42698 8.18168
threshold=0.0089519720503527436 0.0065992573228418035 -0.057044451133855138 0.98850832812311362 0.012787564016839783 -0.0076458189893094603 0.64846522986057875 0.24190177638453506 0.018266711399361538 0.019255855851496469
decision_type=2 2 2 2 2 2 2 2 2 2
left_child=4 8 -3 -4 5 -1 -7 -6 9 -2
right_child=1 2 3 -5 7 6 -8 -9 -10 -11
leaf_value=0.017470072019863499 0.0040626853741135595 0.02626023677884106 0.011730154334305359 -0.015732364854589433 0.0019504305300859187 -0.029251197682850075 0.012653154523524343 0.02811934434124325 -0.030100558026276297 -0.025028167587976283
leaf_weight=13.960251852869986 17.308927580714229 7.9713095277547827 15.394899353384973 14.397055044770239 13.459850415587427 13.086382031440737 11.464867308735846 16.927586019039154 15.16539880633354 13.417909696698187
leaf_count=56 70 32 62 58 54 53 46 68 63 55
internal_value=0 -0.00701875 0.00522918 -0.0012242 0.00846684 0.000195131 -0.00963878 0.0178274 -0.0172079 -0.00893566
internal_weight=152.554 83.6555 37.7633 29.792 68.8989 38.5115 24.5512 30.3874 45.8922 30.7268
internal_count=617 340 152 120 277 155 99 122 188 125
is_linear=0
shrinkage=0.03


Tree=15
num_leaves=8
num_cat=0
split_feature=37 36 38 16 5 35 0
split_gain=8.04019 8.06458 8.56532 7.41284 7.35891 5.62787 1.91051
threshold=0.050339862352384641 0.007193875202144288 0.013197521064291841 -10.675754335900907 0.062623101120753769 0.019128282360766694 0.0093095686496620384
decision_type=2 2 2 2 2 2 2
left_child=1 2 3 -1 -2 6 -3
right_child=4 5 -4 -5 -6 -7 -8
leaf_value=0.023544883098023897 -0.028395271479770241 0.026209888215179045 -0.026597731605213684 -0.001456918347169127 0.0010526830557528039 -0.0024146114181767845 0.0053695501346772614
leaf_weight=10.405923485755919 12.769969046115877 20.673157170414928 8.5233498215675336 70.094569727778435 13.612057313323019 10.674741387367247 8.7154451012611371
leaf_count=42 52 83 35 284 55 43 35
internal_value=0.000701049 0.00391614 -0.00101992 0.00208556 -0.0136693 0.014768 0.0212433
internal_weight=155.469 129.087 89.0238 80.5005 26.382 40.0633 29.3886
internal_count=629 522 361 326 107 161 118
is_linear=0
shrinkage=0.03


Tree=16
num_leaves=9
num_cat=0
split_feature=37 15 28 23 36 21 26 21
split_gain=7.61783 11.3456 7.67796 8.78942 6.16307 9.65492 3.8981 3.89788
threshold=0.050339862352384641 17.431550183724685 8.5000000000000018 0.82711998046120161 0.005818111186493973 0.017561088508246843 0.441861257349698 0.018684405818897656
decision_type=2 2 2 2 2 2 2 2
left_child=2 -2 4 -4 5 -1 -6 -5
right_child=1 -3 3 7 6 -7 -8 -9
leaf_value=0.010223165273586297 -0.030292349752252767 0.0063575185768222483 0.020891345778339943 -0.018210699154772327 0.020816097957259083 -0.022073525603414235 0 0
leaf_weight=24.013478711247444 13.974235713481905 12.371530219912527 7.4239930212497702 24.145766615867615 36.078505828976631 10.254073679447172 9.1967838257551175 17.936959207057953
leaf_count=97 57 50 30 98 145 42 37 73
internal_value=0.000676247 -0.0133187 0.00380747 -0.00514838 0.00955503 0 0.0165773 -0.0108218
internal_weight=155.395 26.3458 129.05 49.5067 79.5428 34.2676 45.2753 42.0827
internal_count=629 107 522 201 321 139 182 171
is_linear=0
shrinkage=0.03


Tree=17
num_leaves=10
num_cat=0
split_feature=34 38 11 15 11 10 31 28 25
split_gain=8.7806 12.66 9.42034 7.26569 6.41875 7.42242 5.38377 4.14243 0.181104
threshold=-0.016319447040454346 0.0089519720503527436 0.061565519422376987 2.3789133655753263 0.073151390906630601 0.012367925900145573 1.5000000000000002 10.500000000000002 0.32410236822001531
decision_type=2 2 2 2 2 2 2 2 2
left_child=6 4 3 -3 5 -2 7 8 -1
right_child=1 2 -4 -5 -6 -7 -8 -9 -10
leaf_value=0.031267069514496926 -0.00035088322989186192 -0.0085628890739521887 0.012048087432453022 -0.033372286888973896 -0.015358977384410848 0.022108561804427131 -0.0058207300866738101 0.00053936195977211511 0.011985928975713368
leaf_weight=11.954562887549406 24.095145687460899 35.644582331180573 9.585950702428816 16.540950268507004 7.7054793089628211 24.17552062869072 8.441372796893118 9.4358664304018003 7.7188147455453864
leaf_count=48 97 146 39 68 31 97 34 38 31
internal_value=0.000649516 -0.00330722 -0.0125685 -0.0176449 0.00673519 0.0110312 0.0129758 0.0189325 0.0261984
internal_weight=155.298 117.748 61.7715 52.1855 55.9761 48.2707 37.5506 29.1092 19.6734
internal_count=629 478 253 214 225 194 151 117 79
is_linear=0
shrinkage=0.03


Tree=18
num_leaves=6
num_cat=0
split_feature=14 14 2 36 28
split_gain=7.02993 10.5192 8.24599 6.28514 5.91658
threshold=42.867150283037638 28.242365680457741 0.0045389787516660904 0.0070911961006432144 8.5000000000000018
decision_type=2 2 2 2 2
left_child=1 2 3 -1 -4
right_child=-2 -3 4 -5 -6
leaf_value=0 -0.019710035430549111 0.026994131718012571 -0.0016373956424893636 0.018013711328593848 -0.022830580980382511
leaf_weight=48.69286222755909 11.802261069416998 12.403024718165396 40.833196610212326 25.361123591661453 16.052470207214355
leaf_count=198 48 50 165 102 66
internal_value=0.000633068 0.00265942 0 0.0065087 -0.00844489
internal_weight=155.145 143.343 130.94 74.054 56.8857
internal_count=629 581 531 300 231
is_linear=0
shrinkage=0.03


Tree=19
num_leaves=9
num_cat=0
split_feature=34 2 19 15 37 36 36 37
split_gain=8.19615 8.29387 5.79908 8.25043 13.7364 9.30209 3.94118 3.48423
threshold=-0.016319447040454346 0.013308062415816837 0.16599597790114101 16.683565297073972 0.051097383649112101 0.0045390298556665992 0.0059182546897541969 0.0073815107706217695
decision_type=2 2 2 2 2 2 2 2
left_child=1 7 3 4 -2 -5 -4 -1
right_child=2 -3 6 5 -6 -7 -8 -9
leaf_value=0.029596366573092194 0.00020320870827970189 -0.0070327659622530687 -0.026829477367651657 -0.010945179028522966 -0.033547354948682689 0.022327297998363662 0 0.004335275061357495
leaf_weight=16.165459573268894 56.073469921946526 11.421280696988104 11.894291996955873 8.8948175758123416 11.204217389225958 22.055976778268814 7.4270119220018378 9.9287559539079648
leaf_count=65 228 46 49 36 46 89 30 40
internal_value=0.000609213 0.0125257 -0.00321432 0 -0.00600721 0.0122261 -0.0173988 0.0215114
internal_weight=155.065 37.5155 117.55 98.2285 67.2777 30.9508 19.3213 26.0942
internal_count=629 151 478 399 274 125 79 105
is_linear=0
shrinkage=0.03


Tree=20
num_leaves=8
num_cat=0
split_feature=21 20 7 35 1 20 7
split_gain=8.20805 9.1818 9.12358 4.71428 4.88217 4.12217 3.63195
threshold=0.028616545759868169 0.023702229181713528 0.00059679140677719683 0.028409734978965377 -0.013625143221801582 0.017463244830418626 -0.016809841899732104
decision_type=2 2 2 2 2 2 2
left_child=1 3 6 4 -1 -5 -3
right_child=-2 2 -4 5 -6 -7 -8
leaf_value=-0.0079858930111774695 0.019967349068649973 -0.010701715595047961 -0.031911146437377844 0.011270118479627601 0.013960083373317275 -0.008198193615237756 0.0091506520446049469
leaf_weight=9.3948056250810605 14.382677108049391 19.878349989652634 14.041656106710432 10.43125733733177 38.680328026413918 39.578427940607071 10.864655628800394
leaf_count=38 58 81 58 42 156 161 44
internal_value=-6.3221e-05 -0.00243106 -0.0134301 0.00260916 0.0092242 -0.00357176 -0.00309733
internal_weight=157.252 142.869 44.7847 98.0848 48.0751 50.0097 30.743
internal_count=638 580 183 397 194 203 125
is_linear=0
shrinkage=0.03


Tree=21
num_leaves=7
num_cat=0
split_feature=21 20 36 5 18 26
split_gain=7.78639 8.70706 6.24533 5.9368 4.2513 3.14345
threshold=0.028616545759868169 0.023702229181713528 0.0043259383199025251 0.09252365237078343 0.12012407990800279 0.2140394088669951
decision_type=2 2 2 2 2 2
left_child=1 2 -1 -4 -3 -6
right_child=-2 4 3 -5 5 -7
leaf_value=-0.01432394343241645 0.019450268189231387 0.0035859432798505042 0.0017609405317180675 0.022360875172055632 -0.027062950095655167 -0.0071856924733783335
leaf_weight=14.253885239362715 14.375361293554304 8.8395941555500013 69.71296988427639 14.096332147717474 16.311439394950867 19.546692177653313
leaf_count=58 58 36 282 57 67 80
internal_value=-6.04734e-05 -0.00237031 0.00253231 0.00584098 -0.0130953 -0.0175759
internal_weight=157.136 142.761 98.0632 83.8093 44.6977 35.8581
internal_count=638 580 397 339 183 147
is_linear=0
shrinkage=0.03


Tree=22
num_leaves=8
num_cat=0
split_feature=34 38 11 4 8 37 11
split_gain=10.0638 8.64157 5.11497 10.1728 5.07463 4.64862 2.92665
threshold=-0.032317857037125745 0.0066783104736561705 -0.002121523260414981 -0.016461699371732638 0.036771020475490267 0.049273012331684803 -0.021465325346091576
decision_type=2 2 2 2 2 2 2
left_child=6 4 5 -4 -2 -3 -1
right_child=1 2 3 -5 -6 -7 -8
leaf_value=0.028200914985952046 -0.0005086276439376584 -0.008079141996826758 0.014560705636794357 -0.0086518385706450956 0.028969430235819483 -0.03326571309083317 0.0027201217921396263
leaf_weight=10.919319450855257 8.1498427540063876 40.713498875498772 23.454927742481232 48.723937064409256 8.9219861328601819 7.4660025238990775 8.6872250586748105
leaf_count=44 33 166 95 198 36 31 35
internal_value=-5.37419e-05 -0.003098 -0.00607392 -0.000717369 0.0155329 -0.0134513 0.018902
internal_weight=157.037 137.43 120.358 72.1789 17.0718 48.1795 19.6065
internal_count=638 559 490 293 69 197 79
is_linear=0
shrinkage=0.03


Tree=23
num_leaves=8
num_cat=0
split_feature=34 15 23 36 27 17 11
split_gain=9.57878 5.806 10.8074 6.94791 4.24759 4.13937 2.77341
threshold=-0.032317857037125745 17.767617373552095 0.81720755869743533 0.0043259383199025251 2.5000000000000004 -0.20584767486683206 -0.021465325346091576
decision_type=2 2 2 2 2 2 2
left_child=6 2 -2 -3 -4 -5 -1
right_child=1 3 4 5 -6 -7 -8
leaf_value=0.027531260059192011 0.016446269764742654 -0.014273916748952316 -0.016449929221369099 0.020787175599446095 -0.001966862492453651 0 0.0026538054344579262
leaf_weight=10.898326084017755 12.811366558074949 9.1184825897216779 50.931041046977043 19.499950870871544 32.616127714514732 12.350812047719957 8.6871609985828382
leaf_count=44 52 37 208 79 133 50 35
internal_value=-4.03999e-05 -0.00301368 -0.00706807 0.0060582 -0.0111494 0.0128216 0.01846
internal_weight=156.913 137.328 96.3585 40.9692 83.5472 31.8508 19.5855
internal_count=638 559 393 166 341 129 79
is_linear=0
shrinkage=0.03


Tree=24
num_leaves=9
num_cat=0
split_feature=34 15 23 35 34 37 40 35
split_gain=9.1141 5.46176 10.2431 8.3964 5.43694 4.83773 3.57915 3.23394
threshold=-0.032317857037125745 17.767617373552095 0.81720755869743533 0.031891721255214008 0.020713771794886319 0.051097383649112101 0.04697245847115817 -0.041501841254739706
decision_type=2 2 2 2 2 2 2 2
left_child=7 2 -2 6 -5 -4 -3 -1
right_child=1 3 5 4 -6 -7 -8 -9
leaf_value=0.027471496120436683 0.016006444569826559 0.004302309990561904 -0.0072498488956176024 0.0078947965397251907 -0.019987718400009825 -0.028068753450356667 0.03128667002397361 0.0012700344837933727
leaf_weight=11.123796790838243 12.823263436555861 11.066519752144815 72.127428829669952 9.6167478710412997 11.070935204625128 11.336699202656744 9.1993048638105375 8.437037378549574
leaf_count=45 52 45 294 39 45 47 37 34
internal_value=-2.29522e-05 -0.00292608 -0.00686242 0.00586818 -0.0068119 -0.0108438 0.0189351 0.018032
internal_weight=156.802 137.241 96.2874 40.9535 20.6877 83.4641 20.2658 19.5608
internal_count=638 559 393 166 84 341 82 79
is_linear=0
shrinkage=0.03


Tree=25
num_leaves=13
num_cat=0
split_feature=23 38 0 21 21 14 15 21 38 34 6 0
split_gain=8.52932 13.4494 10.4638 8.3274 14.1645 10.7412 7.44728 7.06962 6.82931 6.24487 4.35501 0.346636
threshold=0.98646561611082439 0.0081246692269951303 -0.006616153657597045 0.015493458187036235 0.021270117976360348 8.1442217225568374 -9.3861496173184733 0.028616545759868169 0.011586685929200704 0.016922879536544814 0.0013526341972080289 0.016743478106969637
decision_type=2 2 2 2 2 2 2 2 2 2 2 2
left_child=3 9 6 5 8 10 -3 -6 -5 -2 -1 -4
right_child=1 2 11 4 7 -7 -8 -9 -10 -11 -12 -13
leaf_value=0.021415571717603513 -0.0055687065289162238 0.021156451104466248 -0.031104158562832655 0.033929017158407106 -0.023910040986907789 -0.023189777737308608 -0.013393677852679794 0.009473588197613729 0.0010524868035456903 0.022477570560804041 -0.0049635551536714043 -0.013402897720831128
leaf_weight=9.9415091574192065 10.880403548479082 7.6011829823255566 20.046425968408588 22.584685161709789 8.4557546377182025 14.181775227189062 11.425396740436552 10.11732769012451 8.8208871930837613 13.407431870698927 8.1319532692432386 9.9476483911275846
leaf_count=40 44 31 83 91 35 58 47 41 36 54 33 41
internal_value=-4.72927e-05 -0.00747542 -0.016416 0.0064168 0.0139542 -0.00495714 0.000395286 -0.00584273 0.0257599 0.00987508 0.00948734 -0.0269071
internal_weight=155.542 73.3085 49.0207 82.2339 49.9787 32.2552 19.0266 18.5731 31.4056 24.2878 18.0735 29.9941
internal_count=634 300 202 334 203 131 78 76 127 98 73 124
is_linear=0
shrinkage=0.03


Tree=26
num_leaves=14
num_cat=0
split_feature=23 38 0 21 21 21 3 5 9 5 25 22 20
split_gain=8.07474 12.7642 9.98376 7.88286 13.4139 6.75099 6.74121 6.38163 5.642 5.23651 3.12275 3.11709 0.366941
threshold=0.98646561611082439 0.0081246692269951303 -0.006616153657597045 0.015493458187036235 0.021270117976360348 0.028616545759868169 -0.021340295529192418 0.038018808052449622 -0.036769651253626003 0.021729199035440464 0.25000208073241786 0.057285758415214334 0.025827589645996411
decision_type=2 2 2 2 2 2 2 2 2 2 2 2 2
left_child=3 9 8 7 6 -6 -5 10 -3 -2 -1 -11 -4
right_child=1 2 12 4 5 -7 -8 -9 -10 11 -12 -13 -14
leaf_value=0.016092745197106573 -0.0086081883779194936 0.015748029011799201 -0.029772196941664556 0 -0.023401015857597698 0.009240684970888936 0.032234319734954921 -0.020092803193351258 -0.013901685245993124 0.0026150297549903307 -0.0053576121243415495 0.030019760145794248 -0.011540643317930002
leaf_weight=9.9328489452600497 7.4176378846168545 9.5685358494520205 21.705566227436069 7.3834608197212246 8.4244742840528506 10.111650362610815 24.029918104410172 12.682296141982077 9.4453675150871259 8.6775956600904482 9.6010457277297956 8.1773425936698896 8.1764844357967359
leaf_count=40 30 39 90 30 35 41 97 52 39 35 39 33 34
internal_value=-4.87191e-05 -0.00728714 -0.0160158 0.00623886 0.0135753 -0.00569841 0.0250574 -0.00482608 0.000384114 0.00960602 0.00533477 0.0184802 -0.026291
internal_weight=155.334 73.1685 48.896 82.1657 49.9495 18.5361 31.4134 32.2162 19.0139 24.2726 19.5339 16.8549 29.8821
internal_count=634 300 202 334 203 76 127 131 78 98 79 68 124
is_linear=0
shrinkage=0.03


Tree=27
num_leaves=14
num_cat=0
split_feature=12 7 38 14 40 16 13 1 22 1 37 32 9
split_gain=5.95814 11.0483 8.39239 9.76962 7.28544 6.27462 5.99831 5.36288 5.41048 5.0436 4.34555 2.14142 0.543448
threshold=50.076827652559182 -0.0050197253847596122 0.0090968583338343085 7.5219570638162176 0.035913360362268561 3.4351566674274143 2.9057950477236401 0.00667412052263583 0.033198152180788816 -0.026513032653394938 0.01260626754095562 0.0016047578087126093 0.081676491691198796
decision_type=2 2 2 2 2 2 2 2 2 2 2 2 2
left_child=1 6 7 4 -4 -5 9 12 -9 -1 11 -3 -2
right_child=2 10 3 5 -6 -7 -8 8 -10 -11 -12 -13 -14
leaf_value=-0.0047356647393240426 0.032127351326410668 -0.017421354455160694 0.026170528923959359 0.0001745937742767672 -0.0089523245828719063 -0.032867606919684718 -0.01559382470913134 -0.0082839653800181445 0.017523973670594228 0.016160402442554359 -0.032996471181856335 0.0014962394568760894 0.010894785283642286
leaf_weight=14.458170726895327 10.619219332933428 7.5538129806518617 9.3537695854902285 7.3597530871629742 7.7138033658266059 10.315046072006224 10.285435706377028 12.856269225478174 11.886391416192053 24.413718655705456 12.102059945464132 8.8076757937669736 7.4121753424406043
leaf_count=59 43 31 38 30 32 44 42 52 48 99 50 36 30
internal_value=-5.06941e-05 -0.00594378 0.00566276 -0.00484342 0.0102359 -0.0197274 0.00248916 0.0143664 0.00393663 0.00816982 -0.0202074 -0.00736702 0.0261073
internal_weight=155.137 77.6209 77.5164 34.7424 17.0676 17.6748 49.1573 42.7741 24.7427 38.8719 28.4635 16.3615 18.0314
internal_count=634 317 317 144 70 74 200 173 100 158 117 67 73
is_linear=0
shrinkage=0.03


Tree=28
num_leaves=12
num_cat=0
split_feature=20 20 21 6 38 9 38 28 37 22 12
split_gain=6.37727 11.7312 9.19908 7.59819 6.25592 6.65133 5.9499 5.77357 6.59663 5.4781 2.4036
threshold=0.022968216963157314 0.033376045278494075 0.014994161472903268 -0.001123033607633696 0.0082223850685015937 -0.011691080024072343 0.01184456712368258 3.5000000000000004 0.026810009253014803 0.051661233035831373 50.076827652559182
decision_type=2 2 2 2 2 2 2 2 2 2 2
left_child=2 3 4 6 9 -6 -2 -4 -9 -1 -5
right_child=1 -3 7 10 5 -7 -8 8 -10 -11 -12
leaf_value=-0.0055409776213880789 0.0077427685579295174 0.022632295829607456 0.034581575842946966 -0.032598475097911202 0.0050838687230686814 -0.025981401050691796 -0.01697928947777794 0.017938922493484295 -0.0076416829478559867 0.020528184099963855 -0.0096572558962952932
leaf_weight=13.837145388126375 20.069125697016716 8.1062725782394391 8.9257020801305753 13.430778667330744 7.9326697289943722 14.422776430845259 12.314957946538923 20.043211296200752 12.929345041513441 10.853238776326178 12.076768964529036
leaf_count=56 82 33 36 56 32 60 51 81 53 44 50
internal_value=-5.30908e-05 -0.00709458 0.00504798 -0.0121243 -0.00377382 -0.01483 -0.00166303 0.015016 0.00761586 0.0060359 -0.0237739
internal_weight=154.942 65.9979 88.9441 57.8916 47.0458 22.3554 32.3841 41.8983 32.9726 24.6904 25.5075
internal_count=634 272 362 239 192 92 133 170 134 100 106
is_linear=0
shrinkage=0.03


Tree=29
num_leaves=10
num_cat=0
split_feature=20 20 7 19 38 19 14 34 12
split_gain=6.0622 11.1906 9.49481 8.91494 5.76964 5.15419 8.89806 4.29276 2.95991
threshold=0.022968216963157314 0.033376045278494075 -0.0029195653660878777 0.058191307622698231 0.011740820580373212 0.088608772576854331 26.953979234885882 -0.0050047652362156794 62.445582765183566
decision_type=2 2 2 2 2 2 2 2 2
left_child=3 2 4 -1 -2 7 -7 -5 -4
right_child=1 -3 8 5 -6 6 -8 -9 -10
leaf_value=-0.017405748103251351 0.0087304312138281829 0.022123498880864265 -0.033453905849095439 0.032785772749488781 -0.014901471356754214 -0.0085198891683732798 0.018075205543255122 0.0082239507513709557 -0.0071777818751063184
leaf_weight=11.508714556694029 19.929166004061699 8.0901580303907377 14.980443939566614 9.9086533784866315 13.983809322118757 27.35975868999958 16.27318386733532 23.799874022603035 8.8883343786001188
leaf_count=47 81 33 63 40 58 112 66 97 37
internal_value=-4.5215e-05 -0.00692065 -0.0118422 0.00492714 -0.000883558 0.0087944 0.00142769 0.0172959 -0.0255604
internal_weight=154.722 65.8719 57.7818 88.8502 33.913 77.3415 43.6329 33.7085 23.8688
internal_count=634 272 239 362 139 315 178 137 100
is_linear=0
shrinkage=0.03


Tree=30
num_leaves=11
num_cat=0
split_feature=36 15 23 13 22 19 19 16 38 37
split_gain=8.47951 7.86697 12.0502 7.1538 7.82185 5.0184 9.97838 4.71937 4.56902 4.09029
threshold=0.0072988205354131246 15.065224568133035 0.81864188540012495 2.3557087951912128 0.16063059182744047 0.16177626222036404 0.13192403958437557 0.76917747633128641 0.01197558262063597 -0.003508037666279384
decision_type=2 2 2 2 2 2 2 2 2 2
left_child=1 2 -1 4 8 6 -3 -5 -2 -4
right_child=3 5 9 7 -6 -7 -8 -9 -10 -11
leaf_value=0.013981907892661112 0.033830007699038003 -0.0020517971525956407 -0.0030244508118238895 -0.020364288753398734 -0.0065778527680606198 -0.014283817872594593 0.03297000650132733 0.0067031517585304495 0.0024072476588767938 -0.023726390008692051
leaf_weight=10.055121079087256 15.05374220013619 19.704136565327648 13.787034869194029 8.641959875822069 7.8726913332939139 8.2313385009765607 8.8596285283565503 10.047663658857344 7.3706217706203452 40.264304965734482
leaf_count=41 61 80 57 35 32 34 36 41 30 167
internal_value=-0.00208061 -0.00709033 -0.0133417 0.00781745 0.0165509 0.00354083 0.00976678 -0.00584634 0.0251587 -0.0190098
internal_weight=149.888 100.902 64.1065 48.9867 30.2971 36.7951 28.5638 18.6896 22.4244 54.0513
internal_count=614 415 265 199 123 150 116 76 91 224
is_linear=0
shrinkage=0.03


Tree=31
num_leaves=12
num_cat=0
split_feature=28 21 36 5 36 26 15 9 14 1 26
split_gain=8.90279 7.92253 6.3732 5.23047 5.27599 4.85464 4.46079 3.87689 3.53778 3.47006 2.14201
threshold=5.5000000000000009 0.018636413247147991 0.0065716592877552351 -0.0053211730481956257 0.0051944971243864232 0.10923295454545455 17.431550183724685 -0.061864769434177763 33.507315244568083 -0.013398604033178106 0.032001000185073618
decision_type=2 2 2 2 2 2 2 2 2 2 2
left_child=1 3 -3 -1 -5 9 7 -7 -8 -2 -11
right_child=5 2 -4 4 -6 6 8 -9 -10 10 -12
leaf_value=-0.0012339971090054578 -0.010645060561890391 -0.023920590168738775 0.0087939000305543823 0.0039979744538461504 0.030852584464425015 -0.0020687983157770908 0.014106260111453542 -0.021805667609849349 -0.011249867537050175 0 0.019679803479553191
leaf_weight=13.083384841680525 8.3009316474199313 9.6451082676649111 7.5928254425525656 13.609675556421282 16.268865510821342 14.779148146510122 7.8636830300092679 34.742174372076988 7.7442885786294937 7.5260785967111614 8.5457762032747251
leaf_count=53 34 40 31 56 66 60 32 144 32 31 35
internal_value=-0.00201307 0.00664369 -0.0093149 0.01351 0.0201091 -0.00801755 -0.0122358 -0.0165155 0.000824497 0.00275889 0.0109238
internal_weight=149.702 60.1999 17.2379 42.9619 29.8785 89.5021 65.1293 49.5213 15.608 24.3728 16.0719
internal_count=614 246 71 175 122 368 268 204 64 100 66
is_linear=0
shrinkage=0.03


Tree=32
num_leaves=11
num_cat=0
split_feature=28 20 36 0 7 8 17 26 23 36
split_gain=8.42787 7.72167 9.77588 7.86362 5.41517 7.79549 5.62403 3.63188 4.43098 2.96093
threshold=5.5000000000000009 0.023702229181713528 0.0065992573228418035 0.0078219778792464351 -0.011425357584533327 -0.016494352771568802 -0.26968687684901121 0.11342195540308748 1.0252040487039007 0.0055537524095248267
decision_type=2 2 2 2 2 2 2 2 2 2
left_child=1 3 -3 9 5 6 -2 -6 -9 -1
right_child=4 2 -4 -5 7 -7 -8 8 -10 -11
leaf_value=0.0067059214073409189 -0.01616569505316498 -0.021096267986652536 0.014322232265354678 -0.0014948958366821094 0 0.025550227236988472 0.01217676136911036 -0.007764427673602723 -0.028590311320025919 0.033947475183610964
leaf_weight=8.2589956223964709 15.96551620960236 14.244667172431948 10.079067796468733 14.044069617986677 14.296408012509344 7.3640455305576316 7.3836012631654748 27.030017271637917 17.357053354382515 13.519369229674338
leaf_count=34 65 59 41 57 59 30 30 111 73 55
internal_value=-0.00195436 0.00646786 -0.00587693 0.0151142 -0.0078025 0.00192859 -0.00635774 -0.0130384 -0.0171131 0.0256805
internal_weight=149.543 60.1462 24.3237 35.8224 89.3966 30.7132 23.3491 58.6835 44.3871 21.7784
internal_count=614 246 100 146 368 125 95 243 184 89
is_linear=0
shrinkage=0.03


Tree=33
num_leaves=11
num_cat=0
split_feature=28 20 36 0 7 3 37 7 22 36
split_gain=7.98834 7.32289 9.29962 7.50216 5.17057 8.19543 5.07145 6.19435 4.10423 2.80537
threshold=5.5000000000000009 0.023702229181713528 0.0065992573228418035 0.0078219778792464351 -0.011425357584533327 -0.021340295529192418 -0.003508037666279384 0.025917906030694614 0.01135505185496566 0.0055537524095248267
decision_type=2 2 2 2 2 2 2 2 2 2
left_child=1 3 -3 9 5 8 -6 -8 -2 -1
right_child=4 2 -4 -5 6 -7 7 -9 -10 -11
leaf_value=0.0065425287512423189 0.0032456905804936695 -0.020588438838648217 0.013966214501743514 -0.0014556521013186039 0.0049189623881079995 0.023729117699725178 -0.022548096952725846 0.00083587036967332803 -0.020392020189263931 0.033155001236707428
leaf_weight=8.2612114548683184 11.999243721365934 14.208029374480249 10.07692965865135 14.043937787413595 9.9483528435230237 8.8784396201372129 36.609092369675636 12.020208939909933 9.8226801902055723 13.475691288709639
leaf_count=34 49 59 41 57 41 36 152 50 40 55
internal_value=-0.001888 0.00631342 -0.00570779 0.0147397 -0.00758764 0.00191082 -0.0127121 -0.0166671 -0.0075834 0.0250762
internal_weight=149.344 60.0658 24.285 35.7808 89.278 30.7004 58.5777 48.6293 21.8219 21.7369
internal_count=614 246 100 146 368 125 243 202 89 89
is_linear=0
shrinkage=0.03


Tree=34
num_leaves=11
num_cat=0
split_feature=28 21 41 5 37 7 3 37 14 23
split_gain=7.55376 6.92923 5.5644 5.05852 5.49769 4.89332 7.79296 4.81702 7.34121 3.36413
threshold=5.5000000000000009 0.018636413247147991 1.0000000180025095e-35 -0.0053211730481956257 0.052374069621060067 -0.011425357584533327 -0.021340295529192418 -0.003508037666279384 19.07737809838466 1.0432141073726908
decision_type=2 2 2 2 2 2 2 2 2 2
left_child=1 3 -3 -1 -5 6 9 -7 -9 -2
right_child=5 2 -4 4 -6 7 -8 8 -10 -11
leaf_value=-0.0018436073902132269 -0.01875137944223438 0.0084320236965318811 -0.022207248320639136 0.027293533382849535 0 0.0047952538091539463 0.023148741056490955 -0.02430086925079649 0 0.0025515709605049798
leaf_weight=13.051170974969862 10.048490315675741 7.3605665415525445 9.7900333255529404 20.241225808858875 9.5334302037954313 9.9504165053367597 8.8781469911336881 31.696326211094856 16.819936588406563 11.760446682572363
leaf_count=53 41 30 41 83 39 41 36 133 69 48
internal_value=-0.00181374 0.00616367 -0.00876712 0.0126021 0.0191236 -0.00736242 0.00186619 -0.0123558 -0.0162209 -0.00738441
internal_weight=149.13 59.9764 17.1506 42.8258 29.7747 89.1538 30.6871 58.4667 48.5163 21.8089
internal_count=614 246 71 175 122 368 125 243 202 89
is_linear=0
shrinkage=0.03


Tree=35
num_leaves=8
num_cat=0
split_feature=19 34 16 19 15 19 13
split_gain=5.9791 3.9703 7.68352 6.67283 7.76615 6.39551 2.78802
threshold=0.056848395968438499 -0.014559244352543519 -8.5230607784385306 0.16599597790114101 13.001675392958434 0.097471865711418887 -0.76726067678715981
decision_type=2 2 2 2 2 2 2
left_child=-1 2 -2 4 -3 -4 -5
right_child=1 3 5 6 -6 -7 -8
leaf_value=-0.019063279911617409 0.032180941558049965 -0.0044509056131462384 0.02084942464978292 -0.02751821105003005 0.013295933290470158 -0.0077512544476404828 -0.0030035004159263026
leaf_weight=11.653231561183928 8.3631609082221967 54.90520541369915 8.3759244233369845 8.6399325430393237 33.875115379691124 19.425346091389656 10.391686946153639
leaf_count=48 34 229 34 36 138 79 43
internal_value=0 0.00169519 0.0100553 -0.00110459 0.0022991 0.00118313 -0.0164044
internal_weight=155.63 143.976 36.1644 107.812 88.7803 27.8013 19.0316
internal_count=641 593 147 446 367 113 79
is_linear=0
shrinkage=0.03


Tree=36
num_leaves=10
num_cat=0
split_feature=7 24 0 2 37 36 2 33 34
split_gain=10.8776 7.01501 5.716 5.57187 4.76579 4.32059 4.874 3.80349 3.53045
threshold=-0.011425357584533327 0.31230594716490828 -0.025545419591538828 0.024490191028398781 -0.00049931323336077627 0.0046211619264085691 0.026620166994742015 0.26189834445536431 0.022563008441926272
decision_type=2 2 2 2 2 2 2 2 2
left_child=2 3 -1 4 -2 -3 -7 8 -4
right_child=1 5 7 -5 -6 6 -8 -9 -10
leaf_value=-0.0084576295479632177 0.00087422339236088394 -0.012589962553230962 0.01410260372930397 0.0048767881023489782 -0.020187919528557502 0.017442643773957416 -0.0048375732041287698 0.028035356259608093 -0.0076750372744939389
leaf_weight=8.5626517385244352 10.48091648519039 8.5840560197830182 19.309689477086071 12.621655628085135 41.858449101448059 20.700240671634674 11.895717009901999 14.216778069734572 7.2752642631530753
leaf_count=35 43 36 79 52 174 85 49 58 30
internal_value=0 -0.00548095 0.0112849 -0.0115469 -0.0158173 0.00383228 0.00906842 0.0159801 0.00749814
internal_weight=155.505 106.141 49.3644 64.961 52.3394 41.18 32.596 40.8017 26.585
internal_count=641 439 202 269 217 170 134 167 109
is_linear=0
shrinkage=0.03


Tree=37
num_leaves=11
num_cat=0
split_feature=7 26 3 17 31 33 13 21 21 18
split_gain=10.2724 6.88849 7.46836 4.38741 4.28938 4.05722 3.18952 3.18269 2.02222 1.79678
threshold=-0.011425357584533327 0.5361504641308984 0.018525763681213728 -3.2657164546651214 1.5000000000000002 0.94964429035493247 1.6906748623089707 0.01664760802211265 0.021094659527158839 0.14316192968666139
decision_type=2 2 2 2 2 2 2 2 2 2
left_child=3 2 4 -1 -2 -4 -3 9 -9 -5
right_child=1 6 5 7 -6 -7 -8 8 -10 -11
leaf_value=-0.0051413388189590088 -0.0034243157975771864 -0.035601914511936623 0.010871400753344272 0.0082826631511669323 -0.023494492094307227 -0.01081574791046622 -0.0044087252610295518 -0.00048200171495518628 0.015262540401759546 0.034773997861189621
leaf_weight=9.7745206952095014 34.220980927348137 7.1643290072679502 36.804212331771851 7.4180827885866156 13.34620927274227 7.3392614424228659 7.1586768180131912 13.151809737086298 10.649207115173338 8.3565215468406659
leaf_count=40 141 30 152 30 56 30 30 54 44 34
internal_value=0 -0.00532597 -0.00190734 0.010971 -0.0100789 0.00662813 -0.0233808 0.0153672 0.00661818 0.0254939
internal_weight=155.384 106.034 91.7107 49.3501 47.5672 44.1435 14.323 39.5756 23.801 15.7746
internal_count=641 439 379 202 197 182 60 162 98 64
is_linear=0
shrinkage=0.03


Tree=38
num_leaves=11
num_cat=0
split_feature=37 37 39 38 14 37 4 4 12 0
split_gain=7.30345 5.32403 6.80283 4.58225 5.9329 10.7958 6.61782 4.12486 3.74647 1.83813
threshold=-0.00049931323336077627 -0.017821967987405481 1.0000000180025095e-35 0.0067383185023084076 29.217875993737383 0.051097383649112101 0.055094783160676515 -0.047707933168326548 60.569317687961764 0.0010545340331776789
decision_type=2 2 2 2 2 2 2 2 2 2
left_child=1 2 -1 8 5 -5 -6 -4 -2 -3
right_child=3 9 7 4 6 -7 -8 -9 -10 -11
leaf_value=0.017719719640456738 -0.0043496734520149976 0.029436715738516795 0.0022278945494478763 -0.0048033652867500373 0.019721600686928277 -0.034067291347740593 -0.010978894331415141 -0.02523213827752414 0.021361298627874923 0.0062423892889250723
leaf_weight=10.262865632772446 7.2763483673334113 10.249472916126253 7.9427697211503983 61.048055306077003 12.294599309563639 12.789190202951429 8.9572600722312909 7.3233558088541031 8.5767727792263013 8.5402355790138227
leaf_count=42 30 42 33 252 50 55 37 30 35 35
internal_value=0 0.00994368 0.000152486 -0.00420102 -0.00679846 -0.0108347 0.00630546 -0.0114731 0.00955488 0.0212307
internal_weight=155.261 44.3187 25.529 110.942 95.0891 73.8372 21.2519 15.2661 15.8531 18.7897
internal_count=641 182 105 459 394 307 87 63 65 77
is_linear=0
shrinkage=0.03


Tree=39
num_leaves=6
num_cat=0
split_feature=19 38 11 23 36
split_gain=5.51721 3.75391 6.43052 7.62779 7.52098
threshold=0.056848395968438499 0.0066783104736561705 0.052303827774773055 0.85120747727158952 0.0046118762527032455
decision_type=2 2 2 2 2
left_child=-1 -2 3 -3 -4
right_child=1 2 4 -5 -6
leaf_value=-0.018356412826029993 0.016244561031602007 0.010866776236334707 -0.0066330908160661005 -0.0078424860323590695 0.023644712150196635
leaf_weight=11.586879998445509 12.270602256059645 23.312711983919144 9.7515073120594042 80.793142080307007 17.358958899974823
leaf_count=48 50 96 40 336 71
internal_value=0 0.00163157 0 -0.00338564 0.0125312
internal_weight=155.074 143.487 131.216 104.106 27.1105
internal_count=641 593 543 432 111
is_linear=0
shrinkage=0.03


Tree=40
num_leaves=9
num_cat=0
split_feature=37 11 10 15 34 3 21 35
split_gain=7.80007 7.82986 7.72853 7.14133 7.10133 5.39899 4.91599 4.30745
threshold=0.052374069621060067 0.032456379250642715 -0.021431727593263613 15.065224568133035 0.020713771794886319 -0.014675155926802739 0.013924021134455919 -0.036433885771237344
decision_type=2 2 2 2 2 2 2 2
left_child=1 2 7 -2 5 -3 -4 -1
right_child=3 4 6 -5 -6 -7 -8 -9
leaf_value=0.0092432177665980938 -0.030650861550821785 0.018307790773153795 -0.0031461750599974495 0 -0.027078040994080305 -0.010183156742485572 0.015908972590754095 -0.014405043497144684
leaf_weight=8.0451440215110797 11.983318135142328 7.6019257009029397 13.297288179397581 12.222007378935812 11.562546238303183 13.822687610983849 53.220322221517563 18.42882727086544
leaf_count=33 52 31 55 50 48 57 219 77
internal_value=-0.00103798 0.00192501 0.00646312 -0.0160015 -0.0100775 0 0.0119002 -0.00654734
internal_weight=150.184 125.979 92.9916 24.2053 32.9872 21.4246 66.5176 26.474
internal_count=622 520 384 102 136 88 274 110
is_linear=0
shrinkage=0.03


Tree=41
num_leaves=9
num_cat=0
split_feature=37 11 10 15 34 16 16 37
split_gain=7.40515 7.40448 7.27611 6.85157 6.77093 6.24067 5.21901 3.64974
threshold=0.052374069621060067 0.032456379250642715 -0.021431727593263613 15.065224568133035 0.020713771794886319 -7.4725075104310319 -1.7030627281538491 -0.018908714565175563
decision_type=2 2 2 2 2 2 2 2
left_child=1 2 7 -2 5 -3 -4 -1
right_child=3 4 6 -5 -6 -7 -8 -9
leaf_value=0.0036006192575413613 -0.030052598583084757 0.020086254185960477 0.025414457953993639 0 -0.026445259581899253 -0.010735134602543786 0.0058005826191601896 -0.016831761216032054
leaf_weight=13.487393736839296 11.896350219845774 7.3275083601474753 16.714791715145111 12.222007378935812 11.532347932457922 14.082100316882135 49.821373045444489 12.940103515982626
leaf_count=56 52 30 68 50 48 58 206 54
internal_value=-0.00102604 0.00185575 0.00627099 -0.0156344 -0.00982072 0 0.0115446 -0.00635666
internal_weight=150.024 125.906 92.9637 24.1184 32.942 21.4096 66.5362 26.4275
internal_count=622 520 384 102 136 88 274 110
is_linear=0
shrinkage=0.03


Tree=42
num_leaves=12
num_cat=0
split_feature=7 13 16 38 5 0 3 0 0 2 32
split_gain=7.86979 9.03029 8.18362 11.4602 8.14467 7.8303 7.36094 6.95999 4.10404 1.79854 0.509949
threshold=-0.0050197253847596122 2.9057950477236401 2.3210130532915736 0.0090139352214687069 0.020606353014670401 0.0090067361917802752 0.018525763681213728 -0.01061336617495656 0.0026798943206269858 -0.035648749032546327 0.0054665892163731087
decision_type=2 2 2 2 2 2 2 2 2 2 2
left_child=1 7 6 5 -5 -4 10 9 -9 -1 -2
right_child=2 -3 3 4 -6 -7 -8 8 -10 -11 -12
leaf_value=0.0087590647080767053 -0.033736419121408276 -0.014368451842271718 0.025676144597494368 0.0032821240109192798 -0.028654781968138494 -0.0034003254640678918 0 0.029227254115088447 0.00066766111593352141 -0.0068600747060784256 -0.013137210080126201
leaf_weight=10.233762383461 12.670627996325495 11.795038372278212 16.360247015953068 11.702618137001993 12.948865517973898 13.040049493312834 13.120414182543753 19.478924840688709 7.2505993396043769 12.451566025614737 8.7984702289104444
leaf_count=42 53 49 67 49 57 53 54 80 30 51 37
internal_value=-0.00100351 0.00702027 -0.00674235 0.000390648 -0.0138222 0.0129069 -0.0177109 0.0127777 0.0225881 0 -0.0277725
internal_weight=149.851 61.2099 88.6413 54.0518 24.6515 29.4003 34.5895 49.4149 26.7295 22.6853 21.4691
internal_count=622 252 370 226 106 120 144 203 110 93 90
is_linear=0
shrinkage=0.03


Tree=43
num_leaves=7
num_cat=0
split_feature=9 38 21 23 32 31
split_gain=5.79625 5.89314 10.328 8.87469 7.04752 5.34678
threshold=0.1150694087098915 0.0089519720503527436 0.025563661568344959 1.1846193024219633 0.0034889420135321152 -2.4999999999999996
decision_type=2 2 2 2 2 2
left_child=1 3 5 4 -1 -3
right_child=-2 2 -4 -5 -6 -7
leaf_value=0.010145259571170339 -0.01993772819363868 0.0090637197349998175 0.021052742545334919 0.02993146626268274 -0.011329578959827467 -0.013141412811333962
leaf_weight=33.252393320202827 11.313264101743696 9.4690301865339261 9.5869888961315137 10.735766932368277 20.286601305007935 54.959245428442955
leaf_count=136 47 39 40 44 83 233
internal_value=-0.000987605 0.000717885 -0.0048758 0.00733834 0.00162313 -0.00947748
internal_weight=149.603 138.29 74.0153 64.2748 53.539 64.4283
internal_count=622 575 312 263 219 272
is_linear=0
shrinkage=0.03


Tree=44
num_leaves=9
num_cat=0
split_feature=37 15 19 28 21 18 6 19
split_gain=6.83764 6.56076 4.33493 11.8737 9.28969 4.97757 7.34867 4.05192
threshold=0.052374069621060067 15.065224568133035 0.089657741620047596 8.5000000000000018 0.013495664991325169 0.90138459940093829 -0.0093825618642001136 0.079466911933687059
decision_type=2 2 2 2 2 2 2 2
left_child=2 -2 3 7 -5 6 -4 -1
right_child=1 -3 5 4 -6 -7 -8 -9
leaf_value=0.010248124468241797 -0.029265350097652597 0 0.006486233695933678 -0.031653925579127329 0.0078966657493892926 0.015800888028254034 -0.012905400688259469 0.036489990958863738
leaf_weight=20.860004305839542 11.743325859308245 12.176923558115957 26.117465808987617 7.3253424763679531 10.157587602734564 9.4134262651205045 43.048345550894737 8.5694794207811338
leaf_count=85 52 50 108 31 42 39 180 35
internal_value=-0.000943166 -0.0150435 0.00182071 0.00890925 -0.00945337 -0.00234115 -0.00539572 0.0202024
internal_weight=149.412 23.9202 125.492 46.9124 17.4829 78.5792 69.1658 29.4295
internal_count=622 102 520 193 73 327 288 120
is_linear=0
shrinkage=0.03


Tree=45
num_leaves=6
num_cat=0
split_feature=35 15 10 37 19
split_gain=5.46777 4.8183 5.84723 8.30097 4.35796
threshold=-0.074993290334517557 34.597664149615746 0.046563417516913182 0.050339862352384641 0.1649765190652546
decision_type=2 2 2 2 2
left_child=-1 2 3 -2 -3
right_child=1 4 -4 -5 -6
leaf_value=0.018243805360528598 -0.0023563970390385503 0.021011701539757129 0.017767349474251057 -0.025056287479291055 -0.0051223906667695138
leaf_weight=11.559133172035216 99.158553823828697 12.526621073484423 7.9918545037508002 15.569697916507719 7.1531378477811804
leaf_count=48 411 51 33 68 30
internal_value=0 -0.00168095 -0.00401757 -0.00594202 0.0112244
internal_weight=153.959 142.4 122.72 114.728 19.6798
internal_count=641 593 512 479 81
is_linear=0
shrinkage=0.03


Tree=46
num_leaves=6
num_cat=0
split_feature=38 32 12 20 20
split_gain=6.58566 7.15177 6.02222 4.31818 6.98513
threshold=0.006871736635043201 -0.016721265999464437 54.170506912442399 0.031752972383860434 0.023395695883071315
decision_type=2 2 2 2 2
left_child=2 -2 -1 4 -3
right_child=1 3 -4 -5 -6
leaf_value=-0.0022730960687520904 0.019311424119262989 -0.0007510251661902663 0.027727329886698029 0.011552927580815008 -0.016471375776476643
leaf_weight=8.7690223306417483 10.180600747466086 73.383691638708115 11.626039773225783 10.899348318576811 38.981498599052429
leaf_count=36 42 304 48 45 166
internal_value=0 -0.00245403 0.0151076 -0.00465105 -0.00652853
internal_weight=153.84 133.445 20.3951 123.265 112.365
internal_count=641 557 84 515 470
is_linear=0
shrinkage=0.03


Tree=47
num_leaves=8
num_cat=0
split_feature=38 10 11 11 36 9 40
split_gain=6.23612 6.19702 4.33724 10.3334 7.76484 4.14537 6.74071
threshold=0.006871736635043201 0.0082610410149027719 -0.019518554281230612 -0.002121523260414981 0.0037357669776731041 -0.081860918158394871 0.055307037573315905
decision_type=2 2 2 2 2 2 2
left_child=1 -1 5 -4 -5 -2 -7
right_child=2 -3 3 4 -6 6 -8
leaf_value=-0.0021501252176261646 -0.010093862936633113 0.028155797135923061 -0.026449726814451471 -0.02656357916366019 0.0025001801826472665 0.016556061332304025 -0.012918107520826195
leaf_weight=9.2663815617561358 10.012749478220938 11.087974086403845 16.265854552388191 7.3999131172895423 64.777194142341614 27.96055106818676 6.9084602147340766
leaf_count=38 42 46 69 31 269 115 31
internal_value=0 0.0147299 -0.00237336 -0.00625662 -0.000913224 0.00489942 0.00992563
internal_weight=153.679 20.3544 133.325 88.443 72.1771 44.8818 34.869
internal_count=641 84 557 369 300 188 146
is_linear=0
shrinkage=0.03


Tree=48
num_leaves=7
num_cat=0
split_feature=38 35 10 4 14 34
split_gain=5.93475 6.68863 5.92636 5.33304 9.68452 5.55911
threshold=0.006871736635043201 -0.074993290334517557 0.0082610410149027719 0.004099925485839818 -5.8429658892138141 0.0099806677244137516
decision_type=2 2 2 2 2 2
left_child=2 -2 -1 4 -3 -5
right_child=1 3 -4 5 -6 -7
leaf_value=-0.0020972017812682349 0.01752062567453818 -0.0091092276844491823 0.027535129613252871 -0.021801487135209834 0.012757474051436835 -0.0018090968632440004
leaf_weight=9.2656929045915621 11.526194170117376 37.728702828288078 11.04352383315563 23.815645024180412 31.52068305015564 28.603905707597733
leaf_count=38 48 159 46 100 130 120
internal_value=0 -0.00233334 0.0143675 -0.00458841 0.000712167 -0.0116352
internal_weight=153.504 133.195 20.3092 121.669 69.2494 52.4196
internal_count=641 557 84 509 289 220
is_linear=0
shrinkage=0.03


Tree=49
num_leaves=6
num_cat=0
split_feature=38 32 10 35 15
split_gain=5.62998 6.79747 5.66962 5.20271 5.47066
threshold=0.006871736635043201 -0.016721265999464437 0.0082610410149027719 -0.074993290334517557 34.597664149615746
decision_type=2 2 2 2 2
left_child=2 -2 -1 -3 -5
right_child=1 3 -4 4 -6
leaf_value=-0.0020455830920718047 0.018965714272578423 0.013870871955198092 0.026934718631190294 -0.009350957498735742 0.0078039641493119014
leaf_weight=9.2650020867586154 10.160635054111479 10.321982726454733 10.996305257081984 94.91732394695282 17.676094859838486
leaf_count=38 42 43 46 399 73
internal_value=0 -0.00226662 0.0140157 -0.0044174 -0.0064377
internal_weight=153.337 133.076 20.2613 122.915 112.593
internal_count=641 557 84 515 472
is_linear=0
shrinkage=0.03


end of trees

feature_importances:
macro_topix_vol_20=31
macro_topix_ret_20=27
volatility=25
macro_usdjpy_vol_20=25
bb_bandwidth=22
atr_pct=18
month=18
macro_usdjpy_ret_20=18
div_ma_10=17
ma_20_60_cross=17
vol_ratio=17
macd=15
macd_signal=15
div_ma_60=14
macd_hist=13
macro_usdjpy_ret_60=13
return_1d=12
return_20d=12
ma_5_20_cross=11
rsi=9
return_2d=8
return_5d=8
return_10d=8
vol_change=8
lower_shadow_pct=8
return_3d=6
macd_hist_change=6
price_position_20d=6
macro_nikkei_ret_20=6
rsi_change=5
bb_pct_b=5
gap=5
div_ma_5=4
upper_shadow_pct=3
streak=3
div_ma_20=2
candle_body_pct=2
macro_nikkei_above_200dma=2
day_of_week=1
macro_topix_above_200dma=1

parameters:
[boosting: gbdt]
[objective: binary]
[metric: binary_logloss]
[tree_learner: serial]
[device_type: cpu]
[data_sample_strategy: bagging]
[data: ]
[valid: ]
[num_iterations: 50]
[learning_rate: 0.03]
[num_leaves: 15]
[num_threads: 0]
[seed: 42]
[deterministic: 0]
[force_col_wise: 0]
[force_row_wise: 0]
[histogram_pool_size: -1]
[max_depth: 4]
[min_data_in_leaf: 30]
[min_sum_hessian_in_leaf: 0.001]
[bagging_fraction: 0.7]
[pos_bagging_fraction: 1]
[neg_bagging_fraction: 1]
[bagging_freq: 5]
[bagging_seed: 400]
[bagging_by_query: 0]
[feature_fraction: 0.6]
[feature_fraction_bynode: 1]
[feature_fraction_seed: 30056]
[extra_trees: 0]
[extra_seed: 12879]
[early_stopping_round: 0]
[early_stopping_min_delta: 0]
[first_metric_only: 0]
[max_delta_step: 0]
[lambda_l1: 0.5]
[lambda_l2: 2]
[linear_lambda: 0]
[min_gain_to_split: 0]
[drop_rate: 0.1]
[max_drop: 50]
[skip_drop: 0.5]
[xgboost_dart_mode: 0]
[uniform_drop: 0]
[drop_seed: 17869]
[top_rate: 0.2]
[other_rate: 0.1]
[min_data_per_group: 100]
[max_cat_threshold: 32]
[cat_l2: 10]
[cat_smooth: 10]
[max_cat_to_onehot: 4]
[top_k: 20]
[monotone_constraints: ]
[monotone_constraints_method: basic]
[monotone_penalty: 0]
[feature_contri: ]
[forcedsplits_filename: ]
[refit_decay_rate: 0.9]
[cegb_tradeoff: 1]
[cegb_penalty_split: 0]
[cegb_penalty_feature_lazy: ]
[cegb_penalty_feature_coupled: ]
[path_smooth: 0]
[interaction_constraints: ]
[verbosity: -1]
[saved_feature_importance_type: 0]
[use_quantized_grad: 0]
[num_grad_quant_bins: 4]
[quant_train_renew_leaf: 0]
[stochastic_rounding: 1]
[linear_tree: 0]
[max_bin: 255]
[max_bin_by_feature: ]
[min_data_in_bin: 5]
[bin_construct_sample_cnt: 200000]
[data_random_seed: 175]
[is_enable_sparse: 1]
[enable_bundle: 1]
[use_missing: 1]
[zero_as_missing: 0]
[feature_pre_filter: 1]
[pre_partition: 0]
[two_round: 0]
[header: 0]
[label_column: ]
[weight_column: ]
[group_column: ]
[ignore_column: ]
[categorical_feature: ]
[forcedbins_filename: ]
[precise_float_parser: 0]
[parser_config_file: ]
[objective_seed: 16083]
[num_class: 1]
[is_unbalance: 0]
[scale_pos_weight: 1]
[sigmoid: 1]
[boost_from_average: 1]
[reg_sqrt: 0]
[alpha: 0.9]
[fair_c: 1]
[poisson_max_delta_step: 0.7]
[tweedie_variance_power: 1.5]
[lambdarank_truncation_level: 30]
[lambdarank_norm: 1]
[label_gain: ]
[lambdarank_position_bias_regularization: 0]
[eval_at: ]
[multi_error_top_k: 1]
[auc_mu_weights: ]
[num_machines: 1]
[local_listen_port: 12400]
[time_out: 120]
[machine_list_filename: ]
[machines: ]
[gpu_platform_id: -1]
[gpu_device_id: -1]
[gpu_use_dp: 0]
[num_gpu: 1]

end of parameters

pandas_categorical:[]
