tree
version=v4
num_class=1
num_tree_per_iteration=1
label_index=0
max_feature_idx=44
objective=binary sigmoid:1
feature_names=return_1d return_2d return_3d return_5d return_10d return_20d div_ma_5 div_ma_10 div_ma_20 div_ma_60 ma_5_20_cross ma_20_60_cross rsi rsi_change macd macd_signal macd_hist macd_hist_change bb_pct_b bb_bandwidth atr_pct volatility vol_change vol_ratio candle_body_pct upper_shadow_pct lower_shadow_pct day_of_week month is_month_end is_month_start streak gap price_position_20d macro_usdjpy_ret_20 macro_usdjpy_ret_60 macro_usdjpy_vol_20 macro_topix_ret_20 macro_topix_vol_20 macro_topix_above_200dma macro_nikkei_ret_20 macro_nikkei_above_200dma macro_nikkei_vi macro_jgb10y macro_bias_score
feature_infos=[-0.13754298218193184:0.15984052192823484] [-0.19515752625437577:0.19209858644436384] [-0.22932960893854748:0.20840884378397972] [-0.20854847963281697:0.27836172526277636] [-0.26758693920891952:0.30554548749546928] [-0.2854182854182854:0.43856469735411374] [-0.1623147923245081:0.086419753086419748] [-0.19266108737636803:0.10846125424070407] [-0.24118868521294293:0.16186022343465836] [-0.24008097723548127:0.22623800391013646] [-0.11096799484781461:0.11572942135289321] [-0.081613394552116802:0.14794122957770051] [8.2894763471025499:98.876404494382029] [-52.131165890597586:28.122935688147123] [-155.50648850589869:139.80210321818367] [-109.34590779977336:133.49934192528997] [-87.077380181760844:64.54371101871088] [-32.767259592872172:22.105733520234999] [-0.2970335665479254:1.458925225362437] [0.033840594729239455:0.33939178884453408] [0.0098447356609083839:0.057342103007969832] [0.0059175313792672055:0.055436762703991796] [-0.93376769705579776:5.3857135726052014] [0.41685903500473037:1.7942270840673364] [-1:1] [0:0.94339622641509435] [0:0.94736842105263153] [0:4] [1:12] none [0:1] [-9:7] [-0.067431850789096082:0.13079222720478323] [0:1] [-0.10288784967882303:0.071219898375910473] [-0.13986255140503889:0.13160084488587853] [0.0013477040299661059:0.011841457708833433] [-0.21871130063915301:0.21255316252998058] [0.0039190401412919932:0.040640975235326532] [0:1] [-0.22859537662338159:0.23022297972565586] [0:1] none none none
tree_sizes=1283 1001 1415 974 1309 1291 1374 1101 890 1290 1203 1079 1104 1096 1100 997 996 968 972 973 1057 1205 1065 1193 1365 1206 680 992 883 990 1288 1302 969 1285 1081 777 966 779 1054 979 1283 1309 1314 1286 1307 1076 889 1391 785 1295

Tree=0
num_leaves=11
num_cat=0
split_feature=28 9 15 4 5 18 7 37 15 2
split_gain=9.44917 17.7363 11.5191 10.2398 7.94983 7.62842 10.1436 5.04686 3.90953 3.42048
threshold=5.5000000000000009 -0.039238883354079053 -48.985341808874431 0.039636107639160485 -0.043017099209367353 0.79107108375769197 -0.0024481356909203758 0.034944412313936531 29.409043318845544 0.020283657229470013
decision_type=2 2 2 2 2 2 2 2 2 2
left_child=1 4 -2 7 -1 6 -4 -3 -5 -7
right_child=2 3 5 8 -6 9 -8 -9 -10 -11
leaf_value=-0.15128889823476854 -0.12909328120698535 -0.11033344889711084 -0.15621497359146411 -0.16305032209984732 -0.1854666931463384 -0.13236324939350211 -0.18128694032226106 -0.13980305553520261 -0.1381210779214084 -0.15709089556857406
leaf_weight=13.671466112136843 8.4514517784118635 14.168610334396364 37.534388780593872 9.6943123340606707 7.9543075561523429 7.7057354450225812 24.857211112976074 13.671466112136839 8.9485960006713849 7.705735445022583
leaf_count=55 34 57 151 39 32 31 100 55 36 31
internal_value=-0.151925 -0.143799 -0.158539 -0.133453 -0.165042 -0.162405 -0.167054 -0.122553 -0.151439 -0.144818
internal_weight=154.363 68.1088 86.2545 46.483 21.6258 77.8031 62.3916 27.8401 18.6429 15.4115
internal_count=621 274 347 187 87 313 251 112 75 62
is_linear=0
shrinkage=1


Tree=1
num_leaves=8
num_cat=0
split_feature=38 35 38 7 17 25 0
split_gain=9.65152 16.1908 15.0328 9.27437 7.94821 5.77964 4.40736
threshold=0.020794344873769615 -0.012286424978227016 0.0086546881735441259 -0.0032966607887599014 1.9364959892437954 0.14779202279202283 -0.0023175002148319575
decision_type=2 2 2 2 2 2 2
left_child=1 5 4 -4 -3 -1 -7
right_child=-2 2 3 -5 -6 6 -8
leaf_value=-0.033402874125223601 0.025963042702048963 0.023335397698401532 0.0061163888070970207 -0.015771242729999777 -0.0050622487733611617 0.0050834243706581591 -0.019349207278956115
leaf_weight=14.413052871823309 9.447132393717764 33.311960905790329 29.58188185095787 35.774111971259117 9.9439241886138898 10.437572851777077 11.425593584775925
leaf_count=58 38 134 119 144 40 42 46
internal_value=-0.000458067 -0.00261297 0.00312785 -0.00575417 0.0165405 -0.0194584 -0.00760792
internal_weight=154.335 144.888 108.612 65.356 43.2559 36.2762 21.8632
internal_count=621 583 437 263 174 146 88
is_linear=0
shrinkage=0.03


Tree=2
num_leaves=12
num_cat=0
split_feature=10 37 14 28 14 14 2 2 3 2 24
split_gain=11.3438 15.6214 16.3193 11.8053 11.5184 9.47718 6.05625 4.21506 3.7856 3.28635 0.116021
threshold=-0.0075809480581429103 0.025963254658036065 18.461766155998706 8.5000000000000018 62.075561950046456 -75.426276824844749 0.0028401014112577898 -0.0032267412602945407 -0.039041555325298564 -0.010623048018738977 0.31530101396884141
decision_type=2 2 2 2 2 2 2 2 2 2 2
left_child=5 3 -3 9 -4 -1 8 -5 -7 -2 -8
right_child=1 2 4 7 -6 6 10 -9 -10 -11 -12
leaf_value=0.01539566855406981 0.0080938519460651247 -0.030060892457074294 0.01850664186610353 0.01152954084178783 -0.011736812703224122 -0.021366128689080478 -0.016366137339099307 -0.014647533543776689 9.2069028544817283e-05 0.036420034519390777 -0.038981004824098241
leaf_weight=7.7181347012519828 7.9526597708463695 14.88698637485504 22.634072363376617 9.6911527216434497 18.63299597799778 8.6944863796234149 8.9329696893692034 8.4401300400495511 19.628780573606491 19.415522187948227 7.6845134794712058
leaf_count=31 32 60 91 39 75 35 36 34 79 78 31
internal_value=-0.000446941 0.00529139 -0.00505398 0.0180503 0.00459306 -0.011587 -0.0169991 -0.000155406 -0.00697512 0.0298115 -0.0306939
internal_weight=154.312 101.654 56.1541 45.4995 41.2671 52.6589 44.9408 18.1313 28.3233 27.3682 16.6175
internal_count=621 409 226 183 166 212 181 73 114 110 67
is_linear=0
shrinkage=0.03


Tree=3
num_leaves=8
num_cat=0
split_feature=10 9 40 24 14 24 2
split_gain=10.7827 12.211 10.9553 8.34578 6.23936 5.34821 3.84169
threshold=-0.0075809480581429103 -0.075578657085614773 0.083664103114044278 -0.76393188854489147 61.251123529230888 -0.46017967763017481 0.0028401014112577898
decision_type=2 2 2 2 2 2 2
left_child=1 -1 3 -2 -5 -3 -7
right_child=2 5 -4 4 -6 6 -8
leaf_value=0.016757764497783854 -0.015629710751631366 0 -0.018074726687001965 0.016426252431751238 -0.0036411628358144002 -0.010656850205225317 -0.03508757468370434
leaf_weight=9.2043119072914106 8.6863719969987851 12.158567920327185 13.404790326952932 64.167341649532318 15.404230386018751 16.147836223244671 15.09652343392372
leaf_count=37 35 49 54 258 62 65 61
internal_value=-0.000447857 -0.0113178 0.00514213 0.00915692 0.0123635 -0.018078 -0.0243131
internal_weight=154.27 52.6072 101.663 88.2579 79.5716 43.4029 31.2444
internal_count=621 212 409 355 320 175 126
is_linear=0
shrinkage=0.03


Tree=4
num_leaves=11
num_cat=0
split_feature=21 38 35 28 21 9 10 38 19 5
split_gain=12.5147 12.1656 12.0383 8.3221 8.17223 5.82886 6.0242 5.61338 8.44948 2.67524
threshold=0.017490668001818633 0.0088789465238924316 0.014920402801057777 6.5000000000000009 0.012238358239641848 0.065860653350552884 -0.019252635143763738 0.0095976292058590398 0.062046034524987477 0.033855691929594041
decision_type=2 2 2 2 2 2 2 2 2 2
left_child=1 2 4 -4 -1 6 -2 -3 -9 -8
right_child=5 7 3 -5 -6 -7 9 8 -10 -11
leaf_value=-0.023170519595789855 -0.0022164685602443254 -0.030287587656382349 0.032456087553265262 0.00037194120244766311 0.011369728321369715 -0.0059244231025270622 0.031812746646607062 0.014892347817795042 -0.015187925753667463 0.0070842889437156119
leaf_weight=15.111921235919 8.1956968605518323 15.123052000999449 13.466249123215677 15.664821177721022 7.4581714272499076 9.6734081059694272 17.160040244460109 8.6930433809757215 34.730984687805176 8.961860775947569
leaf_count=61 33 61 54 63 30 39 69 35 140 36
internal_value=-0.000462215 -0.00594798 0.00436841 0.0168174 -0.0111499 0.0126206 0.0182994 -0.0151492 -0.00844537 0.0249695
internal_weight=154.239 110.248 51.7012 29.1311 22.5701 43.991 34.3176 58.5471 43.424 26.1219
internal_count=621 444 208 117 91 177 138 236 175 105
is_linear=0
shrinkage=0.03


Tree=5
num_leaves=11
num_cat=0
split_feature=21 21 14 14 14 28 33 4 36 22
split_gain=11.1631 10.5377 9.40515 11.4824 5.69063 5.32256 11.0649 5.43965 4.51626 3.15622
threshold=0.013421931969248483 0.0099712691952412551 38.48018311905367 -30.792977936117946 1.0000000180025095e-35 8.5000000000000018 0.31928748169469279 -0.029280680997746385 0.0070732506322346801 0.078898833264688176
decision_type=2 2 2 2 2 2 2 2 2 2
left_child=1 4 3 -3 -1 7 -7 -2 -8 -9
right_child=5 2 -4 -5 -6 6 8 9 -10 -11
leaf_value=0.024834414710677346 -0.0027978003916319157 0 0.0055293831265888251 -0.03543453239825621 -0.004610369174716366 0.017932561683992303 -0.0012811240503965511 0.023784380866585346 -0.029392091983762036 0.0052296774829444625
leaf_weight=8.4515793472528475 13.410920634865759 11.156861901283262 11.195593595504759 23.017129555344582 10.932847514748572 13.165238723158835 12.630114376544954 27.615412697196007 8.6758607476949674 16.660785675048828
leaf_count=34 54 45 45 93 44 53 51 111 35 67
internal_value=0.000522229 -0.00876788 -0.0165766 -0.0241386 0.00864805 0.00725671 -0.00166096 0.0127139 -0.0149116 0.0176543
internal_weight=156.912 64.754 45.3696 34.174 19.3844 92.1583 34.4712 57.6871 21.306 44.2762
internal_count=632 261 183 138 78 371 139 232 86 178
is_linear=0
shrinkage=0.03


Tree=6
num_leaves=12
num_cat=0
split_feature=21 27 21 9 14 11 1 16 16 38 20
split_gain=10.5083 10.577 9.98545 9.39142 10.7374 8.61023 5.26109 4.32137 6.01913 4.14321 3.4449
threshold=0.013421931969248483 2.5000000000000004 0.0099712691952412551 0.055637233034529311 -30.792977936117946 0.024228097630941473 0.012915955245207169 -7.6175366601263912 1.3549525326180787 0.011337080836137091 0.022999926231822333
decision_type=2 2 2 2 2 2 2 2 2 2 2
left_child=2 7 5 4 -4 -1 10 9 -9 -2 -3
right_child=1 6 3 -5 -6 -7 -8 8 -10 -11 -12
leaf_value=0.023867929041817067 0.024517284216452696 0.035438052206615889 0 0.0067916786732473006 -0.034086190846614343 -0.01268770650362008 0 -0.024552140524234482 0.00016372902028674412 -0.0028667829555932625 0.0096939102184319149
leaf_weight=11.457784041762354 7.7148651331663114 14.421457335352899 11.156861901283262 10.447388634085653 23.684266030788422 7.9360409677028647 10.171033248305319 9.9140699207782728 30.072152361273766 7.7073758244514465 12.189076036214827
leaf_count=46 31 58 45 42 96 32 41 40 121 31 49
internal_value=0.000507301 0.00704014 -0.00851072 -0.0161278 -0.0234031 0.00842037 0.0190818 -0.00107844 -0.00648462 0.0112129 0.0256721
internal_weight=156.872 92.19 64.6823 45.2885 34.8411 19.3938 36.7816 55.4085 39.9862 15.4222 26.6105
internal_count=632 371 261 183 141 78 148 223 161 62 107
is_linear=0
shrinkage=0.03


Tree=7
num_leaves=9
num_cat=0
split_feature=19 17 14 34 23 34 5 37
split_gain=10.4277 8.74534 6.85948 8.07731 4.96806 4.72635 2.21698 1.48838
threshold=0.17638571202200229 2.0465049528091428 62.075561950046456 1.0000000180025095e-35 0.9826991075866055 0.012036836997396884 0.0032955296111207848 0.0054649228489825905
decision_type=2 2 2 2 2 2 2 2
left_child=1 2 3 -1 -2 7 -7 -3
right_child=4 5 -4 -5 -6 6 -8 -9
leaf_value=-0.0058463998528969843 0.033400636549071133 -0.0067642989933138185 -0.018575142359531147 0.012085286046272823 0.0018626948161953366 -0.012214217491269524 0.0074702621127423945 -0.029243237891844846
leaf_weight=34.435965478420258 9.7142844647169131 7.4132343530654934 10.41549977660179 55.440570697188377 9.4556596577167493 7.3970610946416882 8.9488398134708387 13.586628094315527
leaf_count=139 39 30 42 223 38 30 36 55
internal_value=0.000508069 -0.00237699 0.00215605 0.00507384 0.0201986 -0.0144225 -0.000980439 -0.0232383
internal_weight=156.808 137.638 100.292 89.8765 19.1699 37.3458 16.3459 20.9999
internal_count=632 555 404 362 77 151 66 85
is_linear=0
shrinkage=0.03


Tree=8
num_leaves=7
num_cat=0
split_feature=38 26 1 38 5 23
split_gain=9.08302 9.04709 11.6862 6.49286 6.14998 11.6618
threshold=0.020917670895002492 0.14494906621392192 0.024097943991712504 0.0085173260989298023 -0.049823665240685371 0.89121691022066662
decision_type=2 2 2 2 2 2
left_child=1 4 3 -3 -1 -6
right_child=-2 2 -4 -5 5 -7
leaf_value=0.0076102933051822213 0.027886859644519302 0.017958576977074769 -0.023864326916802597 0.0010153613471464505 0.0044841783730453855 -0.02760617898211612
leaf_weight=9.9329078048467618 8.2366098761558515 32.310432925820351 9.8827047199010831 55.795424535870552 13.905547857284544 26.71197521686554
leaf_count=40 33 130 40 225 56 108
internal_value=0.000480252 -0.00129013 0.00391322 0.00765599 -0.011427 -0.0165731
internal_weight=156.776 148.539 97.9886 88.1059 50.5504 40.6175
internal_count=632 599 395 355 204 164
is_linear=0
shrinkage=0.03


Tree=9
num_leaves=11
num_cat=0
split_feature=21 27 21 15 15 31 1 1 15 20
split_gain=9.7422 9.98233 9.30665 7.85063 7.01345 5.21953 5.95856 4.74533 4.49891 3.22917
threshold=0.013421931969248483 2.5000000000000004 0.0099712691952412551 42.205498174402628 -29.61190097144021 -1.4999999999999998 0.0036799971259378066 0.012915955245207169 10.136154229448421 0.022999926231822333
decision_type=2 2 2 2 2 2 2 2 2 2
left_child=2 5 8 4 -4 -2 -7 9 -1 -3
right_child=1 7 3 -5 -6 6 -8 -9 -10 -11
leaf_value=0.020198378420969602 -0.018135731810802903 0.034151489207038498 -0.0012173825180435748 0.0035943548559353852 -0.031977002313338491 0.017137411402934372 -0.0044912829080984464 0 -0.0058053144810934626 0.0092296009437525545
leaf_weight=10.468415647745134 10.923957422375677 14.453698471188547 10.895438566803927 12.170834288001059 22.096038550138477 15.929554075002669 28.517293140292168 10.153912425041197 8.9239266216754896 12.196167975664137
leaf_count=42 44 58 44 49 90 64 115 41 36 49
internal_value=0.000474154 0.00676531 -0.00821667 -0.0155905 -0.0228975 -0.00111871 0.00334155 0.0184596 0.00810687 0.0247102
internal_weight=156.729 92.1746 64.5547 45.1623 32.9915 55.3708 44.4468 36.8038 19.3923 26.6499
internal_count=632 371 261 183 134 223 179 148 78 107
is_linear=0
shrinkage=0.03


Tree=10
num_leaves=10
num_cat=0
split_feature=21 35 28 8 20 9 21 20 15
split_gain=11.5727 7.28823 7.4849 11.9277 7.3881 6.99883 3.58533 8.73798 2.49989
threshold=0.017804478662075834 -0.041319273576229658 5.5000000000000009 -0.0205512640448153 0.017259077823075206 0.065860653350552884 0.020434765987744883 0.030601975853458061 -9.9669128844759136
decision_type=2 2 2 2 2 2 2 2 2
left_child=1 8 4 -4 -3 6 -2 -8 -1
right_child=5 2 3 -5 -6 -7 7 -9 -10
leaf_value=-0.0072477598501866393 0.028419933159604099 0.019983331726012021 0.0092729123425452191 -0.018947321265053427 -0.005359782113581674 -0.010351888884257756 -0.010057466155098354 0.027893637440842171 -0.035807210944478994
leaf_weight=7.6544469445943859 13.451119601726534 16.69040484726429 17.095876947045326 42.491732984781265 20.373192355036736 8.6899619549512845 10.442708283662798 7.4906675368547431 8.3517942577600461
leaf_count=31 54 67 69 172 82 35 42 30 34
internal_value=-0.00258473 -0.00757025 -0.00402776 -0.0105691 0.00610751 0.0107677 0.0173346 0.00625018 -0.0253047
internal_weight=152.732 112.657 96.6512 59.5876 37.0636 40.0745 31.3845 17.9334 16.0062
internal_count=616 455 390 241 149 161 126 72 65
is_linear=0
shrinkage=0.03


Tree=11
num_leaves=9
num_cat=0
split_feature=21 38 5 36 35 38 14 3
split_gain=10.9824 12.5915 6.36732 6.17555 12.5334 8.12254 3.53998 1.08484
threshold=0.017924272006958692 0.013049283409918356 0.055355146968542608 0.0061664789180210502 -0.01710574525377306 0.0086546881735441259 -41.196352603481039 0.016358484311223779
decision_type=2 2 2 2 2 2 2 2
left_child=1 3 6 5 -5 -1 -2 -8
right_child=2 -3 -4 4 -6 -7 7 -9
leaf_value=0.0024640084964161813 0 -0.03372925989806911 -0.005998890127698755 -0.012922513072688609 0.018932476813649259 -0.018860441663613409 0.031953018919731117 0.010150412750915478
leaf_weight=26.578017011284828 7.714854538440707 12.363965347409247 11.924038693308828 17.191640749573708 23.852641582489014 33.559097081422806 10.727000370621683 8.713959872722624
leaf_count=107 31 50 48 70 96 136 43 35
internal_value=-0.00251307 -0.00729825 0.0107034 -0.00333193 0.00526087 -0.00941859 0.0184602 0.0247385
internal_weight=152.625 113.545 39.0799 101.181 41.0443 60.1371 27.1558 19.441
internal_count=616 459 157 409 166 243 109 78
is_linear=0
shrinkage=0.03


Tree=12
num_leaves=9
num_cat=0
split_feature=21 38 9 40 12 3 21 20
split_gain=10.4558 12.0098 6.49038 6.46499 8.78291 7.37478 3.28205 8.32607
threshold=0.017804478662075834 0.013049283409918356 0.065860653350552884 0.047651985300135598 68.098732652248529 -0.00069828385031356344 0.020434765987744883 0.030601975853458061
decision_type=2 2 2 2 2 2 2 2
left_child=1 3 6 5 -5 -1 -2 -8
right_child=2 -3 -4 4 -6 -7 7 -9
leaf_value=0.010299763799141713 0.027180871218920967 -0.033837944350787574 -0.010067894499774632 -0.02720106915046747 0.0061873681854860601 -0.0080786540957910897 -0.0099622935616406408 0.027073844971097223
leaf_weight=37.637247562408447 13.466559365391733 11.575441837310789 8.6803606003522855 17.446130201220516 9.1784556508064252 36.601383969187737 10.439234569668772 7.4934896230697623
leaf_count=152 54 47 35 71 37 148 42 30
internal_value=-0.00243842 -0.00718943 0.0102417 -0.00338686 -0.0155388 0.00106779 0.0165721 0.00592503
internal_weight=152.518 112.439 40.0796 100.863 26.6246 74.2386 31.3993 17.9327
internal_count=616 455 161 408 108 300 126 72
is_linear=0
shrinkage=0.03


Tree=13
num_leaves=9
num_cat=0
split_feature=19 40 17 0 38 5 10 27
split_gain=8.82719 6.36443 8.39881 5.04991 4.64389 3.5128 3.34385 2.3168
threshold=0.17638571202200229 0.047651985300135598 2.3282115943432946 -0.010178511273063238 0.0088163604871197409 -0.015827041876213917 0.046997040872335145 1.5000000000000002
decision_type=2 2 2 2 2 2 2 2
left_child=1 2 3 -1 -3 -6 -2 -4
right_child=6 4 7 -5 5 -7 -8 -9
leaf_value=-0.008393100783805443 0.026372587774830678 -0.0011004208129970152 -0.029180467846553676 0.0080065872646957088 -0.004849591436502966 -0.03305117695854886 4.1134350579006017e-06 -0.0057354901924285204
leaf_weight=21.026537209749222 9.7300155460834521 14.579572290182112 7.860416084527972 57.561423003673553 8.3760993182659149 12.992072254419327 8.7077047973871213 11.574275478720663
leaf_count=85 39 59 32 232 34 53 35 47
internal_value=-0.0023745 -0.00519258 -0.00096945 0.00333325 -0.0156549 -0.0239995 0.0158724 -0.0177556
internal_weight=152.408 133.97 98.0227 78.588 35.9477 21.3682 18.4377 19.4347
internal_count=616 542 396 317 146 87 74 79
is_linear=0
shrinkage=0.03


Tree=14
num_leaves=9
num_cat=0
split_feature=21 38 31 13 5 21 10 21
split_gain=9.76799 10.578 6.93561 7.88135 5.97506 5.65663 4.0754 2.62708
threshold=0.018016749854121234 0.011833071001069321 -1.4999999999999998 -1.099228632768092 0.055355146968542608 0.0099712691952412551 -0.0071304273757393779 0.014602721815252934
decision_type=2 2 2 2 2 2 2 2
left_child=1 2 3 -1 6 -4 -2 -3
right_child=4 7 5 -5 -6 -7 -8 -9
leaf_value=-0.0016662824209374117 0.0032485809295433664 -0.0052093306927852145 0.0087687515524318815 0.030372366129331304 -0.005739917246527523 -0.011494159817909418 0.028443545478217612 -0.030469026806814823
leaf_weight=15.530242741107942 12.438702553510666 7.8713997006416347 13.632567897439001 9.172276243567465 11.908612191677092 52.074749127030373 13.715950608253479 15.978406578302382
leaf_count=63 50 32 55 37 48 211 55 65
internal_value=-0.00232932 -0.00678271 -0.00172436 0.0110521 0.0103359 -0.00693375 0.018076 -0.0237606
internal_weight=152.323 114.26 90.4098 24.7025 38.0633 65.7073 26.1547 23.8498
internal_count=616 463 366 100 153 266 105 97
is_linear=0
shrinkage=0.03


Tree=15
num_leaves=8
num_cat=0
split_feature=38 35 28 32 17 3 28
split_gain=12.7601 10.3707 10.5553 8.38226 8.3228 4.31709 1.93913
threshold=0.020794344873769615 -0.0098409722541758487 5.5000000000000009 -0.0060050016566413613 1.5908719753512559 -0.011151450185940435 2.5000000000000004
decision_type=2 2 2 2 2 2 2
left_child=1 5 4 -4 -3 -1 -7
right_child=-2 2 3 -5 -6 6 -8
leaf_value=-0.0026050941275797845 0.027818572271712451 0.021137927699780325 0.012502669856233177 -0.012273489485441881 -0.0061462718507450916 -0.0072269139666817118 -0.031270212955054222
leaf_weight=13.774005770683287 9.7266233116388303 27.122531965374947 13.392988875508307 54.717938289046288 13.144041776657103 7.633515968918803 15.895379334688185
leaf_count=56 39 109 54 222 53 31 65
internal_value=-0.0021616 -0.00461448 3.47627e-05 -0.00697001 0.0120074 -0.0178182 -0.0252347
internal_weight=155.407 145.68 108.378 68.1109 40.2666 37.3029 23.5289
internal_count=629 590 438 276 162 152 96
is_linear=0
shrinkage=0.03


Tree=16
num_leaves=8
num_cat=0
split_feature=38 35 28 7 21 3 28
split_gain=12.1348 9.88759 9.93817 9.64747 9.52311 4.10843 1.82925
threshold=0.020794344873769615 -0.0098409722541758487 5.5000000000000009 -0.01279638536471432 0.010024157784589783 -0.011151450185940435 2.5000000000000004
decision_type=2 2 2 2 2 2 2
left_child=1 5 4 -4 -3 -1 -7
right_child=-2 2 3 -5 -6 6 -8
leaf_value=-0.0025375037912202954 0.027134849833999511 0.033121059935774244 0.01059559676732694 -0.013626738416527871 0.0015262945042353751 -0.0070596059888963607 -0.030557638372842113
leaf_weight=13.770003288984297 9.7229962944984418 10.981753766536711 18.364477246999741 49.687957540154457 29.291738122701645 7.6274831444025066 15.825751274824141
leaf_count=56 39 44 74 202 118 31 65
internal_value=-0.002101 -0.00449701 3.77551e-05 -0.00676014 0.0116558 -0.0174054 -0.0246601
internal_weight=155.272 145.549 108.326 68.0524 40.2735 37.2232 23.4532
internal_count=629 590 438 276 162 152 96
is_linear=0
shrinkage=0.03


Tree=17
num_leaves=8
num_cat=0
split_feature=38 25 17 36 15 40 13
split_gain=11.5336 7.98395 9.982 6.80668 5.3684 3.81221 2.86355
threshold=0.020794344873769615 0.11690380379819044 1.4046623327894745 0.0035837892587875651 17.312855971287579 -0.003069857027893363 3.929896006662926
decision_type=2 2 2 2 2 2 2
left_child=1 5 3 -3 -4 -1 -7
right_child=-2 2 4 -5 -6 6 -8
leaf_value=0 0.02647601962384093 -0.01597707578342027 -0.021037381941872692 0.010228719482827194 0.0054575888810736457 -0.024081439998890439 -0.00085059398779753969
leaf_weight=13.062145993113516 9.7158641517162305 8.1501143723726255 21.477454155683521 61.897983059287071 7.6235823482275 25.572924613952637 7.6146499812602988
leaf_count=53 39 33 88 250 31 104 31
internal_value=-0.00203034 -0.00437036 0.000346447 0.0066126 -0.0137096 -0.0143883 -0.0195289
internal_weight=155.115 145.399 99.1491 70.0481 29.101 46.2497 33.1876
internal_count=629 590 402 283 119 188 135
is_linear=0
shrinkage=0.03


Tree=18
num_leaves=8
num_cat=0
split_feature=20 17 26 28 5 14 2
split_gain=7.55173 8.10361 8.94016 6.61354 5.98048 4.34028 3.22948
threshold=0.030601975853458061 1.4046623327894745 0.1360826744347344 5.5000000000000009 -0.02010093954007702 33.426638836540867 0.0028401014112577898
decision_type=2 2 2 2 2 2 2
left_child=1 2 4 -4 -1 6 -3
right_child=-2 5 3 -5 -6 -7 -8
leaf_value=0.002291163940111229 0.021356593408647095 0 0.018169496648978042 -0.00016909551681297308 -0.022247394658683427 0.0013194428497084771 -0.023754659428066888
leaf_weight=13.608996480703356 9.4258898198604566 7.3764275163412085 26.30794532597065 42.930169612169266 18.225534722208977 10.37361930310726 26.756558984518051
leaf_count=55 38 30 106 174 74 42 110
internal_value=-0.00198003 -0.00386161 0.000752294 0.00690282 -0.0117987 -0.0142439 -0.0192002
internal_weight=155.005 145.579 101.073 69.2381 31.8345 44.5066 34.133
internal_count=629 591 409 280 129 182 140
is_linear=0
shrinkage=0.03


Tree=19
num_leaves=8
num_cat=0
split_feature=11 19 19 17 15 20 11
split_gain=9.31586 9.25445 9.86208 9.90626 9.21823 4.82237 2.91223
threshold=0.053231006722667347 0.14749775984862265 0.071836492751591888 1.1545794091981743 29.409043318845544 0.02764464084670629 0.065130238426876166
decision_type=2 2 2 2 2 2 2
left_child=1 2 3 -1 -4 -3 -2
right_child=6 5 4 -5 -6 -7 -8
leaf_value=0.020612064980021789 -0.033710381718074688 0 -0.015381422503554516 -0.0085449624620064068 0.0084658256609246429 0.027441857372192194 -0.0076304404818490542
leaf_weight=23.752313897013664 7.3313203454017666 10.13051024079323 54.27569305896759 15.332193449139593 17.355759233236313 13.889852941036223 12.816183894872664
leaf_count=96 30 41 221 63 70 56 52
internal_value=-0.00191988 0.000924541 -0.00269733 0.00894998 -0.00932669 0.0171193 -0.0199849
internal_weight=154.884 134.736 110.716 39.0845 71.6315 24.0204 20.1475
internal_count=629 547 450 159 291 97 82
is_linear=0
shrinkage=0.03


Tree=20
num_leaves=9
num_cat=0
split_feature=19 35 2 19 12 33 32 14
split_gain=11.5018 8.6805 9.42634 8.85745 4.32292 3.39179 4.47465 2.61253
threshold=0.17638571202200229 -0.0098409722541758487 0.018830795652828639 0.071836492751591888 69.601466814872808 0.10481570619958107 0.0072124512970968011 32.873473585392055
decision_type=2 2 2 2 2 2 2 2
left_child=1 5 3 -3 -2 -1 -7 -4
right_child=4 2 7 -5 -6 6 -8 -9
leaf_value=0.00046238004817209194 0.031786592750811166 0.018371033150088267 -0.022039680490400761 -0.0014384001996363696 0.0011293259536122968 -0.026993307322953845 0 0
leaf_weight=7.3832716345787039 10.680405750870706 30.215228617191315 14.382306143641474 51.01709221303463 7.948227033019065 20.198357805609707 7.2829852551221839 7.6649712026119223
leaf_count=30 43 122 59 207 32 83 30 31
internal_value=-8.82442e-06 -0.00318032 0.00112454 0.0060141 0.020811 -0.0157087 -0.0202987 -0.0152689
internal_weight=156.773 138.144 103.28 81.2323 18.6286 34.8646 27.4813 22.0473
internal_count=637 562 419 329 75 143 113 90
is_linear=0
shrinkage=0.03


Tree=21
num_leaves=10
num_cat=0
split_feature=19 38 5 38 15 12 21 12 37
split_gain=10.9521 7.75456 10.338 8.83645 9.76742 7.93224 5.04642 4.09685 1.89454
threshold=0.17638571202200229 0.0081249849401724573 0.020209640155325118 0.0072728863065724203 -16.080722172069173 42.41233990564745 0.011609517061763048 69.601466814872808 0.011431563274460934
decision_type=2 2 2 2 2 2 2 2 2
left_child=1 3 5 6 -5 -3 -1 -2 -4
right_child=7 2 8 4 -6 -7 -8 -9 -10
leaf_value=-0.014182462975694667 0.031011914381463848 -0.011578254668715421 -0.0054471357420233339 -0.0047784484260216019 0.033115942931018327 0.0092901521928321143 0.010994375700417143 0.0011022027067008717 -0.027646528392615843
leaf_weight=17.603793159127239 10.668909564614298 30.86578494310379 7.647299379110339 8.1256171762943286 14.169989466667174 30.424767881631851 8.9016058743000013 7.9487127214670172 20.300203025341034
leaf_count=72 43 126 31 33 57 124 36 32 83
internal_value=-3.73208e-06 -0.00310231 -0.0083668 0.00617952 0.0194315 -0.00101591 -0.00502269 0.0203153 -0.0228424
internal_weight=156.657 138.039 89.2381 48.801 22.2956 61.2906 26.5054 18.6176 27.9475
internal_count=637 562 364 198 90 250 108 75 114
is_linear=0
shrinkage=0.03


Tree=22
num_leaves=9
num_cat=0
split_feature=19 34 3 34 19 1 16 12
split_gain=10.4251 8.53952 9.14654 7.57529 6.96473 7.99948 4.51048 3.885
threshold=0.17638571202200229 0.011892047158507559 0.03702685335658485 0.02515875105011223 0.072266343873101366 -0.0005728178703270358 -15.196450130987028 69.601466814872808
decision_type=2 2 2 2 2 2 2 2
left_child=1 4 3 -3 5 -1 -6 -2
right_child=7 2 -4 -5 6 -7 -8 -9
leaf_value=0.017743181788521595 0.030267924724597883 0.021859544163898157 -0.020567184513109845 -0.00031193472158821267 0 -0.01195825994153113 -0.020598301788735202 0.001075732781223137
leaf_weight=13.555993199348451 10.652616366744043 24.223832592368126 8.0931157916784269 26.570477798581123 11.521812364459036 14.897229105234144 39.060757398605347 7.9491820484399787
leaf_count=55 43 98 33 108 47 61 160 32
internal_value=0 -0.00301974 0.00536633 0.0104051 -0.00943131 0.0019358 -0.0159411 0.0198367
internal_weight=156.525 137.923 58.8874 50.7943 79.0358 28.4532 50.5826 18.6018
internal_count=637 562 239 206 323 116 207 75
is_linear=0
shrinkage=0.03


Tree=23
num_leaves=10
num_cat=0
split_feature=21 34 21 5 14 34 34 5 11
split_gain=8.11529 6.29418 6.36883 5.65747 5.71206 5.54339 5.6294 5.26915 2.36983
threshold=0.017804478662075834 0.011892047158507559 0.010144578578546662 0.056390935517605552 -32.05210974919941 0.023653643876296874 0.042076115737835103 -0.055292112054811653 0.024228097630941473
decision_type=2 2 2 2 2 2 2 2 2
left_child=1 2 -1 4 -2 8 -7 -4 -3
right_child=3 5 7 -5 -6 6 -8 -9 -10
leaf_value=0.010413407405795966 0.0017957776622748258 0.022382800882775201 0.0028622600309956949 -0.0037629055165356762 0.030837905457713366 -0.012805220873994072 0.014383252472442947 -0.018038792843702543 0.00051250210776867557
leaf_weight=9.5862818807363492 12.090103402733803 12.551132604479792 11.797834247350691 12.583066135644911 14.145003154873848 20.38490761816502 7.6136555075645438 46.975680530071259 8.6720601767301542
leaf_count=39 49 51 48 51 57 83 31 193 35
internal_value=0 -0.00401835 -0.00985387 0.011473 0.0190607 0.00386157 -0.00444581 -0.0136403 0.014906
internal_weight=156.4 117.582 68.3598 38.8182 26.2351 49.2218 27.9986 58.7735 21.2232
internal_count=637 480 280 157 106 200 114 241 86
is_linear=0
shrinkage=0.03


Tree=24
num_leaves=12
num_cat=0
split_feature=28 9 11 34 23 20 10 40 7 28 7
split_gain=7.36433 10.3984 7.53709 9.772 6.16788 4.46884 4.20774 9.35125 5.24497 3.78398 3.57824
threshold=5.5000000000000009 -0.025292734845390786 0.0014294073332706827 -0.028260162200940738 1.0776804001210805 0.020588856160515794 0.0068007582187065161 0.01817119538271517 -0.01463277136906657 10.500000000000002 0.0053828950477242806
decision_type=2 2 2 2 2 2 2 2 2 2 2
left_child=2 9 3 -1 -5 -4 8 -8 -3 -2 -7
right_child=1 6 5 4 -6 10 7 -9 -10 -11 -12
leaf_value=0.022755059007370817 0.022912528577004973 0 0.030042135033503035 0.0011252497973217996 -0.024792167286005532 0.017887347931434257 0.019291975555280533 -0.01409747360354144 -0.024960782448747512 0 -0.0078608127183977857
leaf_weight=9.1144319623708707 9.8810824304819125 9.8599839359521848 13.637220501899721 17.273953422904018 12.010827973484991 7.4432626962661725 9.3370627760887164 20.080020010471344 26.467562139034271 13.780153661966322 7.3894728124141693
leaf_count=37 40 40 55 70 49 30 38 82 110 56 30
internal_value=0 -0.00562652 0.00736353 -0.00105847 -0.00993041 0.018539 -0.0117923 -0.00246866 -0.0184282 0.0105049 0.00475894
internal_weight=156.275 89.4059 66.8692 38.3992 29.2848 28.47 65.7446 29.4171 36.3275 23.6612 14.8327
internal_count=637 366 271 156 119 115 270 120 150 96 60
is_linear=0
shrinkage=0.03


Tree=25
num_leaves=10
num_cat=0
split_feature=12 37 40 38 5 25 5 14 24
split_gain=9.27988 8.00424 7.64074 5.25522 4.22232 4.16349 5.86022 4.14559 3.61555
threshold=65.151165625253739 0.025963254658036065 -0.008855319350205058 0.0076329854067331256 -0.049424367883198976 0.11690380379819044 0.03181952867887939 73.812402066057771 -0.07960536048383586
decision_type=2 2 2 2 2 2 2 2 2
left_child=1 2 4 -4 -1 -3 -7 8 -2
right_child=7 5 3 -5 -6 6 -8 -9 -10
leaf_value=0.0014242220831579165 0.0018287860338985463 -0.028205083016856421 -0.0040293212392282229 0.018421394797677942 -0.016773031178336912 0.0014068904950016357 -0.024065197816802886 -0.0006751884641111169 0.028584600111922962
leaf_weight=19.202154964208603 8.8663846999406815 14.041422948241232 12.484446778893469 23.151736423373222 21.467063650488853 20.737153068184856 10.236987352371214 13.0388266146183 12.629218369722366
leaf_count=78 36 58 51 94 88 85 42 53 51
internal_value=-0.00146024 -0.00546052 0.000339062 0.0103615 -0.00816554 -0.0152066 -0.00750579 0.0117119 0.019282
internal_weight=155.855 121.321 76.3054 35.6362 40.6692 45.0156 30.9741 34.5344 21.4956
internal_count=636 496 311 145 166 185 127 140 87
is_linear=0
shrinkage=0.03


Tree=26
num_leaves=5
num_cat=0
split_feature=5 9 9 28
split_gain=7.66838 8.12751 9.16838 9.19851
threshold=0.15108047120018356 -0.067996372479860803 -0.05423865065116814 5.5000000000000009
decision_type=2 2 2 2
left_child=1 -1 -3 -4
right_child=-2 2 3 -5
leaf_value=0.016324983760652945 0.022423033447008831 -0.028031840431439605 0.0073119409074522143 -0.0094341514309446255
leaf_weight=14.630098432302473 9.1534959375858289 13.002540394663809 46.045566454529762 72.926153942942619
leaf_count=59 37 53 187 300
internal_value=-0.00142323 -0.0032948 -0.00579296 -0.00281519
internal_weight=155.758 146.604 131.974 118.972
internal_count=636 599 540 487
is_linear=0
shrinkage=0.03


Tree=27
num_leaves=8
num_cat=0
split_feature=19 11 14 34 7 13 19
split_gain=10.3844 10.3871 8.6962 7.59738 7.04436 2.41829 1.80961
threshold=0.17638571202200229 0.053231006722667347 13.22424887097509 -0.006068572271641314 -0.0040283889398778786 -1.0094650617124257 0.07670766839408806
decision_type=2 2 2 2 2 2 2
left_child=1 2 4 -4 -1 -2 -3
right_child=5 6 3 -5 -6 -7 -8
leaf_value=0.0017084137048584841 0.0011188159527434499 -0.0092241036336383943 -0.012996805040468415 0.017299492093217943 -0.015208623539963632 0.024850122576000701 -0.036211474428785542
leaf_weight=41.802300482988358 7.4117535352706936 7.7586269974708539 7.5758639872074118 29.511747509241104 41.259726136922836 12.60148701071739 7.7308603227138519
leaf_count=170 30 32 31 119 171 51 32
internal_value=-0.00137271 -0.00450301 -0.00120677 0.0103788 -0.00667852 0.017643 -0.0261519
internal_weight=155.652 135.639 120.15 37.0876 83.062 20.0132 15.4895
internal_count=636 555 491 150 341 81 64
is_linear=0
shrinkage=0.03


Tree=28
num_leaves=7
num_cat=0
split_feature=12 9 9 28 14 24
split_gain=8.25512 9.40533 6.69323 6.14948 3.98784 3.36574
threshold=65.151165625253739 -0.067996372479860803 -0.05423865065116814 5.5000000000000009 73.812402066057771 -0.07960536048383586
decision_type=2 2 2 2 2 2
left_child=1 -1 -3 -4 5 -2
right_child=4 2 3 -5 -6 -7
leaf_value=0.015719246257017906 0.0016388602553804993 -0.02732946445433598 0.0045514135815278977 -0.010887623491900703 -0.0010306636054257924 0.027480661762160921
leaf_weight=14.621516674757002 8.8633687049150467 12.951556101441382 34.400814235210419 58.989229574799538 13.032616928219793 12.633614867925644
leaf_count=59 36 53 140 244 53 51
internal_value=-0.00134128 -0.00512912 -0.0083714 -0.00506712 0.0110719 0.0185107
internal_weight=155.493 120.963 106.342 93.39 34.5296 21.497
internal_count=636 496 437 384 140 87
is_linear=0
shrinkage=0.03


Tree=29
num_leaves=8
num_cat=0
split_feature=19 11 15 2 34 13 19
split_gain=9.71482 9.84561 10.466 7.92438 4.582 2.2555 1.79525
threshold=0.17638571202200229 0.053231006722667347 18.465853405788526 0.0071106319647644698 -0.00039914322828238363 -1.0094650617124257 0.07670766839408806
decision_type=2 2 2 2 2 2 2
left_child=1 2 3 -1 -4 -2 -3
right_child=5 6 4 -5 -6 -7 -8
leaf_value=0.00012855523375986049 0.001068768466558535 -0.0087674185047587859 -0.0050159471980563003 -0.017998481648510874 0.018724248032583619 0.024077675357446638 -0.035441818503177069
leaf_weight=54.838539093732834 7.4082118570804623 7.7338578402996045 7.823520138859748 32.236472398042679 25.064891025424004 12.579779982566832 7.6719450652599335
leaf_count=224 30 32 32 134 101 51 32
internal_value=-0.0012928 -0.004328 -0.00111839 -0.00666739 0.0126832 0.0171049 -0.0254589
internal_weight=155.357 135.369 119.963 87.075 32.8884 19.988 15.4058
internal_count=636 555 491 358 133 81 64
is_linear=0
shrinkage=0.03


Tree=30
num_leaves=11
num_cat=0
split_feature=37 19 22 19 1 22 22 22 38 19
split_gain=9.37982 7.74725 6.34603 9.57738 6.80315 4.96645 4.40042 8.10481 5.18001 1.25431
threshold=0.047276943093631625 0.1528131488922925 -0.16666515936296231 0.14558193080748025 0.0016094969515788595 0.16082627868374169 0.23094422842540233 0.69046836018146507 0.0083453830989290278 0.087925603378926784
decision_type=2 2 2 2 2 2 2 2 2 2
left_child=2 5 3 4 -1 9 8 -8 -4 -2
right_child=1 -3 6 -5 -6 -7 7 -9 -10 -11
leaf_value=0.0011191148036233034 -0.012602503261501684 0.0075353670375042743 0.029553908251641996 0.021209100794272472 -0.027036994248921226 0 -0.008327419965377298 0.021941986283302465 0.0079898328298044149 -0.039921941648932084
leaf_weight=13.758775740861894 7.642643094062807 11.154542565345762 16.500726073980331 7.8550593107938758 12.868281736969946 7.8031290322542182 21.729930862784389 9.8748784661293012 33.222689315676689 7.2475245893001556
leaf_count=56 32 45 67 32 53 32 89 40 136 30
internal_value=0.00218648 -0.0111361 0.00633052 -0.00398389 -0.0129024 -0.0207882 0.0108744 0.00142686 0.0163019 -0.0299405
internal_weight=149.658 33.8478 115.81 34.4821 26.6271 22.6933 81.3282 31.6048 49.7234 14.8902
internal_count=612 139 473 141 109 94 332 129 203 62
is_linear=0
shrinkage=0.03


Tree=31
num_leaves=11
num_cat=0
split_feature=40 17 13 0 17 25 28 0 0 17
split_gain=7.63974 8.13838 6.35518 4.80035 4.62169 3.77154 3.68838 2.85097 2.68045 2.09679
threshold=0.043440567939025516 -2.2847899917417962 5.7568357246947146 -0.009475838342296759 1.7434520907713378 0.29008528828453722 8.5000000000000018 0.010299806970203719 0.0061291082029182329 -4.0105849105460605
decision_type=2 2 2 2 2 2 2 2 2 2
left_child=2 9 3 5 -5 -1 8 -4 -3 -2
right_child=1 6 7 4 -6 -7 -8 -9 -10 -11
leaf_value=-0.010182793220699492 -0.00018322954922048995 -0.015899912494290427 -0.021087531430254044 0.019955611644912899 0.001690132543880929 0.012727128367642259 -0.028471274911273103 0.0017845821651547278 0.0026774224883039537 0.018977494985667014
leaf_weight=14.709347158670427 7.8299257159233093 11.175274938344957 7.3281913697719556 41.671715244650841 20.646620616316795 8.3886872231960279 11.240803346037863 7.504049077630043 11.51080599427223 7.5845710784196836
leaf_count=60 32 46 30 169 85 34 47 31 47 31
internal_value=0.00212343 -0.00721064 0.00691544 0.010145 0.014378 -0.000913604 -0.0153171 -0.00978763 -0.00641299 0.00948003
internal_weight=149.59 49.3414 100.249 85.4164 62.3183 23.098 33.9269 14.8322 22.6861 15.4145
internal_count=612 203 409 348 254 94 140 61 93 63
is_linear=0
shrinkage=0.03


Tree=32
num_leaves=8
num_cat=0
split_feature=20 2 35 25 27 25 23
split_gain=7.04887 9.47076 9.55014 9.09943 8.46983 6.37172 6.20896
threshold=0.027899794706455618 0.02247233251915837 0.014920402801057777 0.18624359479700436 1.5000000000000002 0.14779202279202283 1.0154684748094847
decision_type=2 2 2 2 2 2 2
left_child=1 2 5 -3 -4 -1 -2
right_child=6 3 4 -5 -6 -7 -8
leaf_value=-0.020694631090356682 0.032262216100128568 4.2813859421791936e-05 -0.0022513895697318892 -0.035332543151120471 0.019022857335414218 0.0017203305591891587 0
leaf_weight=17.027893826365471 10.045529559254648 11.945122808218004 26.18182373046875 10.532796055078505 38.569113686680794 25.163938641548157 10.074061408638952
leaf_count=70 41 49 107 44 157 103 41
internal_value=0.00205293 -0.00050198 0.00317826 -0.0174532 0.0103863 -0.0075137 0.0177251
internal_weight=149.54 129.421 106.943 22.4779 64.7509 42.1918 20.1196
internal_count=612 530 437 93 264 173 82
is_linear=0
shrinkage=0.03


Tree=33
num_leaves=11
num_cat=0
split_feature=37 19 22 19 6 22 22 22 38 19
split_gain=8.67407 7.30675 5.90547 8.99779 7.60017 4.68568 4.10879 7.68618 4.8975 1.20542
threshold=0.047276943093631625 0.1528131488922925 -0.16666515936296231 0.14558193080748025 -0.0071374528326383453 0.16082627868374169 0.23094422842540233 0.69046836018146507 0.0083453830989290278 0.087925603378926784
decision_type=2 2 2 2 2 2 2 2 2 2
left_child=2 5 3 4 -1 9 8 -8 -4 -2
right_child=1 -3 6 -5 -6 -7 7 -9 -10 -11
leaf_value=0.0064247248778183524 -0.01216376242023344 0.0072687386763515618 0.028474397007823411 0.020452901888027879 -0.024143961579429302 0 -0.0082625913637041273 0.021227134014341391 0.0075286542367632645 -0.038964402483950208
leaf_weight=9.8413151651620883 7.6116921901702899 11.152272015810011 16.512707680463791 7.8364948332309714 16.71376845240593 7.8037858456373206 21.699137434363369 9.8738399744033796 33.212754920125008 7.1935072690248489
leaf_count=40 32 45 67 32 69 32 89 40 136 30
internal_value=0.00199079 -0.0108331 0.00598107 -0.00397241 -0.0126334 -0.0202367 0.010366 0.00122811 0.0156063 -0.0291656
internal_weight=149.451 33.7613 115.69 34.3916 26.5551 22.609 81.2984 31.573 49.7255 14.8052
internal_count=612 139 473 141 109 94 332 129 203 62
is_linear=0
shrinkage=0.03


Tree=34
num_leaves=9
num_cat=0
split_feature=37 13 0 17 35 0 5 1
split_gain=8.28667 5.69872 6.46579 5.76027 11.0577 6.79249 5.10181 2.34832
threshold=0.047276943093631625 5.7568357246947146 0.012423129889710728 1.7434520907713378 -0.01710574525377306 0.0096588127436466626 0.046420103828817789 0.01312588820093308
decision_type=2 2 2 2 2 2 2 2
left_child=1 3 -3 4 -1 -5 -2 -8
right_child=6 2 -4 5 -6 -7 7 -9
leaf_value=-0.00656712487072777 -0.023160796611807428 -0.024627100271134898 0.0084410982485215221 -0.017152404726577725 0.019187327278250142 0.012226895589038963 0.0080470888165002641 -0.010995044986922145
leaf_weight=18.014595970511436 14.047554031014441 8.9968611598014849 7.9470416605472556 13.228287994861605 56.54529769718647 10.916769653558729 11.289830669760706 8.363834008574484
leaf_count=74 59 37 33 55 229 45 46 34
internal_value=0.00193645 0.00583739 -0.00907188 0.00867504 0.0127598 -0.00337615 -0.0106069 0
internal_weight=149.35 115.649 16.9439 98.705 74.5599 24.1451 33.7012 19.6537
internal_count=612 473 70 403 303 100 139 80
is_linear=0
shrinkage=0.03


Tree=35
num_leaves=6
num_cat=0
split_feature=18 38 35 11 5
split_gain=8.37 6.71282 11.6582 6.09174 5.2746
threshold=0.96962834004276599 0.020172249446349582 -0.010404232273945989 0.050673958851932828 -0.055292112054811653
decision_type=2 2 2 2 2
left_child=1 2 4 -4 -1
right_child=-2 -3 3 -5 -6
leaf_value=0.0063114804632542982 -0.019717587258541287 0.026376642981222376 0.010404555396888065 -0.008035055267203578 -0.018947553572516793
leaf_weight=7.8521388471126548 13.348328799009321 8.8042328506708127 81.31335785984993 17.49079641699791 26.903750151395798
leaf_count=32 55 36 332 72 112
internal_value=0.00121805 0.00353089 0.00154732 0.00689683 -0.0128
internal_weight=155.713 142.364 133.56 98.8042 34.7559
internal_count=639 584 548 404 144
is_linear=0
shrinkage=0.03


Tree=36
num_leaves=8
num_cat=0
split_feature=5 20 12 5 28 12 25
split_gain=7.23336 6.14537 7.3821 7.88198 4.61334 3.99906 2.79705
threshold=-0.055292112054811653 0.012920808804186064 42.844335804300734 0.010313208730523995 7.5000000000000009 40.825360758989085 0.20922473049903104
decision_type=2 2 2 2 2 2 2
left_child=5 -2 4 -4 -3 6 -1
right_child=1 2 3 -5 -6 -7 -8
leaf_value=0.016304921252581095 0.021138266292032512 -0.02661056654402065 0.012844692192044311 -0.0053438128390627063 0 0.031209919146049717 -0.0042403921926140184
leaf_weight=8.8535214066505485 7.6636741459369651 15.500020027160646 29.071518674492836 66.981553241610527 9.8380251079797727 7.6057849377393714 10.086244106292723
leaf_count=36 31 64 120 275 41 31 41
internal_value=0.00117791 -0.00171587 -0.0035995 0.000157869 -0.0173614 0.0149064 0.00528733
internal_weight=155.6 129.055 121.391 96.0531 25.338 26.5456 18.9398
internal_count=639 531 500 395 105 108 77
is_linear=0
shrinkage=0.03


Tree=37
num_leaves=6
num_cat=0
split_feature=18 38 9 12 2
split_gain=7.88256 6.3407 6.05274 7.92211 1.60619
threshold=0.96962834004276599 0.020172249446349582 -0.066620859963470461 42.41233990564745 -0.019935110160187394
decision_type=2 2 2 2 2
left_child=1 2 4 -4 -1
right_child=-2 -3 3 -5 -6
leaf_value=0.027158407380916648 -0.019188450646793798 0.025653567723955124 -0.013458918044545206 0.0037210634231708687 0.0040112691806608852
leaf_weight=7.4403194785118103 13.300508350133894 8.7636054903268796 30.91154944896698 87.687084600329399 7.4215560555458051
leaf_count=30 55 36 128 360 30
internal_value=0.00115846 0.00340497 0.0014761 -0.00078129 0.0183358
internal_weight=155.525 142.224 133.461 118.599 14.8619
internal_count=639 584 548 488 60
is_linear=0
shrinkage=0.03


Tree=38
num_leaves=9
num_cat=0
split_feature=5 0 13 14 12 11 2 25
split_gain=6.70123 6.00546 5.90778 7.13665 3.80822 3.04481 2.76713 2.66345
threshold=-0.055292112054811653 -0.012737760353053072 5.6597328305610164 62.075561950046456 40.825360758989085 0.032469487415088712 0.014228656589417301 0.20922473049903104
decision_type=2 2 2 2 2 2 2 2
left_child=4 5 3 -3 7 -2 -4 -1
right_child=1 2 6 -5 -6 -7 -8 -9
leaf_value=0.015759003055808601 -0.025033655422010474 0.0089823306677066107 -0.021342049285677827 -0.011516122212903922 0.030268228684434718 0 0 -0.0042888981709484778
leaf_weight=8.8427073657512718 11.386024981737139 70.631436839699745 11.090052127838137 16.992427080869675 7.5945749282836905 7.3027506470680228 11.501633346080778 10.076573535799978
leaf_count=36 47 290 46 70 31 30 48 41
internal_value=0.00113787 -0.00164521 0.000993473 0.00467153 0.0143609 -0.0165234 -0.011882 0.00497508
internal_weight=155.418 128.904 110.216 87.6239 26.5139 18.6888 22.5917 18.9193
internal_count=639 531 454 360 108 77 94 77
is_linear=0
shrinkage=0.03


Tree=39
num_leaves=8
num_cat=0
split_feature=38 35 4 3 38 17 13
split_gain=6.18998 8.3038 8.53653 8.81216 8.21652 4.05133 4.18776
threshold=0.020794344873769615 -0.010404232273945989 -0.0032796128014464516 -0.039041555325298564 0.0086546881735441259 -4.0105849105460605 2.6758542372459506
decision_type=2 2 2 2 2 2 2
left_child=1 5 3 -3 -4 -1 -7
right_child=-2 2 4 -5 -6 6 -8
leaf_value=0.0051840439699888559 0.023690981010944433 -0.011521898749887349 0.0082381128905715945 0.019920626115363584 -0.012437925789482475 -0.024446495913442775 0
leaf_weight=7.3423451930284491 8.2233194261789304 8.0807010084390622 29.114276438951492 36.319179996848106 36.095087647438049 19.94880956411362 10.236676216125487
leaf_count=30 34 33 118 148 150 83 43
internal_value=0.00109175 -0.000371483 0.00371557 0.0136249 -0.00301299 -0.0122722 -0.0170426
internal_weight=155.36 147.137 109.609 44.3999 65.2094 37.5278 30.1855
internal_count=639 605 449 181 268 156 126
is_linear=0
shrinkage=0.03


Tree=40
num_leaves=11
num_cat=0
split_feature=12 9 37 18 19 5 37 19 13 14
split_gain=9.27282 7.12792 6.62605 9.57839 6.33012 7.37307 5.9701 5.1005 4.92859 3.94445
threshold=51.689899935443172 0.012957318300618753 0.054937834602897924 0.94741506043934243 0.079033787996563631 -0.052079810745858705 0.017300715859841279 0.13358484772685916 5.371845792184037 29.542374039419659
decision_type=2 2 2 2 2 2 2 2 2 2
left_child=1 4 3 8 6 -6 -1 -4 -2 -3
right_child=2 9 7 -5 5 -7 -8 -9 -10 -11
leaf_value=0.023510743725349156 0.023681533555979163 -0.035527490038176603 -0.021716659528139441 -0.011982046165633841 0.0018138436916952418 -0.023934761718971506 -0.0042331662249464599 0.0065559890225841471 0 -0.0046404933832596973
leaf_weight=12.281484574079515 37.045998394489288 8.1964409202337283 8.2541766613721865 8.9172919690608961 22.018486335873604 14.680591955780981 11.18146502971649 10.368518769741057 8.9517056941986066 8.997147396206854
leaf_count=50 151 35 35 37 90 61 46 42 37 37
internal_value=0.000713481 -0.00635112 0.00831484 0.0135234 -0.000976661 -0.00880332 0.0104061 -0.0061388 0.0190737 -0.022314
internal_weight=150.893 77.3556 73.5377 54.915 60.162 36.6991 23.4629 18.6227 45.9977 17.1936
internal_count=621 319 302 225 247 151 96 77 188 72
is_linear=0
shrinkage=0.03


Tree=41
num_leaves=11
num_cat=0
split_feature=12 18 37 18 22 19 0 21 19 12
split_gain=8.76446 6.35765 6.25578 9.07532 4.96831 4.877 3.802 4.58884 2.99648 2.50783
threshold=51.689899935443172 0.38926231651838211 0.054937834602897924 0.94741506043934243 -0.31592939047146495 0.13358484772685916 -0.0060234823141291907 0.011792839661972492 0.075518478580003975 45.019150092716394
decision_type=2 2 2 2 2 2 2 2 2 2
left_child=1 6 3 4 -2 -4 8 -8 -1 -3
right_child=2 9 5 -5 -6 -7 7 -9 -10 -11
leaf_value=0.0022936948357493584 -0.0013459129881874701 -0.031485750960685288 -0.021269435339928273 -0.011704955259277233 0.022805602851859019 0.0063891569828204656 -0.0068518459982308804 0.015110745946792143 -0.01703193792200151 -0.0078773052605379291
leaf_weight=9.9720918983221072 7.7885262668132773 8.1274460256099719 8.2175124436616915 8.902116581797598 38.224464982748032 10.372245639562605 11.877462297677996 18.867998689413071 14.459324061870573 13.92751272022724
leaf_count=41 32 35 35 37 156 42 49 77 59 58
internal_value=0.000663378 -0.00620919 0.00805627 0.0131171 0.0185193 -0.00598708 -0.000308325 0.00626789 -0.00899966 -0.0190953
internal_weight=150.737 77.2318 73.5049 54.9151 46.013 18.5898 55.1769 30.7455 24.4314 22.055
internal_count=621 319 302 225 188 77 226 126 100 93
is_linear=0
shrinkage=0.03


Tree=42
num_leaves=11
num_cat=0
split_feature=10 38 5 19 9 13 20 11 5 20
split_gain=7.70175 5.66151 8.187 6.37319 4.85453 4.3683 4.24969 3.19082 4.22775 2.58952
threshold=-0.0078343102920990209 0.0081249849401724573 0.020209640155325118 0.12753011581377127 0.011722730599504244 -2.9218724337814836 0.019490997394004391 -0.005075439665990277 -0.075189914702814706 0.016408626351868131
decision_type=2 2 2 2 2 2 2 2 2 2
left_child=4 5 6 -4 7 -2 -3 8 -1 -7
right_child=1 2 3 -5 -6 9 -8 -9 -10 -11
leaf_value=0.0041121323358032889 -0.0010894549853291133 -0.00071000611194469939 -0.01750085955332625 0.007107193232732561 -0.027648832232171423 0.0056591741151232507 0.021634565479982864 0.0069552680198118758 -0.016946835112248777 0.028882130734379518
leaf_weight=11.496220290660856 9.014827221632002 11.152685493230821 23.992635190486908 12.460327446460722 7.8443626165390006 9.8501432389020938 15.585677117109297 14.396476596593855 19.79833292961121 15.01277209818363
leaf_count=47 37 46 100 51 34 40 64 59 82 61
internal_value=0.000611831 0.00570739 6.13407e-05 -0.0087671 -0.00823003 0.0152302 0.0123918 -0.00356194 -0.00897788 0.0213464
internal_weight=150.604 97.0691 63.1913 36.453 53.5354 33.8777 26.7384 45.691 31.2946 24.8629
internal_count=621 399 261 151 222 138 110 188 129 101
is_linear=0
shrinkage=0.03


Tree=43
num_leaves=11
num_cat=0
split_feature=12 9 13 14 15 36 14 27 36 13
split_gain=8.08194 6.63683 5.23305 5.96493 9.49506 4.47983 3.75534 2.87468 2.90016 2.67374
threshold=51.689899935443172 0.012957318300618753 5.371845792184037 60.134628624648265 4.5099853890775199 0.0059031337116351992 29.542374039419659 1.0000000180025095e-35 0.0069045371770665182 10.073520311980714
decision_type=2 2 2 2 2 2 2 2 2 2
left_child=1 7 3 4 -2 -5 -3 -1 -9 -4
right_child=2 6 9 5 -6 -7 -8 8 -10 -11
leaf_value=-0.013930195328986398 0 -0.03446485965052324 -0.017577081491017197 -0.015041460620157147 0.029490475603310608 0.010979292989355462 -0.0042690734985581713 -0.0032101554759865853 0.010961679308347808 0.0042920985968518347
leaf_weight=10.405918449163435 14.88717284798622 8.0713071823120135 7.7375764548778516 9.3403849750757235 23.647011771798134 10.320504307746885 8.9679958969354612 30.863069698214531 18.748203784227371 7.460615873336792
leaf_count=43 62 35 32 39 96 42 37 127 77 31
internal_value=0.000597867 -0.00600592 0.00770561 0.01182 0.0184242 -0.000937428 -0.0214782 -0.000820374 0.00207202 -0.00671886
internal_weight=150.45 77.0565 73.3933 58.1951 38.5342 19.6609 17.0393 60.0172 49.6113 15.1982
internal_count=621 319 302 239 158 81 72 247 204 63
is_linear=0
shrinkage=0.03


Tree=44
num_leaves=11
num_cat=0
split_feature=12 9 18 28 26 38 19 37 4 15
split_gain=7.67037 6.36212 5.91119 9.54745 7.99154 6.19815 5.79608 5.56499 4.61194 2.59122
threshold=51.689899935443172 0.012957318300618753 0.6694146151087409 8.5000000000000018 0.14494906621392192 0.0077017113118051754 0.079033787996563631 0.017300715859841279 -0.055171500346516793 37.981600887601942
decision_type=2 2 2 2 2 2 2 2 2 2
left_child=1 6 4 5 -2 -4 7 -1 -8 -3
right_child=2 9 3 -5 -6 -7 8 -9 -10 -11
leaf_value=0.022722834966577933 -0.0037514902000328719 -0.03317028238484198 0.026194828554970288 -0.019435811354760503 0.030863355548843556 0.00029251439463696786 0.0052535597988895644 -0.0040432094259397139 -0.015644154166094104 -0.0064524906988554856
leaf_weight=12.28449994325638 7.4855408370494869 7.3272123634815243 10.824408441781996 12.420546412467955 15.345228493213652 27.262459799647331 12.274933233857153 11.1654766947031 24.276541173458099 9.6366952657699567
leaf_count=50 31 32 44 52 63 112 50 46 101 40
internal_value=0.000556563 -0.00587851 0.00748578 0.00122302 0.019522 0.00896785 -0.000802021 0.0100728 -0.00832861 -0.0210649
internal_weight=150.304 76.9654 73.3382 50.5074 22.8308 38.0869 60.0015 23.45 36.5515 16.9639
internal_count=621 319 302 208 94 156 247 96 151 72
is_linear=0
shrinkage=0.03


Tree=45
num_leaves=9
num_cat=0
split_feature=19 35 15 11 21 13 25 19
split_gain=10.3542 6.18197 6.60679 9.78629 8.26538 6.43365 3.5424 1.94845
threshold=0.17638571202200229 -0.0098409722541758487 9.205352265376451 0.050673958851932828 0.010024157784589783 2.6758542372459506 0.26008188674764715 0.11314630201305566
decision_type=2 2 2 2 2 2 2 2
left_child=1 5 4 -4 -3 7 -2 -1
right_child=6 2 3 -5 -6 -7 -8 -9
leaf_value=-0.030852933283330882 0.024996450560087608 0.016966593675624638 0.016655413335262496 -0.010929855517771574 -0.013118033173187557 0.0024701052203585806 0 -0.0073982396504342473
leaf_weight=15.05511496961117 12.925594925880434 7.6411048769950858 29.753907665610313 15.854212835431097 48.521225228905678 9.8684922754764539 7.2661297619342795 8.2613856047391874
leaf_count=64 53 31 121 66 201 41 30 34
internal_value=-0.00225376 -0.00539031 -0.00144966 0.00669488 -0.00832433 -0.0162797 0.0166306 -0.0243761
internal_weight=155.147 134.955 101.77 45.6081 56.1623 33.185 20.1917 23.3165
internal_count=641 558 419 187 232 139 83 98
is_linear=0
shrinkage=0.03


Tree=46
num_leaves=7
num_cat=0
split_feature=19 20 34 27 20 12
split_gain=9.82705 7.3073 6.37573 7.39147 3.9734 2.4212
threshold=0.17638571202200229 0.012503789468813835 0.012036836997396884 1.5000000000000002 0.015836446690566473 69.601466814872808
decision_type=2 2 2 2 2 2
left_child=1 -1 3 -3 -4 -2
right_child=5 2 4 -5 -6 -7
leaf_value=0.018825139628122149 0.024531421365973607 -0.024572464461009292 -0.014593391090105916 -0.0044598694351173857 0.0045822633026541262 0.0017749528815722943
leaf_weight=8.3123628050088865 11.248873531818392 28.076354339718819 10.270450353622435 43.967767432332039 44.106833949685097 8.9107210636138898
leaf_count=34 47 117 43 183 181 36
internal_value=-0.00218838 -0.00524905 -0.00721729 -0.0129526 0.000305197 0.0162178
internal_weight=154.893 134.734 126.421 72.0441 54.3773 20.1596
internal_count=641 558 524 300 224 83
is_linear=0
shrinkage=0.03


Tree=47
num_leaves=12
num_cat=0
split_feature=13 13 38 36 21 10 37 0 2 28 1
split_gain=5.90004 5.85697 6.34769 7.65964 4.84181 4.72576 4.1424 2.51686 2.67187 1.84222 1.10173
threshold=-2.4099583552586661 5.7568357246947146 0.011586685929200705 0.0064814559958253403 0.011708834890005385 0.02038003233044761 0.010736221430679095 0.0087808865743265203 0.023096484695895873 9.5000000000000018 -0.0014450720827656747
decision_type=2 2 2 2 2 2 2 2 2 2 2
left_child=5 2 4 -4 -2 6 9 -3 -9 -1 -8
right_child=1 7 3 -5 -6 -7 10 8 -10 -11 -12
leaf_value=-0.011666504581534809 0 -0.021522831327267906 -0.024273543472410449 0.01048942171485422 0.017146551746966027 0.0044781936056501621 -0.012304041885007897 0.0082907353670582558 -0.013707346380557182 0.0053656403818004303 -0.034238390524174121
leaf_weight=9.9004179388284701 25.720597505569458 8.9268894791603106 10.31050129234791 8.3169503509998304 36.64198412001133 11.864676356315611 11.087136864662169 8.4503317028284055 7.145392417907714 7.97288554906845 8.3516828417778033
leaf_count=41 107 37 43 35 150 49 46 35 30 33 35
internal_value=-0.00211759 0.00178474 0.0057932 -0.00851296 0.0104312 -0.010526 -0.0156637 -0.0103269 -0.00134795 -0.00353869 -0.0247425
internal_weight=154.689 105.513 80.99 18.6275 62.3626 49.1768 37.3121 24.5226 15.5957 17.8733 19.4388
internal_count=641 437 335 78 257 204 155 102 65 74 81
is_linear=0
shrinkage=0.03


Tree=48
num_leaves=6
num_cat=0
split_feature=5 14 14 37 34
split_gain=6.62101 7.18746 5.98254 7.90383 6.77617
threshold=0.14113989779596628 68.352219756379796 25.495723549278868 0.0025224536913988076 -0.006068572271641314
decision_type=2 2 2 2 2
left_child=1 2 3 -1 -4
right_child=-2 -3 4 -5 -6
leaf_value=0.0042135731417361167 0.019288419658251128 -0.023715061841092757 -0.012821187795399465 -0.012485140794128815 0.016372263944233564
leaf_weight=41.937741830945015 9.8834343403577787 12.901694253087042 7.425288423895835 56.766729578375816 25.64669069647789
leaf_count=174 40 54 31 237 105
internal_value=-0.00208201 -0.00388725 -0.00150834 -0.00529843 0.00903272
internal_weight=154.562 144.678 131.776 98.7045 33.072
internal_count=641 601 547 411 136
is_linear=0
shrinkage=0.03


Tree=49
num_leaves=11
num_cat=0
split_feature=13 13 38 35 36 10 4 20 20 17
split_gain=5.53812 5.53131 5.96847 10.8716 7.3045 4.47307 6.00483 3.05598 4.08254 0.521036
threshold=-2.4099583552586661 5.7568357246947146 0.011586685929200705 -0.010404232273945989 0.0064814559958253403 0.02038003233044761 -0.027140992590430787 0.017744798126129398 0.021674796197599714 -0.28275910131759469
decision_type=2 2 2 2 2 2 2 2 2 2
left_child=5 2 3 -2 -4 6 -1 -3 -9 -8
right_child=1 7 4 -5 -6 -7 9 8 -10 -11
leaf_value=0 -0.010086251096425873 0.0019836829439568897 -0.023675098110987176 0.017317842097280833 0.010297160325954407 0.0043922570051892866 -0.013697788415526675 -0.031452208315545106 -4.6151077765912591e-05 -0.031824151157724349
leaf_weight=14.09149333834648 15.532251879572867 9.3735879659652728 10.264245346188547 46.783420950174332 8.3041697442531568 11.850423648953436 13.178008511662481 7.1364217698574048 7.9594904482364655 9.9248213469982165
leaf_count=58 65 39 43 192 35 49 55 30 33 42
internal_value=-0.00202253 0.00175566 0.00565531 0.0101529 -0.00822881 -0.0101832 -0.0151969 -0.0100213 -0.017713 -0.0239974
internal_weight=154.398 105.354 80.8841 62.3157 18.5684 49.0447 37.1943 24.4695 15.0959 23.1028
internal_count=641 437 335 257 78 204 155 102 63 97
is_linear=0
shrinkage=0.03


end of trees

feature_importances:
bb_bandwidth=29
macro_topix_vol_20=28
return_20d=23
volatility=23
macd=22
month=18
rsi=17
rsi_change=17
div_ma_60=16
atr_pct=16
macro_topix_ret_20=14
macd_signal=13
macd_hist_change=13
macro_usdjpy_ret_60=13
return_3d=12
macro_usdjpy_ret_20=12
ma_20_60_cross=11
return_1d=10
vol_change=10
ma_5_20_cross=9
upper_shadow_pct=9
return_2d=8
return_5d=7
bb_pct_b=7
macro_usdjpy_vol_20=7
macro_nikkei_ret_20=7
div_ma_10=6
day_of_week=6
return_10d=5
candle_body_pct=5
vol_ratio=4
macd_hist=3
lower_shadow_pct=3
streak=2
gap=2
price_position_20d=2
div_ma_5=1
div_ma_20=1

parameters:
[boosting: gbdt]
[objective: binary]
[metric: binary_logloss]
[tree_learner: serial]
[device_type: cpu]
[data_sample_strategy: bagging]
[data: ]
[valid: ]
[num_iterations: 50]
[learning_rate: 0.03]
[num_leaves: 15]
[num_threads: 0]
[seed: 42]
[deterministic: 0]
[force_col_wise: 0]
[force_row_wise: 0]
[histogram_pool_size: -1]
[max_depth: 4]
[min_data_in_leaf: 30]
[min_sum_hessian_in_leaf: 0.001]
[bagging_fraction: 0.7]
[pos_bagging_fraction: 1]
[neg_bagging_fraction: 1]
[bagging_freq: 5]
[bagging_seed: 400]
[bagging_by_query: 0]
[feature_fraction: 0.6]
[feature_fraction_bynode: 1]
[feature_fraction_seed: 30056]
[extra_trees: 0]
[extra_seed: 12879]
[early_stopping_round: 0]
[early_stopping_min_delta: 0]
[first_metric_only: 0]
[max_delta_step: 0]
[lambda_l1: 0.5]
[lambda_l2: 2]
[linear_lambda: 0]
[min_gain_to_split: 0]
[drop_rate: 0.1]
[max_drop: 50]
[skip_drop: 0.5]
[xgboost_dart_mode: 0]
[uniform_drop: 0]
[drop_seed: 17869]
[top_rate: 0.2]
[other_rate: 0.1]
[min_data_per_group: 100]
[max_cat_threshold: 32]
[cat_l2: 10]
[cat_smooth: 10]
[max_cat_to_onehot: 4]
[top_k: 20]
[monotone_constraints: ]
[monotone_constraints_method: basic]
[monotone_penalty: 0]
[feature_contri: ]
[forcedsplits_filename: ]
[refit_decay_rate: 0.9]
[cegb_tradeoff: 1]
[cegb_penalty_split: 0]
[cegb_penalty_feature_lazy: ]
[cegb_penalty_feature_coupled: ]
[path_smooth: 0]
[interaction_constraints: ]
[verbosity: -1]
[saved_feature_importance_type: 0]
[use_quantized_grad: 0]
[num_grad_quant_bins: 4]
[quant_train_renew_leaf: 0]
[stochastic_rounding: 1]
[linear_tree: 0]
[max_bin: 255]
[max_bin_by_feature: ]
[min_data_in_bin: 5]
[bin_construct_sample_cnt: 200000]
[data_random_seed: 175]
[is_enable_sparse: 1]
[enable_bundle: 1]
[use_missing: 1]
[zero_as_missing: 0]
[feature_pre_filter: 1]
[pre_partition: 0]
[two_round: 0]
[header: 0]
[label_column: ]
[weight_column: ]
[group_column: ]
[ignore_column: ]
[categorical_feature: ]
[forcedbins_filename: ]
[precise_float_parser: 0]
[parser_config_file: ]
[objective_seed: 16083]
[num_class: 1]
[is_unbalance: 0]
[scale_pos_weight: 1]
[sigmoid: 1]
[boost_from_average: 1]
[reg_sqrt: 0]
[alpha: 0.9]
[fair_c: 1]
[poisson_max_delta_step: 0.7]
[tweedie_variance_power: 1.5]
[lambdarank_truncation_level: 30]
[lambdarank_norm: 1]
[label_gain: ]
[lambdarank_position_bias_regularization: 0]
[eval_at: ]
[multi_error_top_k: 1]
[auc_mu_weights: ]
[num_machines: 1]
[local_listen_port: 12400]
[time_out: 120]
[machine_list_filename: ]
[machines: ]
[gpu_platform_id: -1]
[gpu_device_id: -1]
[gpu_use_dp: 0]
[num_gpu: 1]

end of parameters

pandas_categorical:[]
