tree
version=v4
num_class=1
num_tree_per_iteration=1
label_index=0
max_feature_idx=44
objective=binary sigmoid:1
feature_names=return_1d return_2d return_3d return_5d return_10d return_20d div_ma_5 div_ma_10 div_ma_20 div_ma_60 ma_5_20_cross ma_20_60_cross rsi rsi_change macd macd_signal macd_hist macd_hist_change bb_pct_b bb_bandwidth atr_pct volatility vol_change vol_ratio candle_body_pct upper_shadow_pct lower_shadow_pct day_of_week month is_month_end is_month_start streak gap price_position_20d macro_usdjpy_ret_20 macro_usdjpy_ret_60 macro_usdjpy_vol_20 macro_topix_ret_20 macro_topix_vol_20 macro_topix_above_200dma macro_nikkei_ret_20 macro_nikkei_above_200dma macro_nikkei_vi macro_jgb10y macro_bias_score
feature_infos=[-0.17843007915567277:0.10865931126713479] [-0.27818023761228627:0.15054195102368517] [-0.28828571428571426:0.14409896355733864] [-0.26992966002344665:0.17971621860111298] [-0.31446252578501033:0.23966278602970692] [-0.31434076520781729:0.28905009971759554] [-0.21345121566150932:0.072780003663649021] [-0.24496847720659551:0.1221353008904828] [-0.2723289271890747:0.15802979456649011] [-0.24855578515513049:0.26733705986454204] [-0.17127114202068505:0.11697173026504171] [-0.10843000636627298:0.15148122777001616] [15.424604368828057:94.676593936869992] [-24.833695919054882:26.569604319274454] [-100.22412012140285:74.030489253287215] [-83.966395033402549:66.493192768713129] [-65.712059809890292:33.163281689696184] [-23.621336967890954:11.896716012532153] [-0.4192127105366768:1.4268634129131379] [0.028234234456391796:0.52991599763335762] [0.010143020810450409:0.083695841308508781] [0.0073463587010194663:0.058539118552346857] [-0.80233488936449893:3.3657137662469454] [0.42193551680846803:2.1110948292129428] [-0.99530516431924887:1] [0:0.92753648827952229] [0:0.95238095238095233] [0:4] [1:12] none [0:1] [-7:8] [-0.20976925382079714:0.16419108791649939] [0:1] [-0.10288784967882303:0.08505611680078462] [-0.13986255140503889:0.13160084488587853] [0.0024251968629527628:0.011841457708833433] [-0.22586491944566001:0.19897857359448179] [0.0040695656242548776:0.036437272436454948] [0:1] [-0.22859537662338159:0.23022297972565586] [0:1] none none none
tree_sizes=1166 1416 1192 1300 1100 1090 1094 1302 1096 1306 1092 1193 1182 877 1085 1204 1314 1208 1287 1182 1169 1080 766 1098 1197 1202 1091 874 974 786 891 871 851 1003 895 885 1283 784 886 887 766 891 967 893 848 1079 975 974 1076 1200

Tree=0
num_leaves=10
num_cat=0
split_feature=14 40 9 20 21 20 40 13 17
split_gain=17.8535 9.28958 9.06554 9.79663 5.17862 9.95099 7.20493 4.02573 2.58516
threshold=26.81573875109763 0.028276338865083187 -0.094020106739780798 0.024746796183892073 0.015743913777440454 0.020855628105507992 0.021845269167639406 -2.8768930435805049 0.25097788184683051
decision_type=2 2 2 2 2 2 2 2 2
left_child=1 2 -1 -4 -2 -6 -7 -3 -9
right_child=4 7 3 -5 5 6 -8 8 -10
leaf_value=0.18900137526005711 0.13154867596379241 0.16430305129127654 0.16430305129127654 0.13221755900725735 0.17992028933536594 0.16269894422654216 0.13138612354866955 0.19778038379403559 0.17502718434863729
leaf_weight=7.9462509155273429 11.671056032180784 7.9462509155273429 41.221176624298096 8.6912119388580305 8.6912119388580305 14.402579784393312 12.664337396621702 11.919376373291017 14.899220466613768
leaf_count=32 47 32 166 35 35 58 51 48 60
internal_value=0.162695 0.170236 0.163025 0.157809 0.14802 0.155244 0.146275 0.182061 0.187282
internal_weight=140.053 92.6235 57.8586 49.9124 47.4292 35.7581 27.0669 34.7648 26.8186
internal_count=564 373 233 201 191 144 109 140 108
is_linear=0
shrinkage=1


Tree=1
num_leaves=12
num_cat=0
split_feature=15 38 34 19 40 15 6 38 23 15 3
split_gain=15.3084 12.6877 8.32676 7.49086 7.32654 7.19265 6.81111 6.12287 4.68084 3.2964 0.718074
threshold=15.197486580534628 0.0074751626431241785 0.011570482083933966 0.071257913632415015 0.059225556110104612 2.4874222664253982 0.00071360278109511039 0.0074130764663832534 1.1518704323909426 26.590161388146225 0.016839569819772197
decision_type=2 2 2 2 2 2 2 2 2 2 2
left_child=1 -1 6 5 9 -3 7 -2 -5 -4 -8
right_child=2 3 4 8 -6 -7 10 -9 -10 -11 -12
leaf_value=0.033643532827185664 0.011842546428211797 -0.024882583657994516 -0.019122797080086178 0.015533288518296797 0.021143456191467361 0.0082361120790341961 -0.015547281115467354 -0.018082011049984938 -0.0068952671115583642 0.0021082919467033901 -0.040622342866565825
leaf_weight=12.157209634780882 7.7050903886556652 12.658411785960199 10.930113092064863 28.294048756361008 8.6875405013561231 7.6917843967676154 8.1991388648748416 13.920495137572287 9.1822133064270002 10.436323821544645 10.193502217531202
leaf_count=49 31 51 44 114 35 31 33 56 37 42 41
internal_value=-0.00156322 0.00812467 -0.011404 0.00156361 0.000153835 -0.0120767 -0.0200351 -0.00668519 0.00958707 -0.0088178 -0.0328009
internal_weight=140.056 69.9837 70.0722 57.8265 30.054 20.3502 40.0182 21.6256 37.4763 21.3664 18.3926
internal_count=564 282 282 233 121 82 161 87 151 86 74
is_linear=0
shrinkage=0.03


Tree=2
num_leaves=10
num_cat=0
split_feature=14 38 9 19 25 17 21 14 33
split_gain=16.3846 5.59421 10.9748 7.02124 5.17258 4.95186 4.8606 5.8146 4.73669
threshold=26.81573875109763 0.0074751626431241785 0.061672946815712927 0.071257913632415015 0.042402527400022226 -0.085821367486618158 0.015743913777440454 45.921974873190614 0.76427679093580714
decision_type=2 2 2 2 2 2 2 2 2
left_child=1 2 -1 5 -5 -3 -2 8 -8
right_child=6 3 -4 4 -6 -7 7 -9 -10
leaf_value=0.035217678038799508 -0.031497312414227485 0.005355833106978387 -0.005596418929940096 -0.011599540742734303 0.01207196785966122 -0.021445992243173836 -0.010155385335645386 -0.022229819098075112 0.015697598031747695
leaf_weight=12.128768220543863 11.707413777709005 7.696899056434634 8.436897009611128 7.9425982981920233 41.92396154999733 14.413014292716978 12.181405961513521 14.17841888964176 9.4371981024742109
leaf_count=49 47 31 34 32 169 58 49 57 38
internal_value=-0.00152652 0.00570152 0.0187973 0.0013499 0.00771054 -0.0118233 -0.0155718 -0.0085754 0.00086876
internal_weight=140.047 92.5421 20.5657 71.9765 49.8666 22.1099 47.5044 35.797 21.6186
internal_count=564 373 83 290 201 89 191 144 87
is_linear=0
shrinkage=0.03


Tree=3
num_leaves=11
num_cat=0
split_feature=14 37 37 2 34 6 22 23 12 3
split_gain=15.5181 11.6196 6.4996 4.75848 4.67889 5.65156 4.08882 3.56743 2.22818 4.63415
threshold=26.81573875109763 0.031417333377046892 0.022641205472267781 0.0095178646605679224 0.011075997280348361 0.0023222424686185094 0.06123489302381991 0.93863518231177745 58.235905303056043 0.028931977103260901
decision_type=2 2 2 2 2 2 2 2 2 2
left_child=1 2 3 -1 5 7 -6 -2 -3 -10
right_child=4 8 -4 -5 6 -7 -8 -9 9 -11
leaf_value=0.0086851718928178962 -0.020418991123333674 0.006634745951273305 -0.02361142879417296 -0.008473744516612999 -0.013331198657300083 -0.037504692176556616 0.011795944069484155 0.0043661763090007948 0.042270037347957007 0.0062071226873877013
leaf_weight=38.700539916753769 8.2212765067815834 9.9094768315553683 7.942194163799285 20.114488184452057 11.936061382293703 11.718579873442648 7.7016678601503363 7.9624544084072104 8.3967438042163831 7.4178191721439353
leaf_count=156 33 40 32 81 48 47 31 32 34 30
internal_value=-0.00149817 0.0055386 -0.000998451 0.00248456 -0.0151608 -0.0227314 -0.00260397 -0.0082607 0.0218924 0.0287926
internal_weight=140.021 92.4813 66.7572 58.815 47.54 27.9023 19.6377 16.1837 25.724 15.8146
internal_count=564 373 269 237 191 112 79 65 104 64
is_linear=0
shrinkage=0.03


Tree=4
num_leaves=9
num_cat=0
split_feature=14 37 9 36 21 20 37 24
split_gain=14.7309 11.1332 7.98732 9.56301 4.62607 9.1036 12.6009 4.5541
threshold=26.81573875109763 0.031417333377046892 -0.094020106739780798 0.0062158212445232496 0.015743913777440454 0.020855628105507992 0.017018761795005836 -0.13350163350163349
decision_type=2 2 2 2 2 2 2 2
left_child=1 2 -1 -4 -2 -6 -7 -3
right_child=4 7 3 -5 5 6 -8 -9
leaf_value=0.023744822134940568 -0.030252748053241262 0.0043628052598741205 0.0073395549539894619 -0.016007468318738997 0.015580762687323332 0.0074441900412505792 -0.031580397222397631 0.031847159455694204
leaf_weight=7.9139407575130454 11.730882883071898 11.351572975516321 26.806329920887947 32.035042285919189 8.6861279457807523 10.449114367365839 16.701374858617783 14.319188207387922
leaf_count=32 47 46 108 129 35 42 67 58
internal_value=-0.00145666 0.0054009 -0.000988788 -0.0052331 -0.0147642 -0.0079665 -0.0165666 0.0214295
internal_weight=139.994 92.4261 66.7553 58.8414 47.5675 35.8366 27.1505 25.6708
internal_count=564 373 269 237 191 144 109 104
is_linear=0
shrinkage=0.03


Tree=5
num_leaves=9
num_cat=0
split_feature=14 34 23 3 23 28 23 19
split_gain=22.9701 8.34249 8.03253 7.68182 6.93407 6.34641 6.26153 8.78982
threshold=22.976787728234971 0.011075997280348361 1.1924230040930193 0.016839569819772197 0.97380476827786777 6.5000000000000009 0.73672974738471286 0.085893836025215234
decision_type=2 2 2 2 2 2 2 2
left_child=2 3 6 4 -2 -3 -1 -8
right_child=1 5 -4 -5 -6 -7 7 -9
leaf_value=-0.0070031322038598244 -0.023561259360269406 0.01712132443229358 -0.010182241144660983 -0.042124475547284684 0.0098028220848164673 -0.013990978455346283 0.0072587250387986689 0.030429371993857236
leaf_weight=8.6812392771244031 10.719601780176168 9.168656989932062 11.887744307518004 11.234063446521757 7.7219413816928855 10.454686149954794 38.177654892206192 26.933219581842422
leaf_count=35 43 37 48 45 31 42 154 109
internal_value=0.00132102 -0.0145207 0.0107305 -0.0240521 -0.00926483 9.10569e-05 0.0144772 0.017688
internal_weight=134.979 49.2989 85.6799 29.6756 18.4415 19.6233 73.7921 65.1109
internal_count=544 198 346 119 74 79 298 263
is_linear=0
shrinkage=0.03


Tree=6
num_leaves=9
num_cat=0
split_feature=14 34 23 35 23 4 28 37
split_gain=21.7486 7.9179 7.6221 6.05237 5.95757 4.05132 2.57939 0.685689
threshold=22.976787728234971 0.011075997280348361 1.1924230040930193 0.026671048474220752 0.73672974738471286 -0.0016650267277595885 4.5000000000000009 0.019424347242981813
decision_type=2 2 2 2 2 2 2 2
left_child=2 5 4 -3 -1 -2 -6 -7
right_child=1 3 -4 -5 6 7 -8 -9
leaf_value=-0.0068290803486636062 -0.0018475107745032672 0.019319227667806353 -0.0099129039372094115 -0.011659038947183124 0.0037838535551445699 -0.016316128751479027 0.020379133004444567 -0.037998126988914742
leaf_weight=8.686317101120947 7.7303190827369717 7.4263104647398022 11.898588880896567 12.191208153963087 14.080534607172011 11.467308536171915 50.914648368954659 10.491172507405279
leaf_count=35 31 30 48 49 57 46 206 42
internal_value=0.00126199 -0.0141444 0.0104299 7.64745e-05 0.0140883 -0.0234263 0.0172281 -0.0296085
internal_weight=134.886 49.3063 85.5801 19.6175 73.6815 29.6888 64.9952 21.9585
internal_count=544 198 346 79 298 119 263 88
is_linear=0
shrinkage=0.03


Tree=7
num_leaves=11
num_cat=0
split_feature=14 34 3 28 17 14 15 3 33 36
split_gain=20.6024 7.54532 7.30268 5.91691 5.90409 4.16854 9.32767 7.53746 6.43948 3.82801
threshold=22.976787728234971 0.011075997280348361 0.016839569819772197 6.5000000000000009 -1.2383411188056968 10.043702783760013 -3.4695965797029324 0.020887297431652966 0.55204229298936836 0.0069740304329113621
decision_type=2 2 2 2 2 2 2 2 2 2
left_child=5 2 4 -3 -2 6 7 -1 -8 -7
right_child=1 3 -4 -5 -6 9 8 -9 -10 -11
leaf_value=0.028186048196022547 -0.022029462550352093 0.016568729402190119 -0.040432428770299761 -0.013481199709109354 0.0086029479491343663 0.028540181734463127 -0.017920257350476112 -0.0035696155519930111 0.0068460961234450956 0.0030625038875390629
leaf_weight=17.770293414592746 10.4773555546999 9.1458113640546816 11.240255728363989 10.465742081403731 7.9799741953611401 15.778051644563677 16.116146862506866 8.4043004959821683 17.038737773895264 10.370474740862845
leaf_count=72 42 37 45 42 32 64 65 34 69 42
internal_value=0.00119416 -0.0137934 -0.0228518 7.49032e-05 -0.00850611 0.0101291 0.00506774 0.0179278 -0.00510043 0.0199042
internal_weight=134.787 49.3091 29.6976 19.6116 18.4573 85.478 59.3295 26.1746 33.1549 26.1485
internal_count=544 198 119 79 74 346 240 106 134 106
is_linear=0
shrinkage=0.03


Tree=8
num_leaves=9
num_cat=0
split_feature=14 34 3 35 17 19 6 17
split_gain=19.5598 7.16816 6.94077 5.65037 5.6185 4.83931 5.36776 7.30889
threshold=22.976787728234971 0.011075997280348361 0.016839569819772197 0.026671048474220752 -1.2383411188056968 0.049405494835701121 -0.019428559025794278 0.11821111253750229
decision_type=2 2 2 2 2 2 2 2
left_child=5 2 4 -3 -2 -1 -7 -8
right_child=1 3 -4 -5 -6 6 7 -9
leaf_value=-0.0091858797311324732 -0.021464033109261954 0.018709153878150305 -0.039425955090942995 -0.011240305104960801 0.0083990408247665658 -0.0074894894886334863 0.027144843089128162 0.0063561675412722833
leaf_weight=8.4051354080438596 10.483348682522776 7.4029545187950161 11.232534870505331 12.19984410703182 7.9770945757627514 8.6642606258392316 26.551781013607979 41.756415441632271
leaf_count=34 42 30 45 49 32 35 108 169
internal_value=0.00115726 -0.0134424 -0.0222715 6.06747e-05 -0.00826693 0.00987332 0.0123244 0.0151925
internal_weight=134.673 49.2958 29.693 19.6028 18.4604 85.3776 76.9725 68.3082
internal_count=544 198 119 79 74 346 312 277
is_linear=0
shrinkage=0.03


Tree=9
num_leaves=11
num_cat=0
split_feature=14 34 3 14 15 3 34 36 32 13
split_gain=18.5169 6.82161 6.60527 3.97488 8.80737 7.15154 5.74837 3.67845 3.60747 3.24242
threshold=22.976787728234971 0.011075997280348361 0.016839569819772197 10.043702783760013 -3.4695965797029324 0.020887297431652966 0.025335501774096828 0.0069740304329113621 0.0012901185573391818 -1.0000000180025095e-35
decision_type=2 2 2 2 2 2 2 2 2 2
left_child=3 2 9 4 5 -1 -6 -5 -3 -2
right_child=1 8 -4 7 6 -7 -8 -9 -10 -11
leaf_value=0.027236314260426046 -0.01867072747767028 -0.011651557748781479 -0.038470076468521457 0.02762224041715455 0.0021036107150337411 -0.0036679291456594766 -0.023711123391717943 0.002685841700776351 0.011801620888241819 0.0037072648749094839
leaf_weight=17.685856491327289 9.7379107326269185 9.1785862892866152 11.216207832098005 15.69968429207802 24.449107632040977 8.4006130993366224 8.6832756698131544 10.351451978087423 10.415501490235327 8.7228434234857559
leaf_count=72 39 37 45 64 99 34 35 42 42 35
internal_value=0.00110494 -0.0130982 -0.0217139 0.00959581 0.00466111 0.0171977 -0.00519959 0.0191464 5.90485e-05 -0.00803504
internal_weight=134.541 49.271 29.677 85.27 59.2189 26.0865 33.1324 26.0511 19.5941 18.4608
internal_count=544 198 119 346 240 106 134 106 79 74
is_linear=0
shrinkage=0.03


Tree=10
num_leaves=9
num_cat=0
split_feature=23 13 0 24 26 16 25 34
split_gain=14.603 8.65702 9.25468 4.57442 4.16561 3.06961 2.66555 2.34642
threshold=1.2191237903637793 1.9919305369158666 0.0017277257111854019 0.66181967996773639 0.46593135095925592 -1.850765544405977 0.41223155929038285 0.010387922546974739
decision_type=2 2 2 2 2 2 2 2
left_child=1 2 4 6 -1 -4 -3 -2
right_child=7 3 5 -5 -6 -7 -8 -9
leaf_value=0.0022861368736232959 -0.0070679575177710645 0.029110689689291341 -0.029125368739300411 0.00027664830165356925 0.024812366131378365 -0.0052700289687556889 0.0056409991382054521 -0.033893837883026849
leaf_weight=39.304387792944908 8.674172982573511 19.230466187000278 7.4451604038476971 12.841140270233153 7.9015142172574988 16.789329871535301 9.131936386227606 7.6985544115304938
leaf_count=159 35 78 30 52 32 68 37 31
internal_value=0.00188344 0.0059395 -0.000258803 0.0165481 0.00721677 -0.0148322 0.0229174 -0.0228146
internal_weight=129.017 112.644 71.4404 41.2035 47.2059 24.2345 28.3624 16.3727
internal_count=522 456 289 167 191 98 115 66
is_linear=0
shrinkage=0.03


Tree=11
num_leaves=10
num_cat=0
split_feature=23 13 22 22 36 13 16 0 11
split_gain=13.9135 8.23633 9.56569 9.72946 4.79312 4.37358 6.25079 3.6564 0.064657
threshold=1.2191237903637793 1.9919305369158666 0.04654184300781395 -0.28091615322664393 0.0065877082966626747 4.5437789365614352 4.4668792260704331 0.0021996500390747413 0.0422470403710773
decision_type=2 2 2 2 2 2 2 2 2
left_child=1 2 3 -1 -2 8 -7 -4 -3
right_child=4 5 7 -5 -6 6 -8 -9 -10
leaf_value=0.013170689461208075 -0.036204360205637033 0.033103797674051777 0.02110543049369595 -0.016314136105186745 -0.0024719043454846149 -0.0037598177414449058 0.025742842115476224 -0.0012358667469040629 0.012787901408651634
leaf_weight=11.616300240159033 8.2006535679101962 9.5775413364172 17.00981275737286 34.881918624043465 8.1876247823238355 16.540834635496143 7.6286692917346945 7.9226679652929297 7.3912474662065497
leaf_count=47 33 39 69 141 33 67 31 32 30
internal_value=0.00182204 0.00578779 -0.000250759 -0.0083995 -0.0222691 0.0161461 0.00623471 0.0138846 0.0273267
internal_weight=128.957 112.569 71.4307 46.4982 16.3883 41.1383 24.1695 24.9325 16.9688
internal_count=522 456 289 188 66 167 98 101 69
is_linear=0
shrinkage=0.03


Tree=12
num_leaves=10
num_cat=0
split_feature=14 36 38 35 2 38 40 28 16
split_gain=11.8746 6.46007 10.0937 8.4145 6.92413 6.13698 5.47776 7.68695 0.07487
threshold=22.691602382526984 0.0081533690308582801 0.010903145749426033 0.031355080174013679 0.0095178646605679224 0.0070961437437462513 0.062417557361655003 8.5000000000000018 0.96349824499966108
decision_type=2 2 2 2 2 2 2 2 2
left_child=1 2 3 -1 -4 -2 7 -7 -3
right_child=5 8 4 -5 -6 6 -8 -9 -10
leaf_value=0 -0.026442408365009138 0.031877112568254408 0.0026100829259170398 0.024877218765628917 -0.031029185684952759 -0.019240799150553763 0.015814199036475452 0.010627085378470661 0.011912500477480905
leaf_weight=24.542737022042274 11.940138101577757 7.8675255030393583 9.8207371830940264 20.914887085556984 8.1646810919046384 19.919281721115116 8.6201821565628034 9.7118662595748884 7.3799149245023727
leaf_count=100 48 32 40 85 33 80 35 39 30
internal_value=0.00178644 0.00906867 0.0042093 0.0118004 -0.0134873 -0.00925329 -0.00246779 -0.00892416 0.0255856
internal_weight=128.882 78.6905 63.443 45.4576 17.9854 50.1915 38.2513 29.6311 15.2474
internal_count=522 320 258 185 73 202 154 119 62
is_linear=0
shrinkage=0.03


Tree=13
num_leaves=7
num_cat=0
split_feature=15 38 13 13 15 2
split_gain=11.274 10.2853 9.81892 7.34706 5.83696 3.88203
threshold=-10.644136682046135 0.010903145749426033 1.9919305369158666 -3.1695270957770698 13.491782121395774 0.019523273329613792
decision_type=2 2 2 2 2 2
left_child=5 2 3 -2 -4 -1
right_child=1 -3 4 -5 -6 -7
leaf_value=0.033009590488547763 0.0056881915257950668 -0.02406247096156151 0.029474011515182624 -0.0141928313878311 0.0034609995197442665 0.0023702942527804843
leaf_weight=10.492444306612017 27.932625323534012 14.144754856824873 12.220777556300161 34.624473109841347 21.976977527141571 7.3824516683816901
leaf_count=43 113 57 50 140 89 30
internal_value=0.0017489 -0.00182372 0.00169698 -0.00518212 0.0142862 0.022622
internal_weight=128.775 110.9 96.7549 62.5571 34.1978 17.8749
internal_count=522 449 392 253 139 73
is_linear=0
shrinkage=0.03


Tree=14
num_leaves=9
num_cat=0
split_feature=23 14 5 19 20 14 28 20
split_gain=13.13 7.49955 6.95294 8.17103 6.2895 7.42226 3.30429 2.57017
threshold=1.2191237903637793 22.976787728234971 0.070500027089633446 0.16158558984938318 0.0189247762240463 2.6416585759431546 8.5000000000000018 0.022779641997143555
decision_type=2 2 2 2 2 2 2 2
left_child=1 4 -3 -4 5 -1 -6 -2
right_child=7 2 3 -5 6 -7 -8 -9
leaf_value=-0.017757278659605288 -0.031705618653345105 -0.021413014177992146 0.018525970725588564 -0.011369231171938285 0.022913968766855742 0.013148409626436248 0.0040393377356183402 -0.0045846959824490351
leaf_weight=10.872233286499979 8.6931227594614047 12.452987715601919 14.61478926241398 13.933820456266401 32.061171993613243 13.203137591481207 15.181968748569487 7.679404839873313
leaf_count=44 35 50 59 56 131 54 62 31
internal_value=0.00172129 0.00558405 -0.00425175 0.00365482 0.0114051 -0.000524585 0.0175635 -0.0216851
internal_weight=128.693 112.32 41.0016 28.5486 71.3185 24.0754 47.2431 16.3725
internal_count=522 456 165 115 291 98 193 66
is_linear=0
shrinkage=0.03


Tree=15
num_leaves=10
num_cat=0
split_feature=14 19 34 11 2 37 25 15 17
split_gain=17.2228 7.29313 5.92623 5.52325 5.31153 4.4356 3.7728 5.61035 1.57478
threshold=22.374497774521505 0.071257913632415015 0.011570482083933966 0.0069319055327841115 0.0067603872328142476 0.010714777174402392 0.042402527400022226 9.183674724902982 0.58249433194725875
decision_type=2 2 2 2 2 2 2 2 2
left_child=1 3 5 -1 -4 -2 -3 -8 -5
right_child=2 6 4 8 -6 -7 7 -9 -10
leaf_value=-0.016916184402754299 -0.0055359073001489036 -0.0012234275708494205 -0.016233956196475472 0.015667622219275156 0.010841674228699773 -0.030234221131661208 0.026115128356770195 0.0018486632051280206 -0.00091046220467848815
leaf_weight=13.857758924365045 13.206484854221342 9.5636543631553632 9.9391002357006091 7.610290974378584 12.132427722215651 20.129590898752213 25.577303349971771 14.94830499589443 7.3829814940690994
leaf_count=56 53 39 40 31 49 81 105 61 30
internal_value=-0.00145003 0.00736523 -0.0140896 -0.00409144 -0.00106348 -0.0217413 0.0141559 0.0180248 0.00747517
internal_weight=134.348 78.9403 55.4076 28.851 22.0715 33.3361 50.0893 40.5256 14.9933
internal_count=545 322 223 117 89 134 205 166 61
is_linear=0
shrinkage=0.03


Tree=16
num_leaves=11
num_cat=0
split_feature=14 35 36 19 40 34 11 41 36 12
split_gain=16.3193 8.9175 8.83419 9.11223 6.44531 5.61714 4.71326 3.72759 3.50094 1.23593
threshold=22.374497774521505 -0.039948965697590759 0.0074235845784227919 0.072507798707520221 0.018121180067840251 0.011570482083933966 0.050847826368559786 1.0000000180025095e-35 0.0048401852510465996 47.597319325234288
decision_type=2 2 2 2 2 2 2 2 2 2
left_child=1 9 3 -3 -4 7 -7 -2 -9 -1
right_child=5 2 4 -5 -6 6 -8 8 -10 -11
leaf_value=0.010108851208366449 -0.0017772937523672038 -0.0049658910798345904 -0.030638706589589806 0.020927548063446207 0.0029383449559527144 -0.014568523853113465 0.01084739077772383 -0.0051595923182797586 -0.033933304210844152 0.033138665494508369
leaf_weight=8.7506995201110858 8.7163689285516721 21.423713430762291 9.1677080690860766 22.885762274265289 7.590387985110282 10.687826111912729 11.380280718207358 7.4308162331581142 17.158430963754654 9.0192341655492765
leaf_count=36 35 87 37 94 31 43 46 30 69 37
internal_value=-0.00141825 0.00716665 0.00119704 0.00841034 -0.0159389 -0.0137261 -0.00102633 -0.0211812 -0.0268442 0.0247264
internal_weight=134.211 78.8375 61.0676 44.3095 16.7581 55.3737 22.0681 33.3056 24.5892 17.7699
internal_count=545 322 249 181 68 223 89 134 99 73
is_linear=0
shrinkage=0.03


Tree=17
num_leaves=10
num_cat=0
split_feature=15 35 38 38 2 24 5 12 34
split_gain=13.4166 8.95168 6.60043 5.83332 5.56627 4.75687 4.45647 4.56682 4.28784
threshold=15.197486580534628 -0.028184409624953662 0.0091894780563104711 0.010235979841564919 -0.0043774519176337226 0.27510007466212277 0.010757827901807461 66.43982703019644 -0.044629391925656063
decision_type=2 2 2 2 2 2 2 2 2
left_child=1 8 6 -4 -3 -6 -2 -8 -1
right_child=2 4 3 -5 5 -7 7 -9 -10
leaf_value=0.0023846730111165221 0.00095846767326413472 0.014833137099991667 0.019908519002840144 -0.012004133118657171 0.0049847920528036599 -0.016632028184340068 -0.027891397496877184 -0.0057434977438824081 0.033306087611542939
leaf_weight=7.5658139288425472 9.6334178149700147 14.230735406279562 8.8731193691492098 7.4557105004787436 14.692866265773775 17.179212614893913 25.002292677760124 16.837087914347649 12.601062953472136
leaf_count=31 39 58 36 30 60 70 101 68 52
internal_value=-0.00138253 0.00796971 -0.0107048 0.004799 0.000103403 -0.00651802 -0.0158992 -0.0199894 0.0236441
internal_weight=134.071 66.2697 67.8016 16.3288 46.1028 31.8721 51.4728 41.8394 20.1669
internal_count=545 271 274 66 188 130 208 169 83
is_linear=0
shrinkage=0.03


Tree=18
num_leaves=11
num_cat=0
split_feature=14 35 36 19 40 34 6 14 25 12
split_gain=14.8748 8.23576 8.33514 8.61328 6.16189 5.20815 3.98087 2.76058 4.42681 1.25631
threshold=22.374497774521505 -0.039948965697590759 0.0074235845784227919 0.072507798707520221 0.018121180067840251 0.011570482083933966 0.0031823062182018192 47.283443983968603 0.21030495919750139 47.597319325234288
decision_type=2 2 2 2 2 2 2 2 2 2
left_child=1 9 3 -3 -4 7 -7 8 -2 -1
right_child=5 2 4 -5 -6 6 -8 -9 -10 -11
leaf_value=0.0094278356156462673 0 -0.0048126075410052987 -0.02984746043262787 0.020367676736210649 0.0029347517571254376 -0.01479599909905548 0.0087826490287979033 -0.035910119483952556 -0.023477444473726908 0.032166689664828621
leaf_weight=8.7061686664819735 12.188419818878176 21.43406181037426 9.1860630363225955 22.805089145898819 7.5885052680969229 9.2113913297653216 12.853351667523382 7.6667037755250922 13.394082963466643 8.944157809019087
leaf_count=36 49 87 37 94 31 37 52 31 54 37
internal_value=-0.00132543 0.00687643 0.00113796 0.00816285 -0.0154856 -0.0130842 -0.000849041 -0.0202693 -0.0127742 0.023815
internal_weight=133.978 78.664 61.0137 44.2392 16.7746 55.3139 22.0647 33.2492 25.5825 17.6503
internal_count=545 322 249 181 68 223 89 134 103 73
is_linear=0
shrinkage=0.03


Tree=19
num_leaves=10
num_cat=0
split_feature=15 19 38 16 26 11 23 23 4
split_gain=12.1906 6.90477 6.13485 6.45205 5.29566 5.22761 3.9841 3.52627 2.96529
threshold=15.197486580534628 0.071257913632415015 0.0091894780563104711 2.4007017119885194 0.50316455696202544 0.0069319055327841115 1.1389995314546935 0.77347575558745985 -0.0029533676180779618
decision_type=2 2 2 2 2 2 2 2 2
left_child=1 5 4 -4 8 -1 7 -3 -2
right_child=2 6 3 -5 -6 -7 -8 -9 -10
leaf_value=-0.015969960617550585 -0.0022132563151651768 0.0016125388801131399 0.021840533715079217 -0.011699510663822559 0.004686716274681724 0.010106252675630843 0 0.026330676709577033 -0.023389196109082633
leaf_weight=13.883914738893511 9.6337330639362317 8.7360053211450595 8.1143443584442156 8.1823498755693418 8.1289376914501172 9.8174199610948545 12.065869987010954 21.586533457040787 33.654877036809921
leaf_count=56 39 36 33 33 33 40 49 90 136
internal_value=-0.00129724 0.00762628 -0.0101908 0.00474261 -0.015205 -0.00463928 0.0147225 0.0202138 -0.0193136
internal_weight=133.804 66.0897 67.7142 16.2967 51.4175 23.7013 42.3884 30.3225 43.2886
internal_count=545 271 274 66 208 96 175 126 175
is_linear=0
shrinkage=0.03


Tree=20
num_leaves=10
num_cat=0
split_feature=14 26 20 14 21 9 0 5 0
split_gain=9.17687 7.63049 6.06376 6.4768 5.70554 6.5369 5.11021 4.25512 3.43746
threshold=22.374497774521505 0.45665629185053164 0.018409775141317933 4.7211455816716361 0.019988962361716624 -0.075325386609537789 -0.0073357282108680857 0.070500027089633446 0.0088413971701880607
decision_type=2 2 2 2 2 2 2 2 2
left_child=2 7 3 -1 6 -6 -4 -2 -9
right_child=1 -3 4 -5 5 -7 -8 8 -10
leaf_value=-0.018796605095666073 -0.024576008665667594 0.016062991609198281 0 0.010534185830595092 0.015728180188019192 -0.017580444416145716 0.025852111374783368 0.0029812568813567808 -0.016371204369385443
leaf_weight=11.060655131936075 14.629467129707335 8.4075926840305311 9.7786567956209165 11.670937269926069 8.9369013756513613 8.2813854366540891 29.904304578900337 18.58269110321999 11.111941486597059
leaf_count=45 59 34 40 48 37 34 123 75 45
internal_value=0.00245521 -0.0069394 0.00887753 -0.0034969 0.0140266 0 0.0200301 -0.0121315 -0.00436339
internal_weight=132.365 52.7317 79.6328 22.7316 56.9012 17.2183 39.683 44.3241 29.6946
internal_count=540 213 327 93 234 71 163 179 120
is_linear=0
shrinkage=0.03


Tree=21
num_leaves=9
num_cat=0
split_feature=36 13 17 1 7 26 26 11
split_gain=7.98461 5.69402 6.38203 11.2591 8.61984 2.90525 3.88982 0.310659
threshold=0.0036767432294540665 2.3525631329960679 0.11821111253750229 -0.019433669234547143 0.010712302424401542 0.25478950579621723 0.12599157091527627 0.024890086633589163
decision_type=2 2 2 2 2 2 2 2
left_child=-1 2 3 -2 -4 6 -3 -7
right_child=1 5 4 -5 -6 7 -8 -9
leaf_value=-0.020705861802826152 -0.013973931723911327 0.015534982582103552 0.0081007493862613935 0.014622713737556994 -0.023668520830602259 0.02922852394208892 -0.0070323853413251647 0.010614525538309792
leaf_weight=10.09864294528961 15.480317443609236 12.685422062873842 10.690307289361956 39.039544552564621 16.945933505892754 8.4654218703508395 10.234004154801367 8.5790326893329603
leaf_count=41 63 52 44 159 69 35 42 35
internal_value=0.0023841 0.00471724 0 0.00603046 -0.011156 0.013709 0.00510058 0.0227457
internal_weight=132.219 122.12 82.1561 54.5199 27.6362 39.9639 22.9194 17.0445
internal_count=540 499 335 222 113 164 94 70
is_linear=0
shrinkage=0.03


Tree=22
num_leaves=6
num_cat=0
split_feature=36 6 33 23 20
split_gain=7.58548 6.06471 8.17964 7.92478 2.83275
threshold=0.0036767432294540665 -0.019428559025794278 0.58980381320806863 0.79817167588900562 0.018027336026860682
decision_type=2 2 2 2 2
left_child=-1 -2 4 -4 -3
right_child=1 2 3 -5 -6
leaf_value=-0.020166059420495569 -0.014498100891659092 0 -0.020137928788042429 0.0052629599946155915 0.022019189338378407
leaf_weight=10.111229777336119 11.109966933727263 7.8674945533275595 11.291168242692946 62.414619773626328 29.340861111879349
leaf_count=41 45 32 46 255 121
internal_value=0.00232005 0.00459939 0.0068681 0.000744394 0.0179592
internal_weight=132.135 122.024 110.914 73.7058 37.2084
internal_count=540 499 454 301 153
is_linear=0
shrinkage=0.03


Tree=23
num_leaves=9
num_cat=0
split_feature=36 34 34 36 10 7 21 16
split_gain=7.1932 5.98946 10.6075 8.66267 6.09365 5.35344 4.68728 4.4499
threshold=0.0036767432294540665 0.011570482083933966 0.034649501004426438 0.0082830220519992514 0.022960396538094011 0.01314747956749546 0.01544414670547084 2.4007017119885194
decision_type=2 2 2 2 2 2 2 2
left_child=-1 3 7 4 -2 -5 -4 -3
right_child=1 2 6 5 -6 -7 -8 -9
leaf_value=-0.019644077182326133 -0.00092168444587853525 0.033951923013066224 -0.01959605722672831 0.02739148967909168 -0.024107878561700893 -0.0023432404464729956 0.0085940187367495886 0.0087957428427367229
leaf_weight=10.121488735079764 43.268951892852783 14.754268661141397 8.6427151858806628 11.15614289045334 12.077768832445143 7.3435791581869116 8.0696962475776655 16.611959785223007
leaf_count=41 177 61 35 46 49 30 33 68
internal_value=0.00223637 0.00446151 0.0124909 -0.000759913 -0.00690726 0.0157793 -0.00571899 0.0224043
internal_weight=132.047 121.925 48.0786 73.8464 55.3467 18.4997 16.7124 31.3662
internal_count=540 499 197 302 226 76 68 129
is_linear=0
shrinkage=0.03


Tree=24
num_leaves=10
num_cat=0
split_feature=14 26 13 23 35 3 34 33 12
split_gain=8.30069 7.12282 4.44091 4.43327 6.02258 3.85023 4.69994 1.90756 1.65344
threshold=22.374497774521505 0.45665629185053164 2.3525631329960679 0.93098739010183407 0.038208807673722596 0.021617558621604419 0.027864674385350344 0.4435493202232606 60.390444692950112
decision_type=2 2 2 2 2 2 2 2 2
left_child=2 3 5 -2 -5 6 -1 -4 -9
right_child=1 -3 7 4 -6 -7 -8 8 -10
leaf_value=0.012574006837526306 -0.025103705587728089 0.015461264466376494 0.0018001149276159392 0.0056824374169371136 -0.019638707799416896 -0.010438699466710248 -0.010890928498545668 0.030245761252616077 0.0077736982816603069
leaf_weight=31.714890003204346 13.590124920010565 8.3907941281795484 7.5138361304998424 18.801666662096981 11.837088882923124 12.48922538757324 7.6095750629901877 10.846367105841638 9.0923301577568036
leaf_count=131 55 34 31 76 48 51 31 45 38
internal_value=0.00217106 -0.00676045 0.00830515 -0.0117872 -0.0042446 0.00256488 0.00736305 0.0177201 0.0223248
internal_weight=131.886 52.6197 79.2662 44.2289 30.6388 51.8137 39.3245 27.4525 19.9387
internal_count=540 213 327 179 124 213 162 114 83
is_linear=0
shrinkage=0.03


Tree=25
num_leaves=10
num_cat=0
split_feature=13 13 22 38 24 26 16 15 32
split_gain=7.29941 7.37595 8.01886 7.18653 5.03506 3.02581 2.67827 3.17096 2.00782
threshold=1.9919305369158666 1.0790185758062416 -0.2467991865859088 0.0075355495342777782 0.66181967996773639 0.077350427350427367 1.5407920103214834 21.160264826188396 0.0022587394436570656
decision_type=2 2 2 2 2 2 2 2 2
left_child=1 2 8 -4 6 -6 7 -2 -1
right_child=4 -3 3 -5 5 -7 -8 -9 -10
leaf_value=0.024868839152972593 -0.0022293221134053534 -0.025750063496203672 0.0089296743896807272 -0.012023586867780656 0.0078554261551592973 -0.015389881694701698 0.026722212166017174 0.02011144990159441 0.0016021863960672485
leaf_weight=9.0331229567527789 11.330885723233228 10.581849530339239 18.604317545890808 46.819138675928116 8.0464393347501737 7.558809131383895 12.883899122476576 7.3447009176015845 7.3441135287284842
leaf_count=37 47 43 76 191 33 31 54 30 30
internal_value=0.000460162 -0.00431884 -0.000819078 -0.00575454 0.00992088 -0.00302125 0.016566 0.00692685 0.0165614
internal_weight=139.547 92.3825 81.8007 65.4235 47.1647 15.6052 31.5595 18.6756 16.3772
internal_count=572 377 334 267 195 64 131 77 67
is_linear=0
shrinkage=0.03


Tree=26
num_leaves=9
num_cat=0
split_feature=13 13 22 38 0 21 33 35
split_gain=6.91344 7.02269 7.6258 6.79037 4.81112 7.92912 1.95259 1.49688
threshold=1.9919305369158666 1.0790185758062416 -0.2467991865859088 0.0075355495342777782 0.022228640645001522 0.0137472001767722 0.81791000729388641 0.018835119279488669
decision_type=2 2 2 2 2 2 2 2
left_child=1 2 7 -4 5 -2 -7 -1
right_child=4 -3 3 -5 -6 6 -8 -9
leaf_value=0.0029582705931263139 -0.0084165755594636064 -0.02508368666190413 0.0086922860815833464 -0.011668874995192497 -0.0047730734541085815 0.027791118588614078 0.0049612512735986106 0.02398946950420968
leaf_weight=7.7946489006280926 7.763945832848548 10.590076446533201 18.593814581632614 46.85531210899353 12.613907709717749 19.459222406148914 7.2597666978836051 8.5585081428289396
leaf_count=32 32 43 76 191 52 81 30 35
internal_value=0.00046482 -0.0041806 -0.000761447 -0.00557575 0.00968257 0.0153534 0.0228878 0.0161971
internal_weight=139.489 92.3924 81.8023 65.4491 47.0968 34.4829 26.719 16.3532
internal_count=572 377 334 267 195 143 111 67
is_linear=0
shrinkage=0.03


Tree=27
num_leaves=7
num_cat=0
split_feature=40 19 37 20 40 11
split_gain=8.1857 9.21755 8.50406 5.35678 3.70407 2.31916
threshold=-0.060671120963614704 0.17726956510469935 0.041303330336285866 0.015502742874703376 0.055718859153444884 0.0080429214090269614
decision_type=2 2 2 2 2 2
left_child=-1 2 3 -2 -4 -3
right_child=1 5 4 -5 -6 -7
leaf_value=0.025703309535330357 -0.024169911870147248 -0.0027943377949140318 0 -5.7363692451701511e-06 0.023258775013310196 -0.02744910120075561
leaf_weight=8.755750894546507 7.4160785973072043 7.2329629808664349 9.1912533193826693 77.498344585299492 17.719536378979683 11.593436568975447
leaf_count=36 30 30 38 317 74 47
internal_value=0.000459374 -0.00148132 0.00177841 -0.00279633 0.0159273 -0.0198751
internal_weight=139.407 130.652 111.825 84.9144 26.9108 18.8264
internal_count=572 536 459 347 112 77
is_linear=0
shrinkage=0.03


Tree=28
num_leaves=8
num_cat=0
split_feature=11 11 9 37 9 33 37
split_gain=6.27608 5.74771 6.09112 6.57388 3.505 3.47933 1.81041
threshold=-0.0094649945528451612 0.0021686189406313621 0.03466425546498491 0.052503164413043375 -0.036559059044620389 0.3734987878296625 0.0046934936566390703
decision_type=2 2 2 2 2 2 2
left_child=4 6 5 -4 -1 -3 -2
right_child=1 2 3 -5 -6 -7 -8
leaf_value=0.00065152279292840997 -0.027373508634312836 0 -0.0074499823984466697 0.015238951796832705 0.022914930899545331 0.024296588331712582 -0.0040390321802708622
leaf_weight=13.591885492205622 7.9053174406290037 8.3310852050781268 65.654063746333122 11.614302858710287 13.309069782495497 10.899363353848456 7.9949359595775604
leaf_count=57 32 34 267 48 56 45 33
internal_value=0.000434663 -0.00261844 0.000121487 -0.00355191 0.0130087 0.014532 -0.0182407
internal_weight=139.3 112.399 96.4988 77.2684 26.901 19.2304 15.9003
internal_count=572 459 394 315 113 79 65
is_linear=0
shrinkage=0.03


Tree=29
num_leaves=6
num_cat=0
split_feature=40 23 37 20 6
split_gain=7.86393 11.1096 9.79055 6.74984 3.07541
threshold=-0.060671120963614704 1.2191237903637793 0.057145637156937219 0.024746796183892073 0.007435442943217011
decision_type=2 2 2 2 2
left_child=-1 2 3 -2 -3
right_child=1 4 -4 -5 -6
leaf_value=0.025211862444153903 0.0024561047282238746 -0.0053599374268723781 0.023599492191504017 -0.015544005878024403 -0.035938822969736176
leaf_weight=8.7266043722629529 79.304403349757195 7.4056705385446531 13.996853709220884 22.144749641418457 7.627469927072525
leaf_count=36 325 30 59 91 31
internal_value=0.000431481 -0.00146823 0.00171912 -0.00155259 -0.0241537
internal_weight=139.206 130.479 115.446 101.449 15.0331
internal_count=572 536 475 416 61
is_linear=0
shrinkage=0.03


Tree=30
num_leaves=7
num_cat=0
split_feature=36 19 40 10 3 22
split_gain=6.50347 5.75428 5.1997 6.03414 3.32142 2.03106
threshold=0.0082045238174249958 0.18154768090976628 0.070536987770659546 0.00946963947811519 0.018865379219210724 -0.06379886614791512
decision_type=2 2 2 2 2 2
left_child=1 2 3 -1 -2 -3
right_child=4 5 -4 -5 -6 -7
leaf_value=0.0028704241823903276 0.022873239657589729 -0.029563817587549945 0.015738626237918302 -0.012582203132844217 -0.00035611449220222092 -0.0042699590134215428
leaf_weight=47.066082864999771 11.30848264694214 8.1126513779163343 11.618879452347754 39.104603096842766 7.2852926403284064 7.3137450814247122
leaf_count=193 47 33 49 159 30 30
internal_value=-0.00149197 -0.00434611 -0.00132282 -0.00409826 0.0138926 -0.020299
internal_weight=131.81 113.216 97.7896 86.1707 18.5938 15.4264
internal_count=541 464 401 352 77 63
is_linear=0
shrinkage=0.03


Tree=31
num_leaves=7
num_cat=0
split_feature=40 20 33 20 12 37
split_gain=6.25804 5.54519 6.30368 6.35511 4.13987 3.5516
threshold=-0.058146315788279272 0.02525404574751286 0.84381656531662663 0.016164125507462098 51.165806506689059 0.034918805168520313
decision_type=2 2 2 2 2 2
left_child=-1 2 3 -2 -3 -4
right_child=1 4 5 -5 -6 -7
leaf_value=0.020929907773302059 -0.016700961869258204 -0.030732366369055283 -0.021569284858898054 0.0078339386265244785 -0.0034902266795397204 0
leaf_weight=8.2402465194463712 8.8697553575038892 8.5376357436180133 14.0422729998827 64.747634008526802 13.548492029309271 13.745605394244192
leaf_count=34 36 35 57 266 56 57
internal_value=-0.00145023 -0.00337289 -0.000146559 0.00431596 -0.0163212 -0.0119685
internal_weight=131.732 123.491 101.405 73.6174 22.0861 27.7879
internal_count=541 507 416 302 91 114
is_linear=0
shrinkage=0.03


Tree=32
num_leaves=7
num_cat=0
split_feature=36 19 40 36 17 24
split_gain=6.12133 5.43234 4.93309 5.7724 3.14418 1.68273
threshold=0.0082045238174249958 0.18154768090976628 0.070536987770659546 0.0073751102498013843 0.11821111253750229 -0.2672619047619047
decision_type=2 2 2 2 2 2
left_child=1 2 3 -1 -2 -3
right_child=4 5 -4 -5 -6 -7
leaf_value=0 0.023280426312276024 -0.0045845513993147602 0.015381442756944332 -0.018084183213772413 0 -0.028310525020881876
leaf_weight=68.034107133746147 10.138947993516924 7.3397572040557852 11.578047066926954 18.122633948922157 8.4019311219453794 8.0851205736398679
leaf_count=278 42 30 49 74 35 33
internal_value=-0.00143218 -0.00420282 -0.00125996 -0.00396467 0.0135103 -0.0197036
internal_weight=131.701 113.16 97.7348 86.1567 18.5409 15.4249
internal_count=541 464 401 352 77 63
is_linear=0
shrinkage=0.03


Tree=33
num_leaves=8
num_cat=0
split_feature=36 19 20 36 3 20 6
split_gain=5.82142 5.19635 4.49305 7.44339 3.11032 2.21973 1.50241
threshold=0.0082045238174249958 0.18154768090976628 0.024746796183892073 0.0074235845784227919 0.018865379219210724 0.027599521893447936 -0.001295729558231267
decision_type=2 2 2 2 2 2 2
left_child=1 2 3 -1 -2 -4 -3
right_child=4 6 5 -5 -6 -7 -8
leaf_value=0.0058591063718537147 0.021933669081183299 -0.0049494734767113408 -0.025097186849637593 -0.016372896969071297 -0.00050553792953924508 -0.00058816912775295517 -0.027756400112111904
leaf_weight=68.230490133166313 11.227809622883798 7.5791125297546387 7.5346152037382108 14.667297095060347 7.2779730409383765 7.2871596366167068 7.8373373895883542
leaf_count=280 47 31 31 60 30 30 32
internal_value=-0.00139309 -0.00409619 -0.00121499 0.00145582 0.0131887 -0.0154416 -0.0192611
internal_weight=131.642 113.136 97.7196 82.8978 18.5058 14.8218 15.4164
internal_count=541 464 401 340 77 61 63
is_linear=0
shrinkage=0.03


Tree=34
num_leaves=7
num_cat=0
split_feature=26 37 37 20 38 35
split_gain=5.59275 4.87333 7.18285 7.22716 6.20485 1.31727
threshold=0.49086075108009314 0.057145637156937219 0.0083277524150121591 0.020789031041669299 0.010903145749426033 0.036352193553541697
decision_type=2 2 2 2 2 2
left_child=1 2 4 -4 -1 -2
right_child=5 -3 3 -5 -6 -7
leaf_value=0.0093815457504614255 0.019104683499679722 0.011619484029518965 -0.0015400991282321509 -0.024086545701196095 -0.012740859159489049 0.00059338850962486372
leaf_weight=32.252221420407295 10.663127914071085 13.21684819459915 26.039903685450554 27.153397977352142 14.875987872481344 7.3672200590372077
leaf_count=132 44 56 107 111 61 30
internal_value=-0.00138333 -0.00400086 -0.00639225 -0.0137768 0.0018589 0.0131043
internal_weight=131.569 113.538 100.322 53.1933 47.1282 18.0303
internal_count=541 467 411 218 193 74
is_linear=0
shrinkage=0.03


Tree=35
num_leaves=7
num_cat=0
split_feature=11 15 23 21 5 23
split_gain=6.52343 6.85734 7.25689 7.26403 5.1722 2.37653
threshold=0.081508069850635759 40.95776224603452 1.1621795368202752 0.015649257860573629 0.048920249114018384 0.97380476827786777
decision_type=2 2 2 2 2 2
left_child=1 2 4 -4 -1 -2
right_child=5 -3 3 -5 -6 -7
leaf_value=0.0043911524448939443 -0.021965208346691668 -0.018297049011036088 -0.026366596477188611 0.0051156175471121536 0.020991393194423866 -0.00086879871282789973
leaf_weight=57.388044252991676 11.791701763868334 9.5764670968055707 9.3043807893991488 13.206097319722174 25.205309793353081 10.045918971300123
leaf_count=237 48 39 38 54 105 41
internal_value=0.000406962 0.00342624 0.0058503 -0.00837476 0.0100109 -0.0137767
internal_weight=136.518 114.68 105.104 22.5105 82.5934 21.8376
internal_count=562 473 434 92 342 89
is_linear=0
shrinkage=0.03


Tree=36
num_leaves=11
num_cat=0
split_feature=15 37 0 15 15 23 19 21 34 11
split_gain=6.22183 5.25115 5.16019 5.93139 4.69614 4.36401 5.85688 9.25323 5.56575 3.49143
threshold=15.197486580534628 0.052503164413043375 0.0017277257111854019 23.764312530653402 25.092209092273965 1.1621795368202752 0.075197805337636967 0.019723008401615099 0.010720713584153609 0.0069319055327841115
decision_type=2 2 2 2 2 2 2 2 2 2
left_child=5 2 3 -2 -4 6 9 -8 -7 -1
right_child=1 -3 4 -5 -6 8 7 -9 -10 -11
leaf_value=-0.0088106898283352511 -0.019478243991429608 0.012402131291199076 0 0.0065377571916230611 -0.028200049297819531 0.0091664208965441286 0.031299125176435773 -0.0031750697870650364 -0.022043560875124681 0.011450785646967675
leaf_weight=14.676425203680994 9.3269626051187497 9.3465305566787702 8.0716616213321704 23.403627559542656 15.954910054802893 8.2583745419979113 18.325329646468166 9.0467536449432355 7.8740526735782614 12.091816902160643
leaf_count=60 38 39 33 95 65 34 78 38 32 50
internal_value=0.000372777 -0.00602481 -0.00963343 -0.00113867 -0.0196525 0.00659855 0.0106968 0.019954 -0.00599074 0
internal_weight=136.376 66.1037 56.7572 32.7306 24.0266 70.2728 54.1403 27.3721 16.1324 26.7682
internal_count=562 270 231 133 98 292 226 116 66 110
is_linear=0
shrinkage=0.03


Tree=37
num_leaves=6
num_cat=0
split_feature=36 23 19 19 7
split_gain=6.66566 8.35948 8.58677 7.54975 6.41988
threshold=0.0081533690308582801 1.2407145337308323 0.16838558187477751 0.11818806292984223 0.015791017583198789
decision_type=2 2 2 2 2
left_child=1 2 3 -1 -2
right_child=4 -3 -4 -5 -6
leaf_value=-0.00091010043196226614 0.026273082296512235 -0.023621255722378935 -0.020288879849419912 0.018526539595406618 -0.0044286298957509889
leaf_weight=66.524908408522606 13.75089541077614 12.752676516771315 13.211763009428976 21.954693451523781 8.0043829232454282
leaf_count=274 58 52 54 91 33
internal_value=0.000353443 -0.00249625 0.000412796 0.0040499 0.0149238
internal_weight=136.199 114.444 101.691 88.4796 21.7553
internal_count=562 471 419 365 91
is_linear=0
shrinkage=0.03


Tree=38
num_leaves=7
num_cat=0
split_feature=40 23 11 40 33 7
split_gain=7.92021 7.93144 6.38686 5.50375 5.05669 3.2804
threshold=-0.060671120963614704 1.2191237903637793 0.081508069850635759 0.025443105518437096 0.66067078588826489 0.028662970061219966
decision_type=2 2 2 2 2 2
left_child=-1 2 3 -2 -4 -3
right_child=1 5 4 -5 -6 -7
leaf_value=0.025661162400720666 -0.0018189082218925455 -0.0030241867751345411 0.001148019038864697 0.01234696974906393 -0.026787913151581577 -0.033088692268261943
leaf_weight=8.3562244623899442 51.41206519305706 7.6149794012308103 9.3196439594030398 42.277201786637306 9.792130693793295 7.2939623147249222
leaf_count=35 211 31 38 177 40 30
internal_value=0.000331699 -0.00158011 0.00114673 0.00454113 -0.0136365 -0.0207939
internal_weight=136.066 127.71 112.801 93.6893 19.1118 14.9089
internal_count=562 527 466 388 78 61
is_linear=0
shrinkage=0.03


Tree=39
num_leaves=7
num_cat=0
split_feature=40 19 23 11 22 4
split_gain=7.5796 10.3434 5.26474 5.8961 3.07705 2.31571
threshold=-0.060671120963614704 0.16364857162914917 1.1924230040930193 0.081508069850635759 0.06123489302381991 0.068158114155747698
decision_type=2 2 2 2 2 2
left_child=-1 2 3 -2 5 -3
right_child=1 4 -4 -5 -6 -7
leaf_value=0.025135689635471734 0.0087989214816287884 -0.036583832680946997 -0.013640938834417353 -0.010450379703001703 -0.0011448702947273902 -0.0081526038664103181
leaf_weight=8.3173873573541623 75.393630057573318 7.8308992087841052 13.24404965341091 15.157527193427084 8.1951444298028928 7.7812134176492691
leaf_count=35 313 32 54 62 34 32
internal_value=0.000304545 -0.00156117 0.00249288 0.00525847 -0.0186407 -0.0258001
internal_weight=135.92 127.602 103.795 90.5512 23.8073 15.6121
internal_count=562 527 429 375 98 64
is_linear=0
shrinkage=0.03


Tree=40
num_leaves=6
num_cat=0
split_feature=26 16 16 24 35
split_gain=7.75264 5.44255 4.3715 3.60609 3.55119
threshold=0.49086075108009314 -8.3533404376408349 -4.8523070191430699 -0.38809707241910624 0.036352193553541697
decision_type=2 2 2 2 2
left_child=1 -1 -3 -4 -2
right_child=4 2 3 -5 -6
leaf_value=0.013078113370382956 0.025314790268897214 -0.022286967319851362 0.0048557071064437825 -0.0074869835298025803 0
leaf_weight=13.028521731495855 11.552598789334299 11.463500857353209 28.633635178208351 62.585322469472885 7.5314924567937842
leaf_count=54 48 47 118 260 31
internal_value=-0.000498019 -0.00359624 -0.00606464 -0.00343065 0.0161349
internal_weight=134.795 115.711 102.682 91.219 19.0841
internal_count=558 479 425 378 79
is_linear=0
shrinkage=0.03


Tree=41
num_leaves=7
num_cat=0
split_feature=40 23 40 7 2 34
split_gain=6.98841 11.163 7.92212 8.88745 6.34879 5.69116
threshold=-0.06227636931949853 1.1621795368202752 0.056609946847337451 -0.014245634078402866 -0.0043774519176337226 0.015669838247674654
decision_type=2 2 2 2 2 2
left_child=-1 2 3 -2 -3 -4
right_child=1 4 5 -5 -6 -7
leaf_value=0.024540041363628695 0.016599449035861982 0.00061277036762965339 -8.3941874160285446e-05 -0.0068876531047895873 -0.030721452101379561 0.030551243516690203
leaf_weight=7.2838050425052634 15.981203481554983 7.3103270828723934 7.7181946635246304 70.292548075318336 15.134661197662352 11.050261214375494
leaf_count=31 66 30 32 289 62 48
internal_value=-0.000471106 -0.00237289 0.0017137 -0.0020895 -0.0206871 0.0184359
internal_weight=134.771 127.487 105.042 86.2738 22.445 18.7685
internal_count=558 527 435 355 92 80
is_linear=0
shrinkage=0.03


Tree=42
num_leaves=8
num_cat=0
split_feature=16 15 34 37 32 10 38
split_gain=5.25607 6.36526 4.09578 7.60744 4.73266 3.72436 3.09019
threshold=-8.3533404376408349 40.95776224603452 0.029107122792141896 0.047140755156599996 -0.0079319040460201756 0.046782190540097031 0.010087328969034562
decision_type=2 2 2 2 2 2 2
left_child=6 2 4 -4 -2 -3 -1
right_child=1 5 3 -5 -6 -7 -8
leaf_value=0.026045496959875285 -0.012657963799724677 -0.031568735276578413 -0.020122116648458876 0.012612004398157963 0.0067282376817363711 -0.001313212104767322 0
leaf_weight=7.7635853290557844 11.251002967357634 8.0121742486953718 17.960138291120533 7.1954548060894004 67.023944929242134 7.7947942763566962 7.6228013634681702
leaf_count=32 46 33 73 31 279 32 32
internal_value=-0.000435241 -0.00274604 0 -0.00996727 0.00350893 -0.0193146 0.0148656
internal_weight=134.624 119.238 103.431 25.1556 78.2749 15.807 15.3864
internal_count=558 494 429 104 325 65 64
is_linear=0
shrinkage=0.03


Tree=43
num_leaves=7
num_cat=0
split_feature=40 23 40 33 2 34
split_gain=6.65738 10.57 7.38793 6.58881 6.10135 5.48136
threshold=-0.06227636931949853 1.1621795368202752 0.056609946847337451 0.5963714156415848 -0.0043774519176337226 0.015669838247674654
decision_type=2 2 2 2 2 2
left_child=-1 2 3 -2 -3 -4
right_child=1 4 5 -5 -6 -7
leaf_value=0.024037348342036302 0.0065553799067992113 0.00071101784066425542 -0.00021033499214492517 -0.0096271349833740843 -0.029971714085942881 0.029865903564624808
leaf_weight=7.2413372099399558 39.979145169258118 7.3018246442079571 7.7081895917654064 46.224026381969452 15.112639069557188 10.940872400999067
leaf_count=31 165 30 32 190 62 48
internal_value=-0.000430489 -0.00228908 0.00168812 -0.00197351 -0.0201226 0.0178918
internal_weight=134.508 127.267 104.852 86.2032 22.4145 18.6491
internal_count=558 527 435 355 92 80
is_linear=0
shrinkage=0.03


Tree=44
num_leaves=7
num_cat=0
split_feature=26 40 40 10 35 15
split_gain=7.22668 6.30659 7.96966 7.64663 3.26507 2.3121
threshold=0.49086075108009314 -0.058146315788279272 0.057588675328983714 0.014606143187649192 0.036352193553541697 19.904419245069501
decision_type=2 2 2 2 2 2
left_child=1 -1 3 -3 -2 -4
right_child=4 2 5 -5 -6 -7
leaf_value=0.020489640616520217 0.024526594391764009 -0.0014540788710822861 0 -0.01950334961663272 0 0.019212920516315901
leaf_weight=7.0119847655296317 11.475809827446939 51.760926142334938 9.5326383262872714 36.661041125655174 7.5244218111038199 10.37104384601116
leaf_count=30 48 213 41 151 31 44
internal_value=-0.000401722 -0.00340217 -0.00542807 -0.00936932 0.0156871 0.0106529
internal_weight=134.338 115.338 108.326 88.422 19.0002 19.9037
internal_count=558 479 449 364 79 85
is_linear=0
shrinkage=0.03


Tree=45
num_leaves=9
num_cat=0
split_feature=23 17 17 21 7 17 2 35
split_gain=7.33393 4.98243 11.996 10.0057 7.748 3.30276 2.87242 1.51016
threshold=1.2407145337308323 0.11821111253750229 -0.90342851129447144 0.012178717922476807 -0.013579840194249076 0.75758560480416692 -0.0050262417185430999 0.044369532375504457
decision_type=2 2 2 2 2 2 2 2
left_child=1 2 4 -3 -1 -5 -2 -4
right_child=6 3 7 5 -6 -7 -8 -9
leaf_value=0.015452628335492866 0 -0.030721739736570764 0.028850005833847208 -0.0078782845016568872 -0.014149019719044888 0.0084881998554355576 -0.025327867715046408 0.0090111290746968283
leaf_weight=10.394930094480516 7.526085793972018 7.5438813418149939 17.908156007528309 14.227073937654493 19.568402752280235 30.575580611824989 9.9035895019769651 10.399118244647978
leaf_count=43 31 31 76 59 81 128 41 43
internal_value=0.000766136 0.00379964 0.00974676 -0.00265956 -0.00308596 0.00285596 -0.0161233 0.0231324
internal_weight=128.047 110.617 58.2706 52.3465 29.9633 44.8027 17.4297 28.3073
internal_count=533 461 243 218 124 187 72 119
is_linear=0
shrinkage=0.03


Tree=46
num_leaves=8
num_cat=0
split_feature=23 11 7 11 5 2 12
split_gain=6.98267 4.95812 7.14714 9.05685 3.35208 2.73054 1.39914
threshold=1.2407145337308323 -0.010836922960782756 -0.013579840194249076 0.0030082378533264902 0.022820960541474648 -0.0050262417185430999 44.094026736856733
decision_type=2 2 2 2 2 2 2
left_child=1 4 -3 -4 6 -2 -1
right_child=5 2 3 -5 -6 -7 -8
leaf_value=0.0076541314882216565 0 0.018379154734201066 -0.024408668700610866 0.0013620451467861534 -1.0376674278871489e-05 -0.024746981301679485 0.031232545843579811
leaf_weight=7.9328945875167864 7.526085793972018 14.216592624783514 13.093610242009161 60.287887498736382 7.0071493834257117 9.8792869001626951 7.9340216368436813
leaf_count=34 31 59 54 250 30 41 34
internal_value=0.000730803 0.00369576 0.000161513 -0.00356289 0.0155262 -0.0157562 0.0224601
internal_weight=127.878 110.472 87.5981 73.3815 22.8741 17.4054 15.8669
internal_count=533 461 363 304 98 72 68
is_linear=0
shrinkage=0.03


Tree=47
num_leaves=8
num_cat=0
split_feature=23 11 11 9 0 1 2
split_gain=6.66111 4.7419 6.46053 5.50632 4.80227 3.85067 2.59634
threshold=1.2407145337308323 -0.010836922960782756 0.0030082378533264902 0.03466425546498491 0.0011945091105795005 0.016411474166710186 -0.0050262417185430999
decision_type=2 2 2 2 2 2 2
left_child=1 5 4 -4 -3 -1 -2
right_child=6 2 3 -5 -6 -7 -8
leaf_value=0.023019343665119527 0 0.00029021990184520218 0.022314421424747998 0.00029532243037244649 -0.028611063744875879 -0.00076961502985186249 -0.024184311026746872
leaf_weight=15.34420193731785 7.526085793972018 8.0206784754991549 10.711249381303785 60.154911130666733 8.6997114419937116 7.454715982079505 9.8527947515249235
leaf_count=66 31 33 45 249 36 32 41
internal_value=0.000711468 0.00361037 0.000153795 0.00435044 -0.0153961 0.0152013 -0.0153998
internal_weight=127.764 110.385 87.5866 70.8662 16.7204 22.7989 17.3789
internal_count=533 461 363 294 69 98 72
is_linear=0
shrinkage=0.03


Tree=48
num_leaves=9
num_cat=0
split_feature=15 20 11 38 7 2 14 2
split_gain=6.41306 6.90557 6.74016 8.22901 4.91023 2.95061 1.33218 0.260194
threshold=-3.4695965797029324 0.024746796183892073 0.050847826368559786 0.0071246081217391606 -0.013579840194249076 0.015689567299507771 37.751246668235929 -0.010460558463486145
decision_type=2 2 2 2 2 2 2 2
left_child=5 2 4 -4 -2 7 -3 -1
right_child=1 6 3 -5 -6 -7 -8 -9
leaf_value=0.008710738727652368 0.014343705408216157 -0.022526390463465659 -0.0090467329809930681 0.021424747718120803 -0.0091559667806040725 0 -0.0030022233816078265 0.02744533270971361
leaf_weight=6.8996198773384094 7.4049061089754096 13.358341306447985 9.6320179849863035 22.565712884068489 44.358296245336533 8.2607488185167295 7.2814882695674887 7.8586050420999545
leaf_count=30 31 55 40 94 184 35 30 34
internal_value=0.000684976 -0.00241372 0.0013556 0.0118745 -0.00510672 0.0144327 -0.0171747 0.0216667
internal_weight=127.62 104.601 83.9609 32.1977 51.7632 23.019 20.6398 14.7582
internal_count=533 434 349 134 215 99 85 64
is_linear=0
shrinkage=0.03


Tree=49
num_leaves=10
num_cat=0
split_feature=18 4 17 17 13 4 7 10 35
split_gain=5.89705 8.1244 5.04804 7.3549 7.63529 4.43889 8.63442 4.22437 1.60385
threshold=0.84165822695811665 0.05226466405944042 -0.90342851129447144 0.11821111253750229 3.1646355400985837 0.027486147095887373 -0.010824482835552851 0.051888535906986617 0.041821954274528179
decision_type=2 2 2 2 2 2 2 2 2
left_child=2 -2 5 8 -5 6 -1 -3 -4
right_child=1 7 3 4 -6 -7 -8 -9 -10
leaf_value=0.0012249082160304895 -0.027534142581010765 0.01232220892826497 0.027707044031025172 -0.010998117635524983 0.015731152018244536 0.0088106990526747829 -0.034362020852535168 -0.012845351558619291 0.0075773200030547876
leaf_weight=14.745295852422712 12.010112270712851 12.299299702048303 15.317553386092188 20.185693994164467 14.930017560720442 12.256700113415716 7.5394296795129803 8.1415850818157178 10.103216201066969
leaf_count=61 50 52 65 84 63 51 31 34 42
internal_value=0.000674406 -0.00986415 0.00455495 0.00973601 0.000197431 -0.00415066 -0.0120357 0.00137814 0.0213899
internal_weight=127.529 32.451 95.0779 60.5365 35.1157 34.5414 22.2847 20.4409 25.4208
internal_count=533 136 397 254 147 143 92 86 107
is_linear=0
shrinkage=0.03


end of trees

feature_importances:
vol_ratio=26
macd=23
macro_nikkei_ret_20=21
macro_usdjpy_ret_20=20
macd_signal=18
macro_usdjpy_vol_20=18
ma_20_60_cross=17
bb_bandwidth=17
atr_pct=15
macro_topix_ret_20=15
rsi_change=14
macro_topix_vol_20=14
macd_hist_change=13
macro_usdjpy_ret_60=13
return_3d=12
return_5d=11
lower_shadow_pct=10
div_ma_10=9
macd_hist=9
volatility=9
price_position_20d=9
return_1d=7
div_ma_5=7
div_ma_60=7
rsi=7
vol_change=7
candle_body_pct=6
return_10d=5
return_20d=5
ma_5_20_cross=5
month=5
upper_shadow_pct=4
gap=3
return_2d=2
bb_pct_b=1
macro_nikkei_above_200dma=1

parameters:
[boosting: gbdt]
[objective: binary]
[metric: binary_logloss]
[tree_learner: serial]
[device_type: cpu]
[data_sample_strategy: bagging]
[data: ]
[valid: ]
[num_iterations: 50]
[learning_rate: 0.03]
[num_leaves: 15]
[num_threads: 0]
[seed: 44]
[deterministic: 0]
[force_col_wise: 0]
[force_row_wise: 0]
[histogram_pool_size: -1]
[max_depth: 4]
[min_data_in_leaf: 30]
[min_sum_hessian_in_leaf: 0.001]
[bagging_fraction: 0.7]
[pos_bagging_fraction: 1]
[neg_bagging_fraction: 1]
[bagging_freq: 5]
[bagging_seed: 21897]
[bagging_by_query: 0]
[feature_fraction: 0.6]
[feature_fraction_bynode: 1]
[feature_fraction_seed: 12646]
[extra_trees: 0]
[extra_seed: 20733]
[early_stopping_round: 0]
[early_stopping_min_delta: 0]
[first_metric_only: 0]
[max_delta_step: 0]
[lambda_l1: 0.5]
[lambda_l2: 2]
[linear_lambda: 0]
[min_gain_to_split: 0]
[drop_rate: 0.1]
[max_drop: 50]
[skip_drop: 0.5]
[xgboost_dart_mode: 0]
[uniform_drop: 0]
[drop_seed: 20829]
[top_rate: 0.2]
[other_rate: 0.1]
[min_data_per_group: 100]
[max_cat_threshold: 32]
[cat_l2: 10]
[cat_smooth: 10]
[max_cat_to_onehot: 4]
[top_k: 20]
[monotone_constraints: ]
[monotone_constraints_method: basic]
[monotone_penalty: 0]
[feature_contri: ]
[forcedsplits_filename: ]
[refit_decay_rate: 0.9]
[cegb_tradeoff: 1]
[cegb_penalty_split: 0]
[cegb_penalty_feature_lazy: ]
[cegb_penalty_feature_coupled: ]
[path_smooth: 0]
[interaction_constraints: ]
[verbosity: -1]
[saved_feature_importance_type: 0]
[use_quantized_grad: 0]
[num_grad_quant_bins: 4]
[quant_train_renew_leaf: 0]
[stochastic_rounding: 1]
[linear_tree: 0]
[max_bin: 255]
[max_bin_by_feature: ]
[min_data_in_bin: 5]
[bin_construct_sample_cnt: 200000]
[data_random_seed: 182]
[is_enable_sparse: 1]
[enable_bundle: 1]
[use_missing: 1]
[zero_as_missing: 0]
[feature_pre_filter: 1]
[pre_partition: 0]
[two_round: 0]
[header: 0]
[label_column: ]
[weight_column: ]
[group_column: ]
[ignore_column: ]
[categorical_feature: ]
[forcedbins_filename: ]
[precise_float_parser: 0]
[parser_config_file: ]
[objective_seed: 3944]
[num_class: 1]
[is_unbalance: 0]
[scale_pos_weight: 1]
[sigmoid: 1]
[boost_from_average: 1]
[reg_sqrt: 0]
[alpha: 0.9]
[fair_c: 1]
[poisson_max_delta_step: 0.7]
[tweedie_variance_power: 1.5]
[lambdarank_truncation_level: 30]
[lambdarank_norm: 1]
[label_gain: ]
[lambdarank_position_bias_regularization: 0]
[eval_at: ]
[multi_error_top_k: 1]
[auc_mu_weights: ]
[num_machines: 1]
[local_listen_port: 12400]
[time_out: 120]
[machine_list_filename: ]
[machines: ]
[gpu_platform_id: -1]
[gpu_device_id: -1]
[gpu_use_dp: 0]
[num_gpu: 1]

end of parameters

pandas_categorical:[]
