tree
version=v4
num_class=1
num_tree_per_iteration=1
label_index=0
max_feature_idx=44
objective=binary sigmoid:1
feature_names=return_1d return_2d return_3d return_5d return_10d return_20d div_ma_5 div_ma_10 div_ma_20 div_ma_60 ma_5_20_cross ma_20_60_cross rsi rsi_change macd macd_signal macd_hist macd_hist_change bb_pct_b bb_bandwidth atr_pct volatility vol_change vol_ratio candle_body_pct upper_shadow_pct lower_shadow_pct day_of_week month is_month_end is_month_start streak gap price_position_20d macro_usdjpy_ret_20 macro_usdjpy_ret_60 macro_usdjpy_vol_20 macro_topix_ret_20 macro_topix_vol_20 macro_topix_above_200dma macro_nikkei_ret_20 macro_nikkei_above_200dma macro_nikkei_vi macro_jgb10y macro_bias_score
feature_infos=[-0.15807562854189028:0.19280199076906812] [-0.19745591058900258:0.20318396439925945] [-0.23837838624295249:0.27648600256514033] [-0.22312077480031678:0.26466038425487959] [-0.22794526474391108:0.51396648044692728] [-0.24732908425321964:0.60998936311615415] [-0.16915640225460579:0.14127428137218562] [-0.1870841462002984:0.20210384634114292] [-0.22029774307858255:0.33166417833005718] [-0.16933761871668943:0.42714161878857998] [-0.10587927235867489:0.22633411109306634] [-0.10451971795917625:0.22575615227315504] [8.1967060021082148:97.208545822261641] [-45.895008662445541:25.935042506237515] [-42.781289026320792:147.06201910019445] [-25.6156451012777:134.8357662324137] [-37.02180411853611:30.447379566641217] [-12.449466359751852:13.869117015275624] [-0.2838966303180615:1.4364283109293134] [0.040274051968061941:0.6407999405582322] [0.014894075275995651:0.075648032788874303] [0.0077021828282352106:0.058762458247950636] [-0.7282439959821021:10.583262480262359] [0.399928592221377:2.6429734386181001] [-1:1] [0:0.94467978343156966] [0:0.96428527832031252] [0:4] [1:12] none [0:1] [-9:8] [-0.11365943186759964:0.11592146231981393] [0:1] [-0.10288784967882303:0.08505611680078462] [-0.13986255140503889:0.13160084488587853] [0.0024251968629527628:0.011841457708833433] [-0.22586491944566001:0.19897857359448179] [0.0040695656242548776:0.036437272436454948] [0:1] [-0.22859537662338159:0.23022297972565586] [0:1] none none none
tree_sizes=1071 1196 895 1206 1095 769 778 776 774 780 865 785 1098 991 842 1184 877 974 872 998 668 1067 755 1087 1196 1078 863 884 969 1065 1269 965 1083 1000 872 776 761 1084 784 999 1192 890 871 792 891 993 788 980 684 796 1283 1289 869 1201 1287 791 862 892 1139 897 868 884 886 1367 893 1098 1291 988 779 1209 681 996 785 681 789 790 1098 1283

Tree=0
num_leaves=9
num_cat=0
split_feature=3 9 9 32 32 21 21 35
split_gain=9.45734 8.8425 5.81685 6.49942 6.66182 5.52446 10.707 4.77054
threshold=0.016199751405428401 0.264680109570329 -0.11072781952866588 0.0098180341335376582 -0.0043353328519715175 0.022242212723204341 0.019744604151783994 0.055922458804034465
decision_type=2 2 2 2 2 2 2 2
left_child=2 5 -1 4 -4 6 -2 -7
right_child=1 -3 3 -5 -6 7 -8 -9
leaf_value=0.11150428238659583 0.1142274572322588 0.078704373944319117 0.096273150275542146 0.10677832625820423 0.075193404557819671 0.12259275276354881 0.074576019040375072 0.097687990970653407
leaf_weight=7.7312550991773596 12.719161614775659 7.4818597733974448 24.440741926431656 10.474603682756422 35.41413626074791 26.435904532670975 8.4794410765171033 7.4818597733974448
leaf_count=31 51 30 98 42 142 106 34 30
internal_value=0.0968905 0.105326 0.0899353 0.0870611 0.0832101 0.109767 0.0983235 0.116945
internal_weight=140.659 62.5982 78.0607 70.3295 59.8549 55.1164 21.1986 33.9178
internal_count=564 251 313 282 240 221 85 136
is_linear=0
shrinkage=1


Tree=1
num_leaves=10
num_cat=0
split_feature=23 11 34 12 28 17 26 20 5
split_gain=14.1196 12.9726 12.369 12.7047 6.63955 9.30533 4.88093 3.14459 2.85516
threshold=1.0216719373344161 -0.050255899698410926 -0.025660351537021061 69.606040175047994 8.5000000000000018 0.52549636728678195 0.28338148516902767 0.038380097778354959 0.043476919063473625
decision_type=2 2 2 2 2 2 2 2 2
left_child=1 -1 -3 -4 6 7 8 -6 -2
right_child=4 2 3 -5 5 -7 -8 -9 -10
leaf_value=0.015257027095207217 0.017061582781270457 0.011198565839817277 -0.026781189537579408 0.0061090999067733697 -0.0009468959808930622 -0.025981434403860967 0.032002004107959163 0.022333375317945849 -0.0036376162201091212
leaf_weight=13.964953958988188 9.4741238504648262 11.964822545647619 47.648935198783875 11.71801935136318 8.4789970815181785 7.4824092239141455 12.715724900364874 7.7310668379068366 9.4781288653612119
leaf_count=56 38 48 191 47 34 30 51 31 38
internal_value=-0.00150644 -0.00917433 -0.0144476 -0.0200573 0.00995433 -0.00151646 0.018562 0.0105659 0.00663478
internal_weight=140.657 85.2967 71.3318 59.367 55.3605 23.6925 31.668 16.2101 18.9523
internal_count=564 342 286 238 222 95 127 65 76
is_linear=0
shrinkage=0.03


Tree=2
num_leaves=7
num_cat=0
split_feature=11 34 11 34 11 17
split_gain=12.8918 11.3578 11.7585 10.9384 3.20403 1.15244
threshold=-0.04798584256639931 0.032673805033474286 -0.028411021593489124 0.01132120789607838 -0.069472654759288918 -0.27655091554912742
decision_type=2 2 2 2 2 2
left_child=4 2 -2 -4 -1 -3
right_child=1 5 3 -5 -6 -7
leaf_value=0.0021780125291733193 -0.027168241174543716 -0.0091594839306198671 -0.003944193594331514 0.017799263242115407 0.030045762650404456 -0.030383273417913175
leaf_weight=7.4773713499307659 11.226260975003241 8.4840996712446231 61.346496403217316 28.673977509140968 10.711533591151236 12.731635883450506
leaf_count=30 45 34 246 115 43 51
internal_value=-0.00143192 -0.00511668 -0.000612231 0.00305501 0.0206831 -0.0240623
internal_weight=140.651 122.462 101.247 90.0205 18.1889 21.2157
internal_count=564 491 406 361 73 85
is_linear=0
shrinkage=0.03


Tree=3
num_leaves=10
num_cat=0
split_feature=23 34 3 20 31 28 16 32 22
split_gain=13.3626 10.9031 10.9622 7.90256 7.10582 7.9183 5.92377 3.22783 0.346434
threshold=1.0216719373344161 -0.029256655786391302 0.01505025951171435 0.035714279504014623 1.0000000180025095e-35 7.5000000000000009 -7.2816556040595328 0.0014961332769157789 -0.012015745872191728
decision_type=2 2 2 2 2 2 2 2 2
left_child=1 -1 6 -4 7 -6 -3 8 -2
right_child=4 2 3 -5 5 -7 -8 -9 -10
leaf_value=0.015917425167312677 0.031645062648659857 -0.00035307787998580491 0.010164074532412436 -0.021571012293609786 0.012272206943270917 -0.018660046446019422 -0.028127661121902785 0.002615890959276721 0.011960871066813188
leaf_weight=11.458994984626768 11.460260659456255 9.9890124946832639 21.926727622747425 7.9839724749326697 14.440700083971025 11.479972466826437 33.953609630465508 9.7224908322095853 8.2227235734462756
leaf_count=46 46 40 88 32 58 46 136 39 33
internal_value=-0.00139757 -0.00885858 -0.0132189 0.000402017 0.00975323 -0.00124543 -0.0224307 0.019388 0.0259754
internal_weight=140.638 85.3123 73.8533 29.9107 55.3261 25.9207 43.9426 29.4055 19.683
internal_count=564 342 296 120 222 104 176 118 79
is_linear=0
shrinkage=0.03


Tree=4
num_leaves=9
num_cat=0
split_feature=34 20 15 20 20 35 12 2
split_gain=10.3755 6.8041 8.90639 10.5275 7.73868 7.65673 9.81261 3.65474
threshold=0.032673805033474286 0.026132898467456082 26.824114063330232 0.038095679332744388 0.045913343564364363 0.011193758925841625 57.615897974724568 0.0060914186909135646
decision_type=2 2 2 2 2 2 2 2
left_child=1 5 4 -4 -3 -1 -7 -2
right_child=7 2 3 -5 -6 6 -8 -9
leaf_value=-0.027909862316705079 -0.029025995913997085 0.0074367230508629416 0.01910611690141507 -0.017856579377936461 0.037462497645703467 -0.018342458424312195 0.023335096619314651 -0.0028487551704682308
leaf_weight=10.725810945034029 12.489169895648958 54.324645444750786 7.7255125045776394 21.203167393803596 7.9635008275508872 7.9828619658947018 8.2135977596044523 9.9822693914175016
leaf_count=43 50 218 31 85 32 32 33 40
internal_value=-0.00133953 0.00219467 0.00620721 -0.00690338 0.0125549 -0.0103709 0.0022106 -0.0191937
internal_weight=140.611 118.139 91.2168 28.9287 62.2881 26.9223 16.1965 22.4714
internal_count=564 474 366 116 250 108 65 90
is_linear=0
shrinkage=0.03


Tree=5
num_leaves=6
num_cat=0
split_feature=34 36 14 7 20
split_gain=16.732 11.9562 13.7176 7.76774 6.99771
threshold=0.043409723843486188 0.0076916350943581433 47.867806970421277 0.0048999796208201813 0.04535397258493102
decision_type=2 2 2 2 2
left_child=1 2 4 -3 -1
right_child=-2 3 -4 -5 -6
leaf_value=0.00097551431088699846 -0.030162635371461105 0.0007094571859068184 -0.026536024618683127 0.032838326732386014 0.026740406692295753
leaf_weight=72.534410059452057 11.241197392344473 11.964948311448099 12.984111517667769 17.656562820076942 9.2182829678058607
leaf_count=291 45 48 52 71 37
internal_value=0.00178837 0.00522695 0 0.0212006 0.004629
internal_weight=135.6 124.358 94.7368 29.6215 81.7527
internal_count=544 499 380 119 328
is_linear=0
shrinkage=0.03


Tree=6
num_leaves=6
num_cat=0
split_feature=34 11 36 14 7
split_gain=15.8915 11.7992 10.0838 10.0777 7.18355
threshold=0.043409723843486188 0.15255797480860392 0.0076916350943581433 47.867806970421277 0.01297227206332951
decision_type=2 2 2 2 2
left_child=1 2 3 -1 -4
right_child=-2 -3 4 -5 -6
leaf_value=0.0065358230352465579 -0.029389548666430024 -0.022457922327739924 0.0030757680540825288 -0.023982039010139022 0.03586742594526366
leaf_weight=77.995135888457298 11.243351534008978 10.472930014133452 11.465957239270212 8.9936234802007657 15.374593466520308
leaf_count=313 45 42 46 36 62
internal_value=0.00174089 0.00509626 0.0081049 0.00274399 0.023564
internal_weight=135.546 124.302 113.829 86.9888 26.8406
internal_count=544 499 457 349 108
is_linear=0
shrinkage=0.03


Tree=7
num_leaves=6
num_cat=0
split_feature=34 36 14 7 36
split_gain=15.0767 10.8723 12.3663 7.01698 5.73808
threshold=0.043409723843486188 0.0076916350943581433 47.867806970421277 0.0048999796208201813 0.0037155781200583575
decision_type=2 2 2 2 2
left_child=1 2 4 -3 -1
right_child=-2 3 -4 -5 -6
leaf_value=-0.015375049655528002 -0.028647160595403624 0.00068048124973859561 -0.025216257681359149 0.031315306605905313 0.0074242302120784993
leaf_weight=9.2257171571254712 11.240540638566015 11.964628398418428 12.994826644659041 17.560299307107925 72.486503019928932
leaf_count=37 45 48 52 71 291
internal_value=0.00167329 0.00494593 0 0.0202075 0.00436506
internal_weight=135.473 124.232 94.707 29.5249 81.7122
internal_count=544 499 380 119 328
is_linear=0
shrinkage=0.03


Tree=8
num_leaves=6
num_cat=0
split_feature=34 36 14 7 36
split_gain=14.308 10.3584 11.7101 6.66241 5.44533
threshold=0.043409723843486188 0.0076916350943581433 47.867806970421277 0.0048999796208201813 0.0037155781200583575
decision_type=2 2 2 2 2
left_child=1 2 4 -3 -1
right_child=-2 3 -4 -5 -6
leaf_value=-0.014988889806633274 -0.027933388448388451 0.00066300954295723938 -0.02456191365089231 0.030566411503794608 0.0072103260274367989
leaf_weight=9.2309411615133268 11.233140751719473 11.96422600746155 12.994068488478659 17.500716492533684 72.457578077912331
leaf_count=37 45 48 52 71 291
internal_value=0.00160809 0.00480046 0 0.0197148 0.00422428
internal_weight=135.381 124.148 94.6826 29.4649 81.6885
internal_count=544 499 380 119 328
is_linear=0
shrinkage=0.03


Tree=9
num_leaves=6
num_cat=0
split_feature=34 11 36 14 7
split_gain=13.5826 10.7616 8.79642 8.62896 6.24434
threshold=0.043409723843486188 0.15255797480860392 0.0076916350943581433 47.867806970421277 0.01297227206332951
decision_type=2 2 2 2 2
left_child=1 2 3 -1 -4
right_child=-2 -3 4 -5 -6
leaf_value=0.0060570684767743254 -0.027246336935302439 -0.021642049105055003 0.0028639697076641374 -0.022174781046220809 0.033609651344626922
leaf_weight=77.922602832317352 11.221507206559179 10.469167262315748 11.459520891308786 8.9920198470354062 15.207103833556173
leaf_count=313 45 42 46 36 62
internal_value=0.00154531 0.00465976 0.00754641 0.00253447 0.0220421
internal_weight=135.272 124.05 113.581 86.9146 26.6666
internal_count=544 499 457 349 108
is_linear=0
shrinkage=0.03


Tree=10
num_leaves=7
num_cat=0
split_feature=34 23 12 9 4 24
split_gain=9.83969 11.1985 5.90251 12.8866 5.95962 2.84263
threshold=-0.027958266481249824 1.4459526484058542 42.060664907383334 0.010881811896074971 -0.056819574654507592 0.3900954851588207
decision_type=2 2 2 2 2 2
left_child=5 2 4 -4 -2 -1
right_child=1 -3 3 -5 -6 -7
leaf_value=0.026726572707172089 0 0.023500160388176483 0.016259526473071204 -0.0099814625593301516 -0.029357277752539535 0.0021484791558081329
leaf_weight=13.089233398437502 9.4689419120550173 10.930636838078497 22.625300168991089 50.695489630103111 14.463236227631567 8.3912527710199338
leaf_count=53 38 44 91 204 58 34
internal_value=0.00106718 -0.00258749 -0.00608517 -0.00146815 -0.0184477 0.0187649
internal_weight=129.664 108.184 97.253 73.3208 23.9322 21.4805
internal_count=522 435 391 295 96 87
is_linear=0
shrinkage=0.03


Tree=11
num_leaves=6
num_cat=0
split_feature=36 23 3 2 40
split_gain=13.236 11.5185 5.05224 5.90389 4.41939
threshold=0.0084297479004498983 1.4459526484058542 0.065016771448186531 -0.0019955093938551767 -0.013048150102230314
decision_type=2 2 2 2 2
left_child=1 2 3 -1 -2
right_child=4 -3 -4 -5 -6
leaf_value=-0.011544287116335303 0.0026500728451875517 0.023520888796550746 -0.02304409168867735 0.0035329302238653296 0.035425692806110208
leaf_weight=40.36304646730423 7.3838514387607601 11.160249650478361 12.175211563706396 48.485638916492462 10.042572200298308
leaf_count=162 30 45 49 195 41
internal_value=0.00105372 -0.00273946 -0.00618637 -0.00325474 0.0240129
internal_weight=129.611 112.184 101.024 88.8487 17.4264
internal_count=522 451 406 357 71
is_linear=0
shrinkage=0.03


Tree=12
num_leaves=9
num_cat=0
split_feature=36 14 19 12 36 38 40 32
split_gain=12.6243 6.1996 11.9946 10.6833 8.50183 5.12308 4.21592 1.73488
threshold=0.0084297479004498983 26.206718651685183 0.13633278956395781 42.060664907383334 0.0074235845784227919 0.010125552060191738 -0.013048150102230314 -0.003767218660429394
decision_type=2 2 2 2 2 2 2 2
left_child=1 2 3 -1 7 -4 -2 -3
right_child=6 4 5 -5 -6 -7 -8 -9
leaf_value=-0.029937442768833138 0.0025881247656433957 -0.006510857231349987 0.019488105886410288 0.0009139224506889888 0.01005039654763765 -0.0013823304144362088 0.03468859543260383 -0.029410910887247125
leaf_weight=13.220166116952894 7.3816730231046703 7.7239917963743272 28.301972970366478 27.105887994170189 7.6828908473253241 13.922280877828596 9.9915520101785642 14.214383676648138
leaf_count=53 30 31 114 109 31 56 41 57
internal_value=0.00104027 -0.00265748 0.00147209 -0.00978245 -0.0140056 0.0125162 0.023499 -0.0231925
internal_weight=129.545 112.172 82.5503 40.3261 29.6213 42.2243 17.3732 21.9384
internal_count=522 451 332 162 119 170 71 88
is_linear=0
shrinkage=0.03


Tree=13
num_leaves=8
num_cat=0
split_feature=38 9 12 37 8 25 21
split_gain=9.25424 5.54146 7.09186 7.59791 6.9951 5.32691 4.70332
threshold=0.014238371554770942 0.010881811896074971 42.060664907383334 0.0028931249278122411 0.12414529123432695 0.20000113932198951 0.019842492961580947
decision_type=2 2 2 2 2 2 2
left_child=1 2 3 -1 5 -3 -4
right_child=-2 4 6 -5 -6 -7 -8
leaf_value=0.011385010056042782 0.026154330917049079 -0.019003467259265956 0.027706302852757863 -0.020189922767056431 0.016499403618393148 -0.001183808714939403 0.0011470089050766657
leaf_weight=10.688026934862139 10.036135822534559 30.318764835596085 13.363659411668779 12.447362869977949 7.8985590040683737 32.502485990524292 12.183750227093695
leaf_count=43 41 122 54 50 32 131 49
internal_value=0.0010104 -0.00137552 0.00611058 -0.00526102 -0.00676147 -0.0103363 0.0165874
internal_weight=129.439 119.403 48.6828 23.1354 70.7198 62.8213 25.5474
internal_count=522 481 196 93 285 253 103
is_linear=0
shrinkage=0.03


Tree=14
num_leaves=7
num_cat=0
split_feature=34 23 12 9 4 19
split_gain=8.74271 10.0625 5.08038 11.4699 5.53776 4.31066
threshold=-0.027958266481249824 1.4459526484058542 42.060664907383334 0.0045265609596883112 -0.056819574654507592 0.17381492843630325
decision_type=2 2 2 2 2 2
left_child=5 2 4 -4 -2 -1
right_child=1 -3 3 -5 -6 -7
leaf_value=0 0 0.022333827924669737 0.016498366860682852 -0.0089583847713551323 -0.027756649688202 0.0280845609631808
leaf_weight=9.1168585270643252 9.4699448496103305 10.884096235036848 20.316700354218483 52.889792680740356 14.45784319937229 12.237986862659453
leaf_count=37 38 44 82 213 58 50
internal_value=0.00100369 -0.00243117 -0.00575204 -0.00144316 -0.0172282 0.0177407
internal_weight=129.373 108.018 97.1343 73.2065 23.9278 21.3548
internal_count=522 435 391 295 96 87
is_linear=0
shrinkage=0.03


Tree=15
num_leaves=10
num_cat=0
split_feature=34 36 23 28 40 13 25 34 17
split_gain=10.3735 6.6153 8.39723 6.31945 4.98759 4.51047 3.49785 3.18742 1.12998
threshold=0.032673805033474286 0.0076676376795750565 0.98242553832083634 7.5000000000000009 -0.038722093408236617 2.2062006451240355 0.31720912109295357 0.0041302702113563692 -0.13726165273322996
decision_type=2 2 2 2 2 2 2 2 2
left_child=1 2 7 -4 -3 8 -6 -1 -2
right_child=5 4 3 -5 6 -7 -8 -9 -10
leaf_value=-0.019270207338582042 -0.01048073679470218 -0.0048603614027744419 0.017697518546980623 -0.0062604540155771693 0.0092266441261203078 0 0.036193992444088836 -0.0023009122967868547 -0.034721509799185431
leaf_weight=19.671056270599365 7.7150056660175368 7.6345410495996502 22.325729176402092 14.172715798020361 16.206247866153721 7.4444111585617057 7.2983392477035514 23.904222160577774 8.7030655294656754
leaf_count=79 31 31 90 57 66 30 30 96 35
internal_value=-0.00134863 0.00247098 -0.00198544 0.00816284 0.0138114 -0.0185446 0.0203699 -0.0107999 -0.02652
internal_weight=135.075 111.213 80.0737 36.4984 31.1391 23.8625 23.5046 43.5753 16.4181
internal_count=545 449 322 147 127 96 96 175 66
is_linear=0
shrinkage=0.03


Tree=16
num_leaves=7
num_cat=0
split_feature=34 9 3 19 27 36
split_gain=9.8839 7.6679 9.48283 7.79601 3.87257 3.2575
threshold=0.032673805033474286 0.26936754100020294 0.03206295575910479 0.1801676400037695 2.5000000000000004 0.006173882116836441
decision_type=2 2 2 2 2 2
left_child=1 2 3 -1 -4 -2
right_child=5 -3 4 -5 -6 -7
leaf_value=-0.0083281364140579597 -0.0021341121540559291 -0.02325756799693289 0.025797027093419449 0.011892063366728968 0.0028767843245043208 -0.0265265219922334
leaf_weight=47.454454451799393 9.7057917714118975 7.465043529868125 19.386346414685249 24.082068294286728 12.752172470092772 14.140231296420096
leaf_count=191 39 30 79 97 52 57
internal_value=-0.00131992 0.00240689 0.00480198 -0.00117892 0.0178433 -0.0181121
internal_weight=134.986 111.14 103.675 71.5365 32.1385 23.846
internal_count=545 449 419 288 131 96
is_linear=0
shrinkage=0.03


Tree=17
num_leaves=8
num_cat=0
split_feature=34 9 19 11 13 21 17
split_gain=9.39368 7.30984 7.60488 12.0306 4.30676 4.22855 1.14171
threshold=0.032673805033474286 0.26936754100020294 0.1801676400037695 0.019408128919973792 2.2062006451240355 0.023568477334993711 -0.13726165273322996
decision_type=2 2 2 2 2 2 2
left_child=1 2 3 -1 6 -4 -2
right_child=4 -3 5 -5 -6 -7 -8
leaf_value=0.0087473858130652938 -0.0097814505526553127 -0.022714284223385083 0.028636390616564384 -0.016837456376567327 0 0.0065614964914768687 -0.033571542438844214
leaf_weight=38.329832091927528 7.702406838536267 7.4621612578630439 12.082893386483191 25.853294789791107 7.4376463294029227 27.345947816967964 8.6806635707616806
leaf_count=155 31 30 49 104 30 111 35
internal_value=-0.00128967 0.00234105 0.00468355 -0.00152906 -0.0176704 0.0147442 -0.0254838
internal_weight=134.895 111.074 103.612 64.1831 23.8207 39.4288 16.3831
internal_count=545 449 419 259 96 160 66
is_linear=0
shrinkage=0.03


Tree=18
num_leaves=7
num_cat=0
split_feature=34 40 9 8 38 24
split_gain=9.09393 9.52189 5.8578 7.86497 5.33241 4.17405
threshold=-0.029256655786391302 -0.022431328763404309 0.28159814537116284 0.086769449291983394 0.011418547388299035 0.33541765566309251
decision_type=2 2 2 2 2 2
left_child=5 4 3 -3 -2 -1
right_child=1 2 -4 -5 -6 -7
leaf_value=0.026690172383012474 -0.035007106950654336 -0.0015550952175190104 -0.022758157981574691 0.024169440843034098 -0.0012984356867476955 0
leaf_weight=11.496361657977106 10.952599838376047 78.135237947106361 7.7042474299669257 10.249060809612272 7.9368127435445777 8.3271836340427381
leaf_count=47 44 315 31 42 32 34
internal_value=-0.00126614 -0.00466542 -0.000503787 0.00173078 -0.0230421 0.0163833
internal_weight=134.802 114.978 96.0885 88.3843 18.8894 19.8235
internal_count=545 464 388 357 76 81
is_linear=0
shrinkage=0.03


Tree=19
num_leaves=8
num_cat=0
split_feature=38 38 6 11 11 25 38
split_gain=7.28897 8.1489 6.92784 7.45394 6.46026 4.32809 3.64378
threshold=0.014238371554770942 0.010369766573022724 -0.016203883843282946 -0.043714444410176238 -0.021619464076984615 0.18536578238503745 0.011418547388299035
decision_type=2 2 2 2 2 2 2
left_child=1 2 5 -4 -3 -1 -6
right_child=-2 4 3 -5 6 -7 -8
leaf_value=0.00013959761930192743 0.021773145893750078 0.0022863189503944674 0.020217415343017534 -0.0072397636041821988 -0.03770569750601048 0.026566933032963699 -0.006810394779239469
leaf_weight=11.914600044488909 9.2369049936532956 8.6903990060091036 8.0582744479179365 67.531157612800598 10.172015130519869 10.920010909438131 8.1918182671070081
leaf_count=48 38 35 33 273 41 44 33
internal_value=-0.00123695 -0.00336349 0.000598967 -0.00367366 -0.0173442 0.0145034 -0.0266828
internal_weight=134.715 125.478 98.424 75.5894 27.0542 22.8346 18.3638
internal_count=545 507 398 306 109 92 74
is_linear=0
shrinkage=0.03


Tree=20
num_leaves=5
num_cat=0
split_feature=9 38 5 12
split_gain=10.0608 9.60311 5.62886 8.08441
threshold=0.26936754100020294 0.012143282478604892 -0.087689793309221428 48.746947497438768
decision_type=2 2 2 2
left_child=1 2 -1 -4
right_child=-2 -3 3 -5
leaf_value=0.016931422198342691 -0.029079564382661349 0.0233714842638298 -0.014673801885328937 0.0027796595456178294
leaf_weight=11.890550285577772 7.9388089030981055 14.877311438322065 34.802636504173279 63.976805746555328
leaf_count=48 32 61 140 259
internal_value=0 0.00225793 -0.000811705 -0.00338999
internal_weight=133.486 125.547 110.67 98.7794
internal_count=540 508 447 399
is_linear=0
shrinkage=0.03


Tree=21
num_leaves=9
num_cat=0
split_feature=23 32 11 36 36 21 36 5
split_gain=9.9048 14.88 9.40501 8.94575 6.03334 4.98117 3.48158 2.14764
threshold=1.0216719373344161 -0.00062449409465886719 -0.050255899698410926 0.0083377806787460953 0.0078247875062488013 0.029113971774550357 0.00581070434520511 0.087799568954969556
decision_type=2 2 2 2 2 2 2 2
left_child=2 7 -1 5 6 -4 -3 -2
right_child=1 4 3 -5 -6 -7 -8 -9
leaf_value=0.015629295037104651 0.034675157359311606 0 -0.0091859691361246571 0.011820569278552078 0.016287553758223994 -0.030058294657224118 -0.020862508481561227 0.0092615894283729957
leaf_weight=11.855535954236982 14.072053596377375 11.90337146818638 40.770650699734688 10.423777371644972 7.9975098967552176 15.655767470598219 12.371505334973333 8.3518416434526426
leaf_count=48 57 48 164 43 33 63 50 34
internal_value=0 0.00960584 -0.0067552 -0.0112815 -0.00316757 -0.0160645 -0.0109 0.0273575
internal_weight=133.402 54.6963 78.7057 66.8502 32.2724 56.4264 24.2749 22.4239
internal_count=540 222 318 270 131 227 98 91
is_linear=0
shrinkage=0.03


Tree=22
num_leaves=6
num_cat=0
split_feature=36 11 23 19 19
split_gain=9.47883 9.94361 10.8296 7.56329 5.15221
threshold=0.0077671056023701154 -0.050255899698410926 1.5665664024922317 0.28238360147690139 0.16374728982658091
decision_type=2 2 2 2 2
left_child=1 -1 3 -3 -2
right_child=4 2 -4 -5 -6
leaf_value=0.017849626286989734 0 -0.0072366454420210152 0.022142999543878654 -0.034228248992535515 0.026065585349697769
leaf_weight=13.586139768362044 13.482221692800524 74.284234017133713 7.6068298965692511 9.6834731847047788 14.64897760748863
leaf_count=55 55 299 31 39 61
internal_value=0 -0.00416212 -0.00789983 -0.0112478 0.0148834
internal_weight=133.292 105.161 91.5745 83.9677 28.1312
internal_count=540 424 369 338 116
is_linear=0
shrinkage=0.03


Tree=23
num_leaves=9
num_cat=0
split_feature=23 32 34 11 16 36 25 5
split_gain=9.25266 14.1307 10.0543 9.61033 10.0388 5.55289 3.27668 2.00579
threshold=1.0216719373344161 -0.00062449409465886719 -0.037959605241511755 -0.050255899698410926 -6.2087532432602481 0.0078247875062488013 0.31720912109295357 0.087799568954969556
decision_type=2 2 2 2 2 2 2 2
left_child=2 7 -1 -4 -5 6 -3 -2
right_child=1 5 3 4 -6 -7 -8 -9
leaf_value=0.020771296079637892 0.033787065499033639 -0.018573143633328262 0.012794481961283938 0.0084047521810115614 -0.021224848119609806 0.01558634434521569 0.0019071721705183997 0.0090274629481716419
leaf_weight=8.4800551980733854 14.013222903013231 14.861858204007151 11.089284747838972 10.96868649125099 48.057486027479172 7.9550391733646384 9.40425196290016 8.3347363173961622
leaf_count=35 57 60 45 44 194 33 38 34
internal_value=0 0.00933497 -0.00649303 -0.0104831 -0.0153781 -0.00310525 -0.0105241 0.026669
internal_weight=133.165 54.5691 78.5955 70.1155 59.0262 32.2211 24.2661 22.348
internal_count=540 222 318 283 238 131 98 91
is_linear=0
shrinkage=0.03


Tree=24
num_leaves=10
num_cat=0
split_feature=23 32 34 35 11 35 23 23 5
split_gain=8.74786 13.4336 9.57469 9.54968 6.73613 5.55291 4.4428 3.35974 1.89199
threshold=1.0216719373344161 -0.00062449409465886719 -0.027958266481249824 0.017418134699802915 -0.040340339964565868 0.024715259418742978 1.1460234658817801 0.83010256421693607 0.087799568954969556
decision_type=2 2 2 2 2 2 2 2 2
left_child=2 8 -1 7 -5 6 -3 -4 -2
right_child=1 5 3 4 -6 -7 -8 -9 -10
leaf_value=0.015590438078626829 0.03301022778076388 0.021770932690655494 -0.0060815346761386394 0.016263118458323331 -0.0091350939065091199 -0.016116128960144815 -0.0049598855323047817 -0.034827812124335562 0.0088143529694182272
leaf_weight=12.611961945891379 13.960565313696863 8.0725401043891925 7.8894137144088772 10.600517481565474 33.577364861965179 14.312210738658903 9.8215881139039976 13.866347536444662 8.3286111950874311
leaf_count=52 57 33 32 43 135 58 40 56 34
internal_value=0 0.00912758 -0.0062698 -0.011008 -0.00227552 -0.00298877 0.0073215 -0.0264245 0.026057
internal_weight=133.041 54.4955 78.5456 65.9336 44.1779 32.2063 17.8941 21.7558 22.2892
internal_count=540 222 318 266 178 131 73 88 91
is_linear=0
shrinkage=0.03


Tree=25
num_leaves=9
num_cat=0
split_feature=38 15 38 34 20 12 34 2
split_gain=12.4536 6.69102 9.98525 11.5011 7.22665 9.87779 5.90814 5.33965
threshold=0.014238371554770942 3.8338682682431879 0.009293720380922639 0.010614667307790151 0.026546436315141902 41.192755256770262 0.020349607959124664 0.009104301013632023
decision_type=2 2 2 2 2 2 2 2
left_child=1 4 3 -3 5 -1 -6 -4
right_child=-2 2 7 -5 6 -7 -8 -9
leaf_value=-0.028455022653082626 0.02927313186228191 -0.011278878091497758 -0.033341417728830557 0.020628282107308681 0.020303902599061233 0.0049660355672110409 -0.0063882107460596412 -0.0027609627323821311
leaf_weight=9.6459125876426715 10.026122763752936 26.46665021777153 15.6064470410347 13.814974725246428 25.482225149869919 22.209155857563019 8.1247287243604642 9.4157907664775831
leaf_count=39 42 107 63 56 104 90 33 38
internal_value=0 -0.00260777 -0.00933644 0 0.0039601 -0.00579415 0.0134333 -0.0234452
internal_weight=140.792 130.766 65.3039 40.2816 65.462 31.8551 33.607 25.0222
internal_count=572 530 264 163 266 129 137 101
is_linear=0
shrinkage=0.03


Tree=26
num_leaves=7
num_cat=0
split_feature=38 11 38 11 6 38
split_gain=11.8946 10.4682 9.08642 9.22196 5.55981 5.01853
threshold=0.014238371554770942 -0.050255899698410926 0.0088358271234713261 -0.028411021593489124 0.027743799371991142 0.010977470892964481
decision_type=2 2 2 2 2 2
left_child=1 5 3 -3 -4 -1
right_child=-2 2 4 -5 -6 -7
leaf_value=0.03188614353714099 0.028670729653915827 -0.022640312851168434 -0.020921275661639087 0.0057383181318690123 0.004341612295026628 0
leaf_weight=8.4742989838123339 9.9725123941898328 10.382306680083273 37.090812623500824 58.441302984952927 7.8857785761356345 8.3705026358365995
leaf_count=35 42 42 150 237 32 34
internal_value=0 -0.00255161 -0.00598805 0.000727047 -0.0161763 0.0180399
internal_weight=140.618 130.645 113.8 68.8236 44.9766 16.8448
internal_count=572 530 461 279 182 69
is_linear=0
shrinkage=0.03


Tree=27
num_leaves=7
num_cat=0
split_feature=38 11 38 11 15 6
split_gain=11.3436 9.97399 8.54697 8.75212 7.70322 5.27252
threshold=0.014238371554770942 -0.050255899698410926 0.0088358271234713261 -0.028411021593489124 -12.738421472771405 0.027743799371991142
decision_type=2 2 2 2 2 2
left_child=1 4 3 -3 -1 -4
right_child=-2 2 5 -5 -6 -7
leaf_value=-0.0035871937840462578 0.028087749090738346 -0.022076184402002829 -0.020329239994348901 0.0055733210073022482 0.033301427515081312 0.0042377882652538147
leaf_weight=7.3731954842805889 9.9164742529392225 10.379331350326536 37.084182322025299 58.425752773880959 9.4258485585451108 7.8856096118688574
leaf_count=30 42 42 150 237 39 32
internal_value=0 -0.00246882 -0.00582315 0.000684749 0.0176537 -0.015705
internal_weight=140.49 130.574 113.775 68.8051 16.799 44.9698
internal_count=572 530 461 279 69 182
is_linear=0
shrinkage=0.03


Tree=28
num_leaves=8
num_cat=0
split_feature=11 34 7 37 32 15 21
split_gain=8.5134 6.92871 6.87283 15.5023 6.04593 6.04248 5.3598
threshold=-0.050255899698410926 -0.026460062295815486 0.025739872027993719 0.033029741849426759 -0.00043594784834416472 -12.738421472771405 0.022680528040977362
decision_type=2 2 2 2 2 2 2
left_child=5 6 4 -4 -3 -1 -2
right_child=1 2 3 -5 -6 -7 -8
leaf_value=0 -0.0044331828714162169 -0.00071208672334730242 -0.013105533748265535 0.025338409750780808 -0.019031637627573508 0.032637317519082179 0.02388572314956704
leaf_weight=8.1027126312255877 8.3112688064575213 30.10291400551796 18.279812604188919 15.436885714530943 38.805943936109543 9.3706473261117917 11.934046775102614
leaf_count=33 34 122 74 63 157 39 50
internal_value=0 -0.00281335 -0.00610194 0.00450896 -0.0114861 0.0185124 0.0122324
internal_weight=140.344 122.871 102.626 33.7167 68.9089 17.4734 20.2453
internal_count=572 500 416 137 279 72 84
is_linear=0
shrinkage=0.03


Tree=29
num_leaves=9
num_cat=0
split_feature=11 3 20 9 16 15 7 35
split_gain=8.09736 9.67089 9.82593 10.5044 9.24448 5.80382 4.13439 3.03137
threshold=-0.050255899698410926 0.039536473398129053 0.045913343564364363 0.061572818112022892 10.6095592779683 -12.738421472771405 -0.021343047072470631 0.043590434494193094
decision_type=2 2 2 2 2 2 2 2
left_child=5 2 6 -4 7 -1 -2 -3
right_child=1 4 3 -5 -6 -7 -8 -9
leaf_value=0 -0.0010919805307200276 0.026699270357482922 0.034223792144986012 -0.0084692554667760451 -0.010935297214611716 0.031997713046659659 -0.017933838735976065 0.0027383299180870398
leaf_weight=8.1027126312255877 20.711972922086716 16.237492859363559 7.2873329967260387 9.4942534118890745 11.185933262109755 9.312082111835478 48.708575084805489 9.1354986280202848
leaf_count=33 84 67 30 39 46 39 197 37
internal_value=0 -0.00272899 -0.00826171 0.0109416 0.00967943 0.0180972 -0.0132903 0.0194506
internal_weight=140.176 122.761 86.2021 16.7816 36.5589 17.4148 69.4205 25.373
internal_count=572 500 350 69 150 72 281 104
is_linear=0
shrinkage=0.03


Tree=30
num_leaves=11
num_cat=0
split_feature=23 0 23 21 34 23 34 24 36 24
split_gain=7.12903 10.7311 5.09891 5.67502 4.72991 6.32354 8.34461 4.33603 2.50892 2.17734
threshold=0.98242553832083634 -0.0050155360492841741 0.88854798743338914 0.029113971774550357 0.035075048741410771 1.1460234658817801 0.011892047158507559 0.47213393042704938 0.006173882116836441 0.36076354703473595
decision_type=2 2 2 2 2 2 2 2 2 2
left_child=1 8 3 -3 5 7 -7 -2 -1 -4
right_child=4 2 9 -5 -6 6 -8 -9 -10 -11
leaf_value=-0.029547845258789091 0.028994706778051646 0.017907952265990963 -0.01995754918121765 -0.0085748798117258607 -0.0089835959562030044 -0.011734973518816491 0.020761982176381984 0 -0.0079355183033207738 0
leaf_weight=13.128840863704683 17.801430612802509 21.505962669849399 7.3715719729661924 8.253014609217642 10.094734460115431 16.399050474166874 9.551217392086981 7.3429318368434897 13.681774616241453 7.3380782008171082
leaf_count=53 73 88 30 34 41 67 39 30 56 30
internal_value=0.000244341 -0.00601222 0.00281688 0.0100137 0.00772958 0.0115281 0.000318916 0.0216681 -0.020356 -0.0103012
internal_weight=132.469 71.2792 44.4686 29.759 61.1894 51.0946 25.9503 25.1444 26.8106 14.7097
internal_count=541 291 182 122 250 209 106 103 109 60
is_linear=0
shrinkage=0.03


Tree=31
num_leaves=8
num_cat=0
split_feature=11 23 11 18 1 16 5
split_gain=10.7574 9.05145 7.0764 4.61053 3.97261 4.41189 2.36374
threshold=-0.050255899698410926 0.98242553832083634 -0.023944472219713294 0.88944910007500289 0.015074901660853348 -7.2816556040595328 0.096030626735506455
decision_type=2 2 2 2 2 2 2
left_child=-1 4 -3 -4 5 -2 -6
right_child=1 2 3 -5 6 -7 -8
leaf_value=0.02221444128941261 0 -0.016791883109423825 0.015544830652901399 -0.0034049771536603297 0.0089759596375091136 -0.021440891679006827 -0.010845022890020354
leaf_weight=15.590607866644858 9.9497365206480008 8.6232902556657773 35.17908738553524 14.177769377827643 10.711007729172708 30.740660354495049 7.3803605139255515
leaf_count=65 40 35 144 58 44 125 30
internal_value=0.000222004 -0.00291288 0.00524295 0.0098888 -0.0111121 -0.0161108 0
internal_weight=132.353 116.762 57.9801 49.3569 58.7818 40.6904 18.0914
internal_count=541 476 237 202 239 165 74
is_linear=0
shrinkage=0.03


Tree=32
num_leaves=9
num_cat=0
split_feature=11 23 11 38 14 38 36 13
split_gain=10.2319 8.52142 6.71477 6.58576 7.11424 4.26901 3.56494 0.297144
threshold=-0.050255899698410926 0.98242553832083634 -0.023944472219713294 0.0084540228880572704 14.717798231582721 0.009293720380922639 0.0072008007764995064 0.74584618962670401
decision_type=2 2 2 2 2 2 2 2
left_child=7 3 -3 4 -2 -4 -5 -1
right_child=1 2 5 6 -6 -7 -8 -9
leaf_value=0.0088617218632970514 -0.011796836915754887 -0.016371737720782622 0.01722568778146855 -0.030622737697271293 0.014284475677710693 0 -0.0021808198859523853 0.027478079803909556
leaf_weight=7.1931770592927924 23.988138034939766 8.6304633021354658 26.903260454535484 15.059245929121973 12.547228634357451 22.417029157280922 7.1482840180397025 8.3329400271177274
leaf_count=30 97 35 110 61 51 92 30 35
internal_value=0.000209637 -0.00284143 0.00506867 -0.0108018 -0.00217406 0.00960458 -0.0230239 0.0217046
internal_weight=132.22 116.694 57.9508 58.7429 36.5354 49.3203 22.2075 15.5261
internal_count=541 476 237 239 148 202 91 65
is_linear=0
shrinkage=0.03


Tree=33
num_leaves=8
num_cat=0
split_feature=11 38 38 11 20 20 13
split_gain=9.7966 5.17987 9.41967 7.98909 6.19336 1.51115 0.273615
threshold=-0.050255899698410926 0.011418547388299035 0.0090961795583627148 -0.028411021593489124 0.027750947107826343 0.046338526541622453 0.74584618962670401
decision_type=2 2 2 2 2 2 2
left_child=6 2 3 -2 -4 -3 -1
right_child=1 5 4 -5 -6 -7 -8
leaf_value=0.0086650135258612721 -0.02227494420262361 0.00032071753242722409 0.00032370373869223461 0.0050087022404811093 -0.026635403857638976 0.021128274291482872 0.026937509839366387
leaf_weight=7.1813621222972861 9.3523344993591291 7.3007851988077146 9.6368107348680514 61.445753991603851 21.879464417695999 6.9864343404769897 8.2860033363103849
leaf_count=30 38 30 39 250 89 30 35
internal_value=0.000202304 -0.00277832 -0.00529519 0.000685571 -0.0184171 0.0127616 0.021276
internal_weight=132.069 116.602 102.314 70.7981 31.5163 14.2872 15.4674
internal_count=541 476 416 288 128 60 65
is_linear=0
shrinkage=0.03


Tree=34
num_leaves=7
num_cat=0
split_feature=15 15 14 4 12 24
split_gain=5.66106 7.5455 6.71845 6.7006 5.80346 5.61328
threshold=-5.6961603531635108 -1.9616751689711147 2.0537955570013655 -0.039927929026806079 42.060664907383334 0.19276357816357145
decision_type=2 2 2 2 2 2
left_child=4 -2 5 -4 -1 -3
right_child=1 2 3 -5 -6 -7
leaf_value=-0.00019040942398490228 -0.024731892608363653 0.025041315899667512 -0.027127280730655599 -0.00058990198125046401 0.025869498839992341 -0.0028746978683746927
leaf_weight=14.36821559071541 10.510667234659193 13.233300477266313 8.1397455334663373 64.39257238805294 12.138815656304358 9.1275448948144895
leaf_count=59 43 54 33 264 51 37
internal_value=0.000212676 -0.002832 0 -0.00441726 0.0121951 0.01373
internal_weight=131.911 105.404 94.8932 72.5323 26.507 22.3608
internal_count=541 431 388 297 110 91
is_linear=0
shrinkage=0.03


Tree=35
num_leaves=6
num_cat=0
split_feature=34 11 23 15 21
split_gain=9.64308 7.24653 5.33613 7.48099 6.9355
threshold=0.042197571671482088 0.14851736303110821 1.0533452188771941 -6.7871545777410942 0.018016008893893379
decision_type=2 2 2 2 2
left_child=1 2 3 -1 -4
right_child=-2 -3 4 -5 -6
leaf_value=0.018073815401631763 -0.024450875304820145 -0.018322890874190024 -0.0081707483718337828 -0.0048323930502358076 0.019903005187721808
leaf_weight=14.129523828625677 11.632720321416853 11.771002843976019 8.3865042328834516 60.691670700907707 30.310204491019249
leaf_count=59 48 48 34 248 125
internal_value=-0.000387849 0.00207757 0.00460341 0 0.0133476
internal_weight=136.922 125.289 113.518 74.8212 38.6967
internal_count=562 514 466 307 159
is_linear=0
shrinkage=0.03


Tree=36
num_leaves=6
num_cat=0
split_feature=34 11 19 12 21
split_gain=9.1746 6.88029 7.89043 9.63784 6.23313
threshold=0.042197571671482088 0.14851736303110821 0.1837200855064812 32.909829056875374 0.038054077200168505
decision_type=2 2 2 2 2
left_child=1 2 3 -1 -4
right_child=-2 -3 4 -5 -6
leaf_value=-0.029034952979074134 -0.023898229717219343 -0.017867325146002849 0.02309121858354627 0.0025883307012422785 0
leaf_weight=7.9303366392850867 11.591548413038252 11.760152727365492 25.916962146759033 64.154451072216034 15.417850390076635
leaf_count=32 48 48 106 263 65
internal_value=-0.000387451 0.00201327 0.00447848 -0.00137811 0.0146303
internal_weight=136.771 125.18 113.42 72.0848 41.3348
internal_count=562 514 466 295 171
is_linear=0
shrinkage=0.03


Tree=37
num_leaves=9
num_cat=0
split_feature=11 19 21 36 21 14 19 3
split_gain=7.74385 10.279 5.65249 6.247 5.57151 6.37548 6.04748 2.554
threshold=0.14851736303110821 0.1837200855064812 0.038054077200168505 0.0070260705870346567 0.022388568983851682 15.214648579437126 0.12019662237309509 0.065016771448186531
decision_type=2 2 2 2 2 2 2 2
left_child=1 4 7 -4 6 -6 -1 -3
right_child=-2 2 3 -5 5 -7 -8 -9
leaf_value=-0.00031451562976673146 -0.019824344181998885 0.027818919564362322 -0.016547035533365118 0.017530734947429297 0.014934922030833324 -0.013434116232576156 -0.021050085210299246 0.0038561258983563266
leaf_weight=29.92191743850708 14.448107704520224 18.241174519062046 8.3012803792953473 7.1165700107812873 20.458414182066921 8.1593001186847669 22.152833297848701 7.8461795747280112
leaf_count=123 59 75 34 31 84 33 91 32
internal_value=-0.000397981 0.00206038 0.013916 0 -0.00404542 0.00600742 -0.00986522 0.0219336
internal_weight=136.646 122.198 41.5052 15.4179 80.6925 28.6177 52.0748 26.0874
internal_count=562 503 172 65 331 117 214 107
is_linear=0
shrinkage=0.03


Tree=38
num_leaves=6
num_cat=0
split_feature=11 9 11 23 36
split_gain=7.34824 5.91815 6.83575 6.3503 5.48392
threshold=0.14851736303110821 0.19631886079145286 -0.043714444410176238 1.3522629876601966 0.0065877082966626747
decision_type=2 2 2 2 2
left_child=1 2 4 -4 -1
right_child=-2 -3 3 -5 -6
leaf_value=0.00024429735295867551 -0.019328127600859522 0.01923341770697409 -0.0069957278032965814 0.016500441167283251 0.032747407876451994
leaf_weight=11.802945733070375 14.426144689321516 13.708216831088064 79.942082986235619 9.6399298161268216 6.9857120662927619
leaf_count=49 59 57 327 40 30
internal_value=-0.000389254 0.00200335 -0.000349275 -0.00399839 0.0150385
internal_weight=136.505 122.079 108.371 89.582 18.7887
internal_count=562 503 446 367 79
is_linear=0
shrinkage=0.03


Tree=39
num_leaves=8
num_cat=0
split_feature=11 19 20 10 5 38 14
split_gain=6.99597 9.54953 7.66653 6.27846 5.50837 4.60994 1.48783
threshold=0.14851736303110821 0.1837200855064812 0.036103620215360385 -0.032186782727910916 -1.0000000180025095e-35 0.011739167140687491 20.337448330643216
decision_type=2 2 2 2 2 2 2
left_child=1 3 6 -1 -5 -4 -3
right_child=-2 2 5 4 -6 -7 -8
leaf_value=-0.022812990577372998 -0.018846797345452738 0.037722536588439437 -0.0086786555565218793 0.0092897922853580912 -0.0073319846569160985 0.015512555107763379 0.011894165112698337
leaf_weight=11.266747638583182 14.402178704738615 8.1786826550960559 13.930316686630251 29.19521775841713 40.144849121570587 10.518595442175863 8.7377328574657422
leaf_count=46 59 34 57 120 165 45 36
internal_value=-0.000349539 0.00198239 0.0134352 -0.00389632 -5.89892e-05 0.00154795 0.0278426
internal_weight=136.374 121.972 41.3653 80.6068 69.3401 24.4489 16.9164
internal_count=562 503 172 331 285 102 70
is_linear=0
shrinkage=0.03


Tree=40
num_leaves=10
num_cat=0
split_feature=15 12 19 25 21 21 32 5 9
split_gain=7.12903 11.4631 6.39846 5.67514 5.21373 14.4884 2.84105 0.696573 2.04091
threshold=26.824114063330232 35.446223771215131 0.18515487165006556 0.43990785812890904 0.022388568983851682 0.019744604151783994 0.0056334409369692704 0.20811651670421585 0.12478187773808913
decision_type=2 2 2 2 2 2 2 2 2
left_child=1 2 -1 7 5 -3 -6 8 -2
right_child=3 4 -4 -5 6 -7 -8 -9 -10
leaf_value=-0.030324878883799547 -0.0067113669663504049 0.014857679922596992 0.002078663294543418 0.0063694178899412904 0.021602223252933681 -0.017217066066854955 0.0023719109238412466 -0.0075623484064266154 -0.032613821024840652
leaf_weight=11.468897104263307 7.4306561201810899 25.820704102516174 7.4782297611236563 7.7908078581094733 21.936014130711555 21.270836606621742 13.157979637384413 8.9157476127147657 10.003018483519552
leaf_count=47 30 107 31 32 91 87 55 37 41
internal_value=-0.00206133 0.00186148 -0.0178421 -0.0135567 0.0068981 0 0.0153131 -0.0200112 -0.0241723
internal_weight=135.273 101.133 18.9471 34.1402 82.1855 47.0915 35.094 26.3494 17.4337
internal_count=558 418 78 140 340 194 146 108 71
is_linear=0
shrinkage=0.03


Tree=41
num_leaves=7
num_cat=0
split_feature=11 12 22 15 10 34
split_gain=8.04678 8.67657 8.97811 6.35152 5.5852 4.74222
threshold=0.14851736303110821 35.446223771215131 -0.053292565214352432 27.942923704705045 -0.052840796622448609 0.022649453447683546
decision_type=2 2 2 2 2 2
left_child=1 4 3 -3 -1 -4
right_child=-2 2 5 -5 -6 -7
leaf_value=0.0024235096105736866 -0.022331905351607274 0.020175537134530987 -0.0093128880950333441 -0.0047760380766585378 -0.027082271544775258 0.0084176992572897492
leaf_weight=7.5091843903064754 13.590831592679022 34.069599017500877 39.088404476642609 10.235665798187254 12.927518606185911 17.70982314646244
leaf_count=31 56 142 161 42 53 73
internal_value=-0.0020189 0.000455881 0.00424375 0.0141298 -0.0163226 -0.00343106
internal_weight=135.131 121.54 101.103 44.3053 20.4367 56.7982
internal_count=558 502 418 184 84 234
is_linear=0
shrinkage=0.03


Tree=42
num_leaves=7
num_cat=0
split_feature=11 12 34 34 38 10
split_gain=7.64352 8.21315 5.57392 7.76113 5.71049 5.32509
threshold=0.14851736303110821 35.446223771215131 0.01132120789607838 -0.043289999838839292 0.0088677021514699979 -0.052840796622448609
decision_type=2 2 2 2 2 2
left_child=1 5 3 -3 -4 -1
right_child=-2 2 4 -5 -6 -7
leaf_value=0.0023664501104332541 -0.021794067087969157 0.021938160714091472 0.021263182860769742 -0.0068922776652327912 0 -0.026417291300493272
leaf_weight=7.5077819079160717 13.55829071998596 7.9949092864990225 23.854228556156158 48.380489185452461 20.80752070248127 12.906008064746855
leaf_count=31 56 35 98 199 86 53
internal_value=-0.00197422 0.000434121 0.00412346 -0.00193517 0.0118477 -0.0158954
internal_weight=135.009 121.451 101.037 56.3754 44.6617 20.4138
internal_count=558 502 418 234 184 84
is_linear=0
shrinkage=0.03


Tree=43
num_leaves=6
num_cat=0
split_feature=38 11 37 37 32
split_gain=7.29362 12.4628 8.81992 5.31537 2.15621
threshold=0.014294866342531709 0.14851736303110821 -0.019358921027674666 0.0012491642232593805 -0.0029312043702491293
decision_type=2 2 2 2 2
left_child=1 2 4 -4 -1
right_child=-2 -3 3 -5 -6
leaf_value=-0.0049197148872733533 0.021510462876138177 -0.03148005562718794 0.01538533127911057 -0.00086167992379507197 -0.030115628765801358
leaf_weight=8.2491308599710482 8.8640763163566572 11.326731488108633 21.046757876873016 77.522518709301949 7.8683481067419043
leaf_count=34 39 47 87 319 32
internal_value=-0.00191697 -0.0039924 -0.000656075 0.00269525 -0.0200146
internal_weight=134.878 126.013 114.687 98.5693 16.1175
internal_count=558 519 472 406 66
is_linear=0
shrinkage=0.03


Tree=44
num_leaves=7
num_cat=0
split_feature=11 12 22 21 10 9
split_gain=6.89243 7.71873 8.46549 6.24281 5.05818 4.41427
threshold=0.14851736303110821 35.446223771215131 -0.053292565214352432 0.037091191733703073 -0.052840796622448609 0.17064292244227072
decision_type=2 2 2 2 2 2
left_child=1 4 3 -3 -1 -4
right_child=-2 2 5 -5 -6 -7
leaf_value=0.0023179114070254561 -0.02076780425850254 0.018652344757480292 -0.0072781595340976179 -0.0085128674110608992 -0.025718794661609545 0.013788066281447806
leaf_weight=7.4965284168720272 13.455315604805945 36.757238641381264 48.135675728321075 7.3892162144184104 12.872045323252676 8.6290286928415281
leaf_count=31 56 152 198 32 53 36
internal_value=-0.00187815 0.000398797 0.00398055 0.0136085 -0.0154448 -0.00346027
internal_weight=134.735 121.28 100.911 44.1465 20.3686 56.7647
internal_count=558 502 418 184 84 234
is_linear=0
shrinkage=0.03


Tree=45
num_leaves=8
num_cat=0
split_feature=36 16 23 21 21 21 27
split_gain=5.74046 6.83142 4.77317 4.96463 5.94292 4.36877 0.919307
threshold=0.0078367398957515672 -2.1163058176384304 1.2909136364311082 0.022388568983851682 0.038054077200168505 0.013024639099859668 2.5000000000000004
decision_type=2 2 2 2 2 2 2
left_child=2 -2 3 5 -5 -1 -3
right_child=1 6 -4 4 -6 -7 -8
leaf_value=0.0036809138683566271 -0.0082569087586081662 0.028765627306808275 0.013289464606814202 0.0077864256538921466 -0.017220382098463022 -0.016998766561308835 0.0092065024777414264
leaf_weight=10.12155608832836 7.7994766831398037 10.305117920041086 13.051232442259787 35.52073934674263 8.9378504157066327 33.212487369775772 9.5696407705545408
leaf_count=42 33 44 54 146 37 136 41
internal_value=0.00110665 0.0127911 -0.00214042 -0.00484619 0.00191135 -0.0118884 0.0217365
internal_weight=128.518 27.6742 100.844 87.7926 44.4586 43.334 19.8748
internal_count=533 118 415 361 183 178 85
is_linear=0
shrinkage=0.03


Tree=46
num_leaves=6
num_cat=0
split_feature=38 39 5 10 23
split_gain=7.39198 4.21629 2.97696 5.46572 1.89581
threshold=0.012515968860961867 1.0000000180025095e-35 -0.091817336286777226 -0.02609760395611754 0.95001161237387877
decision_type=2 2 2 2 2
left_child=1 4 -3 -4 -1
right_child=-2 2 3 -5 -6
leaf_value=-0.022706115499653252 0.0206044961804937 0.015593244435881443 -0.019720880521693414 0.0018914137170840065 -0.00050375764165460409
leaf_weight=8.945299834012987 13.500941023230551 9.1458136737346631 10.029749348759649 79.457386553287506 7.317787989974021
leaf_count=37 58 38 41 329 30
internal_value=0.00108746 -0.00139087 0.000900617 -0.000745106 -0.0146864
internal_weight=128.397 114.896 98.6329 89.4871 16.2631
internal_count=533 475 408 370 67
is_linear=0
shrinkage=0.03


Tree=47
num_leaves=8
num_cat=0
split_feature=36 23 10 9 20 0 39
split_gain=5.43642 4.67062 3.87799 7.81985 3.81424 3.37342 3.1507
threshold=0.008138132147436021 1.2468754828786983 1.0000000180025095e-35 0.0033511443190247839 0.036103620215360385 0.010455830375274757 1.0000000180025095e-35
decision_type=2 2 2 2 2 2 2
left_child=1 2 5 -4 -3 -1 -2
right_child=6 4 3 -5 -6 -7 -8
leaf_value=-0.016671118557258773 0 0.022812869600002596 0.019832244073678892 -0.0057984317313819131 -0.0026975265970050591 0.00035364468142251744 0.022335723706191017
leaf_weight=27.906069025397301 7.1978202313184747 9.5505164861679095 12.680975884199141 37.015954330563545 7.3085430264472953 13.409131303429602 13.221904739737511
leaf_count=115 31 40 53 152 30 55 57
internal_value=0.00105009 -0.00159098 -0.00444236 0.000965731 0.0118453 -0.0110381 0.0145684
internal_weight=128.291 107.871 91.0121 49.6969 16.8591 41.3152 20.4197
internal_count=533 445 375 205 70 170 88
is_linear=0
shrinkage=0.03


Tree=48
num_leaves=5
num_cat=0
split_feature=38 34 21 20
split_gain=7.02102 5.47739 5.00312 4.35884
threshold=0.012515968860961867 0.044014419155403502 0.038054077200168505 0.023921940043991296
decision_type=2 2 2 2
left_child=1 2 3 -1
right_child=-2 -3 -4 -5
leaf_value=-0.0090134284118755983 0.020105943931418128 -0.021910777359457574 -0.017256599542910166 0.0062409473835486036
leaf_weight=18.960393741726875 13.430517971515654 8.6629209667444211 10.392460703849791 76.662374407052994
leaf_count=78 58 37 43 317
internal_value=0.00103577 -0.00137542 0.000538359 0.00293992
internal_weight=128.109 114.678 106.015 95.6228
internal_count=533 475 438 395
is_linear=0
shrinkage=0.03


Tree=49
num_leaves=6
num_cat=0
split_feature=38 37 36 37 3
split_gain=6.69684 4.07936 5.02627 5.08061 2.38491
threshold=0.012515968860961867 -0.020845747004007261 0.0080779338962311958 0.0049645344390025778 -0.030232822296630265
decision_type=2 2 2 2 2
left_child=1 4 3 -3 -1
right_child=-2 2 -4 -5 -6
leaf_value=-0.00049738784239337431 0.019652972243092173 0.0089840361266928081 0.017000851047230828 -0.0064843711987134884 -0.025363656190651583
leaf_weight=7.7484736740589142 13.374815464019774 24.875850170850754 12.913553670048712 61.780436620116234 7.2738898843526822
leaf_count=32 58 103 55 255 30
internal_value=0.000988812 -0.00136071 0.000801623 -0.00177226 -0.0149843
internal_weight=127.967 114.592 99.5698 86.6563 15.0224
internal_count=533 475 413 358 62
is_linear=0
shrinkage=0.03


Tree=50
num_leaves=11
num_cat=0
split_feature=37 20 37 21 5 11 9 21 21 23
split_gain=7.15252 11.4382 5.96563 5.70163 9.2688 7.17486 3.32276 3.02849 1.78324 1.36737
threshold=0.017018761795005836 0.035714279504014623 0.036650270038953832 0.021267734314828139 -0.063263398409175206 0.12553405270316534 0.090801653780326771 0.03576177605670397 0.020226880545203326 0.99546646222363677
decision_type=2 2 2 2 2 2 2 2 2 2
left_child=3 2 8 4 -1 9 -4 -3 -2 -5
right_child=1 7 6 5 -6 -7 -8 -9 -10 -11
leaf_value=0.018853844396071965 0 -0.035388518759668704 0.0015068678543227088 0.01234926191794237 -0.017137798221196206 -0.0033413296319817322 0.022691722888954852 -0.0058755510391856561 -0.018896420248766466 0.028959059352878524
leaf_weight=8.8603864163160342 7.2031995058059675 8.3027228564023989 16.286592572927479 18.435696065425873 13.56631390750408 11.727197572588919 12.215783864259718 7.928308129310607 7.3307536393404007 17.726809546351433
leaf_count=37 30 34 67 77 57 49 51 33 30 75
internal_value=0.00348817 -0.00394613 0.0040226 0.00989756 -0.00192463 0.0155898 0.0119707 -0.0240213 -0.0102198 0.0219754
internal_weight=129.584 59.2674 43.0363 70.3164 22.4267 47.8897 28.5024 16.231 14.534 36.1625
internal_count=540 245 178 295 94 201 118 67 60 152
is_linear=0
shrinkage=0.03


Tree=51
num_leaves=11
num_cat=0
split_feature=37 20 19 40 9 35 20 9 36 21
split_gain=6.80906 10.9184 6.65458 5.57325 10.8126 7.21816 5.42593 3.7996 3.27539 2.88277
threshold=0.017018761795005836 0.035714279504014623 0.17758262559572593 0.0063483636520035311 0.023676332838696992 -0.03659263993651251 0.032636176683032717 -0.08622008073449923 0.00581070434520511 0.03576177605670397
decision_type=2 2 2 2 2 2 2 2 2 2
left_child=3 2 8 4 7 -6 -5 -1 -2 -3
right_child=1 9 -4 6 5 -7 -8 -9 -10 -11
leaf_value=0 0.0063163535298250313 -0.034619327646522015 0.021307121732378101 0.0015474918958510303 0.0083014424102682595 -0.020421330981609333 0.037512842384053564 0.025059282471230473 -0.011837846526143734 -0.0057349018670949173
leaf_weight=8.7345293909311312 14.172657847404482 8.2773943990468997 11.961261227726935 7.3861110061407116 11.490231812000276 16.15387336909771 9.0838837027549726 17.347700208425522 16.867205142974854 7.9281214028596869
leaf_count=36 58 34 50 31 50 67 38 73 70 33
internal_value=0.00338849 -0.00386321 0.00391722 0.00965024 0.00424214 -0.00822214 0.0241101 0.0176317 -0.00321414 -0.0234947
internal_weight=129.403 59.2066 43.0011 70.1963 53.7263 27.6441 16.47 26.0822 31.0399 16.2055
internal_count=540 245 178 295 226 117 69 109 128 67
is_linear=0
shrinkage=0.03


Tree=52
num_leaves=7
num_cat=0
split_feature=38 21 23 23 18 19
split_gain=5.81732 4.99285 6.36421 6.12593 4.86179 4.50271
threshold=0.013053296375765669 0.029113971774550357 1.0838276535833935 0.65522726400796327 0.35829649468010655 0.14111663200788802
decision_type=2 2 2 2 2 2
left_child=1 3 4 -1 -3 -5
right_child=-2 2 -4 5 -6 -7
leaf_value=0.026012554047817962 0.021188641305737936 0 0.0095086792716339262 -0.0044447531485041561 -0.029941237384396632 0.0094030948975951604
leaf_weight=8.576460659503935 12.638975739479063 7.2606240063905778 8.2155139446258527 46.308561354875565 11.346689924597738 34.910358548164368
leaf_count=35 56 30 34 192 47 146
internal_value=0.00330891 0.000920078 -0.00983022 0.00443892 -0.0191908 0.00141016
internal_weight=129.257 116.618 26.8228 89.7954 18.6073 81.2189
internal_count=540 484 111 373 77 338
is_linear=0
shrinkage=0.03


Tree=53
num_leaves=10
num_cat=0
split_feature=37 20 19 20 9 4 35 36 23
split_gain=6.45977 10.4136 6.12497 5.18354 6.57297 4.79857 3.481 3.05161 1.50052
threshold=0.017018761795005836 0.035714279504014623 0.17758262559572593 0.026338258574448232 0.038749199341344458 0.0037596116746234647 0.048026981734366044 0.00581070434520511 0.99546646222363677
decision_type=2 2 2 2 2 2 2 2 2
left_child=3 2 7 -1 6 -6 -5 -2 -3
right_child=1 8 -4 4 5 -7 -8 -9 -10
leaf_value=-0.0078993999248490841 0.0061305787353906713 -0.031217331506636734 0.020495397418207467 0.034042858109456023 -0.011179867279090884 0.011312749280394359 0.0091990347232858306 -0.011382029341129293 -0.0070885922507084552
leaf_weight=10.762813106179236 14.163692802190782 8.7877745479345339 11.90368242561817 13.178006991744043 11.266024917364119 20.875593230128288 13.922573536634443 16.887674123048782 7.3613975942134848
leaf_count=45 58 37 50 56 47 89 58 70 30
internal_value=0.00323226 -0.00383035 0.00376096 0.00934421 0.0128775 0.0027964 0.0233045 -0.00305244 -0.0230382
internal_weight=129.109 59.1042 42.955 70.005 59.2422 32.1416 27.1006 31.0514 16.1492
internal_count=540 245 178 295 250 136 114 128 67
is_linear=0
shrinkage=0.03


Tree=54
num_leaves=11
num_cat=0
split_feature=37 37 34 40 11 24 19 22 13 40
split_gain=6.1413 8.8981 8.1103 5.36191 11.4486 7.22625 5.06118 3.77127 2.0611 1.15383
threshold=0.017018761795005836 0.036650270038953832 0.009521747375661806 0.0054584203168970289 0.12553405270316534 -0.55000245666805958 0.13633278956395781 -0.15484133318075047 -0.39974083206048755 0.028019578847365393
decision_type=2 2 2 2 2 2 2 2 2 2
left_child=3 9 8 4 5 -1 -5 -4 -3 -2
right_child=1 2 7 6 -6 -7 -8 -9 -10 -11
leaf_value=-0.011727739524673361 -0.025545125324708425 -0.019648692147541197 0.031425659093074494 0.00096356664218831241 -0.025732203924862408 0.016006255040929045 0.034231721300200857 0.004199542931548025 0 -0.0075736714062802296
leaf_weight=8.7308198362588865 10.436324045062067 7.2729893624782553 7.8126262724399576 7.7400571703910854 7.7784308493137351 35.097311764955521 10.535548493266104 12.892344027757645 8.6524136960506421 11.968464553356169
leaf_count=36 43 30 33 32 33 149 45 53 36 50
internal_value=0.00314245 -0.00374239 0.00504946 0.00910961 0.0034757 0.00988347 0.0223667 0.0169967 -0.00980993 -0.017967
internal_weight=128.917 59.0352 36.6304 69.8822 51.6066 43.8281 18.2756 20.705 15.9254 22.4048
internal_count=540 245 152 295 218 185 77 86 66 93
is_linear=0
shrinkage=0.03


Tree=55
num_leaves=6
num_cat=0
split_feature=11 11 34 34 36
split_gain=6.09301 5.53991 5.92746 6.26456 2.31011
threshold=-0.043714444410176238 -0.029957441624170186 -0.029256655786391302 0.010259946394182486 0.006173882116836441
decision_type=2 2 2 2 2
left_child=4 -2 -3 -4 -1
right_child=1 2 3 -5 -6
leaf_value=0.0034730396926920663 -0.021329297926239998 0.017400837972161035 -0.010946985777194732 0.0045854312395236501 0.026845786476919802
leaf_weight=10.28617273271084 9.9545747041702253 13.487209528684614 41.896649718284607 46.725424528121948 7.7186066359281531
leaf_count=43 41 59 173 194 34
internal_value=0.000575253 -0.00199538 0.000118928 -0.00267163 0.0159249
internal_weight=130.069 112.064 102.109 88.6221 18.0048
internal_count=544 467 426 367 77
is_linear=0
shrinkage=0.03


Tree=56
num_leaves=7
num_cat=0
split_feature=38 14 2 3 5 37
split_gain=7.77426 6.54374 6.51895 5.28947 4.93902 5.25928
threshold=0.014238371554770942 24.218218292788752 -0.039663210907452222 0.039536473398129053 0.23795576031674906 0.0033529433055122797
decision_type=2 2 2 2 2 2
left_child=1 2 -1 -4 5 -3
right_child=-2 4 3 -5 -6 -7
leaf_value=0.0208940398754466 0.025395367159458945 0 -0.0051777594682234779 0.01235003318145257 0.003646581796256371 -0.031795297480010559
leaf_weight=12.519754558801649 8.5228893607854825 7.5820326656103196 61.9857457280159 18.306860774755478 8.5287323445081693 12.498763456940649
leaf_count=52 39 31 257 77 36 52
internal_value=0.000571273 -0.00143294 0.00235058 -0.000796091 -0.0135487 -0.0212
internal_weight=129.945 121.422 92.8124 80.2926 28.6095 20.0808
internal_count=544 505 386 334 119 83
is_linear=0
shrinkage=0.03


Tree=57
num_leaves=7
num_cat=0
split_feature=38 11 2 38 11 36
split_gain=7.44066 6.49921 6.85898 5.32814 5.03355 2.97632
threshold=0.014238371554770942 -0.043714444410176238 -0.030365761762075224 0.0081820151138065466 0.14851736303110821 0.006173882116836441
decision_type=2 2 2 2 2 2
left_child=1 5 3 -3 -4 -1
right_child=-2 2 4 -5 -6 -7
leaf_value=0.00081126719298208426 0.024935634731156616 0.027019202955445923 -0.0051290197890892309 -0.0012823370510455906 -0.027947135442289519 0.026372534845603531
leaf_weight=9.5949060916900653 8.4574912339448911 7.7345291376113918 74.834275543689728 12.742027118802069 8.736549958586691 7.6590961664915076
leaf_count=40 39 32 309 53 37 34
internal_value=0.000568313 -0.0013859 -0.00438507 0.0101935 -0.00828717 0.0144978
internal_weight=129.759 121.301 104.047 20.4766 83.5708 17.254
internal_count=544 505 431 85 346 74
is_linear=0
shrinkage=0.03


Tree=58
num_leaves=10
num_cat=0
split_feature=37 40 35 10 37 14 0 21 21
split_gain=5.30482 6.97086 5.6431 4.87636 4.46525 4.38317 1.95752 1.49984 1.12492
threshold=0.0012491642232593805 0.0065491906925849728 0.045161968770537249 0.0051583548610405492 0.02585458028485799 20.820219902718637 -0.0012643901672543809 0.02441598985167388 0.020332096577690938
decision_type=2 2 2 2 2 2 2 2 2
left_child=2 -2 5 6 -5 8 -3 -4 -1
right_child=1 3 7 4 -6 -7 -8 -9 -10
leaf_value=0.0087107743289271903 -0.022718314675716254 0 -0.011187733704928104 0.021294671956345799 0 0 -0.017258406624357733 0.0040641399082854673 0.029709973714849562
leaf_weight=8.4136270284652763 12.629398241639135 10.848538845777513 9.9646404981613177 10.376436427235602 35.030719459056854 8.983516186475752 13.299362123012541 7.8993541002273551 12.133510351181028
leaf_count=36 53 45 41 44 146 38 55 33 53
internal_value=0.000572671 -0.00389442 0.00846652 0 0.00579774 0.0162326 -0.0103392 -0.00395816 0.0233119
internal_weight=129.579 82.1845 47.3946 69.5551 45.4072 29.5307 24.1479 17.864 20.5471
internal_count=544 343 201 290 190 127 100 74 89
is_linear=0
shrinkage=0.03


Tree=59
num_leaves=7
num_cat=0
split_feature=11 11 3 35 17 20
split_gain=5.52584 5.19183 4.49714 5.96812 4.00697 2.61642
threshold=-0.043714444410176238 -0.029957441624170186 -0.023484491988895569 -0.037469770689070529 -0.19083599001569282 0.026269893429269168
decision_type=2 2 2 2 2 2
left_child=5 -2 4 -4 -3 -1
right_child=1 2 3 -5 -6 -7
leaf_value=0.00084921996507050389 -0.020630951854803549 0.016140328186170162 0.010882635018271806 -0.0085034458599476202 -0.0067475452724692067 0.024990136856801334
leaf_weight=8.7063210457563418 9.9181637912988645 21.858203008770946 16.579922869801521 55.929379627108574 7.2958146035671225 9.1425694078206998
leaf_count=37 41 91 73 232 30 40
internal_value=0.000560127 -0.00188348 0.000163553 -0.00369619 0.00986567 0.0152425
internal_weight=129.43 111.581 101.663 72.5093 29.154 17.8489
internal_count=544 467 426 305 121 77
is_linear=0
shrinkage=0.03


Tree=60
num_leaves=7
num_cat=0
split_feature=34 13 34 40 15 20
split_gain=4.48181 8.21488 4.14447 9.17635 7.69624 2.25324
threshold=0.035075048741410771 7.9100547923299418 0.01132120789607838 0.01817119538271517 -6.7871545777410942 0.028849262583759621
decision_type=2 2 2 2 2 2
left_child=1 2 4 -4 -1 -2
right_child=5 -3 3 -5 -6 -7
leaf_value=0.019602253154414991 0 -0.019401494720855814 -0.004117622028208894 0.025357392821154841 -0.0046372958726514533 -0.020396374727445193
leaf_weight=12.816884368658064 7.2127349525690105 12.353195950388907 14.628616586327551 19.83755961060524 55.405287399888039 11.811876729130743
leaf_count=55 30 52 61 83 234 50
internal_value=-0.000467044 0.00171767 0.00472366 0.0128961 0.000131568 -0.0132981
internal_weight=134.066 115.042 102.688 34.4662 68.2222 19.0246
internal_count=565 485 433 144 289 80
is_linear=0
shrinkage=0.03


Tree=61
num_leaves=7
num_cat=0
split_feature=11 11 23 14 14 14
split_gain=5.9902 5.89117 5.08572 3.51455 6.3936 5.5945
threshold=-0.04798584256639931 -0.07495955182492918 1.5665664024922317 -1.7012161848111871 4.0427985385881025 -9.9201285921820936
decision_type=2 2 2 2 2 2
left_child=1 -1 3 5 -5 -2
right_child=2 -3 -4 4 -6 -7
leaf_value=-0.0038903122540236115 0.0018380776965746725 0.028002307272587165 0.01802290921820739 0.011717142394603633 -0.0065534367850387989 -0.025426326918093895
leaf_weight=7.1404076814651516 9.4933921992778796 10.068992510437964 7.2781958431005469 21.000563412904739 64.589419737458229 14.363548681139944
leaf_count=30 40 45 31 87 272 60
internal_value=-0.000457626 0.0149615 -0.00307102 -0.00490662 -0.00173409 -0.0146939
internal_weight=133.935 17.2094 116.725 109.447 85.59 23.8569
internal_count=565 75 490 459 359 100
is_linear=0
shrinkage=0.03


Tree=62
num_leaves=7
num_cat=0
split_feature=34 13 34 40 34 26
split_gain=4.19521 7.80695 3.851 8.69932 7.05714 2.41188
threshold=0.035075048741410771 7.9100547923299418 0.01132120789607838 0.01817119538271517 -0.027958266481249824 0.26731918648221781
decision_type=2 2 2 2 2 2
left_child=1 2 4 -4 -1 -2
right_child=5 -3 3 -5 -6 -7
leaf_value=0.014448677274988889 -0.022976430545934436 -0.01888978759818085 -0.0040235125562625047 0.024693044737688262 -0.0058685462654671809 -0.00076692202769679783
leaf_weight=20.20146769285202 8.6704028546810168 12.362265795469282 14.60900968313217 19.740740165114403 47.910731866955757 10.275637865066527
leaf_count=89 37 52 61 83 200 43
internal_value=-0.000427085 0.00168284 0.00462271 0.0125178 0.000183683 -0.0128703
internal_weight=133.77 114.824 102.462 34.3497 68.1122 18.946
internal_count=565 485 433 144 289 80
is_linear=0
shrinkage=0.03


Tree=63
num_leaves=12
num_cat=0
split_feature=15 20 10 9 40 28 20 38 7 7 18
split_gain=3.71701 5.93066 7.4209 4.68608 7.5211 6.45264 5.97705 5.07199 4.28568 3.61655 4.84349
threshold=3.7306786457140713 0.026546436315141902 -0.012739963565230493 0.082342223829568212 0.011850024431462549 7.5000000000000009 0.036641689840313942 0.010285484321453283 0.005514563304204064 0.025739872027993719 0.21377002394255651
decision_type=2 2 2 2 2 2 2 2 2 2 2
left_child=1 2 -1 6 7 -6 -2 -5 -4 10 -3
right_child=3 9 8 4 5 -7 -8 -9 -10 -11 -12
leaf_value=-0.023191996308914529 -0.031698845728057971 0 0.020210142953608509 -0.021675906512355021 0.018211734319171363 -0.011353729519971141 0 0.0057341668440842406 -0.0051423555095463456 -0.0030951294649129912 0.027463164580757819
leaf_weight=10.263965159654619 9.4923626184463519 9.5457301437854785 8.3612627089023608 15.165435254573824 20.905116349458698 7.1296222805976859 10.779525727033613 7.1944383680820456 11.353273138403891 7.3466501533985129 16.078917801380157
leaf_count=43 39 40 35 64 88 30 45 32 48 32 69
internal_value=-0.000427065 0.00467438 -0.00449335 -0.00518144 0 0.00993805 -0.016642 -0.0124941 0.00579038 0.0132191 0.0183249
internal_weight=133.616 62.9498 29.9785 70.6665 50.3946 28.0347 20.2719 22.3599 19.7145 32.9713 25.6246
internal_count=565 267 126 298 214 118 84 96 83 141 109
is_linear=0
shrinkage=0.03


Tree=64
num_leaves=7
num_cat=0
split_feature=11 11 23 34 36 0
split_gain=5.60481 6.20933 4.67138 4.16493 4.60513 2.50305
threshold=-0.050255899698410926 -0.07495955182492918 1.5665664024922317 -0.027958266481249824 0.0053005412002985622 0.0040623265150919749
decision_type=2 2 2 2 2 2
left_child=1 -1 3 5 -5 -2
right_child=2 -3 -4 4 -6 -7
leaf_value=-0.0038321238420428974 0.015739385020085334 0.029790267726350867 0.01741046410780555 0.0017240376583420277 -0.012191898824573532 -0.0027556601764966117
leaf_weight=7.1288821697235099 10.74246257543564 8.7477301955223066 7.218083754181861 29.380490496754646 59.878144294023514 10.310484901070593
leaf_count=30 47 40 31 121 251 45
internal_value=-0.000428267 0.0151144 -0.00287113 -0.00461819 -0.00750955 0.00657768
internal_weight=133.406 15.8766 117.53 110.312 89.2586 21.0529
internal_count=565 70 495 464 372 92
is_linear=0
shrinkage=0.03


Tree=65
num_leaves=9
num_cat=0
split_feature=12 14 14 5 20 25 5 38
split_gain=6.55029 6.63392 7.149 4.72907 4.66101 4.96744 3.84409 1.76352
threshold=28.80438682062606 2.6377902417119121 -1.7012161848111871 -0.079538364912204437 0.029375437008698439 0.45077019257114909 0.096030626735506455 0.0075432844271906265
decision_type=2 2 2 2 2 2 2 2
left_child=-1 2 3 -2 6 -6 -3 -4
right_child=1 4 7 -5 5 -7 -8 -9
leaf_value=-0.02330170119356844 0.01718504307659624 -0.031798672554644643 0.0079674317531466428 -0.0073301937001396264 -0.0050888667658511499 0.018658361588848229 -0.0012956795711848606 0.02984535236853229
leaf_weight=9.0570301264524442 7.7193723618984249 7.5384356528520575 10.435459166765215 23.819869592785835 39.817897468805313 7.7459271848201743 8.1795801520347577 10.640653520822523
leaf_count=38 34 31 43 102 169 33 34 45
internal_value=-0.00118943 0.000777329 0.00858928 -0.000215772 -0.00555226 -0.000322063 -0.0187097 0.0212923
internal_weight=124.954 115.897 52.6154 31.5392 63.2818 47.5638 15.718 21.0761
internal_count=529 491 224 136 267 202 65 88
is_linear=0
shrinkage=0.03


Tree=66
num_leaves=11
num_cat=0
split_feature=23 21 21 15 10 8 35 35 0 8
split_gain=6.30818 7.85328 6.22678 5.47812 5.45354 5.24694 5.14423 4.97636 2.7782 1.50155
threshold=0.96976565992847286 0.025246728277641791 0.019744604151783994 7.8578503234574599 -0.012739963565230493 -0.019151417998432379 0.032854508578490156 -0.014541151268129214 0.02331963138922755 -0.045639493539347931
decision_type=2 2 2 2 2 2 2 2 2 2
left_child=2 3 6 4 -2 9 -1 -7 -3 -4
right_child=1 8 5 -5 -6 7 -8 -9 -10 -11
leaf_value=-0.0056516229119738847 -0.0091098667974659365 0.025543424501639326 -0.0068066232844442368 -0.020364538880248605 0.015335716643842718 0 0.023672841926672697 -0.026684008970652488 0.00064823370884653454 0.010002702540569702
leaf_weight=10.579457551240923 12.934661984443665 15.274425208568575 7.6381278038024902 9.3780725896358472 15.540318563580513 9.2188113927841169 7.0259116739034644 23.086979493498802 7.0643281936645499 7.1097246706485731
leaf_count=45 54 65 32 39 66 41 30 97 30 30
internal_value=-0.00115222 0.0056013 -0.0076436 -0.00247832 0.00387008 -0.0132934 0.00650713 -0.019752 0.0189872 0.000628066
internal_weight=124.851 60.1918 64.659 37.8531 28.475 47.0536 17.6054 32.3058 22.3388 14.7479
internal_count=529 254 275 159 120 200 75 138 95 62
is_linear=0
shrinkage=0.03


Tree=67
num_leaves=8
num_cat=0
split_feature=12 23 12 23 14 0 8
split_gain=6.19405 6.79128 5.26597 5.11489 6.29106 4.35794 2.77859
threshold=28.80438682062606 0.96976565992847286 69.91172924910866 0.65522726400796327 2.6377902417119121 0.01951742549006619 0.11737754509304893
decision_type=2 2 2 2 2 2 2
left_child=-1 3 5 -2 -5 -3 -4
right_child=1 2 6 4 -6 -7 -8
leaf_value=-0.022634001756994114 0.011941434049989211 0.018693232155756273 -0.015500060516194188 0.00011932763253892542 -0.020134075104480974 -0.0040743865686665159 0.0063819312347357616
leaf_weight=9.042603135108946 9.3887331932783109 32.30284483730793 8.7968804836273211 25.424645900726318 24.812762349843979 7.6074106693267813 7.3446795791387549
leaf_count=38 39 137 37 109 106 32 31
internal_value=-0.00111384 0.00079702 0.00825765 -0.00601335 -0.00998475 0.0140082 -0.00511065
internal_weight=124.721 115.678 56.0518 59.6261 50.2374 39.9103 16.1416
internal_count=529 491 237 254 215 169 68
is_linear=0
shrinkage=0.03


Tree=68
num_leaves=6
num_cat=0
split_feature=12 5 21 21 13
split_gain=5.89856 5.2012 4.67178 12.3542 3.5337
threshold=28.80438682062606 -0.09034075216220093 0.019744604151783994 0.02208293396495856 -1.7484167030132729
decision_type=2 2 2 2 2
left_child=-1 -2 4 -4 -3
right_child=1 2 3 -5 -6
leaf_value=-0.02210362053512473 0.022996876649459617 -0.0026844105357873463 -0.026573827708903701 0.001222230544758142 0.017403418617708045
leaf_weight=9.0299741029739362 6.8231070488691321 10.947362646460535 16.114438399672508 65.158334985375404 16.500265493988991
leaf_count=38 30 46 67 278 70
internal_value=-0.00109007 0.000772724 -0.00087676 -0.0046148 0.00924393
internal_weight=124.573 115.544 108.72 81.2728 27.4476
internal_count=529 491 461 345 116
is_linear=0
shrinkage=0.03


Tree=69
num_leaves=10
num_cat=0
split_feature=23 21 34 15 10 35 21 11 0
split_gain=5.59388 7.31514 5.89741 5.12776 5.07833 4.82451 8.56234 2.59562 2.54514
threshold=0.96976565992847286 0.025246728277641791 -0.037959605241511755 7.8578503234574599 -0.012739963565230493 0.032225649225923754 0.019744604151783994 0.0042046673810184352 0.02331963138922755
decision_type=2 2 2 2 2 2 2 2 2
left_child=2 3 -1 4 -2 7 -7 -4 -3
right_child=1 8 5 -5 -6 6 -8 -9 -10
leaf_value=0.013429051480973484 -0.0088259232260974058 0.02456301519443866 -0.032528061931253106 -0.01977055095386521 0.014789462872450573 0.021968304972586804 -0.011481427644189652 -0.0097369621381304429 0.00061073993973075828
leaf_weight=8.3648346364498121 12.921936243772507 15.184681385755541 8.9948624223470706 9.3913924843072873 15.447892606258392 7.4850146025419262 22.540771886706352 17.090021222829819 7.0613254308700553
leaf_count=38 54 65 38 39 66 32 95 72 30
internal_value=-0.00105905 0.00530217 -0.00718646 -0.00248657 0.00366631 -0.0108743 -0.00182332 -0.0198869 0.0182563
internal_weight=124.483 60.0072 64.4755 37.7612 28.3698 56.1107 30.0258 26.0849 22.246
internal_count=529 254 275 159 120 237 127 110 95
is_linear=0
shrinkage=0.03


Tree=70
num_leaves=5
num_cat=0
split_feature=38 11 23 38
split_gain=7.06831 7.3211 6.44884 5.32204
threshold=0.014509642356889844 0.14851736303110821 1.3522629876601966 0.0090356108761418964
decision_type=2 2 2 2
left_child=1 2 3 -1
right_child=-2 -3 -4 -5
leaf_value=0.0041818084489226304 0.024970651911944836 -0.022500732436216721 0.020418789520059818 -0.0094201608287120542
leaf_weight=58.867393463850021 7.901039943099021 11.218430131673811 11.687444761395453 42.393141120672226
leaf_count=246 38 48 50 180
internal_value=0.000489585 -0.00132046 0.00100764 -0.00143961
internal_weight=132.067 124.166 112.948 101.261
internal_count=562 524 476 426
is_linear=0
shrinkage=0.03


Tree=71
num_leaves=8
num_cat=0
split_feature=38 38 38 17 5 20 16
split_gain=6.78027 4.65672 10.6072 9.57882 7.72292 3.5012 2.33816
threshold=0.014509642356889844 0.0090356108761418964 0.0077425284203054114 -0.6320080366362818 -0.081791098643466051 0.025711436238502489 -0.59593774255256349
decision_type=2 2 2 2 2 2 2
left_child=1 2 3 -1 -3 -6 -4
right_child=-2 4 6 -5 5 -7 -8
leaf_value=0.015290545469051425 0.024555858416566437 0.012999586390952131 0.0050852346982962248 -0.014343483505798863 0.0011263645064112865 -0.0176236625246542 0.02548210757943686
leaf_weight=11.838647261261938 7.8283570706844321 10.507154390215872 12.066026553511621 30.417660862207413 9.6294157356023771 34.678806483745575 14.913361087441443
leaf_count=50 38 45 50 127 41 147 64
internal_value=0.000483652 -0.00128196 0.00370791 -0.00538639 -0.0077572 -0.0133522 0.0178581
internal_weight=131.879 124.051 69.2357 42.2563 54.8154 44.3082 26.9794
internal_count=562 524 291 177 233 188 114
is_linear=0
shrinkage=0.03


Tree=72
num_leaves=6
num_cat=0
split_feature=38 23 38 38 15
split_gain=6.49169 6.32108 5.5271 7.84592 5.69016
threshold=0.014509642356889844 1.5665664024922317 0.0090356108761418964 0.0077425284203054114 -7.001180415926231
decision_type=2 2 2 2 2
left_child=1 2 3 -1 -4
right_child=-2 -3 4 -5 -6
leaf_value=-0.0054059537564537675 0.024150411021487121 0.022680536216901151 0.004686931063513854 0.015224256657632109 -0.016320911954984568
leaf_weight=40.389093518257141 7.7556717693805686 7.1191631853580466 13.99339586496353 24.864215910434723 37.511532142758369
leaf_count=169 38 31 61 105 158
internal_value=0.000504074 -0.0012174 -0.00315827 0.00245095 -0.0103711
internal_weight=131.633 123.877 116.758 65.2533 51.5049
internal_count=562 524 493 274 219
is_linear=0
shrinkage=0.03


Tree=73
num_leaves=5
num_cat=0
split_feature=38 11 23 38
split_gain=6.22127 6.75809 5.89398 4.55795
threshold=0.014509642356889844 0.14851736303110821 1.3522629876601966 0.0090356108761418964
decision_type=2 2 2 2
left_child=1 2 3 -1
right_child=-2 -3 -4 -5
leaf_value=0.0039260670557457761 0.023753882000732258 -0.021612310650662728 0.019700858965624783 -0.0086734543928693349
leaf_weight=58.746491223573685 7.6830755770206443 11.109712317585943 11.5745383054018 42.282596006989479
leaf_count=246 38 48 50 180
internal_value=0.000513666 -0.00116527 0.00106316 -0.00126749
internal_weight=131.396 123.713 112.604 101.029
internal_count=562 524 476 426
is_linear=0
shrinkage=0.03


Tree=74
num_leaves=6
num_cat=0
split_feature=38 11 36 11 5
split_gain=5.97057 6.45216 5.02378 7.19485 5.66967
threshold=0.014509642356889844 0.14851736303110821 0.0050336948839173829 0.0032373414159690976 -0.087689793309221428
decision_type=2 2 2 2 2
left_child=1 2 3 -1 -4
right_child=-2 -3 4 -5 -6
leaf_value=-0.0038139585444336033 0.023365873920788274 -0.021161772748240128 0.017194196904582147 0.023403074446665027 -0.0057664405580139001
leaf_weight=13.969095483422281 7.6106526404619208 11.049352735280989 8.9460081160068494 16.741680100560188 72.884337842464447
leaf_count=59 38 48 39 70 308
internal_value=0.000506851 -0.00113104 0.00103979 0.0110883 -0.00272703
internal_weight=131.201 123.59 112.541 30.7108 81.8303
internal_count=562 524 476 129 347
is_linear=0
shrinkage=0.03


Tree=75
num_leaves=6
num_cat=0
split_feature=3 36 21 7 21
split_gain=6.83487 5.22266 5.41477 5.01399 4.89556
threshold=-0.071213529097928094 0.008138132147436021 0.037494865878935878 0.014482384439057581 0.022388568983851682
decision_type=2 2 2 2 2
left_child=-1 2 4 -3 -2
right_child=1 3 -4 -5 -6
leaf_value=0.021138494632850929 -0.011052029619434803 -0.0047945339584633036 -0.025310011511792539 0.023196432215473323 0.0027000149574474461
leaf_weight=8.2873057574033719 43.402376264333725 9.2406243383884448 11.159184396266935 9.2561298757791501 43.899722680449486
leaf_count=35 183 40 48 44 187
internal_value=-0.00213172 -0.00423434 -0.00707653 0.00937751 -0.00406327
internal_weight=125.245 116.958 98.4613 18.4968 87.3021
internal_count=537 502 418 84 370
is_linear=0
shrinkage=0.03


Tree=76
num_leaves=9
num_cat=0
split_feature=20 37 20 20 35 33 28 28
split_gain=7.47152 4.79913 4.21746 8.9839 6.25141 5.40074 3.09258 1.76084
threshold=0.04613024399869501 0.0091342512688116235 0.037085046227847605 0.02701442806255715 0.042348517257450043 0.43723128178429965 7.5000000000000009 6.5000000000000009
decision_type=2 2 2 2 2 2 2 2
left_child=2 7 3 5 -5 -1 -4 -2
right_child=1 -3 6 4 -6 -7 -8 -9
leaf_value=-0.026411641569805761 0.0051390084024248205 -0.0032121077541836314 -0.0031488133372161815 0.015302444104680251 -0.0062579948090236226 -0.0022842226847436123 -0.027472862597307218 0.031180478274467158
leaf_weight=14.126473322510718 6.4166093766689318 8.8008201569318754 11.044708177447321 26.999403923749924 18.083934441208839 21.417921960353851 10.478624433279036 7.7619848847389221
leaf_count=60 29 38 48 115 78 90 44 35
internal_value=-0.00206322 0.012528 -0.00566716 -0.00213417 0.00643702 -0.0131689 -0.0169576 0.0224146
internal_weight=125.13 22.9794 102.151 80.6277 45.0833 35.5444 21.5233 14.1786
internal_count=537 102 435 343 193 150 92 64
is_linear=0
shrinkage=0.03


Tree=77
num_leaves=11
num_cat=0
split_feature=20 34 23 16 34 15 14 20 35 4
split_gain=7.13817 5.56443 5.17612 4.75923 5.76198 5.73827 5.28245 4.62857 2.80743 2.38055
threshold=0.04613024399869501 -0.024522307203724499 0.99546646222363677 3.1451103167970218 0.01132120789607838 -6.7871545777410942 -12.400917156705985 0.028453299399449541 0.047612426125369763 0.078079196369375561
decision_type=2 2 2 2 2 2 2 2 2 2
left_child=3 -2 -3 5 9 6 -1 -7 -6 -5
right_child=1 2 -4 4 8 7 -8 -9 -10 -11
leaf_value=-0.0086890442179300663 0.032497305917518877 -0.014262893058107838 0.015700644367085823 0.0038323704305877971 0.025790499944589023 -0.02433837856606481 0.02122523566601827 -0.0053576303119762178 0 -0.015913657680006073
leaf_weight=9.9211240559816378 6.261760592460635 7.5995608866214779 9.0816628485918027 7.0241137742996242 8.5372564047574979 23.694103360176086 7.2577059268951407 28.398237735033035 6.9107371866703025 10.306647419929503
leaf_count=42 30 33 39 30 37 99 32 121 30 44
internal_value=-0.00201864 0.0122502 0.00118149 -0.00554455 0.00340412 -0.00996618 0.00406249 -0.014849 0.0160277 -0.00756618
internal_weight=124.993 22.943 16.6812 102.05 32.7788 69.2712 17.1788 52.0923 15.448 17.3308
internal_count=537 102 72 435 141 294 74 220 67 74
is_linear=0
shrinkage=0.03


end of trees

feature_importances:
ma_20_60_cross=52
macro_usdjpy_ret_20=42
macro_topix_vol_20=41
vol_ratio=36
volatility=33
macro_usdjpy_vol_20=31
atr_pct=29
div_ma_60=19
macd=19
rsi=18
return_20d=16
macd_signal=16
macro_topix_ret_20=16
bb_bandwidth=15
macro_usdjpy_ret_60=14
macro_nikkei_ret_20=11
return_5d=10
div_ma_10=10
ma_5_20_cross=10
gap=10
rsi_change=8
return_1d=7
macd_hist=7
macd_hist_change=6
candle_body_pct=6
upper_shadow_pct=6
month=6
return_3d=5
return_10d=5
div_ma_20=5
vol_change=4
div_ma_5=3
bb_pct_b=3
lower_shadow_pct=2
day_of_week=2
macro_topix_above_200dma=2
return_2d=1
streak=1
price_position_20d=1

parameters:
[boosting: gbdt]
[objective: binary]
[metric: binary_logloss]
[tree_learner: serial]
[device_type: cpu]
[data_sample_strategy: bagging]
[data: ]
[valid: ]
[num_iterations: 500]
[learning_rate: 0.03]
[num_leaves: 15]
[num_threads: 0]
[seed: 44]
[deterministic: 0]
[force_col_wise: 0]
[force_row_wise: 0]
[histogram_pool_size: -1]
[max_depth: 4]
[min_data_in_leaf: 30]
[min_sum_hessian_in_leaf: 0.001]
[bagging_fraction: 0.7]
[pos_bagging_fraction: 1]
[neg_bagging_fraction: 1]
[bagging_freq: 5]
[bagging_seed: 21897]
[bagging_by_query: 0]
[feature_fraction: 0.6]
[feature_fraction_bynode: 1]
[feature_fraction_seed: 12646]
[extra_trees: 0]
[extra_seed: 20733]
[early_stopping_round: 0]
[early_stopping_min_delta: 0]
[first_metric_only: 0]
[max_delta_step: 0]
[lambda_l1: 0.5]
[lambda_l2: 2]
[linear_lambda: 0]
[min_gain_to_split: 0]
[drop_rate: 0.1]
[max_drop: 50]
[skip_drop: 0.5]
[xgboost_dart_mode: 0]
[uniform_drop: 0]
[drop_seed: 20829]
[top_rate: 0.2]
[other_rate: 0.1]
[min_data_per_group: 100]
[max_cat_threshold: 32]
[cat_l2: 10]
[cat_smooth: 10]
[max_cat_to_onehot: 4]
[top_k: 20]
[monotone_constraints: ]
[monotone_constraints_method: basic]
[monotone_penalty: 0]
[feature_contri: ]
[forcedsplits_filename: ]
[refit_decay_rate: 0.9]
[cegb_tradeoff: 1]
[cegb_penalty_split: 0]
[cegb_penalty_feature_lazy: ]
[cegb_penalty_feature_coupled: ]
[path_smooth: 0]
[interaction_constraints: ]
[verbosity: -1]
[saved_feature_importance_type: 0]
[use_quantized_grad: 0]
[num_grad_quant_bins: 4]
[quant_train_renew_leaf: 0]
[stochastic_rounding: 1]
[linear_tree: 0]
[max_bin: 255]
[max_bin_by_feature: ]
[min_data_in_bin: 5]
[bin_construct_sample_cnt: 200000]
[data_random_seed: 182]
[is_enable_sparse: 1]
[enable_bundle: 1]
[use_missing: 1]
[zero_as_missing: 0]
[feature_pre_filter: 1]
[pre_partition: 0]
[two_round: 0]
[header: 0]
[label_column: ]
[weight_column: ]
[group_column: ]
[ignore_column: ]
[categorical_feature: ]
[forcedbins_filename: ]
[precise_float_parser: 0]
[parser_config_file: ]
[objective_seed: 3944]
[num_class: 1]
[is_unbalance: 0]
[scale_pos_weight: 1]
[sigmoid: 1]
[boost_from_average: 1]
[reg_sqrt: 0]
[alpha: 0.9]
[fair_c: 1]
[poisson_max_delta_step: 0.7]
[tweedie_variance_power: 1.5]
[lambdarank_truncation_level: 30]
[lambdarank_norm: 1]
[label_gain: ]
[lambdarank_position_bias_regularization: 0]
[eval_at: ]
[multi_error_top_k: 1]
[auc_mu_weights: ]
[num_machines: 1]
[local_listen_port: 12400]
[time_out: 120]
[machine_list_filename: ]
[machines: ]
[gpu_platform_id: -1]
[gpu_device_id: -1]
[gpu_use_dp: 0]
[num_gpu: 1]

end of parameters

pandas_categorical:[]
