tree
version=v4
num_class=1
num_tree_per_iteration=1
label_index=0
max_feature_idx=44
objective=binary sigmoid:1
feature_names=return_1d return_2d return_3d return_5d return_10d return_20d div_ma_5 div_ma_10 div_ma_20 div_ma_60 ma_5_20_cross ma_20_60_cross rsi rsi_change macd macd_signal macd_hist macd_hist_change bb_pct_b bb_bandwidth atr_pct volatility vol_change vol_ratio candle_body_pct upper_shadow_pct lower_shadow_pct day_of_week month is_month_end is_month_start streak gap price_position_20d macro_usdjpy_ret_20 macro_usdjpy_ret_60 macro_usdjpy_vol_20 macro_topix_ret_20 macro_topix_vol_20 macro_topix_above_200dma macro_nikkei_ret_20 macro_nikkei_above_200dma macro_nikkei_vi macro_jgb10y macro_bias_score
feature_infos=[-0.14107079957731594:0.097435897435897534] [-0.20101572739187423:0.16198482673774861] [-0.22439567430025442:0.13557758819460464] [-0.23196850393700785:0.22047992397243998] [-0.25564713064713063:0.28168662674650702] [-0.27982870643827529:0.31994884910485943] [-0.16583997537030074:0.08318890814558054] [-0.20029515454619989:0.16014363468009676] [-0.2376292567784091:0.21138518134226278] [-0.24776542990892059:0.32942768619270879] [-0.12983574366031703:0.15185223569512085] [-0.074859480134292777:0.19112389485440473] [6.3448275862068897:97.853550766453594] [-35.330985175794623:29.075722455357266] [-144.03086637327579:316.05603702437384] [-111.78364164871749:288.80405617540794] [-74.412829985609008:106.16750784234233] [-32.131356048979072:31.343135552076205] [-0.33148383503277951:1.2585197915218747] [0.029655699552275157:0.40488865905238219] [0.012572561538812277:0.05603746065863207] [0.0075340009333067452:0.047988398519303449] [-0.81977314271187673:6.4355525989320199] [0.46022980028186705:1.9430228495896495] [-1:1] [0:0.90666666666666662] [0:0.93103448275862066] [0:4] [1:12] none [0:1] [-8:11] [-0.11111111111111116:0.1127742464629895] [0:1] [-0.10288784967882303:0.08505611680078462] [-0.13986255140503889:0.13160084488587853] [0.0024251968629527628:0.011841457708833433] [-0.90806057657351702:0.19897857359448179] [0.0040695656242548776:2.1402487319617212] [0:1] [-0.22859537662338159:0.23022297972565586] [0:1] none none none
tree_sizes=891 878 1197 1064 1190 1414 1099 1189 1201 1210 1184 1183 1410 1099 1101 1287 1309 1395 1407 1204 1187 1078 1094 1374 1212 1204 1200 1099 1098 890 1273 1371 1304 1190 1400 769 1208 869 996 1208 990 1102 994 898 1217 1102 997 1066 1102 1099

Tree=0
num_leaves=7
num_cat=0
split_feature=34 4 9 37 9 16
split_gain=13.3074 9.74961 8.61903 12.668 7.18565 5.57003
threshold=0.037058102974630087 -0.048943794638116593 0.0048664757318368033 0.0065931767584953569 0.05460707018813378 -4.1210034520741088
decision_type=2 2 2 2 2 2
left_child=1 -1 3 -3 -4 -2
right_child=5 2 4 -5 -6 -7
leaf_value=0.017049554904319364 -0.048544677777103425 -0.0029970122016891561 0.0078181740506666573 -0.034887375677781288 -0.0095957062710146385 -0.012628920488313289
leaf_weight=13.249746486544607 7.7498517185449627 19.749622121453285 31.999387741088867 20.749602988362312 52.74899072945118 8.9998278021812421
leaf_count=53 31 79 128 83 211 36
internal_value=-0.00875279 -0.00561132 -0.00849433 -0.0194439 -0.00296301 -0.0325186
internal_weight=155.247 138.497 125.248 40.4992 84.7484 16.7497
internal_count=621 554 501 162 339 67
is_linear=0
shrinkage=1


Tree=1
num_leaves=7
num_cat=0
split_feature=34 8 28 16 28 3
split_gain=12.6903 10.8445 9.17263 10.6788 5.32802 5.01784
threshold=0.037058102974630087 -0.038122549069831542 8.5000000000000018 7.8781811875615926 7.5000000000000009 0.023223246549683666
decision_type=2 2 2 2 2 2
left_child=1 -1 3 -3 -2 -4
right_child=4 2 5 -5 -6 -7
leaf_value=0.027632497301584791 -0.0011665601379050837 -0.002781363107162157 -0.0039736034627985825 0.018417967092192757 -0.036388689315442653 -0.027888554083695196
leaf_weight=12.499227464199064 7.499151915311816 48.746974438428879 33.246756717562675 34.248488694429398 9.2459252774715406 9.7495307028293592
leaf_count=50 30 195 133 137 37 39
internal_value=0 0.00305638 0.000107379 0.00601771 -0.0232224 -0.0107283
internal_weight=155.236 138.491 125.992 82.9955 16.7451 42.9963
internal_count=621 554 504 332 67 172
is_linear=0
shrinkage=0.03


Tree=2
num_leaves=10
num_cat=0
split_feature=28 37 36 32 2 20 11 11 12
split_gain=11.0438 12.2654 8.86973 7.78523 5.47833 4.97394 10.7318 7.2797 2.5935
threshold=8.5000000000000018 0.046076833074914732 0.0085586150258135565 0.0021981243538278243 0.00068875433926207663 0.022706005191692694 0.051975555443853579 0.15548191385120527 43.40999900109879
decision_type=2 2 2 2 2 2 2 2 2
left_child=2 3 5 4 -2 6 -1 -7 -5
right_child=1 -3 -4 8 -6 7 -8 -9 -10
leaf_value=0.0040979449222548446 -0.0023557874240082714 -0.041846966493246304 0.028959144144951193 -0.027472462771163889 0.023864833102980154 0.019720715578693364 -0.025527505524147055 -0.0092445450033111741 -0.0040543004782455719
leaf_weight=42.245798602700233 20.241955384612087 7.4970405250787726 11.248141810297964 9.7450878024101275 8.2480106353759748 23.747222810983658 12.498256400227545 8.9990987181663495 10.746557265520094
leaf_count=169 81 30 45 39 33 95 50 36 43
internal_value=0 -0.0104243 0.00596534 -0.00386757 0.00581076 0.00226041 -0.00306266 0.0112551 -0.0173106
internal_weight=155.217 56.4787 98.7385 48.9816 28.49 87.4904 54.7441 32.7463 20.4916
internal_count=621 226 395 196 114 350 219 131 82
is_linear=0
shrinkage=0.03


Tree=3
num_leaves=9
num_cat=0
split_feature=9 9 23 0 40 9 36 19
split_gain=9.4032 13.3555 12.4408 9.97927 9.69752 10.7329 10.687 7.19306
threshold=-0.046589900813890868 0.0048664757318368033 1.1181827652040537 -0.0088804287590976121 0.025671758218446365 0.029542912134607531 0.0044065363670612746 0.11089238825496291
decision_type=2 2 2 2 2 2 2 2
left_child=7 2 3 -2 5 -3 -6 -1
right_child=1 4 -4 -5 6 -7 -8 -9
leaf_value=0.0014042505399932796 0 0.017505189261027742 0.0096061859604904837 -0.038762747775450947 -0.018003241239675064 -0.016423103418956704 0.016183899538105753 0.03548582330478281
leaf_weight=13.994677752256395 7.9949472844600704 8.9981132894754392 8.9970289170742017 19.23561729490757 7.7472041249275199 31.738706350326538 47.739333987236023 8.7441347986459714
leaf_count=56 32 36 36 77 31 127 191 35
internal_value=0 -0.00319864 -0.0182587 -0.0280058 0.002575 -0.00810941 0.0106894 0.0169258
internal_weight=155.19 132.451 36.2276 27.2306 96.2234 40.7368 55.4865 22.7388
internal_count=621 530 145 109 385 163 222 91
is_linear=0
shrinkage=0.03


Tree=4
num_leaves=10
num_cat=0
split_feature=21 28 14 21 38 11 21 35 1
split_gain=11.0454 12.1624 14.2025 12.2021 7.19117 6.94133 4.91602 3.05285 2.44137
threshold=0.013604857518322711 8.5000000000000018 -20.343959621893529 0.016079075334660315 0.0076160150737175896 0.15548191385120527 0.018244444875984776 -0.0084087064077980594 -0.0018391497230523244
decision_type=2 2 2 2 2 2 2 2 2
left_child=4 5 -3 -4 7 6 -2 -1 -6
right_child=1 2 3 -5 8 -7 -8 -9 -10
leaf_value=-0.010228988884396124 0.0060805023505313763 0.02164870414871661 0.0023269574515976999 -0.033426224622049847 -0.0085940253686191577 -0.0088712460755211824 0.024952598268581764 0.0091554943276928522 -0.032251831787847324
leaf_weight=12.24542658030987 26.738466247916222 9.2439300715923292 14.242186024785044 16.475982561707497 11.24104203283787 8.9969606399536115 30.981599166989326 12.996250391006468 11.987648814916609
leaf_count=49 107 37 57 66 45 36 124 52 48
internal_value=0 0.00532571 -0.00730114 -0.0172622 -0.0116571 0.0130996 0.0169578 0 -0.0229866
internal_weight=155.149 106.679 39.9621 30.7182 48.4704 66.717 57.7201 25.2417 23.2287
internal_count=621 427 160 123 194 267 231 101 93
is_linear=0
shrinkage=0.03


Tree=5
num_leaves=12
num_cat=0
split_feature=21 28 16 21 20 16 34 15 28 23 2
split_gain=15.1976 14.8995 13.7337 7.55746 6.62142 7.90115 6.58328 4.56283 3.55953 2.44831 1.39897
threshold=0.013604857518322711 8.5000000000000018 -8.5779688118378363 0.01151400764151197 0.019113591631533072 -16.073148997528534 -0.022650453738951578 56.221261327082708 5.5000000000000009 0.90777923511041847 -0.001539163946558175
decision_type=2 2 2 2 2 2 2 2 2 2 2
left_child=3 4 -3 8 9 -6 -4 10 -1 -2 -5
right_child=1 2 6 7 5 -7 -8 -9 -10 -11 -12
leaf_value=0.0097845137787627313 0.010752539210280734 0.018942383552304966 0.0035402530502158178 -0.016246126922183021 0.025048862417068243 0.00030416934635805868 -0.025635059373471197 -0.0035250181648336107 -0.012646164864286094 0.042089973934882383 -0.045124833305226923
leaf_weight=10.74617573618889 7.4965102523565275 9.9879005998373014 7.7458386868238476 8.7410475015640294 14.981544598937033 40.969429954886436 23.965313896536827 7.9938364624977103 10.491008475422857 7.4978480935096741 7.7406322360038766
leaf_count=43 30 40 31 35 60 164 96 32 42 30 31
internal_value=-0.000631388 0.00520107 -0.00855946 -0.0149336 0.0135076 0.00782452 -0.0182764 -0.0256567 -0.000785303 0.0304146 -0.0340361
internal_weight=158.357 112.644 41.6991 45.7127 70.9453 55.951 31.7112 24.4755 21.2372 14.9944 16.4817
internal_count=634 451 167 183 284 224 127 98 85 60 66
is_linear=0
shrinkage=0.03


Tree=6
num_leaves=9
num_cat=0
split_feature=21 9 9 5 21 14 32 38
split_gain=14.5382 12.7776 13.3189 11.4656 7.22251 7.0676 5.06099 3.46559
threshold=0.013604857518322711 -0.045908789729529283 0.012434742963586281 0.0079195947794691319 0.01151400764151197 -26.858620047747532 0.0015068196111946988 0.0073522421485820453
decision_type=2 2 2 2 2 2 2 2
left_child=4 -2 5 -4 7 -3 -6 -1
right_child=1 2 3 -5 6 -7 -8 -9
leaf_value=0.0096700118605869117 0.031233722862435632 0.0072521857487865089 0.034438248989267554 0.0025155095984575643 -0.0088016059237883276 -0.022512228847989844 -0.038906091664464133 -0.012463685386943292
leaf_weight=10.745641618967058 12.724433913826941 7.9941783994436291 10.740319758653639 57.952766597270966 13.234066814184191 23.19776676595211 11.22703270614147 10.490158990025519
leaf_count=43 51 32 43 232 53 93 45 42
internal_value=-0.000601552 0.00510156 0.00107757 0.00855198 -0.0145946 -0.0144547 -0.025082 -0.00074983
internal_weight=158.306 112.609 99.885 68.6931 45.6969 31.1919 24.4611 21.2358
internal_count=634 451 400 275 183 125 98 85
is_linear=0
shrinkage=0.03


Tree=7
num_leaves=10
num_cat=0
split_feature=28 16 17 19 19 34 36 34 34
split_gain=13.8332 12.9926 6.58729 7.15272 6.46332 8.06334 5.7674 4.89046 4.6579
threshold=8.5000000000000018 -8.5779688118378363 -2.2303237552127597 0.074920132660456148 0.067107569912313744 0.0019394252310781515 0.0052260808517211278 0.016033519564314428 -0.00039914322828238363
decision_type=2 2 2 2 2 2 2 2 2
left_child=2 -2 7 -4 -3 -6 -5 8 -1
right_child=1 4 3 6 5 -7 -8 -9 -10
leaf_value=0.00089926503138579392 0.011131450699589564 0.0030812289809149262 -0.0066874063305587652 0 -0.0059031359228993666 -0.036265894553544134 0.021058501960542795 0.009409750536944702 -0.027505522260534109
leaf_weight=7.4850671142339751 14.222953632473944 7.4830178171396247 14.733959078788756 17.233336851000786 15.230619683861731 21.425465002655983 41.936431482434273 8.9955322891473752 9.4953715801239014
leaf_count=30 57 30 59 69 61 86 168 36 38
internal_value=-0.000577256 -0.012035 0.00607535 0.010647 -0.0199839 -0.0249963 0.0152862 -0.00622646 -0.0154189
internal_weight=158.242 58.3621 99.8797 73.9037 44.1391 36.6561 59.1698 25.976 16.9804
internal_count=634 234 400 296 177 147 237 104 68
is_linear=0
shrinkage=0.03


Tree=8
num_leaves=10
num_cat=0
split_feature=28 37 4 17 14 14 14 38 18
split_gain=13.0572 6.6596 6.36169 6.0998 6.74813 4.93859 12.0965 4.53163 2.42226
threshold=8.5000000000000018 0.021250913663954599 -0.048943794638116593 -2.2303237552127597 -4.6822847436865223 16.690332252735974 -16.087216418030717 0.009992848672552292 0.70649922235663609
decision_type=2 2 2 2 2 2 2 2 2
left_child=2 5 -1 7 -5 6 -2 -4 -3
right_child=1 8 3 4 -6 -7 -8 -9 -10
leaf_value=0.027988500569884375 0.0051363094025115418 -0.032791465867727534 -0.018085885415911346 -0.0071686961968779831 0.013343704468518418 0.014471770603611893 -0.034541022739059436 0.0068410005356054782 -0.0093709162858051087
leaf_weight=8.7094018012285215 16.946457475423813 11.948499932885172 15.741102486848833 17.481968075037003 49.930834904313087 8.7368186712264997 8.7238577902317065 7.9914936274290076 11.958555936813353
leaf_count=35 68 48 63 70 200 35 35 32 48
internal_value=-0.000564378 -0.0117039 0.00589582 0.00306808 0.0077549 -0.00240935 -0.00932762 -0.00923 -0.0232831
internal_weight=158.169 58.3142 99.8548 91.1454 67.4128 34.4071 25.6703 23.7326 23.9071
internal_count=634 234 400 365 270 138 103 95 96
is_linear=0
shrinkage=0.03


Tree=9
num_leaves=10
num_cat=0
split_feature=21 16 4 17 34 33 40 7 20
split_gain=13.6657 9.50831 11.3147 10.2507 9.09824 7.39487 7.91785 4.10572 2.61555
threshold=0.013604857518322711 -16.073148997528534 0.0032711740199440347 -0.63192195267377105 0.0012352704006407535 0.14605546759430477 0.018107584634312616 0.012639471944010662 0.026534931237209968
decision_type=2 2 2 2 2 2 2 2 2
left_child=5 8 3 -3 -4 -1 -7 -8 -2
right_child=1 2 4 -5 -6 6 7 -9 -10
leaf_value=0.0071900109329146355 0.032119415201647475 -0.031608899242619351 0.022892274983956643 0.001198057526517091 -8.2062704097838344e-05 -0.034395041367148271 0.0054168827891184308 -0.019529203159567483 0.0055816625132224535
leaf_weight=9.4878723025321943 10.973694831132891 13.205829441547396 21.706162586808205 17.435770466923714 41.16132190823555 16.688592448830605 11.231795355677606 8.2368144840002042 7.9690352529287329
leaf_count=38 44 53 87 70 165 67 45 33 32
internal_value=-0.000557761 0.00497277 0.000699323 -0.0135519 0.00808026 -0.0141345 -0.0202068 -0.00527476 0.0232707
internal_weight=158.097 112.452 93.5091 30.6416 62.8675 45.6451 36.1572 19.4686 18.9427
internal_count=634 451 375 123 252 183 145 78 76
is_linear=0
shrinkage=0.03


Tree=10
num_leaves=10
num_cat=0
split_feature=28 16 22 22 15 32 8 15 15
split_gain=13.2802 8.22953 7.27122 6.12828 6.04249 5.75588 3.28632 5.92633 1.67537
threshold=8.5000000000000018 -8.5779688118378363 -0.14503217448897551 -0.31120046817216845 -21.216191629089987 0.0078652009312043542 0.026363139151825987 -16.584831980252229 24.161263775149951
decision_type=2 2 2 2 2 2 2 2 2
left_child=2 -2 3 -1 -4 -6 7 -3 -5
right_child=1 6 4 8 5 -7 -8 -9 -10
leaf_value=0.010194419926925945 0.0068834644490833059 -0.0070922407281447906 -0.0058141851402750125 -0.0025255230565437506 0.021152908710050749 0 -0.0030213046099360655 -0.036192829707391114 -0.02293561568274707
leaf_weight=11.222455546259882 13.46387669444084 14.430155247449873 12.467663362622259 8.4764920473098773 41.661418184638023 14.719014018774031 11.958823367953299 14.892064183950426 10.4826533049345
leaf_count=45 54 58 50 34 167 59 48 60 42
internal_value=-0.000258245 -0.0119593 0.00617045 -0.00552989 0.0115227 0.0156812 -0.0184855 -0.0237179 -0.0156378
internal_weight=153.775 54.7449 99.0297 30.1816 68.8481 56.3804 41.281 29.3222 18.9591
internal_count=617 220 397 121 276 226 166 118 76
is_linear=0
shrinkage=0.03


Tree=11
num_leaves=10
num_cat=0
split_feature=28 16 22 22 15 32 23 12 17
split_gain=12.5599 7.83437 6.8749 5.8519 5.72102 5.44264 3.76458 3.93175 2.29535
threshold=8.5000000000000018 -8.5779688118378363 -0.14503217448897551 -0.32414594920704509 -21.216191629089987 0.0078652009312043542 1.1161432260341804 45.420547370605426 -0.80511796514800682
decision_type=2 2 2 2 2 2 2 2 2
left_child=2 -2 3 -1 -4 -6 7 -3 -5
right_child=1 6 4 8 5 -7 -8 -9 -10
leaf_value=0.011493599511356848 0.0067036690778003493 -0.037098566221950853 -0.0056635667984055674 -0.026130396625175707 0.020555704997167606 0 -0.0013232830302053751 -0.011684231633000294 -0.0040379421685038473
leaf_weight=9.7228787392377871 13.463873803615568 11.164626061916353 12.468431055545805 7.4840501844883009 41.644001737236977 14.719014018774031 11.189384534955023 18.876793071627617 12.971405312418934
leaf_count=39 54 45 50 30 167 59 45 76 52
internal_value=-0.000273226 -0.0116608 0.0059753 -0.00539299 0.0111829 0.015233 -0.0180374 -0.0233235 -0.0143963
internal_weight=153.704 54.6947 99.0098 30.1783 68.8314 56.363 41.2308 30.0414 20.4555
internal_count=617 220 397 121 276 226 166 121 82
is_linear=0
shrinkage=0.03


Tree=12
num_leaves=12
num_cat=0
split_feature=28 37 21 20 16 12 37 9 37 12 12
split_gain=11.8836 9.92934 6.63043 4.91226 4.56123 8.33499 4.49186 7.56016 7.36942 4.32645 2.78029
threshold=8.5000000000000018 0.046902534515677947 0.018317890948860223 0.02676952114597075 -8.5779688118378363 43.40999900109879 0.026956431292904929 -0.0087941869651387717 0.048460313830394626 70.160894565646018 71.557493451025991
decision_type=2 2 2 2 2 2 2 2 2 2 2
left_child=2 4 6 9 -2 -6 7 -1 -8 -4 -5
right_child=1 -3 3 10 5 -7 8 -9 -10 -11 -12
leaf_value=-0.01086156056651876 0.0086461512994434157 -0.038982149558602158 0.034139714887537344 -0.005288683506458179 -0.027568467163570091 0.00094268665479105924 -0.025037762238178395 0.01584468357195961 0.0061564577368352939 0.0028597064120832764 0.015468524656023164
leaf_weight=12.966915637254713 12.966137841343878 7.905526101589202 12.942844852805139 11.952997729182245 13.370023429393767 20.402144655585289 12.222177237272264 23.199281215667725 10.73148427903652 7.4834273606538764 7.4787904024124137
leaf_count=52 52 32 52 48 54 82 49 93 43 30 30
internal_value=-0.0002908 -0.0113754 0.00578437 0.0149337 -0.00499013 -0.0108355 -0.000425395 0.00580908 -0.0105279 0.0246258 0.00269832
internal_weight=153.622 54.6438 98.9779 39.8581 46.7383 33.7722 59.1199 36.1662 22.9537 20.4263 19.4318
internal_count=617 220 397 160 188 136 237 145 92 82 78
is_linear=0
shrinkage=0.03


Tree=13
num_leaves=9
num_cat=0
split_feature=28 16 9 39 34 34 23 8
split_gain=11.2968 7.1048 4.72982 8.2412 5.61942 6.13045 3.54844 3.0997
threshold=8.5000000000000018 -8.5779688118378363 -0.0087941869651387717 1.0000000180025095e-35 -0.018521515752735914 0.013224862588323895 1.1161432260341804 0.024958665053086099
decision_type=2 2 2 2 2 2 2 2
left_child=2 -2 3 -1 -4 -6 7 -3
right_child=1 6 4 -5 5 -7 -8 -9
leaf_value=0.015844463577580781 0.006349712051786114 -0.027615177767453449 0.027234356704365876 -0.018754558574272145 -0.0042661664022266184 0.013448340566100737 -0.00099307065778202479 -0.0023663385027735723
leaf_weight=7.7071247845888147 13.461327552795408 22.468593657016758 11.432990774512289 14.462450325489044 30.416246309876442 34.913871243596077 11.177059590816496 7.4678903669118872
leaf_count=31 54 91 46 58 122 140 45 30
internal_value=-0.00028285 -0.0111007 0.00563776 -0.00579 0.00919182 0.00509634 -0.0171917 -0.022329
internal_weight=153.508 54.5749 98.9327 22.1696 76.7631 65.3301 41.1135 29.9365
internal_count=617 220 397 89 308 262 166 121
is_linear=0
shrinkage=0.03


Tree=14
num_leaves=9
num_cat=0
split_feature=33 18 34 36 22 5 36 5
split_gain=6.65974 8.5614 7.70719 6.19383 8.58816 7.26633 5.87718 6.25565
threshold=0.14605546759430477 0.54774759555134611 0.0029827539570029819 0.0048473441793030593 -0.1127971231594445 0.10840461059796459 0.0048752734197827878 -0.063325190273477813
decision_type=2 2 2 2 2 2 2 2
left_child=2 6 -1 5 -5 -3 -2 -8
right_child=1 3 -4 4 -6 -7 7 -9
leaf_value=0.033739409149908632 0.0039142556972451038 0.0023281680634638278 -0.0029815170402703972 -0.0067673050429250103 0.015629826199858851 -0.029944055909226167 0.0038742025408839208 -0.023897515553987805
leaf_weight=8.4489962607622164 12.939691856503485 14.932849660515787 8.2248212993144971 21.166245475411415 42.07450732588768 7.7293525338172904 7.6493842601776114 30.231654152274132
leaf_count=34 52 60 33 85 169 31 31 122
internal_value=-0.000271223 -0.0026254 0.0164432 0.00301685 0.00792609 -0.00960635 -0.0121997 -0.0180004
internal_weight=153.398 136.724 16.6738 85.903 63.2408 22.6622 50.8207 37.881
internal_count=617 550 67 345 254 91 205 153
is_linear=0
shrinkage=0.03


Tree=15
num_leaves=11
num_cat=0
split_feature=28 16 16 36 17 18 37 38 18 40
split_gain=9.59066 7.18415 8.75692 7.25259 7.1591 8.21502 4.92828 4.5136 4.25924 2.92152
threshold=8.5000000000000018 -8.5779688118378363 -4.8084435916969657 0.0062086792255458163 -1.8633308646769853 0.89863688950130738 0.042068637041089658 0.009992848672552292 0.71971437203219712 0.040857031965668263
decision_type=2 2 2 2 2 2 2 2 2 2
left_child=4 -2 -3 -4 7 8 -7 9 -6 -1
right_child=1 2 3 -5 5 6 -8 -9 -10 -11
leaf_value=-0.023969106536623336 0.008563663780083882 -0.035367734929762591 -0.016675590304543859 0.011823449507439888 0.01052119658910042 -0.018097904168609576 0.007836800182581153 0.0085639580101324712 0.030420374115253009 0
leaf_weight=9.4818031489849144 14.205771073698996 11.066469639539717 16.818806260824207 11.672246441245077 34.348389640450478 8.9740068912506121 13.943570405244825 10.441047474741934 17.420874997973442 7.9838167130947104
leaf_count=38 57 45 68 47 138 36 56 42 70 32
internal_value=0.00169049 -0.00825834 -0.0147818 -0.00449842 0.00710573 0.0119259 -0.00235416 -0.00522777 0.0183789 -0.0142759
internal_weight=156.357 53.7633 39.5575 28.4911 102.594 74.6868 22.9176 27.9067 51.7693 17.4656
internal_count=629 217 160 115 412 300 92 112 208 70
is_linear=0
shrinkage=0.03


Tree=16
num_leaves=11
num_cat=0
split_feature=28 16 16 21 21 21 15 14 15 38
split_gain=9.08002 6.83131 8.37272 7.39978 6.0016 6.87451 5.26227 5.84028 4.79191 1.44401
threshold=8.5000000000000018 -8.5779688118378363 -4.8084435916969657 0.016079075334660315 0.013655856902641999 0.01151400764151197 103.22114165690844 -11.734858007609203 -9.9974237558199448 0.011362102514801999
decision_type=2 2 2 2 2 2 2 2 2 2
left_child=4 -2 -3 -4 5 8 7 -6 -1 -8
right_child=1 2 3 -5 6 -7 9 -9 -10 -11
leaf_value=-0.0093265237977097019 0.0083394296842707362 -0.034598450685031389 0.0095164274489490872 -0.018924159605027659 -8.0677218446833241e-05 -0.019728032052952621 -0.011385037552994174 0.021311164221209003 0.017851346824856569 0.004594989543210911
leaf_weight=7.4773092269897505 14.203912928700445 11.018343478441237 14.406919300556185 14.06575672328472 13.681412294507025 12.217706441879271 7.4872275292873365 41.723434746265411 12.221338614821434 7.7292921990156174
leaf_count=30 57 45 58 57 55 49 30 168 49 31
internal_value=0.00163708 -0.00804703 -0.0144202 -0.00436114 0.00690868 -0.00339092 0.0117352 0.0159487 0.00693498 -0.00280582
internal_weight=156.233 53.6949 39.491 28.4727 102.538 31.9164 70.6214 55.4048 19.6986 15.2165
internal_count=629 217 160 115 412 128 284 223 79 61
is_linear=0
shrinkage=0.03


Tree=17
num_leaves=12
num_cat=0
split_feature=28 34 38 17 34 18 33 34 3 33 13
split_gain=8.58188 9.07392 7.27284 6.76904 8.21557 7.24837 6.63652 5.97391 4.8692 3.92294 1.12806
threshold=8.5000000000000018 0.020713771794886319 0.0084275045000684525 -2.2303237552127597 0.014990016671335262 0.89863688950130738 0.95560842481079611 -0.00039914322828238363 0.011880594245330946 0.74688393367638661 0.21739823581668108
decision_type=2 2 2 2 2 2 2 2 2 2 2
left_child=3 2 -2 4 7 9 -7 -1 -4 -5 -3
right_child=1 10 8 5 -6 6 -8 -9 -10 -11 -12
leaf_value=0 -0.015035556772224351 -0.031648612020929862 0.020859091565988207 0.0093656712052233703 0.016326486686821226 -0.015585581960248463 0.014392343281059733 -0.033617015219558059 -0.005295851350218074 0.027670440730820308 -0.0088963489100938094
leaf_weight=9.1832965016365087 13.610129758715628 9.8104535788297671 14.381157353520395 35.563618451356888 7.4839793294668189 13.446517229080202 9.4437085092067701 7.9860750138759622 8.1760534942150098 19.351640164852142 7.6413656771183005
leaf_count=37 55 40 58 143 30 54 38 32 33 78 31
internal_value=0.00157141 -0.00784728 0.000605182 0.0066999 -0.00625484 0.0110466 -0.00245242 -0.0175568 0.011109 0.0168253 -0.0243966
internal_weight=156.078 53.6192 36.1673 102.459 24.6534 77.8055 22.8902 17.1694 22.5572 54.9153 17.4518
internal_count=629 217 146 412 99 313 92 69 91 221 71
is_linear=0
shrinkage=0.03


Tree=18
num_leaves=12
num_cat=0
split_feature=28 15 14 17 18 14 33 14 20 40 35
split_gain=8.16738 6.63149 11.345 6.43186 7.33693 7.90921 6.3055 5.50155 3.94352 3.39725 3.54997
threshold=8.5000000000000018 47.883106444138775 -17.43028367766669 -1.8633308646769853 0.89863688950130738 -16.087216418030717 0.95560842481079611 -39.400060141877923 0.02175963184939373 0.054325552589354349 0.019875049976255447
decision_type=2 2 2 2 2 2 2 2 2 2 2
left_child=3 2 7 9 5 -5 -6 -2 -4 10 -1
right_child=1 -3 8 4 6 -7 -8 -9 -10 -11 -12
leaf_value=-0.021440368548524498 -0.010579022999055467 0.014065862906722806 -0.031730116149089653 -0.00032074280515140437 -0.015175308349598795 0.024383402920499831 0.014045613413738403 0.019504333579017478 -0.0051128800578906109 0.0095043113640728549 0.0012649626434617222
leaf_weight=11.429065138101583 7.8852551430463818 8.1970105171203596 17.94200506806374 14.929290026426314 13.44976729154587 36.702265426516533 9.4360188692808133 9.6827306151390058 9.861085891723631 7.4732517898082724 8.9708118736743909
leaf_count=46 32 33 73 60 54 148 38 39 40 30 36
internal_value=0.00151138 -0.00767867 -0.0123518 0.00651807 0.0111012 0.0172149 -0.00236396 0.00553391 -0.0237696 -0.00515546 -0.0115646
internal_weight=155.959 53.5681 45.3711 102.39 74.5173 51.6316 22.8858 17.568 27.8031 27.8731 20.3999
internal_count=629 217 184 412 300 208 92 71 113 112 82
is_linear=0
shrinkage=0.03


Tree=19
num_leaves=10
num_cat=0
split_feature=16 16 37 5 36 3 4 20 3
split_gain=7.03033 8.86276 9.73761 11.1582 8.75887 7.97895 4.36762 3.99926 3.14235
threshold=-18.907820383484786 -3.9289652646135127 0.0029837095068068202 1.0000000180025095e-35 0.0062086792255458163 0.055006421394575795 -0.0086077740857657386 0.021398693522848931 -0.028508434157633763
decision_type=2 2 2 2 2 2 2 2 2
left_child=8 2 3 -2 7 -6 -4 -3 -1
right_child=1 4 6 -5 5 -7 -8 -9 -10
leaf_value=0.0020827740175940451 0.016043451519238836 -0.010747491546245647 -0.033575309117517473 -0.024068857500822313 0.019772280327880733 -0.010580093749859808 -0.0043862470342204019 0.005868367497079102 0.031108356868651495
leaf_weight=7.4464056342840195 16.302511557936672 29.516792386770248 14.314058423042299 7.3893109858036032 36.92683607339859 7.692543536424636 9.1959761530160886 19.326418489217758 7.7082744389772397
leaf_count=30 66 119 58 30 149 31 37 78 31
internal_value=0.00146383 -0.0006355 -0.0110608 0.00204911 0.00459394 0.0139883 -0.023985 -0.00390564 0.0196263
internal_weight=155.819 140.664 47.2019 23.6918 93.4626 44.6194 23.51 48.8432 15.1547
internal_count=629 568 191 96 377 180 95 197 61
is_linear=0
shrinkage=0.03


Tree=20
num_leaves=10
num_cat=0
split_feature=21 20 21 37 11 24 21 35 21
split_gain=8.82306 4.86403 8.00009 6.25971 5.43535 5.65249 2.81618 3.57805 0.396517
threshold=0.021722021851386334 0.017957391400454093 0.012614791837448458 0.045067039815277384 0.048305190639775904 0.17797575385322403 0.033634718891874124 0.027902596173809194 0.01159173729172139
decision_type=2 2 2 2 2 2 2 2 2
left_child=1 4 8 -4 5 -1 7 -2 -3
right_child=6 2 3 -5 -6 -7 -8 -9 -10
leaf_value=0.00068521591427295702 0.030516349430549244 -0.009872646799402451 0.0034585262598397586 -0.016764649171381714 -0.012397848494510514 0.026407642854525105 0 0.0022154547245644128 -0.029638399820613281
leaf_weight=19.089044034481052 12.606269657611852 7.4618977606296566 57.476772889494896 15.799107253551481 8.1723301708698255 12.640729784965513 8.1648771464824659 7.6874523460865012 8.861209109425543
leaf_count=77 51 30 232 64 33 51 33 31 36
internal_value=0.00151487 -0.00177226 -0.00570985 -0.00103212 0.00656203 0.0123356 0.0160996 0.0216291 -0.0234853
internal_weight=157.96 129.501 89.599 73.2759 39.9021 31.7298 28.4586 20.2937 16.3231
internal_count=638 523 362 296 161 128 115 82 66
is_linear=0
shrinkage=0.03


Tree=21
num_leaves=9
num_cat=0
split_feature=16 16 38 36 38 11 37 11
split_gain=8.84419 14.9572 10.5922 14.7156 10.482 6.8993 4.58675 0.0261214
threshold=-14.030227191307963 -3.447328865375471 0.013203536419604469 0.0063170362415130325 0.010911253513252952 0.037758887323589681 0.0046297321452277726 0.049252388820122513
decision_type=2 2 2 2 2 2 2 2
left_child=6 4 3 -3 5 -2 7 -1
right_child=1 2 -4 -5 -6 -7 -8 -9
leaf_value=0.013441312949238329 -0.0073527468154091025 -0.0022311928968536264 -0.022693944995576903 0.022219748129659 0.0096150915977988721 -0.038327421210672327 0 0.032809731258171895
leaf_weight=8.9049665182828956 14.49122975766659 49.317710876464844 9.0997078865766508 36.406068459153175 8.4347441345453245 15.308029398322104 8.4744156301021558 7.4314537644386283
leaf_count=36 59 199 37 147 34 62 34 30
internal_value=0.00146982 -0.00157207 0.00471969 0.00825174 -0.0170079 -0.0251461 0.0172429 0.0256877
internal_weight=157.868 133.057 94.8235 85.7238 38.234 29.7993 24.8108 16.3364
internal_count=638 538 383 346 155 121 100 66
is_linear=0
shrinkage=0.03


Tree=22
num_leaves=9
num_cat=0
split_feature=28 34 19 19 36 4 10 13
split_gain=9.58453 7.29186 5.56937 5.55376 7.35865 5.4079 6.87269 2.6494
threshold=5.5000000000000009 0.034649501004426438 0.075545488136573649 0.13496289828934041 0.007036075324096564 -0.051624187927963132 0.035060149158919647 2.9652093999440123
decision_type=2 2 2 2 2 2 2 2
left_child=2 5 -1 7 -5 -2 -7 -4
right_child=1 -3 3 4 -6 6 -8 -9
leaf_value=-0.009085812534388886 0.019466183484401205 -0.024560830275499452 0.030836450428294557 -0.0068480585394052997 0.021781715479673343 -0.0084285214174969498 0.013152388861617334 0.005747160497064867
leaf_weight=8.9602265357971174 8.1660571247339231 11.9892331212759 16.534310266375545 18.391007035970691 11.080052390694616 59.807694330811501 14.619982972741125 8.1775127500295621
leaf_count=36 33 49 67 74 45 242 59 33
internal_value=0.00142532 -0.00448369 0.0103727 0.0140664 0.00413927 -0.000880215 -0.00375983 0.0241475
internal_weight=157.726 94.583 63.1431 54.1829 29.4711 82.5937 74.4277 24.7118
internal_count=638 383 255 219 119 334 301 100
is_linear=0
shrinkage=0.03


Tree=23
num_leaves=12
num_cat=0
split_feature=28 23 21 23 7 0 14 8 15 14 13
split_gain=9.07389 16.7634 9.13785 8.44413 8.33886 5.03721 4.88689 7.32651 3.31228 3.04436 0.545104
threshold=5.5000000000000009 1.1161432260341804 0.019115074756222119 0.85917547999580413 0.0028934159250671074 -0.011001294916025415 69.429602626867577 0.017504485268359207 158.19835540205378 -13.975659557925722 2.5202296663979067
decision_type=2 2 2 2 2 2 2 2 2 2 2
left_child=2 3 6 4 -2 -5 7 -1 10 -3 -4
right_child=1 9 8 5 -6 -7 -8 -9 -10 -11 -12
leaf_value=-0.00567319978985391 -0.013811578518473672 0.027421846931533492 0.03524993513092247 0 0.014170382452920256 -0.02745547383569141 -0.018347707526654419 0.02279440941419698 0.0025995120398925277 0.004546733442981149 0.012646845191475931
leaf_weight=17.322475224733356 18.948336735367775 10.125855296850206 11.505819424986845 7.8804315775632849 15.562886834144591 27.596772521734238 7.7209435403347006 11.660352900624273 7.4500202089548102 14.391467899084089 7.4068956077098838
leaf_count=70 77 41 47 32 63 112 31 47 30 58 30
internal_value=0.00139984 -0.00434832 0.010113 -0.0119002 -0.000697231 -0.0217792 0 0.00602784 0.0229037 0.0159157 0.0291711
internal_weight=157.572 94.5058 63.0665 69.9884 34.5112 35.4772 36.7038 28.9828 26.3627 24.5173 18.9127
internal_count=638 383 255 284 140 144 148 117 107 99 77
is_linear=0
shrinkage=0.03


Tree=24
num_leaves=10
num_cat=0
split_feature=40 8 37 28 34 11 40 23 11
split_gain=8.6869 5.33074 9.37348 6.48528 7.89002 6.26921 5.25331 2.20648 2.17297
threshold=-0.038973433339288203 0.010188025945643669 0.015981511223626014 6.5000000000000009 0.020713771794886319 0.12285686230308891 0.00059720521097250689 0.97737336412965026 0.035487611941743887
decision_type=2 2 2 2 2 2 2 2 2
left_child=8 2 6 5 -5 -3 -2 -4 -1
right_child=1 3 7 4 -6 -7 -8 -9 -10
leaf_value=0.027481423316526962 -0.0071018499118708856 0.018055296890401563 -0.030569314328237323 0.0029032247112701043 -0.028174001702104934 -0.0083531171153997195 0.013455480155396002 -0.0061576139856523915 0.0043716172515997692
leaf_weight=10.771273568272592 27.793795764446259 31.817000508308411 12.763408929109575 25.019103050231934 7.9002569168806067 8.4534948915243131 15.836136177182196 8.1811380535364133 8.8845484852790815
leaf_count=44 113 129 52 101 32 34 64 33 36
internal_value=0.00138457 -0.00127233 -0.00751934 0.00409323 -0.00531188 0.0120239 0.000293726 -0.0230555 0.0190968
internal_weight=157.42 137.764 64.5745 73.1899 32.9194 40.2705 43.6299 20.9445 19.6558
internal_count=638 558 262 296 133 163 177 85 80
is_linear=0
shrinkage=0.03


Tree=25
num_leaves=10
num_cat=0
split_feature=21 11 37 18 36 38 15 11 4
split_gain=10.6251 7.26032 6.47634 7.48698 10.5373 5.71215 5.52274 8.09456 1.71424
threshold=0.020884597802870164 0.13855201193260994 0.017623677167241007 0.67368655222224139 0.006173882116836441 0.012137195088178994 55.27805589924472 0.038764569281081303 -0.0094694352125724284
decision_type=2 2 2 2 2 2 2 2 2
left_child=2 5 6 8 -5 -2 7 -1 -4
right_child=1 -3 3 4 -6 -7 -8 -9 -10
leaf_value=0.0075363557145267301 0.035994477962242685 -0.006350153141190233 -0.029982368008917192 -0.014465139936090299 0.01421854383437595 0.0055146374805818375 0.025217509933548179 -0.018003391983148459 -0.00737217775805996
leaf_weight=38.321875736117363 13.460402220487596 7.9627558439970008 12.514466837048532 23.267693698406219 19.05046235024929 12.02646967768669 7.6865928471088401 13.418060317635534 8.5784766077995283
leaf_count=155 55 32 51 94 77 49 31 55 35
internal_value=0.00155913 0.0160954 -0.00247348 -0.00908651 -0.00115514 0.0236055 0.00440485 0.000210321 -0.0228713
internal_weight=156.287 33.4496 122.838 63.4111 42.3182 25.4869 59.4265 51.7399 21.0929
internal_count=634 136 498 257 171 104 241 210 86
is_linear=0
shrinkage=0.03


Tree=26
num_leaves=10
num_cat=0
split_feature=21 16 20 16 38 35 9 2 5
split_gain=10.0964 12.0425 7.3899 7.40025 5.9433 5.45032 5.13455 4.54018 0.235668
threshold=0.020884597802870164 -14.030227191307963 0.018501123067775686 -3.9289652646135127 0.012137195088178994 0.031322588482372245 0.012180811269154072 0.0049505473922132346 0.13646113776882488
decision_type=2 2 2 2 2 2 2 2 2
left_child=1 6 3 -3 8 -4 -1 -6 -2
right_child=4 2 5 -5 7 -7 -8 -9 -10
leaf_value=2.0398728423024529e-05 0.034520631195441201 -0.01842733810278924 -0.0030284184601411116 0.0087777275821885551 0.01671646964583632 -0.022164377210432615 0.031092034426038598 -0.011582870123290401 0.013792296426375562
leaf_weight=9.6586939990520495 8.2243412882089633 9.6976045519113523 27.811985448002815 35.607694014906883 7.6076171845197704 30.059396475553513 9.9052881300449354 8.648067504167555 8.9032434374093992
leaf_count=39 34 40 113 144 31 122 40 35 36
internal_value=0.00151586 -0.00241227 -0.00666788 0.00210451 0.0157024 -0.0136269 0.0178723 0.00121991 0.0270986
internal_weight=156.124 122.741 103.177 45.3053 33.3833 57.8714 19.564 16.2557 17.1276
internal_count=634 498 419 184 136 235 79 66 70
is_linear=0
shrinkage=0.03


Tree=27
num_leaves=9
num_cat=0
split_feature=21 16 11 16 21 7 38 9
split_gain=9.62777 11.4688 6.82838 6.16825 7.99876 6.29019 5.24263 4.88086
threshold=0.020884597802870164 -14.030227191307963 0.13855201193260994 -1.193692934731432 0.011448782149135814 0.042937017607218256 0.012137195088178994 0.012180811269154072
decision_type=2 2 2 2 2 2 2 2
left_child=1 7 6 4 -3 -5 -2 -1
right_child=2 3 -4 5 -6 -7 -8 -9
leaf_value=1.9891844648269462e-05 0.034637746742491961 0.0093634314978659778 -0.0063321194753283754 0.0034082832545082732 -0.021854415081753637 -0.021657301449767942 0.0053028272960367233 0.030367731556560622
leaf_weight=9.6586840599775332 13.340395450592043 7.4339799582958213 7.9637250006198874 54.740103498101234 32.236311629414558 8.6816522628068906 12.021578580141066 9.8852909952402097
leaf_count=39 55 30 32 222 132 35 49 40
internal_value=0.00149372 -0.00234016 0.0153605 -0.00649744 -0.0154758 -0.000350792 0.0226852 0.0174602
internal_weight=155.962 122.636 33.3257 103.092 39.6703 63.4218 25.362 19.544
internal_count=634 498 136 419 162 257 104 79
is_linear=0
shrinkage=0.03


Tree=28
num_leaves=9
num_cat=0
split_feature=21 16 20 11 11 34 38 9
split_gain=9.13023 10.9142 6.85666 7.05431 6.52696 6.25799 5.00571 4.64212
threshold=0.020884597802870164 -14.030227191307963 0.019586283635566703 0.047309030414370519 0.13855201193260994 -0.020564556758440319 0.012137195088178994 0.012180811269154072
decision_type=2 2 2 2 2 2 2 2
left_child=1 7 3 -3 6 -4 -2 -1
right_child=4 2 5 -5 -6 -7 -8 -9
leaf_value=1.9397459557005278e-05 0.033902169775398054 0.0065029436215423772 0.0061798434618076893 -0.016143171585045211 -0.0061791477257671775 -0.02030428657625542 0.0051679355194183731 0.029670777097516417
leaf_weight=9.6586743891239184 13.265471190214159 44.086201459169388 8.1809975504875165 14.89292001724243 7.9655338674783698 35.857589662075043 12.017565980553625 9.8613039255142194
leaf_count=39 55 179 33 61 32 146 49 40
internal_value=0.00146903 -0.00226119 -0.00632049 0.000196636 0.0149906 -0.0150038 0.022174 0.0170614
internal_weight=155.786 122.538 103.018 58.9791 33.2486 44.0386 25.283 19.52
internal_count=634 498 419 240 136 179 104 79
is_linear=0
shrinkage=0.03


Tree=29
num_leaves=7
num_cat=0
split_feature=40 38 38 2 7 16
split_gain=6.98253 8.26255 6.23367 6.45083 2.86739 2.56171
threshold=-0.048920093163436144 0.013101165377263082 0.011106913394658047 0.015570878005894297 0.0034731914090961745 -11.510094906248902
decision_type=2 2 2 2 2 2
left_child=5 2 3 -2 -4 -1
right_child=1 -3 4 -5 -6 -7
leaf_value=0.030283124736822944 -0.0062668473072973992 -0.022618191158218511 0.028218598333693903 0.008859706430885456 0.003271685479857065 0.0032097651065589113
leaf_weight=7.5543555468320847 73.697590559720993 11.993983164429663 8.3670388162136096 35.847792595624924 10.555383726954458 7.5721109509468061
leaf_count=31 300 49 34 146 43 31
internal_value=0.00144742 -0.000645527 0.00160619 -0.00111224 0.0166625 0.0195639
internal_weight=155.588 140.462 128.468 109.545 18.9224 15.1265
internal_count=634 572 523 446 77 62
is_linear=0
shrinkage=0.03


Tree=30
num_leaves=11
num_cat=0
split_feature=19 15 19 19 37 2 5 36 13 22
split_gain=6.63843 7.44715 6.41485 5.68416 5.5028 6.91621 6.51886 4.9901 4.87878 2.43058
threshold=0.10896992442423566 -32.041505097281359 0.12356914650404753 0.1720595519474902 0.019469642008934644 0.0042118261750218053 0.014568971792447207 0.0052974122720070051 2.6274014014984641 -0.027469454017690294
decision_type=2 2 2 2 2 2 2 2 2 2
left_child=1 -1 9 8 6 -6 -3 -5 -4 -2
right_child=2 4 3 7 5 -7 -8 -9 -10 -11
leaf_value=-0.031522158099926284 0.028109718926627201 0.011229293980810668 0 -0.0073061530133472687 -0.029877704448659843 0 -0.013598450766444437 0.018281083921657695 -0.023641161522812645 0.0028751913558916153
leaf_weight=8.7397768795490247 9.7916774600744265 26.885421901941299 24.347321152687073 8.1797646731138247 11.232734411954882 14.034527495503424 11.934157609939573 17.612854942679405 10.356217384338377 7.6241814643144599
leaf_count=36 40 109 99 33 46 57 49 72 42 31
internal_value=-0.00166645 -0.00813889 0.0042481 -0.000314545 -0.00386559 -0.0143155 0.00293682 0.00968492 -0.00827787 0.0192694
internal_weight=150.739 72.8266 77.912 60.4962 64.0868 25.2673 38.8196 25.7926 34.7035 17.4159
internal_count=614 297 317 246 261 103 158 105 141 71
is_linear=0
shrinkage=0.03


Tree=31
num_leaves=12
num_cat=0
split_feature=28 32 21 38 21 23 21 4 28 23 25
split_gain=9.7466 8.46548 6.7073 7.89471 5.90327 5.715 5.07894 4.70211 6.27071 0.960507 0.630983
threshold=5.5000000000000009 0.0043403998030332467 0.012178392059171518 0.012816706703620088 0.018244444875984776 1.1181827652040537 0.026678099683689897 -0.0012683742350640401 3.5000000000000004 1.1089720652003392 0.17968564944214357
decision_type=2 2 2 2 2 2 2 2 2 2 2
left_child=4 2 -2 -4 7 10 9 -1 -9 -6 -3
right_child=1 5 3 -5 6 -7 -8 8 -10 -11 -12
leaf_value=0.014654587601870873 -0.019779255764140868 -0.01357912114805002 0.0088474632138231136 -0.020349341330931338 0.033669965608215238 0 0 -0.02097248562280955 0.0072148465850150117 0.010207138201360431 -0.036687060413315743
leaf_weight=9.8684601783752424 12.284961611032484 8.0160430669784599 42.715477585792542 8.1055396646261197 9.6454178839922005 8.3517256528139097 9.5993224233388883 13.162318855524065 10.87378281354904 7.2869362086057654 10.704222172498701
leaf_count=40 50 33 174 33 40 34 39 53 44 30 44
internal_value=-0.00163707 -0.00789621 -0.00142181 0.00331265 0.00741582 -0.0213363 0.0174963 -0.000589946 -0.00806992 0.0265098 -0.0297819
internal_weight=150.614 90.178 63.106 50.821 60.4362 27.072 26.5317 33.9046 24.0361 16.9324 18.7203
internal_count=614 368 257 207 246 111 109 137 97 70 77
is_linear=0
shrinkage=0.03


Tree=32
num_leaves=11
num_cat=0
split_feature=28 21 16 21 23 15 23 19 13 20
split_gain=9.33106 7.67137 7.17655 5.62863 5.5472 4.97633 3.70549 4.83897 2.40365 0.736323
threshold=5.5000000000000009 0.012178392059171518 13.808182482495733 0.018244444875984776 1.1181827652040537 158.19835540205378 0.79465043233036947 0.075545488136573649 2.3531785964513046 0.017957391400454093
decision_type=2 2 2 2 2 2 2 2 2 2
left_child=3 9 4 6 -3 8 -1 -8 -5 -2
right_child=1 2 -4 5 -6 -7 7 -9 -10 -11
leaf_value=-0.017139735038682029 -0.010398315759607169 -0.0040416693333022863 -0.0240091812785777 0.033973678238621838 0.015733518755694509 -0.0010746133354081471 -0.011681668603964237 0.013230555144900388 0.0072589092467990387 -0.032507951774435613
leaf_weight=7.4478009790182105 7.6650778949260738 48.357896402478218 10.3925923705101 10.513811066746717 14.992368564009665 7.9229336678981772 8.4529652446508425 17.987709820270538 8.025863364338873 8.6966040879487974
leaf_count=30 31 198 42 44 61 32 34 73 33 36
internal_value=-0.0016023 -0.00772971 -0.00308565 0.00725988 0.000747048 0.0171191 -0.000545924 0.00447741 0.024972 -0.0252278
internal_weight=150.456 90.1045 73.7429 60.3511 63.3503 26.4626 33.8885 26.4407 18.5397 16.3617
internal_count=614 368 301 246 259 109 137 107 77 67
is_linear=0
shrinkage=0.03


Tree=33
num_leaves=10
num_cat=0
split_feature=28 32 21 38 21 21 19 21 34
split_gain=8.86765 8.12012 6.09699 7.40869 5.39051 4.81592 4.63736 3.64283 5.31609
threshold=5.5000000000000009 0.0043403998030332467 0.012178392059171518 0.012816706703620088 0.018244444875984776 0.026678099683689897 0.10686717693484819 0.01151400764151197 0.019837824880783787
decision_type=2 2 2 2 2 2 2 2 2
left_child=4 2 -2 -4 7 -6 -3 -1 -9
right_child=1 6 3 -5 5 -7 -8 8 -10
leaf_value=0.011436170406805581 -0.018770215971836611 -0.03183514717140299 0.0086464937747863201 -0.019647685782532315 0.02556468830131357 0 -0.0050535336850034036 -0.018858788960989116 0.0083342027429493867
leaf_weight=11.643264710903166 12.229829013347624 14.034225091338159 42.708301961421967 8.0886213630437833 16.799879938364032 9.5819632560014707 12.964626640081404 13.612115994095804 8.6142033338546735
leaf_count=47 50 58 174 33 70 39 53 55 35
internal_value=-0.00157395 -0.0075503 -0.00121096 0.00328337 0.00707044 0.016739 -0.0207276 -0.000555846 -0.00788253
internal_weight=150.277 90.0256 63.0268 50.7969 60.2514 26.3818 26.9989 33.8696 22.2263
internal_count=614 368 257 207 246 109 111 137 90
is_linear=0
shrinkage=0.03


Tree=34
num_leaves=12
num_cat=0
split_feature=28 32 35 36 23 21 15 4 28 37 13
split_gain=8.45435 7.7049 5.96543 8.06388 5.31478 5.11128 4.71922 4.43139 5.93311 2.40012 2.35026
threshold=5.5000000000000009 0.0043403998030332467 0.0036970239351236116 0.0068428575992175245 1.1181827652040537 0.018244444875984776 158.19835540205378 -0.0012683742350640401 3.5000000000000004 0.0049376700738316135 2.3531785964513046
decision_type=2 2 2 2 2 2 2 2 2 2 2
left_child=5 2 9 -4 -3 7 10 -1 -9 -2 -7
right_child=1 4 3 -5 -6 6 -8 8 -10 -11 -12
leaf_value=0.014284630014618204 -0.0015347240285682187 -0.028416997319098601 -0.0026382980122004493 0.024877748783346747 0 0.032938597894240161 -0.0012962531478891523 -0.020358302326354834 0.0070578578876449843 -0.024823908270790729 0.0066819569239540254
leaf_weight=9.8510395288467389 9.109969690442087 18.602688610553745 34.242887869477272 10.803127020597456 8.3399531692266446 10.396099135279661 7.9125382751226416 13.149356186389925 10.857005834579466 8.837256193161009 7.9922965168952933
leaf_count=40 37 77 140 44 34 44 32 53 44 36 33
internal_value=-0.00154555 -0.00738464 -0.0012029 0.00441894 -0.0202377 0.00689923 0.0163326 -0.000512713 -0.00779318 -0.0150935 0.0240371
internal_weight=150.094 89.9359 62.9932 45.046 26.9426 60.1583 26.3009 33.8574 24.0064 17.9472 18.3884
internal_count=614 368 257 184 111 246 109 137 97 73 77
is_linear=0
shrinkage=0.03


Tree=35
num_leaves=6
num_cat=0
split_feature=34 4 21 38 21
split_gain=7.91263 7.51924 5.0956 4.57954 7.87284
threshold=0.037058102974630087 -0.048943794638116593 0.014337621296757646 0.012964331009681416 0.018317890948860223
decision_type=2 2 2 2 2
left_child=1 -1 -2 4 -3
right_child=2 3 -4 -5 -6
leaf_value=0.021632121780168986 -0.031888851407903089 -0.0036346890150764448 0 -0.016661811939336364 0.013959432884143296
leaf_weight=12.599270671606062 9.5340046882629412 84.546215370297432 7.7412573844194403 13.009468495845793 28.961858510971069
leaf_count=52 40 344 32 53 120
internal_value=-0.00118493 0.00119312 -0.0192503 -0.00103055 0.000888608
internal_weight=156.392 139.117 17.2753 126.518 113.508
internal_count=641 569 72 517 464
is_linear=0
shrinkage=0.03


Tree=36
num_leaves=10
num_cat=0
split_feature=37 34 28 20 4 7 2 36 21
split_gain=9.17854 7.4829 6.09472 7.40112 5.66256 2.6468 1.70438 1.67056 1.30092
threshold=-0.012269727836211773 0.037058102974630087 2.5000000000000004 0.018057163320803222 0.028877357461689294 0.0072340641014843029 -0.019732581275579527 0.0072440293974836345 0.014234950012055395
decision_type=2 2 2 2 2 2 2 2 2
left_child=5 2 4 -4 -2 6 -1 -8 -3
right_child=1 8 3 -5 -6 -7 7 -9 -10
leaf_value=0.0029382334585949204 -0.0050591396480438745 -0.031560872502028006 0.0076209979098635994 -0.010800943190187628 0.023870545771123075 -0.00059448666926063625 0.032751226732737601 0.0075218021833886421 -0.0076394907796096811
leaf_weight=8.0177771449089086 8.4087586253881472 8.0788255184888822 25.3357223123312 63.917925000190735 12.159542843699453 7.7679384648799887 7.5135975778102875 7.7971611022949219 7.2468513995409003
leaf_count=33 34 34 103 262 50 32 31 32 30
internal_value=-0.00115739 -0.00489236 -0.00181819 -0.00535486 0.0119786 0.0128081 0.0175576 0.0231229 -0.0233029
internal_weight=156.244 125.148 109.822 89.2536 20.5683 31.0965 23.3285 15.3108 15.3257
internal_count=641 513 449 365 84 128 96 63 64
is_linear=0
shrinkage=0.03


Tree=37
num_leaves=7
num_cat=0
split_feature=34 4 12 18 19 21
split_gain=7.22734 7.10395 5.47713 6.5763 6.28482 4.73977
threshold=0.037058102974630087 -0.048943794638116593 42.343944047449043 0.33082839809308373 0.13160239492000717 0.014337621296757646
decision_type=2 2 2 2 2 2
left_child=1 -1 3 -3 -4 -2
right_child=5 2 4 -5 -6 -7
leaf_value=0.021059348321486808 -0.030690931991098624 -0.00075875953555840862 0.0085232467384048233 -0.03126192919374101 -0.0064241144553579916 0
leaf_weight=12.546252325177191 9.443807780742647 18.541682764887813 58.161999076604843 8.7223052829503995 40.951509594917297 7.7366618961095801
leaf_count=52 40 76 238 36 167 32
internal_value=-0.00111356 0.00115239 -0.00100435 -0.0124995 0.00219407 -0.018428
internal_weight=156.104 138.924 126.377 27.264 99.1135 17.1805
internal_count=641 569 517 112 405 72
is_linear=0
shrinkage=0.03


Tree=38
num_leaves=8
num_cat=0
split_feature=37 38 38 36 32 13 17
split_gain=8.59605 9.43636 8.65092 5.80891 2.32556 4.65481 0.991729
threshold=-0.012269727836211773 0.012816706703620088 0.010911253513252952 0.0071638962918784792 -0.011926761642356896 0.90418387965767633 0.38307908645598149
decision_type=2 2 2 2 2 2 2
left_child=4 2 3 -2 -1 -6 -4
right_child=1 -3 6 -5 5 -7 -8
leaf_value=-0.00051560768583426878 -0.0093189677728268399 -0.029208941708049774 0.025259492881838673 0.00711268768618337 0.028754405242044593 0.0014552819942455215 0.0053848809128943416
leaf_weight=7.2834312766790417 75.655231654644012 10.824523344635962 7.371861204504965 23.124670341610909 11.728843197226526 11.998174116015432 7.9876575022935867
leaf_count=30 310 45 30 95 49 49 33
internal_value=-0.0010995 -0.00471821 -0.00180345 -0.00525861 0.0124309 0.0167192 0.017599
internal_weight=155.974 124.964 114.139 98.7799 31.0104 23.727 15.3595
internal_count=641 513 468 405 128 98 63
is_linear=0
shrinkage=0.03


Tree=39
num_leaves=10
num_cat=0
split_feature=40 40 23 16 36 25 4 2 36
split_gain=7.13169 6.56393 9.02395 6.9221 5.16577 4.70572 4.52441 2.74545 2.21431
threshold=-0.029788042096399511 0.025671758218446365 0.7831706582304887 -9.1906590996089914 0.0070911961006431814 0.26278462112728634 -1.0000000180025095e-35 -0.012476811570030442 0.0063794003401976612
decision_type=2 2 2 2 2 2 2 2 2
left_child=6 3 -3 7 -5 -4 8 -2 -1
right_child=1 2 5 4 -6 -7 -8 -9 -10
leaf_value=0.030901982561305705 -0.006181509181353094 -0.020093060063138591 0.01436893531151426 -0.024104430544228977 -0.0022208394384358576 -0.0022361152691583522 -0.0047323926655967038 0.015798912318773617 0.006570262659899277
leaf_weight=8.2466979473829323 7.373907893896102 11.112596631050108 33.22408039867878 29.046930223703384 17.107743620872498 23.980424091219902 7.417367920279502 8.2816334515809995 10.065452039241789
leaf_count=34 30 46 136 120 70 98 31 34 42
internal_value=-0.00104775 -0.00402449 0.00219812 -0.0109906 -0.0167337 0.00731426 0.0126706 0.00506887 0.0202301
internal_weight=155.857 130.127 68.3171 61.8102 46.1547 57.2045 25.7295 15.6555 18.3121
internal_count=641 534 280 254 190 234 107 64 76
is_linear=0
shrinkage=0.03


Tree=40
num_leaves=8
num_cat=0
split_feature=10 12 18 19 19 40 37
split_gain=6.63967 4.65157 7.37259 6.25216 10.9466 8.86672 5.72793
threshold=-0.031264629462672659 42.105039740780036 0.25236752886796893 0.13265630961233987 0.098461316699665444 0.050968714392099053 0.0043833246184661343
decision_type=2 2 2 2 2 2 2
left_child=-1 2 6 4 -3 -5 -2
right_child=1 3 -4 5 -6 -7 -8
leaf_value=0.018304788259967883 0.013339013807066957 -0.0031471224508906655 -0.030859090759421701 -0.021286376034444904 0.020686089309399185 0.0053740941292707506 -0.017201999573566003
leaf_weight=13.278649330139158 10.067429989576345 43.373438566923141 10.277183845639227 21.404420346021652 25.586429834365845 19.015774011611938 8.1652480959892255
leaf_count=55 41 178 43 87 106 78 34
internal_value=-0.000362217 -0.00250306 -0.0128731 0.000247845 0.00581821 -0.00872826 0
internal_weight=151.169 137.89 28.5099 109.38 68.9599 40.4202 18.2327
internal_count=622 567 118 449 284 165 75
is_linear=0
shrinkage=0.03


Tree=41
num_leaves=9
num_cat=0
split_feature=37 4 5 25 36 13 22 14
split_gain=6.34604 10.6416 7.34639 5.75564 5.81263 4.14396 4.90995 3.87499
threshold=0.0034504899962721773 -0.0094694352125724284 0.016157259273686945 0.024845679012345682 0.0071026271226287954 4.8708184837218527 0.047489691001360253 -24.288394188725302
decision_type=2 2 2 2 2 2 2 2
left_child=2 7 5 -3 -5 6 -1 -2
right_child=1 3 -4 4 -6 -7 -8 -9
leaf_value=0.026728616510703872 -0.0046221409447763347 -0.019386833187005084 -0.010589471486454597 -0.0022946422358607987 0.016089402361092763 -0.0021814767780370717 0.0018205734727491532 -0.033389669522067594
leaf_weight=20.562693521380424 9.087438106536867 9.3209650814533216 13.114071890711783 43.586034893989563 20.864676609635353 9.8058552294969541 12.858385965228079 11.810553207993506
leaf_count=85 38 38 55 178 86 40 53 49
internal_value=-0.00035464 -0.00515756 0.00735874 0.000182095 0.00373623 0.013363 0.0182129 -0.0230316
internal_weight=151.011 94.6697 56.341 73.7717 64.4507 43.2269 33.4211 20.898
internal_count=622 389 233 302 264 178 138 87
is_linear=0
shrinkage=0.03


Tree=42
num_leaves=8
num_cat=0
split_feature=10 28 19 22 15 22 9
split_gain=6.12716 6.54993 11.0418 6.85259 6.60961 5.2299 5.15071
threshold=-0.031264629462672659 8.5000000000000018 0.067107569912313744 -0.11797322630093675 -21.216191629089987 -0.28670819440627487 -0.026376257038879736
decision_type=2 2 2 2 2 2 2
left_child=-1 3 -3 5 -5 -2 -4
right_child=1 2 6 4 -6 -7 -8
leaf_value=0.01760996507886136 0.0053505109300318087 0.01492099688689761 -0.0019020134329079663 -0.013131354590930235 0.012275132354607891 -0.017598070158423115 -0.027122686787863757
leaf_weight=13.208161771297453 12.447136119008062 8.9534723162651044 12.630682170391081 8.87433874607086 51.668773010373116 20.049018263816833 23.031023740768433
leaf_count=55 51 37 53 36 212 82 96
internal_value=-0.000361165 -0.00242043 -0.011655 0.00200208 0.00801042 -0.00857257 -0.0191637
internal_weight=150.863 137.654 44.6152 93.0393 60.5431 32.4962 35.6617
internal_count=622 567 186 381 248 133 149
is_linear=0
shrinkage=0.03


Tree=43
num_leaves=7
num_cat=0
split_feature=10 38 21 1 3 33
split_gain=5.84061 5.57541 4.35146 7.459 6.84345 3.42584
threshold=-0.040462683025367867 0.012964331009681416 0.013705537667889211 0.0098506223757047779 -0.011923571824653865 0.59139747820347655
decision_type=2 2 2 2 2 2
left_child=-1 2 3 -2 -4 -3
right_child=1 5 4 -5 -6 -7
leaf_value=0.02246218130077739 2.1805827403164333e-05 -0.00053630033482613749 -0.0097669519916792243 -0.025334913389014696 0.0098180259604830778 -0.029251648230591384
leaf_weight=7.3892483115196219 37.484480917453766 7.8260146081447592 19.377893671393394 11.877886593341826 58.635721474885941 8.0893621295690519
leaf_count=31 154 33 80 49 242 33
internal_value=-0.000351747 -0.00192446 0.000160711 -0.00653658 0.00464329 -0.017605
internal_weight=150.681 143.291 127.376 49.3624 78.0136 15.9154
internal_count=622 591 525 203 322 66
is_linear=0
shrinkage=0.03


Tree=44
num_leaves=10
num_cat=0
split_feature=37 4 9 19 36 35 21 0 9
split_gain=5.97775 10.0833 6.9903 5.31011 5.27469 5.78811 5.08098 4.98793 2.63436
threshold=0.0034504899962721773 -0.0094694352125724284 -0.045908789729529283 0.077426430063953236 0.0071026271226287954 1.0000000180025095e-35 0.022533394971466485 -0.0054739295199386908 -0.054310996074971495
decision_type=2 2 2 2 2 2 2 2 2
left_child=2 8 -1 -4 7 -6 -5 -3 -2
right_child=1 4 3 6 5 -7 -8 -9 -10
leaf_value=0.024950128326187013 -0.0039802999343150069 -0.020496364692927139 0.015580665749340628 -0.014148804824632686 -0.0011993221014638354 0.02687161075004187 0.010044341816989417 0.00011492677066273799 -0.029855003388925983
leaf_weight=12.839352339506148 7.4038055539131191 11.745836392045019 13.120802834630011 20.686990529298786 12.27673687040806 9.9821819216012937 9.493210703134535 39.612531572580338 13.40131740272045
leaf_count=53 31 48 54 86 51 41 40 162 56
internal_value=-0.000354291 -0.00502306 0.00714278 0.000663122 0.000170607 0.0119485 -0.00592141 -0.00490939 -0.0224615
internal_weight=150.563 94.4224 56.1404 43.301 73.6173 22.2589 30.1802 51.3584 20.8051
internal_count=622 389 233 180 302 92 126 210 87
is_linear=0
shrinkage=0.03


Tree=45
num_leaves=9
num_cat=0
split_feature=9 9 35 19 16 4 35 13
split_gain=7.01105 8.37736 9.17074 8.19362 7.45329 5.79156 5.12901 3.03876
threshold=-0.046589900813890868 0.012434742963586281 -0.029073676457082417 0.11089238825496291 7.7142635214513158 0.011329193785533766 -0.073896169488852623 -4.439077405895385
decision_type=2 2 2 2 2 2 2 2
left_child=3 6 4 -1 -3 -4 -2 -8
right_child=1 2 5 -5 -6 -7 7 -9
leaf_value=-0.0016575135714233127 0.0027123261834312933 -0.034898758283480824 0.015928067950821554 0.03311018462516218 0.0016818044674575454 -0.00077210998506210642 -0.0017227298741450017 -0.026160025032076074
leaf_weight=12.503762647509577 8.7790162116289121 8.7406481802463549 25.751120418310165 8.4070530384778959 7.6964543461799613 52.045394688844681 7.5903628915548351 23.674779862165451
leaf_count=52 36 36 107 35 32 213 32 98
internal_value=-0.00188712 -0.00452879 0.000278125 0.013336 -0.0186324 0.00482844 -0.0156725 -0.0211385
internal_weight=155.189 134.278 94.2336 20.9108 16.4371 77.7965 40.0442 31.2651
internal_count=641 554 388 87 68 320 166 130
is_linear=0
shrinkage=0.03


Tree=46
num_leaves=8
num_cat=0
split_feature=31 28 16 17 19 40 21
split_gain=6.09494 5.90979 5.43099 5.0403 5.46333 2.70692 2.05308
threshold=-2.4999999999999996 8.5000000000000018 -8.5779688118378363 -3.3161229059896749 0.074920132660456148 0.050968714392099053 0.019115074756222119
decision_type=2 2 2 2 2 2 2
left_child=-1 3 -3 6 -5 -4 -2
right_child=1 2 5 4 -6 -7 -8
leaf_value=0.017162137844119307 -0.023517733754387218 0.008508051131438361 -0.010693829717850495 -0.0099000937783581249 0.0078755199465451349 -0.031856524355991366 -0.00053150982134728684
leaf_weight=11.66433374583721 7.5846253335475904 7.2892222404479972 31.254037857055664 17.966809198260307 63.425739020109177 7.9921642094850531 7.8765723556280136
leaf_count=48 31 30 131 73 262 34 32
internal_value=-0.00183667 -0.00370017 -0.0122569 0.000424165 0.00362848 -0.0167028 -0.0140688
internal_weight=155.054 143.389 46.5354 96.8537 81.3925 39.2462 15.4612
internal_count=641 593 195 398 335 165 63
is_linear=0
shrinkage=0.03


Tree=47
num_leaves=9
num_cat=0
split_feature=9 12 0 11 10 37 21 18
split_gain=6.60038 10.3482 6.15022 5.12819 5.09165 4.10031 3.7504 0.630252
threshold=-0.046589900813890868 44.258944899943039 -0.0088804287590976121 -0.018299774657683284 0.0053837287070216408 0.0043833246184661343 0.018176238100673061 0.26564459954185848
decision_type=2 2 2 2 2 2 2 2
left_child=5 2 -2 6 -5 -1 -3 -4
right_child=1 3 7 4 -6 -7 -8 -9
leaf_value=0.023586308668753782 0 0 -0.013146509757650008 0.015820048917262502 -0.00083697739903016474 -0.00069661231313521545 -0.025611088079443421 -0.037541349950775314
leaf_weight=11.547513246536257 8.4375937730073947 8.2996554374694842 7.1814191043376949 18.8222726136446 72.483587592840195 9.3008729815483075 9.1454081535339338 9.6554607152938825
leaf_count=48 35 34 30 78 298 39 38 41
internal_value=-0.00180313 -0.00437071 -0.0208976 -8.62797e-05 0.00270153 0.012984 -0.0142259 -0.0304331
internal_weight=154.874 134.025 25.2745 108.751 91.3059 20.8484 17.4451 16.8369
internal_count=641 554 106 448 376 87 72 71
is_linear=0
shrinkage=0.03


Tree=48
num_leaves=9
num_cat=0
split_feature=34 34 4 37 38 11 21 37
split_gain=4.26345 8.09768 6.74108 4.63218 4.08278 3.63203 2.5569 1.39532
threshold=0.034649501004426438 0.018868269770030869 -0.041483963787708793 0.053073004093558314 0.0079669344963835941 0.061123361527372529 0.014337621296757646 -0.022537965054142958
decision_type=2 2 2 2 2 2 2 2
left_child=1 2 7 -4 -3 -6 -2 -1
right_child=6 4 3 -5 5 -7 -8 -9
leaf_value=0.0011303977088691429 -0.022972864297937635 0.027228864641993197 -0.0037646743568240043 -0.023527789242184325 -0.0077972158188195691 0.015806571174317101 -0.0010344852862520331 0.021879938671795537
leaf_weight=7.0342316776514053 10.5272773206234 10.512611255049707 78.740653619170189 11.301294431090353 9.5851654261350649 9.289073318243025 10.532608225941656 7.2040604799985868
leaf_count=30 45 43 324 47 40 38 44 30
internal_value=-0.00176903 0.000173203 -0.00367251 -0.00686548 0.0136622 0.00350238 -0.0136927 0.0139545
internal_weight=154.727 133.667 104.28 90.0419 29.3868 18.8742 21.0599 14.2383
internal_count=641 552 431 371 121 78 89 60
is_linear=0
shrinkage=0.03


Tree=49
num_leaves=9
num_cat=0
split_feature=9 12 35 18 37 9 18 14
split_gain=6.21719 9.94149 5.42407 4.56708 3.87199 3.6961 2.52848 1.97789
threshold=-0.046589900813890868 44.258944899943039 -0.046495458847131681 0.32162580949456798 0.0043833246184661343 0.0029350239403058572 0.19918143306518707 5.9240989335464755
decision_type=2 2 2 2 2 2 2 2
left_child=4 3 7 6 -1 -4 -2 -3
right_child=1 2 5 -5 -6 -7 -8 -9
leaf_value=0.022973246699988133 -0.017257285248950854 -0.0017057765153574047 -0.012413065293579106 -0.035662904556696337 -0.00061261253442430094 0.0050412918894026729 0.0036977673302661619 -0.024473643426190444
leaf_weight=11.506238654255869 8.6987044364213961 8.1433700323104876 10.24939578771591 9.3461499959230405 9.290602117776869 82.340881258249283 7.130094662308692 7.896867409348487
leaf_count=48 36 33 43 40 39 339 30 33
internal_value=-0.00171467 -0.00421107 -1.24764e-05 -0.0204419 0.0126494 0.00272897 -0.0076208 -0.0152168
internal_weight=154.602 133.805 108.631 25.1749 20.7968 92.5903 15.8288 16.0402
internal_count=641 554 448 106 87 382 66 66
is_linear=0
shrinkage=0.03


end of trees

feature_importances:
volatility=41
macd_hist=28
month=28
macro_topix_ret_20=23
macro_usdjpy_ret_20=22
macro_topix_vol_20=21
div_ma_60=20
macro_usdjpy_vol_20=18
bb_bandwidth=17
return_10d=16
ma_20_60_cross=15
macd_signal=14
macd=13
vol_ratio=13
bb_pct_b=12
atr_pct=11
macro_nikkei_ret_20=11
rsi=9
rsi_change=9
macd_hist_change=9
vol_change=9
macro_usdjpy_ret_60=9
gap=8
return_3d=7
return_20d=7
price_position_20d=6
return_5d=5
div_ma_10=5
div_ma_20=5
ma_5_20_cross=5
return_1d=4
upper_shadow_pct=3
return_2d=2
candle_body_pct=1
streak=1
macro_topix_above_200dma=1

parameters:
[boosting: gbdt]
[objective: binary]
[metric: binary_logloss]
[tree_learner: serial]
[device_type: cpu]
[data_sample_strategy: bagging]
[data: ]
[valid: ]
[num_iterations: 50]
[learning_rate: 0.03]
[num_leaves: 15]
[num_threads: 0]
[seed: 42]
[deterministic: 0]
[force_col_wise: 0]
[force_row_wise: 0]
[histogram_pool_size: -1]
[max_depth: 4]
[min_data_in_leaf: 30]
[min_sum_hessian_in_leaf: 0.001]
[bagging_fraction: 0.7]
[pos_bagging_fraction: 1]
[neg_bagging_fraction: 1]
[bagging_freq: 5]
[bagging_seed: 400]
[bagging_by_query: 0]
[feature_fraction: 0.6]
[feature_fraction_bynode: 1]
[feature_fraction_seed: 30056]
[extra_trees: 0]
[extra_seed: 12879]
[early_stopping_round: 0]
[early_stopping_min_delta: 0]
[first_metric_only: 0]
[max_delta_step: 0]
[lambda_l1: 0.5]
[lambda_l2: 2]
[linear_lambda: 0]
[min_gain_to_split: 0]
[drop_rate: 0.1]
[max_drop: 50]
[skip_drop: 0.5]
[xgboost_dart_mode: 0]
[uniform_drop: 0]
[drop_seed: 17869]
[top_rate: 0.2]
[other_rate: 0.1]
[min_data_per_group: 100]
[max_cat_threshold: 32]
[cat_l2: 10]
[cat_smooth: 10]
[max_cat_to_onehot: 4]
[top_k: 20]
[monotone_constraints: ]
[monotone_constraints_method: basic]
[monotone_penalty: 0]
[feature_contri: ]
[forcedsplits_filename: ]
[refit_decay_rate: 0.9]
[cegb_tradeoff: 1]
[cegb_penalty_split: 0]
[cegb_penalty_feature_lazy: ]
[cegb_penalty_feature_coupled: ]
[path_smooth: 0]
[interaction_constraints: ]
[verbosity: -1]
[saved_feature_importance_type: 0]
[use_quantized_grad: 0]
[num_grad_quant_bins: 4]
[quant_train_renew_leaf: 0]
[stochastic_rounding: 1]
[linear_tree: 0]
[max_bin: 255]
[max_bin_by_feature: ]
[min_data_in_bin: 5]
[bin_construct_sample_cnt: 200000]
[data_random_seed: 175]
[is_enable_sparse: 1]
[enable_bundle: 1]
[use_missing: 1]
[zero_as_missing: 0]
[feature_pre_filter: 1]
[pre_partition: 0]
[two_round: 0]
[header: 0]
[label_column: ]
[weight_column: ]
[group_column: ]
[ignore_column: ]
[categorical_feature: ]
[forcedbins_filename: ]
[precise_float_parser: 0]
[parser_config_file: ]
[objective_seed: 16083]
[num_class: 1]
[is_unbalance: 0]
[scale_pos_weight: 1]
[sigmoid: 1]
[boost_from_average: 1]
[reg_sqrt: 0]
[alpha: 0.9]
[fair_c: 1]
[poisson_max_delta_step: 0.7]
[tweedie_variance_power: 1.5]
[lambdarank_truncation_level: 30]
[lambdarank_norm: 1]
[label_gain: ]
[lambdarank_position_bias_regularization: 0]
[eval_at: ]
[multi_error_top_k: 1]
[auc_mu_weights: ]
[num_machines: 1]
[local_listen_port: 12400]
[time_out: 120]
[machine_list_filename: ]
[machines: ]
[gpu_platform_id: -1]
[gpu_device_id: -1]
[gpu_use_dp: 0]
[num_gpu: 1]

end of parameters

pandas_categorical:[]
