tree
version=v4
num_class=1
num_tree_per_iteration=1
label_index=0
max_feature_idx=44
objective=binary sigmoid:1
feature_names=return_1d return_2d return_3d return_5d return_10d return_20d div_ma_5 div_ma_10 div_ma_20 div_ma_60 ma_5_20_cross ma_20_60_cross rsi rsi_change macd macd_signal macd_hist macd_hist_change bb_pct_b bb_bandwidth atr_pct volatility vol_change vol_ratio candle_body_pct upper_shadow_pct lower_shadow_pct day_of_week month is_month_end is_month_start streak gap price_position_20d macro_usdjpy_ret_20 macro_usdjpy_ret_60 macro_usdjpy_vol_20 macro_topix_ret_20 macro_topix_vol_20 macro_topix_above_200dma macro_nikkei_ret_20 macro_nikkei_above_200dma macro_nikkei_vi macro_jgb10y macro_bias_score
feature_infos=[-0.18591968551007365:0.11160168872608711] [-0.27377270006323517:0.14113887626357791] [-0.30135091495603539:0.13966054530706673] [-0.27879655321267627:0.19412302431435102] [-0.31109715651976955:0.29400127924783281] [-0.31511992930868749:0.31623023152750229] [-0.22124734670029789:0.07094492161728716] [-0.25273626644754543:0.11563931167981648] [-0.28893894482241894:0.12354959966950552] [-0.29225664493337233:0.25568167357930327] [-0.18028738640809505:0.095529509307972216] [-0.14607531561552067:0.14772748859868412] [13.87280687827888:95.613193826621085] [-37.138315624687564:30.177851665978821] [-58.10745809273817:69.928470579799978] [-49.450557803021809:62.126199575523223] [-27.169808849852625:16.203154976572119] [-12.62655828297931:6.6110206059287435] [-0.36582158080243915:1.3152745959728014] [0.032374241455427437:0.48844436465895269] [0.010692031507447441:0.074513623200678614] [0.0061219320671191818:0.062956470375995457] [-0.79352852904716398:4.3755158184319116] [0.49012865621224372:1.9479776370565265] [-1:1] [0:0.92753616778490833] [0:0.95348837209302328] [0:4] [1:12] none [0:1] [-8:9] [-0.17352503980940204:0.13006099030131746] [0:1] [-0.10288784967882303:0.08505611680078462] [-0.13986255140503889:0.13160084488587853] [0.0024251968629528543:0.011841457708833452] [-0.21871130063915301:0.21255327098343968] [0.0039190661917629455:0.040640984327119482] [0:1] [-0.22859537662338159:0.23022297972565586] [0:1] none none none
tree_sizes=1178 1187 1386 1100 1197 994 1092 1102 986 1310 1198 1204 1206 1080 1313 1106 1315 792 1101 1001 1282 1411 1414 1076 1389 1046 992 1406 972 1303 1105 1100 1204 972 889 790 1309 1400 1421 788 1198 1202 1298 1202 1176 1425 1405 1275 992 1304

Tree=0
num_leaves=10
num_cat=0
split_feature=9 36 36 35 18 34 1 14 7
split_gain=11.3492 10.5982 16.3323 9.88511 6.717 6.55164 2.44299 2.31341 1.83101
threshold=-0.032925974652723698 0.005016452404498893 0.0035837892587876272 -0.030004096651680131 0.30866523571418397 0.024396315883857048 0.01225580404414184 4.4556992757279099 -0.024954466378208345
decision_type=2 2 2 2 2 2 2 2 2
left_child=6 2 -2 7 -5 -4 8 -3 -1
right_child=1 3 5 4 -6 -7 -8 -9 -10
leaf_value=0.089132411187568178 0.057110806557714541 0.079645780835010338 0.10470571121493538 0.085434191730159231 0.062019064016064093 0.076694323888035848 0.083198943854973922 0.099024052852689726 0.114079916710456
leaf_weight=7.4870359897613534 9.2340110540389997 7.4870359897613552 28.201168894767761 11.729689717292784 57.151041388511658 7.9861717224121085 7.4870359897613517 9.7331467866897565 8.4853074550628662
leaf_count=30 37 30 113 47 229 32 30 39 34
internal_value=0.080923 0.0773673 0.0887133 0.0712223 0.0661686 0.0981142 0.0991608 0.0903253 0.105182
internal_weight=154.982 131.522 45.4214 86.1009 68.8807 36.1873 23.4594 17.2202 15.9723
internal_count=621 527 182 345 276 145 94 69 64
is_linear=0
shrinkage=1


Tree=1
num_leaves=10
num_cat=0
split_feature=9 36 36 38 40 40 34 3 7
split_gain=10.8104 9.93439 15.4878 9.40889 11.8908 6.57159 6.22303 2.37536 1.85095
threshold=-0.032925974652723698 0.005016452404498893 0.0035837892587876272 0.0075199799051010969 -0.013888667088360561 0.025671758218446365 0.024396315883857048 -0.041529626937000512 0.0013993918927260045
decision_type=2 2 2 2 2 2 2 2 2
left_child=7 2 -2 5 -5 -3 -4 -1 -9
right_child=1 3 6 4 -6 -7 -8 8 -10
leaf_value=0 -0.025425387765428648 -0.010611734361888671 0.020924297862445762 0.0040156352854077842 -0.024926163138907192 0.018391962299744248 -0.0063472220292737722 0.030438005199620644 0.0055956555104859883
leaf_weight=7.4855060577392605 9.2424614876508695 11.733701139688494 28.172713831067085 15.477836668491362 46.94525334239006 11.981036245822905 7.9882473945617667 8.4773352146148664 7.4817231595516196
leaf_count=30 37 47 113 62 188 48 32 34 30
internal_value=-0.00219218 -0.00566365 0.00531821 -0.0116117 -0.0176153 0.00374883 0.0144898 0.01561 0.0215471
internal_weight=154.986 131.541 45.4034 86.1378 62.4231 23.7147 36.161 23.4446 15.9591
internal_count=621 527 182 345 250 95 145 94 64
is_linear=0
shrinkage=0.03


Tree=2
num_leaves=12
num_cat=0
split_feature=14 36 36 38 37 37 38 15 25 14 37
split_gain=10.3983 10.9761 14.0211 12.4218 11.6125 11.2326 9.76116 9.33787 4.22184 4.02768 2.9139
threshold=-1.5938868896276117 0.005016452404498893 0.0043259383199025251 0.0075199799051010969 0.013273293033239543 0.031526372877853322 0.010147862935447029 -15.931569756928598 0.20514987401894061 20.123245766063011 0.017080155181703586
decision_type=2 2 2 2 2 2 2 2 2 2 2
left_child=6 2 9 5 -5 -3 -1 -8 -9 -2 -4
right_child=1 3 10 4 -6 -7 7 8 -10 -11 -12
leaf_value=0.031037906230088889 -0.027671146648800583 -0.010809108391250646 0.032347778463405141 -0.00098040987773077696 -0.032035185454972581 0.029228934379689521 0.019157453945076116 0.00077391216764309198 -0.026138077654042649 0 0.0086092098110257548
leaf_weight=11.973481252789496 8.2418417632579821 14.730546578764917 8.220232233405115 17.479941293597221 32.485834240913391 7.9803965240716925 11.715914666652678 8.2309791147708946 8.485605984926222 7.976806864142417 17.444626837968826
leaf_count=48 33 59 33 70 130 32 47 33 34 32 70
internal_value=-0.00211415 -0.00679618 0.00503196 -0.0137658 -0.0219155 0.00387982 0.0105012 0 -0.0134189 -0.0152143 0.0185435
internal_weight=154.966 114.56 41.8835 72.6767 49.9658 22.7109 40.406 28.4325 16.7166 16.2186 25.6649
internal_count=621 459 168 291 200 91 162 114 67 65 103
is_linear=0
shrinkage=0.03


Tree=3
num_leaves=9
num_cat=0
split_feature=9 36 36 35 10 40 22 14
split_gain=9.92068 8.83862 14.1613 8.67842 7.43743 4.02094 2.4581 2.14355
threshold=-0.032925974652723698 0.005016452404498893 0.0035837892587876272 -0.030004096651680131 -0.010293731377949365 0.016227912063791931 -0.077428869110951967 4.4556992757279099
decision_type=2 2 2 2 2 2 2 2
left_child=6 2 -2 7 -5 -4 -1 -3
right_child=1 3 5 4 -6 -7 -8 -9
leaf_value=0.0026593011249606154 -0.024367370732545347 -0.003341136496459029 0.027840919204020272 0.0037824522623237408 -0.020261718978588215 0.0055212926377999419 0.023725990302993074 0.015276737722041411
leaf_weight=11.460625231266024 9.2489642202854139 7.4875172078609493 10.947939723730086 12.487716168165205 56.465810924768448 25.154355347156525 11.952059283852575 9.7195530980825406
leaf_count=46 37 30 44 50 226 101 48 39
internal_value=-0.0020351 -0.00536416 0.00499041 -0.0109741 -0.015712 0.0137894 0.0150249 0.00689004
internal_weight=154.925 131.512 45.3513 86.1606 68.9535 36.1023 23.4127 17.2071
internal_count=621 527 182 345 276 145 94 69
is_linear=0
shrinkage=0.03


Tree=4
num_leaves=10
num_cat=0
split_feature=14 10 38 38 20 19 19 19 1
split_gain=9.51409 9.81461 9.4239 8.07791 7.56863 14.1292 5.10093 7.84105 3.3847
threshold=-1.5938868896276117 0.019118266913597307 0.010147862935447029 0.016207106913755927 0.015918079473854759 0.083511377116865931 0.17815765796284269 0.14182320236885934 -0.0051083118744181802
decision_type=2 2 2 2 2 2 2 2 2
left_child=2 4 -1 8 -2 -6 7 -3 -4
right_child=1 6 3 -5 5 -7 -8 -9 -10
leaf_value=0.030311194162614491 -0.032799414126146641 -0.0011250600591923281 0.00071655734049254913 0.018538582683233572 0.0082443636896714061 -0.02483370614055759 -0.013276072061549455 0.024341351253790198 -0.022840235246699609
leaf_weight=11.951038122177122 14.487447664141653 31.67004331946373 8.2276841849088687 10.947041779756544 22.209192484617233 19.975436016917229 12.471704021096228 13.70309968292713 9.2358396649360675
leaf_count=48 58 127 33 44 89 80 50 55 37
internal_value=-0.00195121 -0.00643421 0.0101175 0 -0.0151166 -0.00749451 0.00204239 0.00695233 -0.0120379
internal_weight=154.879 114.517 40.3616 28.4106 56.6721 42.1846 57.8448 45.3731 17.4635
internal_count=621 459 162 114 227 169 232 182 70
is_linear=0
shrinkage=0.03


Tree=5
num_leaves=8
num_cat=0
split_feature=36 37 36 16 36 37 35
split_gain=12.2658 9.96848 12.3474 7.44542 6.80104 4.12973 3.91126
threshold=0.0037357669776731041 -0.003508037666279384 0.00495516513151308 6.1076861592504992 0.0073375039766244527 0.01817944602191646 0.0087343649833020471
decision_type=2 2 2 2 2 2 2
left_child=-1 4 5 -4 6 -3 -2
right_child=1 2 3 -5 -6 -7 -8
leaf_value=-0.023773919589434731 -0.010175390820107169 0.029859873146375678 -0.010103662155130736 0.017350524125188994 0.031177593150127209 0.0054755550392802327 0.013609886233925977
leaf_weight=13.23456361889839 7.4800414592027691 9.9307257980108279 68.903532236814499 7.9722841978073111 15.938626825809477 19.915217787027359 14.700611650943754
leaf_count=53 30 40 276 32 64 80 59
internal_value=0.00172303 0.00444699 -0.000203391 -0.00669864 0.0172015 0.0154258 0.00479021
internal_weight=158.076 144.841 106.722 76.8758 38.1193 29.8459 22.1807
internal_count=634 581 428 308 153 120 89
is_linear=0
shrinkage=0.03


Tree=6
num_leaves=9
num_cat=0
split_feature=10 10 14 38 35 10 37 9
split_gain=10.0445 13.6506 9.49662 17.6555 6.65477 8.97742 6.21642 2.61522
threshold=-0.056805356713483073 0.019118266913597307 -1.3521609091934292 0.0099852375635463581 0.026584233439057584 0.05386785347802759 0.0073815107706217695 0.12811885042264004
decision_type=2 2 2 2 2 2 2 2
left_child=-1 2 3 -2 7 -6 -4 -3
right_child=1 4 6 -5 5 -7 -8 -9
leaf_value=0.030896894460950286 0.028915136870455577 0.011952788223137525 -0.00096484224069501767 -0.012102556754793391 0.011103161374032753 -0.021937929485078004 -0.022601037739199515 0.034890798057761241
leaf_weight=7.9483843445777884 13.671548709273337 22.660346537828449 20.221307650208473 21.427894786000252 20.674310937523845 8.980024114251135 34.694408416748047 7.7269481867551795
leaf_count=32 55 91 81 86 83 36 139 31
internal_value=0.00169512 -0.000139065 -0.00756576 0.00416738 0.0106383 0 -0.0152115 0.0200431
internal_weight=158.005 150.057 90.0152 35.0994 60.0416 29.6543 54.9157 30.3873
internal_count=634 602 361 141 241 119 220 122
is_linear=0
shrinkage=0.03


Tree=7
num_leaves=9
num_cat=0
split_feature=36 37 36 9 36 37 36 9
split_gain=11.5656 9.16338 11.649 7.40816 6.46465 3.90484 3.79653 0.0523478
threshold=0.0037357669776731041 -0.003508037666279384 0.00495516513151308 -0.003809802937054903 0.0073375039766244527 0.01817944602191646 0.006379400340197695 -0.042037440239108048
decision_type=2 2 2 2 2 2 2 2
left_child=-1 4 5 -4 6 -3 -2 -6
right_child=1 2 3 -5 7 -7 -8 -9
leaf_value=-0.023088942972467059 0.013542309940644438 0.029123619386538731 0.0077369957338782594 -0.012182205808204925 0.015197985096319601 0.0053485927982030619 -0.0096556085181657147 0.037578702427672271
leaf_weight=13.230316832661627 14.183314532041551 9.9006983488798159 21.161108791828156 55.683949530124664 7.9294193238019943 19.905975103378296 7.9770055562257758 7.9636518210172635
leaf_count=53 57 40 85 223 32 80 32 32
internal_value=0.00166779 0.00431744 -0.000135873 -0.00644962 0.0165567 0.0150521 0.00446291 0.0301976
internal_weight=157.935 144.705 106.652 76.8451 38.0534 29.8067 22.1603 15.8931
internal_count=634 581 428 308 153 120 89 64
is_linear=0
shrinkage=0.03


Tree=8
num_leaves=8
num_cat=0
split_feature=10 10 15 38 18 23 4
split_gain=9.44525 12.9904 9.54996 15.3077 7.24996 4.59483 5.0711
threshold=-0.056805356713483073 0.019118266913597307 -0.57637619761299619 0.010147862935447029 0.18883762514253885 1.2468870169033577 0.02505789650634627
decision_type=2 2 2 2 2 2 2
left_child=-1 2 3 -2 -4 6 -3
right_child=1 5 4 -5 -6 -7 -8
leaf_value=0.030010168377777924 0.025192243932152077 -0.002249958599995063 0.0075489466383355554 -0.012517336752993376 -0.01969641880294664 -0.00792115903394746 0.018682296093283372
leaf_weight=7.9184147566556922 15.633917555212973 11.696918979287146 8.733219310641287 19.175556972622871 46.403557628393173 8.221430227160452 40.06061165034771
leaf_count=32 63 47 35 77 186 33 161
internal_value=0.00164838 -0.000126181 -0.00737579 0.00446017 -0.0150053 0.0103907 0.013765
internal_weight=157.844 149.925 89.9463 34.8095 55.1368 59.979 51.7575
internal_count=634 602 361 140 221 241 208
is_linear=0
shrinkage=0.03


Tree=9
num_leaves=11
num_cat=0
split_feature=15 12 16 7 40 4 3 40 34 0
split_gain=7.28578 15.995 9.03361 8.43762 8.31776 6.53637 6.17083 3.31263 3.03886 0.783641
threshold=-0.57637619761299619 52.695616562463492 3.1127748849633985 -0.010440169807520572 -0.013888667088360561 0.01869647050411816 -0.041529626937000512 0.0026908063712992596 0.019333613346208537 0.0037678468962888405
decision_type=2 2 2 2 2 2 2 2 2 2
left_child=2 3 6 7 -3 -6 -1 -2 -8 -5
right_child=1 4 -4 9 5 -7 8 -9 -10 -11
leaf_value=-0.0034103318311846202 -0.012938298811584887 0.031463540210187962 -0.0095539853943385055 -0.037943245839615919 -0.014754359283535905 0.0068078615417113053 0.032574692829997656 0.010119242809048825 0.0091748492063596539 -0.013492075582878233
leaf_weight=7.6968617886304846 10.224865555763246 7.7142872810363761 12.176213517785071 11.483791977167131 14.708445146679876 48.785250395536423 16.827315285801891 7.9869468510150901 12.669883012771605 7.4876090437173835
leaf_count=31 41 31 49 46 59 196 68 32 51 30
internal_value=0.00161182 -0.00264398 0.0109865 -0.0181643 0.0055303 0.00128587 0.0182379 -0.00208337 0.0242208 -0.0312152
internal_weight=157.761 108.391 49.3703 37.1832 71.208 63.4937 37.1941 18.2118 29.4972 18.9714
internal_count=634 435 199 149 286 255 150 73 119 76
is_linear=0
shrinkage=0.03


Tree=10
num_leaves=10
num_cat=0
split_feature=12 18 33 14 11 3 12 22 17
split_gain=9.05222 8.08696 8.32913 6.20633 9.37613 6.4023 3.89481 2.63141 2.29392
threshold=38.534938672590378 0.67110307043617767 0.53661971830985922 11.374026510147305 0.073755381547322321 0.024939374851670418 44.993230752965935 -0.060103163378772022 -0.4748336370525858
decision_type=2 2 2 2 2 2 2 2 2
left_child=7 2 6 5 -5 -3 -2 -1 -4
right_child=1 3 8 4 -6 -7 -8 -9 -10
leaf_value=0.00089678733941597982 -0.013175240562847105 0.021939270075169045 -0.0085230616745235604 -0.016824614664993316 0.012531044958685291 -0.0020280985407444174 0.0065692798288240449 0.022459201775938596 -0.032773835181285529
leaf_weight=9.9224458187818545 13.948160588741304 18.926431506872177 9.2209285199642199 24.654720142483711 13.165521591901777 16.684521347284317 17.908964991569519 14.125144332647322 14.935504302382467
leaf_count=40 56 76 37 99 53 67 72 57 60
internal_value=-0.0011535 -0.00442932 -0.012842 0.00195942 -0.00611286 0.0108005 -0.00190014 0.01489 -0.0254499
internal_weight=153.492 129.445 56.0136 73.4312 37.8202 35.611 31.8571 24.0476 24.1564
internal_count=617 520 225 295 152 143 128 97 97
is_linear=0
shrinkage=0.03


Tree=11
num_leaves=10
num_cat=0
split_feature=12 26 12 21 38 28 26 3 11
split_gain=8.6054 8.79093 10.2027 6.98797 5.48552 4.67778 5.03786 4.64988 2.05878
threshold=38.534938672590378 0.16666495493981937 51.569702801772237 0.020314151512909523 0.01184456712368258 5.5000000000000009 0.061792308274925871 -0.026084465341259796 0.031944283544562697
decision_type=2 2 2 2 2 2 2 2 2
left_child=4 5 7 -4 -1 8 -7 -3 -2
right_child=1 2 3 -5 -6 6 -8 -9 -10
leaf_value=0.026259351148512151 0.027684842284671739 -0.0019972656570300677 -0.0088927564796654254 0.013518843472089578 -0.00031418109562136035 -0.014541818535860476 0.0086548566511472202 -0.032558920813402135 0.0030653250915248275
leaf_weight=13.123237296938898 7.9332999140024167 7.4825765490531948 42.560718774795532 15.168896079063414 10.900793015956877 12.457679748535158 17.928596690297127 18.432848587632179 7.4651776403188705
leaf_count=53 32 30 171 61 44 50 72 74 30
internal_value=-0.00111961 -0.00431501 -0.0100808 -0.00249732 0.0145279 0.00588585 -0.000702823 -0.0250475 0.0183358
internal_weight=153.454 129.43 83.645 57.7296 24.024 45.7848 30.3863 25.9154 15.3985
internal_count=617 520 336 232 97 184 122 104 62
is_linear=0
shrinkage=0.03


Tree=12
num_leaves=10
num_cat=0
split_feature=12 26 12 37 33 38 28 26 40
split_gain=8.14046 8.35667 9.13238 10.7731 5.58194 5.22889 4.50271 4.72422 1.37988
threshold=38.534938672590378 0.16666737309088855 51.569702801772237 0.01260626754095562 0.32484228983289826 0.01184456712368258 5.5000000000000009 0.061792308274925871 0.030787553786406411
decision_type=2 2 2 2 2 2 2 2 2
left_child=5 6 4 -4 -3 -1 8 -8 -2
right_child=1 2 3 -5 -6 -7 7 -9 -10
leaf_value=0.025618583436458665 0.0047298317777021192 -0.0032871445684812435 0.015459486402905395 -0.011377654116961582 -0.034197852294138582 -0.00030621039547657007 -0.014162920107327871 0.0081813292389018022 0.026479934681022256
leaf_weight=13.098324626684191 7.9483610242605192 9.7280060052871722 17.647023513913155 39.839780882000923 15.928318858146666 10.901045769453047 12.460685342550279 18.421130076050758 7.4295622259378433
leaf_count=53 32 39 71 160 64 44 50 74 30
internal_value=-0.00107531 -0.00418524 -0.00985361 -0.00264438 -0.0241052 0.0141483 0.00567792 -0.000691371 0.0179393
internal_weight=153.402 129.403 83.1431 57.4868 25.6563 23.9994 46.2597 30.8818 15.3779
internal_count=617 520 334 231 103 97 186 124 62
is_linear=0
shrinkage=0.03


Tree=13
num_leaves=9
num_cat=0
split_feature=9 19 36 40 23 32 27 7
split_gain=5.07648 8.92352 6.50124 9.75073 6.65513 5.31173 3.33573 2.54663
threshold=-0.032925974652723698 0.14305596802000256 0.005016452404498893 -0.018030162558882287 0.80387200118735558 0.0021019411634034539 2.5000000000000004 0.014671031616498222
decision_type=2 2 2 2 2 2 2 2
left_child=1 -1 5 -4 -5 7 -7 -2
right_child=2 -3 3 4 -6 6 -8 -9
leaf_value=0.025923303396733946 0.0033292838088556063 -0.0058414706341124532 0.012613027443676358 -0.03009714537826472 -0.0074245379203913752 0.022096591962926019 0 -0.016391786162055871
leaf_weight=13.595994204282762 10.192911684513094 13.84745931625366 13.893763571977614 14.945179581642149 54.842126697301865 15.382078841328623 8.1992893666028959 8.4284178614616376
leaf_count=55 41 56 56 60 220 62 33 34
internal_value=-0.00103395 0.0100779 -0.00369342 -0.00853817 -0.0131921 0.00552526 0.0146426 -0.00559356
internal_weight=153.327 27.4435 125.884 83.6811 69.7873 42.2027 23.5814 18.6213
internal_count=617 111 506 336 280 170 95 75
is_linear=0
shrinkage=0.03


Tree=14
num_leaves=11
num_cat=0
split_feature=33 18 22 26 23 36 11 35 10 7
split_gain=6.29196 11.2642 7.25805 6.79922 6.68896 5.74233 5.42125 5.23279 4.6211 3.63296
threshold=0.40348502042744977 0.67110307043617767 -0.1009159863519337 0.09934226376909365 1.096794586354316 0.0049451493364457569 0.029592072196626077 -0.017466213472270949 -0.016299613061751147 -0.022192908672505101
decision_type=2 2 2 2 2 2 2 2 2 2
left_child=2 3 9 -2 5 -3 -6 -5 -4 -1
right_child=1 4 8 7 6 -7 -8 -9 -10 -11
leaf_value=-0.019419867415080366 0.005237119913262785 0.021250227982269013 0.028294135752549257 -0.00025291185754771392 0.0031509708654116732 0.00016064529227961073 -0.023392730619594779 -0.030240044295857929 0.0009757340959726205 0.0056933604181671543
leaf_weight=7.4553316980600384 7.7021940946578971 17.343521967530251 14.573470890522005 7.95060667395592 11.436304271221163 32.881476640701294 11.721332624554632 23.126070350408554 10.403197541832922 8.6693225502967817
leaf_count=30 31 70 59 32 46 132 47 93 42 35
internal_value=-0.00100053 -0.00476082 0.00865768 -0.0174482 0.00202985 0.00826535 -0.0104796 -0.0235009 0.0183875 -0.00595195
internal_weight=153.263 112.162 41.1013 38.7789 73.3826 50.225 23.1576 31.0767 24.9767 16.1247
internal_count=617 451 166 156 295 202 93 125 101 65
is_linear=0
shrinkage=0.03


Tree=15
num_leaves=9
num_cat=0
split_feature=26 32 35 37 11 25 25 32
split_gain=8.01158 7.13009 7.23676 8.37022 2.84352 3.07868 4.34092 2.77197
threshold=0.22580819819301998 -0.012202011897889218 0.040090918997515053 -0.0093106910944509829 0.05938064997636739 0.030849457291175084 0.23873614951222846 0.0073950047411852635
decision_type=2 2 2 2 2 2 2 2
left_child=4 -2 3 -3 5 -1 -7 -4
right_child=1 2 7 -5 -6 6 -8 -9
leaf_value=-0.0026561660173261025 0.018707439183203011 0.019333318245843226 -0.0277831867927067 -0.0076981359955486765 -0.0017126803319066004 0.02444565416889203 0.0056254273619969347 -0.0025599601630658243
leaf_weight=8.6757407933473569 8.4270449876785261 11.622987121343611 15.166291728615763 39.786822840571404 14.666071861982344 22.082832619547844 28.274488911032677 7.4606913179159156
leaf_count=35 34 47 61 160 59 89 114 30
internal_value=0.00194568 -0.00431419 -0.00755498 -0.000810771 0.00907708 0.0119717 0.0147836 -0.0209589
internal_weight=156.163 82.4638 74.0368 51.4098 73.6991 59.0331 50.3573 22.627
internal_count=629 332 298 207 297 238 203 91
is_linear=0
shrinkage=0.03


Tree=16
num_leaves=11
num_cat=0
split_feature=26 32 35 37 15 33 25 7 32 38
split_gain=7.56048 6.78421 6.88491 7.94241 5.0138 6.43597 5.19492 6.67093 2.6079 0.232351
threshold=0.22580819819301998 -0.012202011897889218 0.040090918997515053 -0.0093106910944509829 -0.33605265425418868 0.56752972927384682 0.44817183646141084 0.0065859747259663466 0.0073950047411852635 0.011127670662910273
decision_type=2 2 2 2 2 2 2 2 2 2
left_child=4 -2 3 -3 5 9 7 -6 -4 -1
right_child=1 2 8 -5 6 -7 -8 -9 -10 -11
leaf_value=0.037591896202366568 0.018271461894116731 0.018869684140735483 -0.027053705942553703 -0.0074775113637522714 -0.0032543072136715393 -0.00049939888979525166 -0.01307663222852317 0.020354218000141013 -0.0024992966609038423 0.014612691689964409
leaf_weight=7.8298339545726794 8.4171501547098142 11.600787028670309 15.161961719393732 39.7908596098423 19.681024715304375 8.173817574977873 11.447514295578001 18.633636862039566 7.4610652029514304 7.8954895436763763
leaf_count=32 34 47 61 160 79 33 46 75 30 32
internal_value=0.00189233 -0.00418626 -0.00735108 -0.000765084 0.00882376 0.0196547 0.00277377 0.00829536 -0.0204256 0.0298512
internal_weight=156.093 82.4318 74.0147 51.3916 73.6613 23.8991 49.7622 38.3147 22.623 15.7253
internal_count=629 332 298 207 297 97 200 154 91 64
is_linear=0
shrinkage=0.03


Tree=17
num_leaves=6
num_cat=0
split_feature=4 36 36 40 34
split_gain=8.07837 6.66712 5.32927 8.99259 5.06594
threshold=-0.073485520015619851 0.0037357669776731041 0.0048082970537648559 0.022709992043297381 0.0094583292391010616
decision_type=2 2 2 2 2
left_child=-1 -2 3 -3 -4
right_child=1 2 4 -5 -6
leaf_value=0.023585591213414376 -0.020601719399964722 0.032294950254046488 -0.0066332633348076533 -0.0016927497321851505 0.0061967566600055419
leaf_weight=12.037918746471403 11.193838864564894 10.585481107234957 62.596993133425713 13.646353244781492 45.916887506842613
leaf_count=49 45 43 252 55 185
internal_value=0.00185267 -0.000160431 0.00173217 0.0139129 -0.00105471
internal_weight=155.977 143.94 132.746 24.2318 108.514
internal_count=629 580 535 98 437
is_linear=0
shrinkage=0.03


Tree=18
num_leaves=9
num_cat=0
split_feature=4 26 35 10 35 10 17 28
split_gain=7.68791 6.96905 6.45497 7.55272 4.19241 5.49486 5.05218 1.19375
threshold=-0.073485520015619851 0.22580819819301998 0.040090918997515053 0.028756183754951484 0.0036970239351236116 0.02779082574979486 -0.18490971697105404 9.5000000000000018
decision_type=2 2 2 2 2 2 2 2
left_child=-1 4 3 -3 5 -2 -6 -4
right_child=1 2 7 -5 6 -7 -8 -9
leaf_value=0.023038407060970073 -0.014633390869731901 -0.007757150446662411 -0.024620653881592076 0.015882084828233157 -0.00099836872609241917 0.014017789618749313 0.018536367611158816 -0.0062261393483570822
leaf_weight=12.002158626914023 13.885423198342325 36.995298609137535 13.91631703078747 15.649456799030302 16.394792556762695 7.4383280575275412 30.18414518237114 9.4237153828144056
leaf_count=49 56 149 56 63 66 30 122 38
internal_value=0.00180803 -0.000151615 -0.00641379 -0.000131435 0.00662434 -0.00365092 0.0115938 -0.0188633
internal_weight=155.89 143.887 75.9848 52.6448 67.9027 21.3238 46.5789 23.34
internal_count=629 580 306 212 274 86 188 94
is_linear=0
shrinkage=0.03


Tree=19
num_leaves=8
num_cat=0
split_feature=4 26 25 23 25 25 20
split_gain=7.32363 6.59265 5.58634 5.32831 3.58994 3.71021 2.66622
threshold=-0.073485520015619851 0.22580819819301998 0.034337419800746026 0.86674748027207515 0.23873614951222846 0.030849457291175084 0.021834570478977241
decision_type=2 2 2 2 2 2 2
left_child=-1 4 -3 -4 5 -2 -6
right_child=1 2 3 -5 6 -7 -8
leaf_value=0.022507918460574844 -0.0012811327592602729 0.010111730354078058 -0.022492045628657184 -0.0034452009483448465 0.0065878564637031917 0.018618650974577561 -0.0095982108037806664
leaf_weight=11.964199185371397 9.9065233469009382 12.898924082517622 19.346181392669678 43.721407413482666 18.104281291365623 25.235825404524803 14.621715769171713
leaf_count=49 40 52 78 176 73 102 59
internal_value=0.00175582 -0.000152494 -0.00624608 -0.0100302 0.00643705 0.0128382 -0.000348287
internal_weight=155.799 143.835 75.9665 63.0676 67.8683 35.1423 32.726
internal_count=629 580 306 254 274 142 132
is_linear=0
shrinkage=0.03


Tree=20
num_leaves=11
num_cat=0
split_feature=35 37 33 17 1 1 14 8 35 20
split_gain=10.0412 10.1454 7.54695 6.80165 4.00918 3.92558 2.95682 2.4866 2.67074 0.79558
threshold=0.048026981734366044 -0.0017989621181950797 0.96338651441196055 -0.10279293387779063 -0.013984268066423554 -0.0029387808605820238 -4.5022545338391629 0.041717327262326916 0.071127636958166943 0.021708355612439095
decision_type=2 2 2 2 2 2 2 2 2 2
left_child=1 5 3 -3 -2 6 -1 8 -6 -7
right_child=4 2 -4 -5 7 9 -8 -9 -10 -11
leaf_value=0.017074289464679298 0.0056120647545346561 0.0053196107362102792 0.023799954597614619 -0.012286979751634517 -0.027349514838384836 0.037187202783956076 -0.00439344671677521 0 -0.0038471666505810191 0.012671018329885372
leaf_weight=9.7853601574897784 7.9257086813449851 36.759664431214333 8.4148393124341947 37.196904450654984 15.617376357316973 8.6260143667459506 8.4235150218009931 8.6686498969793302 8.9397386312484723 7.5876418501138678
leaf_count=40 32 148 34 150 63 35 34 35 36 31
internal_value=0.00110469 0.00567803 0 -0.00342861 -0.0111891 0.0188638 0.006949 -0.0157138 -0.0202926 0.0291889
internal_weight=157.945 116.794 82.3714 73.9566 41.1515 34.4225 18.2089 33.2258 24.5571 16.2137
internal_count=638 472 332 298 166 140 74 134 99 66
is_linear=0
shrinkage=0.03


Tree=21
num_leaves=12
num_cat=0
split_feature=25 14 37 12 5 18 37 20 2 20 12
split_gain=8.53175 8.64376 6.34433 8.8645 6.09027 13.879 5.07316 4.44185 6.21397 2.41466 0.364003
threshold=0.29842544265244136 -6.978167262249797 0.015975507116540503 53.490657809262245 0.0058444407333170254 0.65964071246316902 -0.003508037666279384 0.022111317371717228 0.011158072451200375 0.025624064988501883 64.394413350036729
decision_type=2 2 2 2 2 2 2 2 2 2 2
left_child=2 -2 3 6 -4 -6 -1 8 -3 -9 -5
right_child=1 7 4 10 5 -7 -8 9 -10 -11 -12
leaf_value=0.011178890092299507 0.01502159812216132 -0.016199983325721454 0.017710984613592089 0.03618654887187981 -0.030796698266968736 0.004305665894699889 -0.014404491577390006 -0.036798336937877714 0.0096467212192154397 -0.0082214599269033548 0.013525798543594068
leaf_weight=19.166022092103962 9.5761973708868009 18.088617429137233 11.094810917973517 10.376003384590151 11.91199506819248 34.246684953570366 8.180287301540373 7.9371889978647214 11.896318420767782 7.956083670258522 7.4125127941370001
leaf_count=78 39 73 45 42 48 138 33 32 48 32 30
internal_value=0.00109269 -0.00809362 0.00627151 0.0144294 -0.000176452 -0.00534436 0.00255469 -0.0136577 -0.00551451 -0.0258491 0.0298232
internal_weight=157.843 55.4544 102.388 45.1348 57.2535 46.1587 27.3463 45.8782 29.9849 15.8933 17.7885
internal_count=638 224 414 183 231 186 111 185 121 64 72
is_linear=0
shrinkage=0.03


Tree=22
num_leaves=12
num_cat=0
split_feature=25 37 12 28 0 38 34 37 20 20 12
split_gain=8.11334 6.03707 8.48212 8.37889 5.31042 5.11206 4.91436 4.8228 4.02115 3.33018 0.322126
threshold=0.29842544265244136 0.015975507116540503 53.490657809262245 6.5000000000000009 -0.012225203962430762 0.00730836310596611 0.024396315883857048 -0.003508037666279384 0.022111317371717228 0.018533159429784372 64.394413350036729
decision_type=2 2 2 2 2 2 2 2 2 2 2
left_child=1 2 7 5 -2 -3 8 -1 -6 -5 -4
right_child=4 3 10 9 6 -7 -8 -9 -10 -11 -12
leaf_value=0.010885726527580306 0.012260385963739556 0.026254022918784221 0.035366541681787808 0.00085307033876464507 0.0022518874346837557 0.00032651056267751874 -0.029042040703096593 -0.014058905125892279 -0.016242089662337672 -0.018940436585039175 0.013218597984777675
leaf_weight=19.145885810256008 7.640398070216178 9.6007909625768679 10.344915926456453 9.9162586033344287 21.785042107105255 19.811420619487762 9.926908999681471 8.1791072934865934 16.07829050719738 17.884913071990013 7.4038476943969718
leaf_count=78 31 39 42 40 88 80 40 33 65 72 30
internal_value=0.00106409 0.00611973 0.0140839 -0.000165071 -0.00789221 0.0104001 -0.0117784 0.00245801 -0.00564599 -0.0117936 0.0291615
internal_weight=157.718 102.287 45.0738 57.2134 55.4306 29.4122 47.7902 27.325 37.8633 27.8012 17.7488
internal_count=638 414 183 231 224 119 193 111 153 112 72
is_linear=0
shrinkage=0.03


Tree=23
num_leaves=9
num_cat=0
split_feature=14 24 17 18 7 7 34 17
split_gain=7.32799 8.37416 8.0298 9.90731 3.80284 3.45887 3.13622 2.53084
threshold=-7.4086678872583311 0.67681694290612049 0.30359398385888442 0.6622602834946788 0.0060600270118914322 -0.030529728543780953 1.0000000180025095e-35 0.47589412087650645
decision_type=2 2 2 2 2 2 2 2
left_child=4 2 3 -2 5 -1 -4 -3
right_child=1 7 6 -5 -6 -7 -8 -9
leaf_value=0.0041228203316988404 -0.008930329832860082 0 -0.00048243401028756427 0.01173680630069807 -6.6060393090538325e-05 0.035289276016864865 -0.022075903616328663 0.022328696279056807
leaf_weight=7.3062205314636239 44.27362622320652 7.4256380200386074 9.8657809942960721 35.965779811143875 7.3836019188165656 8.2793277949094772 24.32289020717144 12.795304492115973
leaf_count=30 179 30 40 145 30 34 98 52
internal_value=0.00105019 -0.00159437 -0.00489116 0.00021107 0.0160397 0.0236625 -0.0166302 0.0151478
internal_weight=157.618 134.649 114.428 80.2394 22.9692 15.5855 34.1887 20.2209
internal_count=638 544 462 324 94 64 138 82
is_linear=0
shrinkage=0.03


Tree=24
num_leaves=12
num_cat=0
split_feature=35 37 25 0 28 0 1 7 9 20 20
split_gain=8.98715 8.99893 6.28148 8.5424 6.06117 4.28757 3.66062 3.43072 2.47615 0.828067 0.778496
threshold=0.048026981734366044 -0.0017989621181950797 0.23999918619791669 -0.0042218994577680738 10.500000000000002 0.014512715834188674 -0.0029387808605820238 -0.012493795708127916 -0.025156656003345598 0.021708355612439095 0.020403904181129213
decision_type=2 2 2 2 2 2 2 2 2 2 2
left_child=1 6 5 -4 7 -3 8 -2 -1 -8 -9
right_child=4 2 3 -5 -6 -7 9 10 -10 -11 -12
leaf_value=0.015259993675882405 0 0.00070613673407927578 0.012631163842961078 -0.019011714452480476 0.0054972271581347756 0.020546842320272166 0.035690946745918849 -0.011482309924458273 -0.0044135000707898834 0.01171441952094124 -0.031138911106700154
leaf_weight=10.213965371251108 7.9465434998273876 37.126759678125381 8.6777327507734281 24.097636669874191 12.350169062614439 12.317208945751188 8.5516404360532778 10.392034918069841 7.9180558025836936 7.5380506217479697 10.390986919403074
leaf_count=42 32 150 35 97 50 50 35 42 32 31 42
internal_value=0.00103365 0.00537361 0 -0.00995787 -0.0105982 0.00654697 0.017833 -0.0179129 0.00633874 0.0278242 -0.0238393
internal_weight=157.521 116.441 82.2193 32.7754 41.0797 49.444 34.2217 28.7296 18.132 16.0897 20.783
internal_count=638 472 332 132 166 200 140 116 74 66 84
is_linear=0
shrinkage=0.03


Tree=25
num_leaves=9
num_cat=0
split_feature=5 14 6 12 4 18 38 36
split_gain=6.25876 11.8897 5.67376 5.20432 7.50373 5.10721 3.5961 2.18883
threshold=0.082836908480123053 11.617908594596317 0.015794291917747894 77.471955375842228 0.048882418259599054 0.7421776580854943 0.010943607818574787 0.005046276895407876
decision_type=2 2 2 2 2 2 2 2
left_child=1 2 5 4 -2 -1 -4 -3
right_child=3 7 6 -5 -6 -7 -8 -9
leaf_value=-0.00012645924348821309 0 -0.0085115998487459692 0 -0.0050143785472890152 0.032002906048091168 0.017924483216191587 -0.026598216041193095 -0.032277098377894956
leaf_weight=66.429247006773949 11.863795414566995 10.132778704166414 8.130894213914873 12.424268305301664 12.097618907690046 15.381140902638434 8.3947722017765027 11.679039746522902
leaf_count=270 48 41 33 50 49 62 34 47
internal_value=-0.00109588 -0.00448702 0 0.00936149 0.0172054 0.00343507 -0.0149083 -0.0235089
internal_weight=156.534 120.148 98.3361 36.3857 23.9614 81.8104 16.5257 21.8118
internal_count=634 487 399 147 97 332 67 88
is_linear=0
shrinkage=0.03


Tree=26
num_leaves=8
num_cat=0
split_feature=5 9 2 18 28 22 24
split_gain=5.94539 7.28219 8.44242 7.69362 6.01849 3.45495 6.45271
threshold=0.082836908480123053 0.085954794364066098 0.01731112959375403 0.7421776580854943 8.5000000000000018 0.23809552918317847 -0.024500274658203123
decision_type=2 2 2 2 2 2 2
left_child=1 2 3 -1 -4 6 -2
right_child=5 -3 4 -5 -6 -7 -8
leaf_value=-0.0011538054177217241 0.015163186702313487 -0.025368235246300767 -0.0023300340507335961 0.021710220472310474 -0.031670435072216251 0.022774736801291339 -0.012399189879695859
leaf_weight=68.239820003509521 14.606727808713913 11.371848627924917 15.986530646681787 14.111913949251173 10.413134574890135 9.8569084554910642 11.89055809378624
leaf_count=277 59 46 65 57 42 40 48
internal_value=-0.00107833 -0.00438499 -0.0016369 0.00300824 -0.0158466 0.00911549 0.00226615
internal_weight=156.477 120.123 108.751 82.3517 26.3997 36.3542 26.4973
internal_count=634 487 441 334 107 147 107
is_linear=0
shrinkage=0.03


Tree=27
num_leaves=12
num_cat=0
split_feature=10 8 12 38 1 40 9 35 21 37 22
split_gain=7.59591 10.699 7.84353 7.85268 6.24691 5.54498 9.45041 4.69984 10.2235 5.91247 1.44678
threshold=0.019118266913597307 -0.011453008930424497 75.044408136123806 0.0087478194159124143 -0.0078957615104635597 0.0057617531057838631 -0.003809802937054903 0.024143185539836857 0.011592205243297399 0.0030519384751245275 -0.038843455962682731
decision_type=2 2 2 2 2 2 2 2 2 2 2
left_child=1 5 4 -4 -2 6 -1 9 -9 -3 -6
right_child=2 7 3 -5 10 -7 -8 8 -10 -11 -12
leaf_value=0.0080175927301082799 -0.0011925540170405913 0 0.011001559879933702 -0.022871777201213587 0.0097705682638776891 0.022531559783908493 -0.02668232101447408 -0.030354335312126692 0.0045107983923064867 -0.03304853213791567 0.029716370875206771
leaf_weight=23.756001546978951 12.644368812441824 7.3768474012613323 9.4110699146986025 10.931602030992506 11.112034782767296 9.8659665584564191 7.6777912229299572 8.6463611274957675 23.167387008666992 17.085995465517044 14.742838874459267
leaf_count=97 51 30 38 44 45 40 31 35 94 69 60
internal_value=-0.00105421 -0.00622598 0.00719825 -0.00694765 0.0150172 0.00498003 -0.00109843 -0.0145958 -0.00575619 -0.024221 0.0229995
internal_weight=156.418 97.5764 58.8419 20.3427 38.4992 41.2998 31.4338 56.2766 31.8137 24.4628 25.8549
internal_count=634 396 238 82 156 168 128 228 129 99 105
is_linear=0
shrinkage=0.03


Tree=28
num_leaves=8
num_cat=0
split_feature=28 6 20 22 16 18 37
split_gain=4.17388 5.29203 6.29743 5.5776 6.79635 4.45133 2.55398
threshold=1.5000000000000002 0.0085286854562358749 0.014159203748184126 0.22857191261930901 -1.0472065662391665 0.6622602834946788 0.043989314251536744
decision_type=2 2 2 2 2 2 2
left_child=-1 2 -2 4 -3 -4 -5
right_child=1 3 5 6 -6 -7 -8
leaf_value=0.014175613892183343 -0.018720910924946255 0.0039598366086072839 0 -0.0060751981264811549 -0.023901696994274697 0.014438139153119235 0.015106532124543199
leaf_weight=12.503568723797796 9.8746789246797544 9.0008209496736509 57.080304071307182 8.3835178017616254 26.50453619658947 25.511663526296616 7.3995980471372595
leaf_count=51 40 37 232 34 107 103 30
internal_value=-0.00103068 -0.00263258 0.00153621 -0.0102054 -0.0166042 0.00452082 0.00359405
internal_weight=156.259 143.755 92.4666 51.2885 35.5054 82.592 15.7831
internal_count=634 583 375 208 144 335 64
is_linear=0
shrinkage=0.03


Tree=29
num_leaves=11
num_cat=0
split_feature=19 19 14 22 8 38 16 2 9 6
split_gain=3.93856 11.2786 10.232 7.85345 6.24298 8.8361 5.95365 7.34703 6.8467 0.26455
threshold=0.13111722376269072 0.17522409623672841 12.874140400156252 -0.14212732931478453 -0.032371132058876415 0.0089141260850393502 0.31956520014475315 0.019104513685423877 -0.003809802937054903 -0.0010921939050455895
decision_type=2 2 2 2 2 2 2 2 2 2
left_child=2 3 6 -2 -3 -6 8 -8 -1 -4
right_child=1 4 9 -5 5 -7 7 -9 -10 -11
leaf_value=0.005952521068418001 -0.0022979994783013345 0.012992273477219506 -0.010328510574351567 0.028875388720527258 0.0082449932025014817 -0.028228012417820136 0.017975439204630052 -0.0072867537774941576 -0.017246394797363163 -0.029312975816594162
leaf_weight=17.267779991030693 9.5872891396284121 7.4588084220886257 7.4194134473800686 18.322249442338943 7.4256469011306789 14.379994899034498 24.445844575762749 14.569128721952437 24.980675280094147 10.382000923156737
leaf_count=70 39 31 30 75 30 58 99 59 101 42
internal_value=-0.000997305 0.00504303 -0.00466264 0.0182278 -0.00741318 -0.0155283 0 0.00828089 -0.00758507 -0.0240004
internal_weight=156.239 57.174 99.0648 27.9095 29.2645 21.8056 81.2634 39.015 42.2485 17.8014
internal_count=634 233 401 114 119 88 329 158 171 72
is_linear=0
shrinkage=0.03


Tree=30
num_leaves=9
num_cat=0
split_feature=23 5 34 20 19 26 38 38
split_gain=5.26361 7.17073 5.45645 12.7009 6.44613 5.60375 4.67086 0.805134
threshold=0.78299754337837968 -0.016061267761515782 0.035075048741410771 0.022199109145364791 0.088609534164745193 0.30511508951406657 0.0070408729663583407 0.0089141260850393502
decision_type=2 2 2 2 2 2 2 2
left_child=1 -1 3 6 -4 -5 -2 -3
right_child=2 7 4 5 -6 -7 -8 -9
leaf_value=0.0073156656880796348 -0.0014306129983640279 -0.032372196108005805 -0.031116027018988017 -0.01377472960237117 0.0036844241768676771 0.0049780090467449562 0.017928193576892276 -0.010413561146357686
leaf_weight=8.0870646089315432 12.530108794569967 7.6553558409214046 7.4228876680135709 33.003177300095558 7.6370272189378738 21.417027071118355 45.143059998750687 8.4023807793855649
leaf_count=33 51 31 30 134 31 87 183 34
internal_value=-0.000952259 -0.013276 0.00144106 0.00388992 -0.0142261 -0.00621389 0.0135639 -0.0241387
internal_weight=151.298 24.1448 127.153 112.093 15.0599 54.4202 57.6732 16.0577
internal_count=614 98 516 455 61 221 234 65
is_linear=0
shrinkage=0.03


Tree=31
num_leaves=9
num_cat=0
split_feature=23 5 34 14 38 26 21 17
split_gain=5.00492 6.85439 5.17952 7.08767 6.72679 5.21245 3.71201 2.35254
threshold=0.78299754337837968 -0.016061267761515782 0.035075048741410771 12.569856893547525 0.01335576959259731 0.30000152587890633 0.013144314595052263 -0.31787509299323974
decision_type=2 2 2 2 2 2 2 2
left_child=1 -1 3 4 -2 -5 -4 -3
right_child=2 7 6 5 -6 -7 -8 -9
leaf_value=0.0071437028743608433 0.013666901468636626 -0.0063322174943580946 -0.026194673506713097 -0.014592468300216151 -0.0090091708958402079 0.0059523206773470835 0.00013893913252872547 -0.033687861899169509
leaf_weight=8.0815126448869723 59.285778671503067 7.6690976023674038 7.6554453969001752 23.728270038962364 12.261362895369528 16.792681396007538 7.3901968449354172 8.3779064416885358
leaf_count=33 241 31 31 96 50 68 30 34
internal_value=-0.000945619 -0.0129673 0.00138566 0.00377428 0.00943753 -0.00584603 -0.0138814 -0.023596
internal_weight=151.242 24.1285 127.114 112.068 71.5471 40.521 15.0456 16.047
internal_count=614 98 516 455 291 164 61 65
is_linear=0
shrinkage=0.03


Tree=32
num_leaves=10
num_cat=0
split_feature=23 23 17 25 33 9 35 35 6
split_gain=4.75405 6.42908 4.26114 7.0946 4.3344 7.21108 6.19963 3.59902 1.82483
threshold=0.78299754337837968 0.70163526033924739 0.62966827807330306 0.22474438954514317 0.69423091556975247 -0.010018718496306601 0.026584233439057584 0.011160158961203816 0.020443456660250988
decision_type=2 2 2 2 2 2 2 2 2
left_child=1 -1 4 7 5 -2 -6 -4 -5
right_child=2 -3 3 8 6 -7 -8 -9 -10
leaf_value=0.0047500516487656011 0.011509914809151946 -0.024241830351008326 -0.0092116559634373603 -0.029439244796623479 0.02096060355760309 -0.011271349022463585 -0.00024672351933440698 0.014648226893041148 -0.0052339535494841044
leaf_weight=9.5801234692335147 19.655364394187927 14.526737987995146 7.3051370233297375 8.6123227775096911 24.318353906273842 27.175622269511223 20.800161838531494 11.55435851216316 7.6564906537532798
leaf_count=39 80 59 30 35 99 110 84 47 31
internal_value=-0.000942228 -0.0126646 0.00132709 -0.00714088 0.00480499 -0.00132287 0.0112699 0.00469003 -0.0206888
internal_weight=151.185 24.1069 127.078 35.1283 91.9495 46.831 45.1185 18.8595 16.2688
internal_count=614 98 516 143 373 190 183 77 66
is_linear=0
shrinkage=0.03


Tree=33
num_leaves=8
num_cat=0
split_feature=34 20 36 28 19 2 36
split_gain=4.42527 8.79307 6.45355 6.4544 5.62343 4.82352 6.1549
threshold=0.035075048741410771 0.022199109145364791 0.0081381321474360505 10.500000000000002 0.087771579204666786 -0.013454643609963788 0.00495516513151308
decision_type=2 2 2 2 2 2 2
left_child=1 5 3 -3 -2 -1 -7
right_child=4 2 -4 -5 -6 6 -8
leaf_value=0.026387744949691698 -0.030619375646559276 -0.015249488681035825 0.013374336025004166 0.010360440387727736 0 0.020963560120248411 -0.00087692487251744367
leaf_weight=9.8810873329639417 7.6415816992521313 46.574570387601852 9.7941465675830823 8.6230753362178785 11.80192609131336 13.232075303792952 43.527879685163498
leaf_count=40 31 189 40 35 48 54 177
internal_value=-0.000928346 0.00101001 -0.00661184 -0.010764 -0.0136208 0.00863782 0.00449956
internal_weight=151.076 131.633 64.9918 55.1976 19.4435 66.641 56.76
internal_count=614 535 264 224 79 271 231
is_linear=0
shrinkage=0.03


Tree=34
num_leaves=7
num_cat=0
split_feature=23 5 21 28 3 17
split_gain=4.53679 6.45359 4.21731 5.39364 5.3455 2.25921
threshold=0.78299754337837968 -0.016061267761515782 0.027149779170047909 1.5000000000000002 0.021832004243626527 -0.31787509299323974
decision_type=2 2 2 2 2 2
left_child=1 -1 3 -2 -5 -3
right_child=2 5 -4 4 -6 -7
leaf_value=0.0071211536759636816 0.016385235815276473 -0.0058654471755199607 0.016323312699797771 0.0022642507553054109 -0.011479378648000882 -0.032561468340136082
leaf_weight=8.0692709386348742 12.65141189098358 7.6626111268997219 12.992628708481787 62.050672262907028 39.224879130721092 8.3494419604539853
leaf_count=33 52 31 53 252 159 34
internal_value=-0.00088481 -0.0123446 0.00133096 -0.000501543 -0.00303275 -0.0226886
internal_weight=151.001 24.0813 126.92 113.927 101.276 16.0121
internal_count=614 98 516 463 411 65
is_linear=0
shrinkage=0.03


Tree=35
num_leaves=6
num_cat=0
split_feature=35 21 35 5 24
split_gain=7.52761 6.96874 5.62631 5.33126 5.04882
threshold=-0.074993290334517557 0.0096530375543290633 0.056294619725414836 0.082836908480123053 -0.40000203450520827
decision_type=2 2 2 2 2
left_child=-1 -2 3 -3 -4
right_child=1 2 4 -5 -6
leaf_value=0.024676319701695985 -0.02549769653846188 -0.00050674261652904539 0.0054189850099066426 0.013323540020408078 -0.021761227176647836
leaf_weight=8.9500512182712537 7.8376184850931159 86.066614747047424 7.4089530855417278 32.285563886165619 15.02626448869705
leaf_count=37 32 350 30 131 61
internal_value=0.000608008 -0.00105018 0.000543833 0.00330013 -0.0124626
internal_weight=157.575 148.625 140.787 118.352 22.4352
internal_count=641 604 572 481 91
is_linear=0
shrinkage=0.03


Tree=36
num_leaves=11
num_cat=0
split_feature=37 19 19 34 34 34 12 12 36 37
split_gain=9.38615 8.81532 15.3544 13.1933 6.88605 8.31565 5.42838 7.64944 4.48489 2.62414
threshold=-0.0081548664447407253 0.13241704720953076 0.17079379723697893 0.019837824880783787 0.034649501004426438 0.011427817442341006 29.03849959435448 52.695616562463492 0.0071220746004734886 0.047442301720231124
decision_type=2 2 2 2 2 2 2 2 2 2
left_child=6 4 9 -4 5 -2 -1 8 -8 -3
right_child=1 2 3 -5 -6 -7 7 -9 -10 -11
leaf_value=0.034466567639572919 -0.012811890737805047 0.031037320312348276 -0.027223676363355355 0.017704898665312909 -0.027292649278275637 0.0083553880631836511 -0.013588073765249946 0.029046477205773878 0.012287609052047063 0.0054005707788072647
leaf_weight=7.1857427805662146 40.480712383985519 14.401862725615503 13.351505592465402 7.4105354845523825 13.758570253849028 24.955558985471725 13.018695443868642 7.257847160100936 7.7587263137102118 7.8940439671277991
leaf_count=30 164 59 54 30 56 101 53 30 32 32
internal_value=0.000585735 -0.00328311 0.00723938 -0.0103818 -0.00922629 -0.00450847 0.0138724 0.00615091 -0.0030365 0.0237696
internal_weight=157.474 122.253 43.0579 20.762 79.1948 65.4363 35.221 28.0353 20.7774 22.2959
internal_count=641 496 175 84 321 265 145 115 85 91
is_linear=0
shrinkage=0.03


Tree=37
num_leaves=12
num_cat=0
split_feature=9 9 38 9 20 9 19 20 19 7 21
split_gain=7.59661 10.8373 7.92566 8.78853 5.76181 12.4452 10.6206 4.14584 3.91919 3.87527 0.0106459
threshold=-0.003809802937054903 0.028133423769680845 0.011779157481090404 -0.098536367767856473 0.022111317371717228 0.0839829150735662 0.12755343130041352 0.021068570300700345 0.10899026572722671 0.0072190159528172856 0.01208460471177201
decision_type=2 2 2 2 2 2 2 2 2 2 2
left_child=2 9 7 -4 5 -3 -6 -1 -5 10 -2
right_child=1 4 3 8 6 -7 -8 -9 -10 -11 -12
leaf_value=0.0059367051050269971 -0.012930807336566033 0.024509040573230417 0.020023732210958056 0 -0.028697603503304452 -0.0061997126367408714 0.004383823888452436 0.033919476688519967 -0.026483868547848552 -0.0030548058277248429 -0.031866266130045964
leaf_weight=11.240259408950807 8.0645686239004188 21.897750750184059 8.8356699496507662 8.1346000283956545 10.835073977708815 21.177203208208084 24.374240398406982 11.701286673545836 8.1422542184591276 12.494398474693297 10.369345441460608
leaf_count=46 33 89 37 33 44 86 99 48 33 51 42
internal_value=0.000596525 -0.00368018 0.0103746 -0.000887231 0.00217107 0.00947353 -0.00638861 0.0223861 -0.0140082 -0.0181784 -0.0263928
internal_weight=157.267 109.213 48.0541 25.1125 78.2843 43.075 35.2093 22.9415 16.2769 30.9283 18.4339
internal_count=641 444 197 103 318 175 143 94 66 126 75
is_linear=0
shrinkage=0.03


Tree=38
num_leaves=12
num_cat=0
split_feature=37 10 10 35 35 37 37 14 5 25 22
split_gain=8.83554 8.77155 9.13692 6.74583 6.33525 7.6619 4.94466 4.62474 3.98276 3.65865 0.319901
threshold=-0.0081548664447407253 0.01960122303584844 -0.0066549519070102639 0.049449557973192511 0.026584233439057584 0.050085093688953315 0.011431528163411865 -1.5938868896276117 0.061551658323305898 0.12121142062233672 -0.031393917012905774
decision_type=2 2 2 2 2 2 2 2 2 2 2
left_child=3 2 6 9 8 -6 -2 -4 -3 -1 -11
right_child=1 4 7 -5 5 -7 -8 -9 -10 10 -12
leaf_value=0.0007863730682154006 -0.01038173920390939 -0.0023398634825615794 0.0004987450146221945 -0.0082575727099739628 0.0065596975495709284 -0.023224518478030736 0.015944577072076211 -0.023214553381427371 0.020339008716243088 0.032304361119164612 0.011888365104808304
leaf_weight=7.9512759894132641 9.1005938798189181 7.6715240776538876 7.655400037765502 7.8089459687471381 18.015386715531353 10.418055728077887 12.494664385914801 34.395597472786903 22.309940755367279 11.783270597457888 7.4945490956306449
leaf_count=33 37 31 31 32 73 42 51 140 91 49 31
internal_value=0.000568445 -0.00318007 -0.0108037 0.0134986 0.00496072 -0.00466948 0.00427492 -0.0187304 0.0142836 0.0203893 0.0269358
internal_weight=157.099 122.061 63.6463 35.038 58.4149 28.4334 21.5953 42.051 29.9815 27.2291 19.2778
internal_count=641 496 259 145 237 115 88 171 122 113 80
is_linear=0
shrinkage=0.03


Tree=39
num_leaves=6
num_cat=0
split_feature=35 21 35 26 19
split_gain=6.71205 6.3985 4.99824 5.70493 4.44897
threshold=-0.074993290334517557 0.0096530375543290633 0.056294619725414836 0.24647485914613596 0.13241704720953076
decision_type=2 2 2 2 2
left_child=-1 -2 4 -4 -3
right_child=1 2 3 -5 -6
leaf_value=0.023423003797309563 -0.02449683993637557 -0.0013871646483062264 0.002486477466174752 -0.025208601016174097 0.010220242884514038
leaf_weight=8.8318490087985975 7.7772825807332984 71.644606456160545 11.127427354454996 11.235694795846937 46.279157012701035
leaf_count=37 32 291 45 46 190
internal_value=0.000562992 -0.000994623 0.000528898 -0.0117396 0.00313756
internal_weight=156.896 148.064 140.287 22.3631 117.924
internal_count=641 604 572 91 481
is_linear=0
shrinkage=0.03


Tree=40
num_leaves=10
num_cat=0
split_feature=37 34 12 11 11 32 34 4 36
split_gain=5.0389 13.204 6.3528 5.75698 5.94435 5.38815 5.00748 1.47945 0.469654
threshold=-0.003508037666279384 -0.013474644528316036 42.531944259769574 0.034906895238017606 -0.0025784787657142645 0.012179722245890036 -0.01514929189544406 0.016371558623307639 0.0070360753240965978
decision_type=2 2 2 2 2 2 2 2 2
left_child=3 7 -3 4 6 -4 -1 -2 -6
right_child=1 2 5 -5 8 -7 -8 -9 -10
leaf_value=0.014920222989367633 -0.034798060024430345 0.022778975682432746 -0.0056513423152830802 -0.010705084547184831 0.030858210705911396 0.013962128505484976 -0.01628317757654326 -0.010793513312573224 0.011145519625838467
leaf_weight=7.1556030511856079 9.5737946927547473 8.2879201322793943 70.260846480727196 9.3627428561449033 9.4249245077371615 13.054688438773153 7.3104072809219343 9.1038521826267225 8.6413704007863981
leaf_count=30 39 34 286 38 39 53 30 37 36
internal_value=-0.000887974 -0.00433218 0.000386449 0.00762086 0.0136439 -0.00214703 0 -0.0259989 0.0242275
internal_weight=152.176 110.281 91.6035 41.895 32.5323 83.3155 14.466 18.6776 18.0663
internal_count=622 449 373 173 135 339 60 76 75
is_linear=0
shrinkage=0.03


Tree=41
num_leaves=10
num_cat=0
split_feature=37 34 12 11 11 24 36 4 36
split_gain=4.7866 12.6172 6.04948 5.49565 5.68251 5.35954 4.79342 1.40169 0.432922
threshold=-0.003508037666279384 -0.013474644528316036 42.531944259769574 0.034906895238017606 -0.0025784787657142645 -0.68694404817797672 0.0073375039766244527 0.016371558623307639 0.0070360753240965978
decision_type=2 2 2 2 2 2 2 2 2
left_child=3 7 -3 4 6 -4 -1 -2 -6
right_child=1 2 5 -5 8 -7 -8 -9 -10
leaf_value=-0.015899110767779435 -0.034021736170403764 0.022270344694717278 0.016263124179112423 -0.010442886924461461 0.030188667136466535 -0.0051546209752622151 0.014638752013378515 -0.010528404746877976 0.010888168540474905
leaf_weight=7.3263008594512922 9.5445580780506152 8.2688566446304304 10.061904698610304 9.3601402342319471 9.3898229449987429 73.251642227172852 7.1303058415651321 9.1034630089998227 8.6277278959751111
leaf_count=30 39 34 41 38 39 298 30 37 36
internal_value=-0.000852903 -0.00421192 0.000394962 0.00744403 0.0133415 -0.00207153 0 -0.0254101 0.0237072
internal_weight=152.065 110.23 91.5824 41.8343 32.4742 83.3135 14.4566 18.648 18.0176
internal_count=622 449 373 173 135 339 60 76 75
is_linear=0
shrinkage=0.03


Tree=42
num_leaves=11
num_cat=0
split_feature=28 9 38 13 38 24 38 9 13 3
split_gain=5.72304 7.73963 8.5357 8.14999 6.43205 6.23575 4.9246 4.63005 4.60987 1.42703
threshold=2.5000000000000004 -0.003809802937054903 0.01335576959259731 4.0422946696364734 0.016207106913755927 0.55902728107272059 0.0073727786661093413 0.038726143229229709 2.8121528660346411 0.014324883999222273
decision_type=2 2 2 2 2 2 2 2 2 2
left_child=6 2 8 7 -4 -5 -1 -3 -2 -8
right_child=1 3 4 5 -6 -7 9 -9 -10 -11
leaf_value=0.025191633716339694 0.02403169629997386 -0.024217214602425267 -0.025225434239576808 -0.007762923278865793 0.0061845660726417666 0.022464711506826943 -0.0084837668055226835 -0.0063558421358422901 -0.0014564286689573132 0.0077276020753443853
leaf_weight=10.654461339116098 18.831727743148807 25.401394054293633 8.6272365152835864 10.808235049247743 10.551034688949583 9.364746689796446 7.3366548418998709 34.744194716215134 7.3610646724700919 8.2540916353464109
leaf_count=44 78 104 35 44 44 38 30 141 30 34
internal_value=-0.000817873 -0.00360026 0.00594317 -0.00918686 -0.00828462 0.00635352 0.0112874 -0.0146772 0.0167414 0
internal_weight=151.935 125.69 45.3711 80.3186 19.1783 20.173 26.2452 60.1456 26.1928 15.5907
internal_count=622 514 187 327 79 82 108 245 108 64
is_linear=0
shrinkage=0.03


Tree=43
num_leaves=10
num_cat=0
split_feature=24 9 32 38 35 13 13 38 36
split_gain=4.31384 5.80375 8.42939 7.27015 6.66483 4.37876 3.70095 3.62016 1.08359
threshold=0.67681694290612049 -0.003809802937054903 0.012179722245890036 0.01335576959259731 -0.032653295259744079 2.360671692465051 2.2319809437336819 0.016207106913755927 0.0060975328082585175
decision_type=2 2 2 2 2 2 2 2 2
left_child=1 3 4 5 -3 -1 -2 -5 -8
right_child=6 2 -4 7 -6 -7 8 -9 -10
leaf_value=0.023876337093850005 -0.0040958353642300332 0.010675238629171609 0.013272739628327309 -0.021284458794329764 -0.014553196482312099 -0.001291562068809289 0.026844695138899394 0.0033872190051036808 0.0054301313757622854
leaf_weight=16.855548426508907 7.5818752944469479 8.7323249429464322 12.774682030081747 7.6423594355583218 67.175256729125977 7.3765922337770453 7.2477239817380887 9.1418396979570371 7.2219476401805878
leaf_count=70 31 36 52 31 274 30 30 38 30
internal_value=-0.000789392 -0.0030027 -0.00734488 0.00594189 -0.0112589 0.0161287 0.010772 -0.00811813 0.0190246
internal_weight=151.75 129.699 88.6823 41.0163 75.9076 24.2321 22.0515 16.7842 14.4697
internal_count=622 531 362 169 310 100 91 69 60
is_linear=0
shrinkage=0.03


Tree=44
num_leaves=10
num_cat=0
split_feature=28 9 37 9 38 18 21 13 10
split_gain=5.42301 6.96191 8.47431 9.15911 7.72559 7.06131 6.71176 5.11528 3.85067
threshold=2.5000000000000004 -0.003809802937054903 0.025032682399430021 0.045306913124664457 0.011779157481090404 0.37859191627384675 0.018977196317064328 4.0422946696364734 -0.015488237771820288
decision_type=2 2 2 2 2 2 2 2 2
left_child=6 4 3 -3 8 -6 -1 -4 -2
right_child=1 2 7 -5 5 -7 -8 -9 -10
leaf_value=0.02247236185452892 0.032490234420166214 -0.012157948988224216 -0.025711679596568421 0.013829587254761522 0.0085178336140080101 -0.021265434205513103 -0.006098926624929963 0 0.004935293599711954
leaf_weight=15.872326478362085 8.2261749207973498 24.104651406407356 26.038418874144554 20.924688473343849 12.987025618553163 11.303036302328108 10.314360454678534 9.124131888151167 12.697574287652968
leaf_count=66 35 99 106 85 54 46 42 37 52
internal_value=-0.000741009 -0.00345622 -0.00875868 0 0.00560323 -0.00533425 0.0110523 -0.0193623 0.0183123
internal_weight=151.592 125.406 80.1919 45.0293 45.2138 24.2901 26.1867 35.1626 20.9237
internal_count=622 514 327 184 187 100 108 143 87
is_linear=0
shrinkage=0.03


Tree=45
num_leaves=12
num_cat=0
split_feature=19 9 21 19 13 32 15 2 9 36 13
split_gain=7.27084 6.8897 8.37938 9.04565 5.32528 4.39609 6.16173 4.64415 3.41486 3.04188 0.912765
threshold=0.13111722376269072 -0.0087648073053682492 0.015686339854536775 0.051341369698253696 2.1568479499539035 -0.0083241549856137836 -8.9595253531311965 -0.0045867380492999868 0.023672165206097943 0.0060445121867038461 -3.2213972511591638
decision_type=2 2 2 2 2 2 2 2 2 2 2
left_child=1 4 3 -3 10 9 -7 -8 -4 -2 -1
right_child=5 2 8 -5 -6 6 7 -9 -10 -11 -12
leaf_value=0.025495874045119955 0.0034439884917290206 -0.021303208416404453 -0.0060840849587908133 0.0061679364779584451 -0.009078907324549617 -0.014974892783990319 -0.0066050367445362563 0.015971115111944479 -0.031402221270525589 0.032872681920957582 0.0055856689288938674
leaf_weight=7.5558912456035623 7.4890659749507886 13.183780193328856 10.553350418806078 34.523829892277718 7.9121254682540885 10.897263363003729 9.5485152602195686 23.924101218581203 15.42460650205612 7.4017415940761566 7.5607937872409829
leaf_count=31 31 55 43 141 32 45 39 99 63 31 31
internal_value=-8.43273e-05 -0.00521389 -0.00973414 -0.00167352 0.00827239 0.00793925 0.00247193 0.00909881 -0.0228232 0.0211204 0.0182301
internal_weight=155.975 96.7144 73.6856 47.7076 23.0288 59.2607 44.3699 33.4726 25.978 14.8908 15.1167
internal_count=641 396 302 196 94 245 183 138 106 62 62
is_linear=0
shrinkage=0.03


Tree=46
num_leaves=12
num_cat=0
split_feature=19 34 38 19 20 4 32 21 16 1 17
split_gain=6.90221 6.96742 5.96181 5.53374 6.93019 3.37998 3.35376 3.34863 4.16497 2.77189 1.83905
threshold=0.13111722376269072 0.02783276663541168 0.010827926210536963 0.083511377116865931 0.015689323225070301 0.031816117497728065 -0.0083241549856137836 0.015129028431530038 3.8561768938996894 0.0034894199071018321 -0.11025448940400383
decision_type=2 2 2 2 2 2 2 2 2 2 2
left_child=1 3 7 4 -1 -5 -4 -2 -9 -8 -3
right_child=2 10 6 5 -6 -7 9 8 -10 -11 -12
leaf_value=-0.0052833490244423124 0 -0.0054020511468197419 0.011764876168164436 -0.015111637883097204 0.018879672245023828 0.0024565582096085226 0.0031226581288455427 0.029010571302537601 0.0015178788042255714 -0.017760009928467772 -0.026523790390439804
leaf_weight=18.169434547424316 7.5923077315092078 9.5364959388971346 7.6178175210952785 23.49883559346199 19.859687492251396 13.139257669448851 7.2284788638353374 16.546089336276058 8.7252567559480649 11.482454121112822 12.394093811511992
leaf_count=75 31 39 32 96 81 54 30 69 36 47 51
internal_value=-7.89257e-05 -0.0050823 0.00774034 -0.000352134 0.00727324 -0.00862203 -0.00238199 0.0159515 0.0208758 -0.00944579 -0.0191849
internal_weight=155.79 96.5978 59.1924 74.6672 38.0291 36.6381 26.3288 32.8637 25.2713 18.7109 21.9306
internal_count=641 396 245 306 156 150 109 136 105 77 90
is_linear=0
shrinkage=0.03


Tree=47
num_leaves=11
num_cat=0
split_feature=6 36 28 9 40 9 28 21 7 0
split_gain=5.73628 6.78495 6.74993 8.9142 10.5177 6.00952 9.4123 4.37194 3.86745 2.93062
threshold=-0.0084043149701682907 0.0068428575992175592 6.5000000000000009 0.040371322823449511 0.030787553786406411 0.017078416716359603 2.5000000000000004 0.018103265914046797 0.015501548494664221 0.0139294256135456
decision_type=2 2 2 2 2 2 2 2 2 2
left_child=1 7 5 9 -5 8 -7 -1 -2 -4
right_child=2 -3 3 4 -6 6 -8 -9 -10 -11
leaf_value=0.013853341151409985 0.024549619246862407 0.026533229332999085 -0.023374395085476722 0.01874236931358755 -0.01733603139870046 0.0085721784002069801 -0.020986575193094489 -0.010091198657194022 0 -0.00082886190110784954
leaf_weight=10.069911167025568 13.516299635171892 12.073509290814398 29.02989162504673 14.883991628885271 10.597439125180243 21.395736441016197 14.291938588023184 13.892299532890318 7.8000425547361365 8.1046694964170438
leaf_count=41 57 50 120 61 43 89 58 57 32 33
internal_value=-7.45524e-05 0.00999723 -0.00334653 -0.0100691 0.00302227 0.00387462 -0.00335281 0 0.0158678 -0.0191309
internal_weight=155.656 36.0357 119.62 62.616 25.4814 57.004 35.6877 23.9622 21.3163 37.1346
internal_count=641 148 493 257 104 236 147 98 89 153
is_linear=0
shrinkage=0.03


Tree=48
num_leaves=8
num_cat=0
split_feature=2 7 4 8 38 37 12
split_gain=4.42022 6.89916 5.41855 5.58174 6.39296 2.30957 2.67865
threshold=-0.016727967498091075 -0.04260100732572622 0.083000163657295581 -0.032371132058876415 0.012440215152981703 0.01817944602191646 45.269303230659048
decision_type=2 2 2 2 2 2 2
left_child=1 -1 3 -2 -5 6 -3
right_child=2 5 -4 4 -6 -7 -8
leaf_value=-0.011940956118993071 0.017060331382608651 0.0062835289699775159 0.013206652272889734 -0.0038821712676646342 -0.025496605616632872 0.0025139313953293448 0.034482973209308834
leaf_weight=8.2000980824232084 7.005604922771453 8.227271527051931 14.084476113319395 87.024909317493439 13.219263881444929 9.8065434992313367 7.8704297095537177
leaf_count=34 30 34 58 359 54 40 32
internal_value=-6.40363e-05 0.00907113 -0.00285881 -0.00530904 -0.00732217 0.0166393 0.0231867
internal_weight=155.439 34.1043 121.334 107.25 100.244 25.9042 16.0977
internal_count=641 140 501 443 413 106 66
is_linear=0
shrinkage=0.03


Tree=49
num_leaves=11
num_cat=0
split_feature=6 36 28 9 37 15 4 9 35 10
split_gain=5.23622 6.50469 6.26736 8.28656 6.44624 5.77368 6.01823 5.93625 5.06236 2.44726
threshold=-0.0084043149701682907 0.0068428575992175592 6.5000000000000009 0.040371322823449511 0.016473012844554161 4.3112213719968473 0.040686762245147452 0.15089563944430662 0.041078361526139202 -0.010293731377949365
decision_type=2 2 2 2 2 2 2 2 2 2
left_child=1 8 5 9 -5 6 -2 -7 -1 -4
right_child=2 -3 3 4 -6 7 -8 -9 -10 -11
leaf_value=-0.010832533122839442 0.023012622122709707 0.025806540890341716 -0.0037961039712904967 0.02043535556744137 -0.008065794162524155 -0.013185202810861685 -0.005182609332387584 0.013114166775207057 0.015016325254666079 -0.023298862165277833
leaf_weight=14.164267376065256 17.813806563615803 12.028495877981184 10.927331402897833 9.6956926137208956 15.756480947136877 21.626518368721012 8.2726529538631421 9.1715975850820524 9.7936355620622617 26.109912976622581
leaf_count=58 75 50 45 40 64 89 34 38 40 108
internal_value=-4.11708e-05 0.00958301 -0.00317616 -0.00966386 0.00294277 0.00378222 0.0138048 -0.00457387 0 -0.0184184
internal_weight=155.36 35.9864 119.374 62.4894 25.4522 56.8846 26.0865 30.7981 23.9579 37.0372
internal_count=641 148 493 257 104 236 109 127 98 153
is_linear=0
shrinkage=0.03


end of trees

feature_importances:
macro_usdjpy_vol_20=30
macro_topix_ret_20=29
div_ma_60=27
macro_topix_vol_20=26
macro_usdjpy_ret_60=23
rsi=18
bb_bandwidth=17
macro_usdjpy_ret_20=16
ma_5_20_cross=15
atr_pct=15
macd=14
month=14
div_ma_10=12
upper_shadow_pct=12
lower_shadow_pct=12
return_10d=11
volatility=11
bb_pct_b=10
macro_nikkei_ret_20=10
macd_hist_change=9
vol_ratio=9
gap=9
return_20d=8
ma_20_60_cross=8
vol_change=8
return_2d=7
rsi_change=7
return_3d=6
return_5d=6
div_ma_5=6
macd_signal=6
candle_body_pct=6
price_position_20d=6
return_1d=5
macd_hist=5
div_ma_20=4
day_of_week=1

parameters:
[boosting: gbdt]
[objective: binary]
[metric: binary_logloss]
[tree_learner: serial]
[device_type: cpu]
[data_sample_strategy: bagging]
[data: ]
[valid: ]
[num_iterations: 50]
[learning_rate: 0.03]
[num_leaves: 15]
[num_threads: 0]
[seed: 42]
[deterministic: 0]
[force_col_wise: 0]
[force_row_wise: 0]
[histogram_pool_size: -1]
[max_depth: 4]
[min_data_in_leaf: 30]
[min_sum_hessian_in_leaf: 0.001]
[bagging_fraction: 0.7]
[pos_bagging_fraction: 1]
[neg_bagging_fraction: 1]
[bagging_freq: 5]
[bagging_seed: 400]
[bagging_by_query: 0]
[feature_fraction: 0.6]
[feature_fraction_bynode: 1]
[feature_fraction_seed: 30056]
[extra_trees: 0]
[extra_seed: 12879]
[early_stopping_round: 0]
[early_stopping_min_delta: 0]
[first_metric_only: 0]
[max_delta_step: 0]
[lambda_l1: 0.5]
[lambda_l2: 2]
[linear_lambda: 0]
[min_gain_to_split: 0]
[drop_rate: 0.1]
[max_drop: 50]
[skip_drop: 0.5]
[xgboost_dart_mode: 0]
[uniform_drop: 0]
[drop_seed: 17869]
[top_rate: 0.2]
[other_rate: 0.1]
[min_data_per_group: 100]
[max_cat_threshold: 32]
[cat_l2: 10]
[cat_smooth: 10]
[max_cat_to_onehot: 4]
[top_k: 20]
[monotone_constraints: ]
[monotone_constraints_method: basic]
[monotone_penalty: 0]
[feature_contri: ]
[forcedsplits_filename: ]
[refit_decay_rate: 0.9]
[cegb_tradeoff: 1]
[cegb_penalty_split: 0]
[cegb_penalty_feature_lazy: ]
[cegb_penalty_feature_coupled: ]
[path_smooth: 0]
[interaction_constraints: ]
[verbosity: -1]
[saved_feature_importance_type: 0]
[use_quantized_grad: 0]
[num_grad_quant_bins: 4]
[quant_train_renew_leaf: 0]
[stochastic_rounding: 1]
[linear_tree: 0]
[max_bin: 255]
[max_bin_by_feature: ]
[min_data_in_bin: 5]
[bin_construct_sample_cnt: 200000]
[data_random_seed: 175]
[is_enable_sparse: 1]
[enable_bundle: 1]
[use_missing: 1]
[zero_as_missing: 0]
[feature_pre_filter: 1]
[pre_partition: 0]
[two_round: 0]
[header: 0]
[label_column: ]
[weight_column: ]
[group_column: ]
[ignore_column: ]
[categorical_feature: ]
[forcedbins_filename: ]
[precise_float_parser: 0]
[parser_config_file: ]
[objective_seed: 16083]
[num_class: 1]
[is_unbalance: 0]
[scale_pos_weight: 1]
[sigmoid: 1]
[boost_from_average: 1]
[reg_sqrt: 0]
[alpha: 0.9]
[fair_c: 1]
[poisson_max_delta_step: 0.7]
[tweedie_variance_power: 1.5]
[lambdarank_truncation_level: 30]
[lambdarank_norm: 1]
[label_gain: ]
[lambdarank_position_bias_regularization: 0]
[eval_at: ]
[multi_error_top_k: 1]
[auc_mu_weights: ]
[num_machines: 1]
[local_listen_port: 12400]
[time_out: 120]
[machine_list_filename: ]
[machines: ]
[gpu_platform_id: -1]
[gpu_device_id: -1]
[gpu_use_dp: 0]
[num_gpu: 1]

end of parameters

pandas_categorical:[]
