tree
version=v4
num_class=1
num_tree_per_iteration=1
label_index=0
max_feature_idx=44
objective=binary sigmoid:1
feature_names=return_1d return_2d return_3d return_5d return_10d return_20d div_ma_5 div_ma_10 div_ma_20 div_ma_60 ma_5_20_cross ma_20_60_cross rsi rsi_change macd macd_signal macd_hist macd_hist_change bb_pct_b bb_bandwidth atr_pct volatility vol_change vol_ratio candle_body_pct upper_shadow_pct lower_shadow_pct day_of_week month is_month_end is_month_start streak gap price_position_20d macro_usdjpy_ret_20 macro_usdjpy_ret_60 macro_usdjpy_vol_20 macro_topix_ret_20 macro_topix_vol_20 macro_topix_above_200dma macro_nikkei_ret_20 macro_nikkei_above_200dma macro_nikkei_vi macro_jgb10y macro_bias_score
feature_infos=[-0.15840329478853166:0.22075055187637971] [-0.22584875418913009:0.22902869757174393] [-0.21868694707434422:0.29508196721311486] [-0.22218788627935726:0.35450819672131151] [-0.37114303560274831:0.45551894563426698] [-0.376953125:0.71469194312796214] [-0.14868429953324763:0.20243531202435311] [-0.23450069189945413:0.24025791982057751] [-0.31350956981842232:0.35537316867377466] [-0.40273715807770116:0.61591115457148848] [-0.21959821680492064:0.26232541266098308] [-0.2372995904820534:0.30456069552832266] [10.249884312818139:94.423791821561338] [-22.535211267605639:24.151404710006126] [-988.435414888987:1784.1306555302835] [-819.18414154408799:1497.7643024124093] [-521.73250694744684:460.54129904981824] [-153.6039862190446:275.11533122917672] [-0.16197062046334917:1.2920009892192668] [0.090333975725160026:0.70922524631415595] [0.021074964639321077:0.093978030083506761] [0.015511927959263134:0.07196102203193204] [-0.87706064330211464:3.8309203722854193] [0.52776805614397027:1.9204348479310414] [-1:1] [0:0.90344827586206899] [0:0.94811320754716977] [0:4] [1:12] none [0:1] [-7:10] [-0.16094800141492749:0.1541425818882467] [0:1] [-0.10288784967882303:0.08505611680078462] [-0.13986255140503889:0.13160084488587853] [0.0024251968629528543:0.011841457708833452] [-0.21871130063915301:0.21255327098343968] [0.0039190661917629455:0.040640984327119482] [0:1] [-0.22859537662338159:0.23022297972565586] [0:1] none none none
tree_sizes=1287 1307 1060 1307 1285 1180 1202 1083 1470 1343 995 876 988 980 887 1208 996 1109 1407 1393 1090 1312 1187 1073 1157 887 1294 1304 998 666 996 1103 1076 894 891 781 1412 995 1100 791 1313 1205 1319 1186 1207 869 750 671 880 882

Tree=0
num_leaves=11
num_cat=0
split_feature=35 35 9 5 2 34 5 34 34 7
split_gain=16.4524 10.98 6.0765 18.721 9.35938 5.52762 3.91215 9.60698 6.17213 1.4484
threshold=0.030214068013356913 0.068911875297431271 0.077985920718497845 0.10197844280126479 -0.034772181709172394 -0.018324486796798486 0.044774752006065628 0.022156242454843603 0.023653643876296874 0.025055978083201775
decision_type=2 2 2 2 2 2 2 2 2 2
left_child=2 6 4 -4 -1 -5 7 -2 -8 -6
right_child=1 -3 3 5 9 -7 8 -9 -10 -11
leaf_value=0.055216118144281394 0.062568340950272361 0.071203242969188771 0.027272855014253937 0.049483694576136807 0.090295788553347411 0.075379883614096657 0.022044172845673483 0.031374334982184587 0.054757629803870882 0.068511241213705526
leaf_weight=12.738994270563124 20.232520312070847 11.989641666412352 10.490936458110808 7.4935260415077201 17.484894096851352 29.224751561880112 15.486620485782625 12.489210069179533 9.7415838539600355 8.7424470484256727
leaf_count=51 81 48 42 30 70 117 62 50 39 35
internal_value=0.0579831 0.0472613 0.0665786 0.0589128 0.0750398 0.0695005 0.0418083 0.0502017 0.0329022 0.0847699
internal_weight=156.115 69.9396 86.1755 47.2092 38.9663 36.7183 57.9499 32.7217 25.2282 26.2273
internal_count=625 280 345 189 156 147 232 131 101 105
is_linear=0
shrinkage=1


Tree=1
num_leaves=11
num_cat=0
split_feature=38 9 35 8 34 25 12 16 13 25
split_gain=16.5168 18.244 11.4517 9.55488 5.83198 9.8632 5.66448 4.99461 4.48222 2.60471
threshold=0.0072506129766479839 0.052414605863086432 0.039505712788034282 -0.070343869306245463 0.02349006098530915 0.29135572139303489 46.740799611453305 94.721965976838376 1.9349613842711337 0.1883205456095482
decision_type=2 2 2 2 2 2 2 2 2 2
left_child=7 2 3 -2 5 -3 -4 8 -1 -6
right_child=1 4 6 -5 9 -7 -8 -9 -10 -11
leaf_value=0.034767223092143508 -0.0028805223590437083 -0.030471593496852231 -0.019620370781667933 0.0290363408066188 0.0096319178743830298 -0.002127995732882304 0.0066625203684422558 -6.2410981278637076e-05 0.0031828052060014988 -0.011075851721032263
leaf_weight=13.981941968202596 11.485284596681593 32.478145211935043 14.242282658815386 21.221446380019188 8.7411081343889254 18.485552757978439 10.990414991974829 7.9908745139837256 7.4912183284759513 8.9908168613910657
leaf_count=56 46 130 57 85 35 74 44 32 30 36
internal_value=-0.000783996 -0.00562974 0.00647805 0.0178761 -0.0159483 -0.0209426 -0.00797316 0.0186001 0.0255976 -0.000165984
internal_weight=156.099 126.635 57.9394 32.7067 68.6956 50.9637 25.2327 29.464 21.4732 17.7319
internal_count=625 507 232 131 275 204 101 118 86 71
is_linear=0
shrinkage=0.03


Tree=2
num_leaves=9
num_cat=0
split_feature=38 11 33 15 33 31 25 11
split_gain=15.6628 14.9567 9.47799 9.55902 5.90185 5.54381 4.64492 4.24523
threshold=0.0072506129766479839 0.068263090653738936 0.1044658837165698 -17.586321517126134 0.91584062353454831 -1.4999999999999998 0.32041666666666674 0.033483721306216914
decision_type=2 2 2 2 2 2 2 2
left_child=4 2 -2 -4 7 -3 -7 -1
right_child=1 5 3 -5 -6 6 -8 -9
leaf_value=0.0067158522132670997 -0.022213004992832019 0 0.019718576665993557 -0.0025963268125085478 0 -0.028456700942715865 -0.0026088089413204077 0.039423163213606713
leaf_weight=8.2330854088068062 9.2456248402595502 12.740711390972136 28.952902272343636 35.964472249150276 10.982215240597723 29.733422577381134 9.9916114807128888 10.226762264966963
leaf_count=33 37 51 116 144 44 119 40 41
internal_value=-0.000753939 -0.00547417 0.00304583 0.00742377 0.0181273 -0.0174626 -0.0227516 0.0276513
internal_weight=156.071 126.629 74.163 64.9174 29.4421 52.4657 39.725 18.4598
internal_count=625 507 297 260 118 210 159 74
is_linear=0
shrinkage=0.03


Tree=3
num_leaves=11
num_cat=0
split_feature=38 9 18 10 19 4 20 35 35 23
split_gain=14.9155 16.4892 12.7192 8.23885 6.02329 8.06444 6.77975 4.45199 3.82282 1.28631
threshold=0.0072506129766479839 0.052414605863086432 0.21929952593495533 -0.059160157093577685 0.24255200493665255 0.074496752487746357 0.043487106290380481 0.039505712788034282 0.019875049976255447 0.97097552730690162
decision_type=2 2 2 2 2 2 2 2 2 2
left_child=8 2 3 -2 6 -6 -3 -4 9 -1
right_child=1 4 7 -5 5 -7 -8 -9 -10 -11
leaf_value=0.0083573529839046212 0.0061768154614883402 -0.032149357003377753 0.024824040765121354 -0.028259558902710237 0.014051720540069501 -0.015378955018545316 -0.0035453671224824602 0.0025425711763002738 0.00037626880464471839 0.03113666271064594
leaf_weight=7.4724850356578889 10.240484461188318 23.992464914917946 21.681602761149406 10.495364248752592 10.99413785338402 20.740309625864029 12.994649499654768 15.48079654574394 9.7287904620170575 12.216045141220091
leaf_count=30 41 96 87 42 44 83 52 62 39 49
internal_value=-0.000727067 -0.0053345 0.00617402 -0.0115459 -0.015143 -0.0045097 -0.0231821 0.0165291 0.0177042 0.0247506
internal_weight=156.037 126.62 57.8982 20.7358 68.7216 31.7344 36.9871 37.1624 29.4173 19.6885
internal_count=625 507 232 83 275 127 148 149 118 79
is_linear=0
shrinkage=0.03


Tree=4
num_leaves=11
num_cat=0
split_feature=35 11 20 5 38 9 19 33 1 11
split_gain=14.3729 11.9465 10.1279 9.26194 8.2024 11.5378 9.14283 6.01769 5.71566 1.31647
threshold=0.030214068013356913 -0.059103486737842374 0.043487106290380481 0.10855715888137808 0.0072752486082698275 0.050688921613268552 0.22879107338158391 0.91584062353454831 -0.020170012449424232 0.16345650222934985
decision_type=2 2 2 2 2 2 2 2 2 2
left_child=4 -2 9 -4 7 8 -7 -1 -6 -3
right_child=1 2 3 -5 5 6 -8 -9 -10 -11
leaf_value=0.03468717371648581 0.016015900670317915 -0.018710248975158269 0.016304879773718351 -0.020926661495804487 0 -0.024659380319571871 0.0035960997464341868 0.0023462804666658471 0.026759764594184915 -0.039044085967901092
leaf_weight=12.431790784001352 10.47988800704479 31.227560371160507 12.484408244490625 8.2462358325719816 10.724996551871302 16.241980850696564 20.988163590431213 10.222232311964033 15.43324428796768 7.4966092854738227
leaf_count=50 42 125 50 33 43 65 84 41 62 30
internal_value=-0.000690875 -0.0107161 -0.01604 0.000296825 0.00734551 0.00133726 -0.00897698 0.0220765 0.0161448 -0.0247392
internal_weight=155.977 69.9347 59.4548 20.7306 86.0424 63.3884 37.2301 22.654 26.1582 38.7242
internal_count=625 280 238 83 345 254 149 91 105 155
is_linear=0
shrinkage=0.03


Tree=5
num_leaves=10
num_cat=0
split_feature=35 28 28 5 28 2 21 21 14
split_gain=13.4876 13.9743 9.38877 10.2681 7.76316 7.57678 6.71615 5.61389 2.97808
threshold=0.021037059262658756 10.500000000000002 4.5000000000000009 0.064635182722449183 7.5000000000000009 -0.056614643994098927 0.038273716778658144 0.033219752500038169 45.564533999202929
decision_type=2 2 2 2 2 2 2 2 2
left_child=1 5 8 4 -4 -1 -7 -5 -2
right_child=2 -3 3 7 -6 6 -8 -9 -10
leaf_value=-0.0072078065677952186 -0.036130785122413835 -0.017326144044032332 0.028652268803177557 -0.024067939613055016 0 0.028542327669886961 0.0050777894011574589 0.00045553927666502247 -0.0063695012938257264
leaf_weight=8.2377068847417814 8.4904801249504107 10.729610472917555 10.723891481757162 16.73407465219498 28.211837112903595 35.339714959263802 19.428627625107765 12.991882741451262 7.739594802260398
leaf_count=33 34 43 43 67 113 142 78 52 31
internal_value=0.00212532 0.0114243 -0.00585603 -0.000534593 0.00919212 0.0169335 0.0209549 -0.013524 -0.0250172
internal_weight=158.627 73.7357 84.8918 68.6617 38.9357 63.006 54.7683 29.726 16.2301
internal_count=636 296 340 275 156 253 220 119 65
is_linear=0
shrinkage=0.03


Tree=6
num_leaves=10
num_cat=0
split_feature=35 11 20 2 20 14 34 21 21
split_gain=12.7366 11.2909 10.809 6.63497 5.02834 4.98755 18.5645 3.65315 3.20212
threshold=0.021037059262658756 -0.059103486737842374 0.044011295030199744 -0.063431325522051316 0.05212407999806664 49.102707939084219 -0.018324486796798486 0.030269713359767528 0.034923751818102637
decision_type=2 2 2 2 2 2 2 2 2
left_child=3 -2 7 -1 -4 8 -7 -3 -5
right_child=1 2 4 5 -6 6 -8 -9 -10
leaf_value=-0.012332758933646727 0.016997842819913792 -0.010442320953646745 0.014998615769172555 0.038091822740864173 -0.011809865737467822 -0.019318936999937579 0.020384253976229314 -0.029645779844167372 0.011103497663900917
leaf_weight=7.4877609461545935 13.953196987509726 30.468532398343086 15.476825550198557 9.7033624798059481 7.4929816126823416 13.730726838111876 29.831423729658127 17.483598753809929 12.917879104614256
leaf_count=30 56 122 62 39 30 55 120 70 52
internal_value=0.00204879 -0.0057032 -0.0107188 0.0110926 0.00540722 0.0142469 0.00724195 -0.0186509 0.0254432
internal_weight=158.546 84.8751 70.9219 73.6712 22.9698 66.1834 43.5622 47.9521 22.6212
internal_count=636 340 284 296 92 266 175 192 91
is_linear=0
shrinkage=0.03


Tree=7
num_leaves=9
num_cat=0
split_feature=36 9 23 28 33 19 16 23
split_gain=10.5405 8.79385 12.3585 12.8368 11.0239 10.0043 7.2188 6.62511
threshold=0.003433126469770014 0.076220754310820454 1.0308960899293573 9.5000000000000018 0.1559441002981036 0.2250033601444085 -60.466285310658087 1.0922347810593058
decision_type=2 2 2 2 2 2 2 2
left_child=-1 4 6 -4 5 -2 -3 -6
right_child=1 2 3 -5 7 -7 -8 -9
leaf_value=-0.027330062384201229 -0.024610746758077 0.0050738918825148482 0.022383157014721586 -0.017539376077850277 0.023433104117876226 0.01551465339949022 -0.020902405632813426 0.00025741984488016675
leaf_weight=8.2332768589258176 11.237598046660425 11.489489600062369 22.13518495857716 8.2409339100122434 42.04836830496788 7.4758698493242255 30.908864095807076 16.672233656048775
leaf_count=33 45 46 89 33 169 30 124 67
internal_value=0.00199275 0.00403654 -0.00326085 0.0106746 0.0109931 -0.00790656 -0.0136138 0.0173252
internal_weight=158.442 150.209 72.7745 30.3761 77.4341 18.7135 42.3984 58.7206
internal_count=636 603 292 122 311 75 170 236
is_linear=0
shrinkage=0.03


Tree=8
num_leaves=13
num_cat=0
split_feature=25 22 11 27 4 18 5 9 4 25 15 4
split_gain=11.5944 7.55319 7.49226 6.00751 4.30948 4.22901 4.23182 4.20184 7.61634 3.73627 3.44293 0.477393
threshold=0.21030517470145957 -0.10663013536566816 0.068263090653738936 2.5000000000000004 0.051651243941072129 0.21929952593495533 0.065981556953143908 0.12805331488499402 0.12530788177339905 0.038218111002921142 136.820200997402 0.037046173804272449
decision_type=2 2 2 2 2 2 2 2 2 2 2 2
left_child=1 9 5 10 -5 -2 -7 -4 -9 -1 -3 -11
right_child=2 3 7 4 -6 6 -8 8 -10 11 -12 -13
leaf_value=0 -0.00058400721510719518 0 -0.016179161471706841 -0.020823997264054935 0.0029800282079998413 0.028239431619374505 0.006408943183495751 0.016818267603764488 -0.016105790713761746 -0.034611673889644451 0.020728025907778509 -0.013454505746815578
leaf_weight=7.9696500748395946 8.7296679913997632 14.931149750947954 9.731671676039694 12.720115751028063 10.199417188763617 24.845429301261902 16.415527209639549 16.195720687508587 7.4675274193286887 7.7255217880010632 11.72186206281185 9.6984947919845563
leaf_count=32 35 60 39 51 41 100 66 65 30 31 47 39
internal_value=0.00192536 -0.00642947 0.00958696 0.000250446 -0.01024 0.016731 0.0205988 -0.00102473 0.00539832 -0.0190835 0.00988005 -0.0262054
internal_weight=158.352 74.9662 83.3855 49.5725 22.9195 49.9906 41.261 33.3949 23.6632 25.3937 26.653 17.424
internal_count=636 301 335 199 92 201 166 134 95 102 107 70
is_linear=0
shrinkage=0.03


Tree=9
num_leaves=12
num_cat=0
split_feature=25 22 21 0 17 3 23 25 16 34 0
split_gain=10.9849 7.21634 6.21674 5.83584 5.63444 7.97932 6.11827 3.5488 2.84877 2.42943 1.75097
threshold=0.21030517470145957 -0.10663013536566816 0.027059385345982807 0.043396591969460448 1.7275190726053469 0.04455723544535118 1.0518658184591902 0.038218111002921142 -34.550646412011083 0.0032294316815292272 0.006787335875461987
decision_type=2 2 2 2 2 2 2 2 2 2 2
left_child=1 7 -3 -4 5 6 -2 -1 -6 -10 -9
right_child=4 2 3 -5 8 -7 -8 10 9 -11 -12
leaf_value=0 0 -0.01710552869118101 0.012941422013872675 -0.012426157588246382 0 -0.019571272187332275 0.025904510836277376 -0.010937807178546014 0.033601260298848641 0.011756922713431359 -0.03642023452949026
leaf_weight=7.9696500748395946 26.39916405081749 11.462350994348524 29.383627980947495 8.719650983810423 7.9712088108062735 9.712771460413931 10.465232461690901 9.705665662884714 10.64482267200947 18.135615363717079 7.721020743250846
leaf_count=32 106 46 118 35 32 39 42 39 43 73 31
internal_value=0.0018501 -0.00627799 0.000245591 0.00643201 0.00931362 0.00183338 0.00857582 -0.0186459 0.0178227 0.021982 -0.0255873
internal_weight=158.291 74.962 49.5656 38.1033 83.3288 46.5772 36.8644 25.3963 36.7516 28.7804 17.4267
internal_count=636 301 199 153 335 187 148 102 148 116 70
is_linear=0
shrinkage=0.03


Tree=10
num_leaves=8
num_cat=0
split_feature=18 41 9 20 21 20 33
split_gain=14.2469 14.5708 9.30153 15.8191 9.44546 3.48981 2.54898
threshold=0.18510848668506047 1.0000000180025095e-35 0.076220754310820454 0.042769810501286164 0.022570779773609023 0.04552078476093413 0.54470585392196325
decision_type=2 2 2 2 2 2 2
left_child=5 6 3 -3 -4 -1 -2
right_child=1 2 4 -5 -6 -7 -8
leaf_value=-0.031571169903630077 0.0090363892015288272 -0.0042727910393266779 -0.037064917776310616 0.031799306756339095 -0.00440745627212198 -0.0031474821051396965 0.033946408270780125
leaf_weight=13.72324585914612 11.133167997002603 30.112634614109993 7.7186677753925315 14.399006277322767 59.043463081121445 7.4797730743885031 10.428833514451979
leaf_count=55 45 121 31 58 237 30 42
internal_value=-0.00157429 0.00208097 -0.00229534 0.00793923 -0.00936952 -0.0233262 0.0235799
internal_weight=154.039 132.836 111.274 44.5116 66.7621 21.203 21.562
internal_count=619 534 447 179 268 85 87
is_linear=0
shrinkage=0.03


Tree=11
num_leaves=7
num_cat=0
split_feature=7 39 26 32 34 14
split_gain=10.8578 11.5759 10.6257 6.04632 5.79658 4.68121
threshold=-0.039527853737604007 1.0000000180025095e-35 0.17407773386034259 -0.017499058803228437 -0.012335071337568669 17.331611270588841
decision_type=2 2 2 2 2 2
left_child=3 -2 4 -1 -3 -4
right_child=1 2 5 -5 -6 -7
leaf_value=0 0.029830510342438457 -0.0082565160164696453 0.0042450008979395765 -0.030316441571771192 0.014241224985013101 -0.013079935813806426
leaf_weight=9.4801462292671221 10.134149357676504 11.186796262860296 16.386913806200027 14.449461013078688 41.03086045384407 51.294225573539734
leaf_count=38 41 45 66 58 165 206
internal_value=-0.0015327 0.00186976 -0.000821152 -0.0193182 0.00901801 -0.00866852
internal_weight=153.963 130.033 119.899 23.9296 52.2177 67.6811
internal_count=619 523 482 96 210 272
is_linear=0
shrinkage=0.03


Tree=12
num_leaves=8
num_cat=0
split_feature=18 41 9 20 9 23 33
split_gain=13.114 13.5059 8.64426 15.07 8.49037 8.06215 2.52995
threshold=0.18510848668506047 1.0000000180025095e-35 0.077985920718497845 0.042769810501286164 0.1038254242253716 1.0803327515882917 0.54470585392196325
decision_type=2 2 2 2 2 2 2
left_child=5 6 3 -3 -4 -1 -2
right_child=1 2 4 -5 -6 -7 -8
leaf_value=-0.034637906443655539 0.0084251664519643197 -0.0040890969986559058 -0.033536731537586593 0.03096346968638887 -0.0040076134136874872 0.0010976434748378285 0.033014194659285748
leaf_weight=13.704931154847147 11.103185266256334 31.101813971996307 8.9778263270854932 14.356257244944571 56.790136426687241 7.482051119208335 10.394417837262152
leaf_count=55 45 125 36 58 228 30 42
internal_value=-0.00148591 0.00201828 -0.00218747 0.00750325 -0.00913069 -0.0223651 0.0227508
internal_weight=153.911 132.724 111.226 45.4581 65.768 21.187 21.4976
internal_count=619 534 447 183 264 85 87
is_linear=0
shrinkage=0.03


Tree=13
num_leaves=8
num_cat=0
split_feature=7 41 9 5 40 32 10
split_gain=9.8915 11.4773 7.5902 11.9444 6.11784 5.75279 2.23328
threshold=-0.039527853737604007 1.0000000180025095e-35 0.080161761071810431 0.10369859794745363 -0.003069857027893363 -0.017499058803228437 -0.0074649233770655013
decision_type=2 2 2 2 2 2 2
left_child=5 6 4 -4 -3 -1 -2
right_child=1 2 3 -5 -6 -7 -8
leaf_value=0 0.0051271767676487716 -0.0083682393331566112 -0.030121692439801458 -0.00066129360841441019 0.01375048738079835 -0.029160531230952424 0.028958772734010024
leaf_weight=9.4764372110366839 8.3825852572917956 14.149948537349699 15.457401782274244 46.813624426722527 32.76129350066185 14.433113485574721 12.332087039947508
leaf_count=38 34 57 62 188 132 58 50
internal_value=-0.00144031 0.00180432 -0.00207127 -0.00891734 0.00670271 -0.0184254 0.0212758
internal_weight=153.806 129.897 109.182 62.271 46.9112 23.9096 20.7147
internal_count=619 523 439 250 189 96 84
is_linear=0
shrinkage=0.03


Tree=14
num_leaves=7
num_cat=0
split_feature=18 39 11 23 23 38
split_gain=12.0179 12.3845 7.97781 7.73064 6.49477 6.4737
threshold=0.18510848668506047 1.0000000180025095e-35 0.08568934892903747 1.0803327515882917 0.7712190465829647 0.0066783104736561705
decision_type=2 2 2 2 2 2
left_child=3 -2 5 -1 -4 -3
right_child=1 2 4 -5 -6 -7
leaf_value=-0.03346445196393244 0.030975845866481951 0.025905567342781356 0.011893511917021272 0.0014485692251324288 -0.01504893351651539 0.0012299783426956267
leaf_weight=13.672856971621515 10.069146499037741 9.6336266547441465 7.7236449122428885 7.4822874069213858 40.582589998841286 64.549623921513557
leaf_count=55 41 39 31 30 163 260
internal_value=-0.0014054 0.00194642 -0.000778732 -0.0214098 -0.0101414 0.00522727
internal_weight=153.714 132.559 122.489 21.1551 48.3062 74.1833
internal_count=619 534 493 85 194 299
is_linear=0
shrinkage=0.03


Tree=15
num_leaves=10
num_cat=0
split_feature=11 38 11 18 5 35 5 39 20
split_gain=10.0657 10.6206 7.37477 6.47739 7.15679 9.29312 6.20971 5.73178 2.6056
threshold=0.082426692127922987 0.0066783104736561705 -0.093462146104599395 0.77270070882179043 0.096036739152366116 0.020427822677168587 0.26749825931304433 1.0000000180025095e-35 0.044990816322026832
decision_type=2 2 2 2 2 2 2 2 2
left_child=1 -1 -3 4 8 -6 -5 -4 -2
right_child=3 2 7 6 5 -7 -8 -9 -10
leaf_value=0.033450551549838031 -0.018985763827130686 0.02368945485792787 0.020739980184421396 -0.034276792056254418 0.034484174962123242 -0.0074692349539119832 -0.0019811926994023734 -0.0036242854906468015 0.00030817141547776541
leaf_weight=9.855702877044676 12.944842681288721 11.068499669432638 7.8544070124626151 11.689590513706209 7.448521211743353 7.4845494627952576 10.966378033161162 69.550917461514473 8.2351750880479795
leaf_count=40 52 45 32 47 30 30 44 280 33
internal_value=0.000727207 0.00664037 0.00281457 -0.0088125 -0.000278197 0.0141724 -0.0206816 -0.000502998 -0.0114575
internal_weight=157.099 98.3295 88.4738 58.7691 36.1131 14.9331 22.656 77.4053 21.18
internal_count=633 397 357 236 145 60 91 312 85
is_linear=0
shrinkage=0.03


Tree=16
num_leaves=8
num_cat=0
split_feature=39 38 14 36 36 40 16
split_gain=7.96951 9.42434 8.13466 15.0925 8.52982 5.25554 0.202869
threshold=1.0000000180025095e-35 0.0071023037798729838 14.942398486558774 0.0049853370193843694 0.0047150117151990656 0.061692741754353804 15.225541818249372
decision_type=2 2 2 2 2 2 2
left_child=-1 5 3 -3 -4 6 -2
right_child=1 2 4 -5 -6 -7 -8
leaf_value=0.021234461671536774 0.011654639729838698 -0.015853370588366843 0.0068250319674503929 0.020052476038085094 -0.015739175388142155 -0.0038293518255148235 0.030108267774892106
leaf_weight=13.485276222229002 9.1199812889099174 15.378878086805342 17.432183831930161 24.233861997723579 61.746463418006897 7.673237368464469 7.9097483605146399
leaf_count=55 37 62 70 98 248 31 32
internal_value=0.000720801 -0.00136932 -0.00500989 0.00566029 -0.0105408 0.0146397 0.0232775
internal_weight=156.98 143.494 118.791 39.6127 79.1786 24.703 17.0297
internal_count=633 578 478 160 318 100 69
is_linear=0
shrinkage=0.03


Tree=17
num_leaves=9
num_cat=0
split_feature=11 38 11 18 8 36 38 38
split_gain=9.24582 9.97385 6.8401 6.25283 6.08606 5.40125 3.45827 2.40842
threshold=0.082426692127922987 0.0066783104736561705 -0.093462146104599395 0.77270070882179043 0.044935971139147261 0.0049853370193843694 0.01088468929623331 0.0077162610583564675
decision_type=2 2 2 2 2 2 2 2
left_child=1 -1 -3 4 6 -4 -2 -5
right_child=3 2 5 7 -6 -7 -8 -9
leaf_value=0.032449713271400116 -0.016429895523614044 0.022843399911684041 -0.010744736179202088 -0.0038255389542158945 0.019285238151098505 0.0052425663198911151 0.0030912019532614932 -0.027174105042605673
leaf_weight=9.7991471141576749 14.929770886898043 11.013466000556944 28.064884051680565 8.4551564306020754 8.430456876754759 49.283506691455841 12.715084925293921 14.175611302256582
leaf_count=40 60 45 113 34 34 199 51 57
internal_value=0.000723253 0.00639938 0.00269018 -0.00841872 -3.97429e-05 -0.000493798 -0.00734249 -0.0200787
internal_weight=156.867 98.161 88.3619 58.7061 36.0753 77.3484 27.6449 22.6308
internal_count=633 397 357 236 145 312 111 91
is_linear=0
shrinkage=0.03


Tree=18
num_leaves=12
num_cat=0
split_feature=9 36 4 5 9 35 9 35 9 23 15
split_gain=9.89966 12.5203 11.202 8.7602 6.9796 8.33959 6.50593 5.56594 5.44402 2.57694 2.01775
threshold=0.077985920718497845 0.004959755769050697 -0.0066995531495747654 0.089982824747859583 0.2022159590831655 0.029204588446373528 -0.010326674453419135 0.035347488336312967 0.14636530354932978 1.1036641830576424 169.69321246513425
decision_type=2 2 2 2 2 2 2 2 2 2 2
left_child=1 2 -1 10 8 -6 9 -8 -5 -3 -2
right_child=3 6 -4 4 5 -7 7 -9 -10 -11 -12
leaf_value=-0.024864182179439719 -0.031918476215060124 0.032497851508864056 0.013024893115206449 -0.0024790531217907014 0.0022075918008982553 -0.026754758659652988 0.013369707678453481 -0.011728284026745948 0.025434482355713457 0.006913474829043021 -0.0081734538779365262
leaf_weight=14.648062318563463 10.43624831736088 17.931937173008922 9.9247719049453718 9.9217950105667132 21.348038226366043 12.168343156576155 22.357471734285358 9.4518222063779813 10.924539953470228 7.9138904362916938 9.7135449647903425
leaf_count=59 42 73 40 40 86 49 91 38 44 32 39
internal_value=0.000711636 0.00788343 -0.00916807 -0.00700591 -0.00023692 -0.00879954 0.015466 0.00521579 0.0124385 0.0262619 -0.0229206
internal_weight=156.74 82.228 24.5728 74.5125 54.3627 33.5164 57.6551 31.8093 20.8463 25.8458 20.1498
internal_count=633 333 99 300 219 135 234 129 84 105 81
is_linear=0
shrinkage=0.03


Tree=19
num_leaves=12
num_cat=0
split_feature=11 19 7 36 4 33 22 34 23 20 36
split_gain=8.4704 7.62631 11.6406 7.08488 11.3713 11.2979 6.13614 3.89285 3.08485 2.76196 1.16796
threshold=0.082426692127922987 0.24255200493665255 0.02922668904027249 0.0049853370193843694 0.12273361507712467 0.49961715160796333 -0.25610407872066737 0.016922879536544814 1.0287919081557657 0.043660576258933791 0.0056356441395396823
decision_type=2 2 2 2 2 2 2 2 2 2 2
left_child=3 8 -3 5 6 7 -5 -1 9 -2 -4
right_child=1 2 10 4 -6 -7 -8 -9 -10 -11 -12
leaf_value=-0.0043808834082769699 -0.030483542866995169 0.024036871000221297 -0.02025235793392053 -0.0023699993166161901 -0.012380539093138064 0.013338630564616571 0.021929085465706308 -0.03501621319469498 0 -0.0056497572703140507 -0.0016487477442149721
leaf_weight=9.4393665045499855 14.615355387330061 11.666154682636263 7.4716927856206876 9.8649545609951002 12.338933914899824 13.634199693799017 45.220360368490219 7.4479699581861487 7.9583405107259741 8.9764908254146558 7.94617660343647
leaf_count=38 59 47 30 40 50 55 184 30 32 36 32
internal_value=0.000683545 -0.0080656 0.00310372 0.0061278 0.0115213 -0.00530134 0.0173841 -0.0209636 -0.0177144 -0.0228006 -0.0128157
internal_weight=156.58 58.6342 27.084 97.9458 67.4242 30.5215 55.0853 16.8873 31.5502 23.5918 15.4179
internal_count=633 236 109 397 274 123 224 68 127 95 62
is_linear=0
shrinkage=0.03


Tree=20
num_leaves=9
num_cat=0
split_feature=33 9 9 11 20 21 11 1
split_gain=5.40321 6.76935 11.7453 7.91387 5.11477 13.1361 6.66778 2.70489
threshold=0.063730404197330282 0.077985920718497845 0.12446354750961112 0.0871088148919308 0.038235098739364724 0.022293283467329599 -0.040263122400269517 0.024416712388230625
decision_type=2 2 2 2 2 2 2 2
left_child=-1 4 7 -4 5 -2 -6 -3
right_child=1 2 3 -5 6 -7 -8 -9
leaf_value=-0.018214421916740334 0.020771103621170663 -0.035791984406791981 0.020065068250530043 -0.0036879213079901922 -0.0024844890665629187 -0.016028297496348692 0.022944675959701219 -0.0075574066620307584
leaf_weight=10.409400567412375 13.30423539876938 8.206328824162485 15.086904391646383 44.699916750192642 11.280374661087988 18.317309767007828 29.084562927484512 8.6903917193412763
leaf_count=42 54 33 61 180 46 74 118 35
internal_value=0.000688866 0.00233618 -0.00369165 0.00251873 0.00888628 0 0.0157024 -0.0244009
internal_weight=159.079 148.67 76.6835 59.7868 71.9865 31.6215 40.3649 16.8967
internal_count=643 601 309 241 292 128 164 68
is_linear=0
shrinkage=0.03


Tree=21
num_leaves=11
num_cat=0
split_feature=38 25 9 9 37 36 20 38 38 12
split_gain=6.95895 7.09689 5.18639 7.77523 6.19467 4.45589 3.48402 7.68531 7.53079 1.19452
threshold=0.0071023037798729838 0.17284949582970252 0.077985920718497845 0.13106178006489758 -0.02338396286470151 0.0055382943536720622 0.042603367549962835 0.0094531657641253684 0.010408218338813198 65.31304829624159
decision_type=2 2 2 2 2 2 2 2 2 2
left_child=5 6 4 -4 -3 -1 8 -8 -2 -7
right_child=1 2 3 -5 -6 9 7 -9 -10 -11
leaf_value=-0.0014158356123846005 -0.024503101298776132 -0.0080608960188825809 -0.025231777685450138 0.0041229790074858927 0.016544836246922896 0.032885941754466075 0.018762737097317145 -0.01305499916784757 0.0053436088646355295 0.0091895923427219757
leaf_weight=7.9315519928932217 23.531369358301163 10.085512369871138 9.4554495662450773 24.624410137534142 34.047066554427147 7.2801140546798697 8.9120046794414538 16.104011908173561 8.896267816424368 8.0993815213441831
leaf_count=32 95 41 38 99 138 30 36 65 36 33
internal_value=0.000650165 -0.00191984 0.0037987 -0.00455294 0.0104909 0.0151686 -0.00982411 -0.000614776 -0.0160444 0.0237633
internal_weight=158.967 135.656 78.2124 34.0799 44.1326 23.311 57.4437 25.016 32.4276 15.3795
internal_count=643 548 316 137 179 95 232 101 131 63
is_linear=0
shrinkage=0.03


Tree=22
num_leaves=10
num_cat=0
split_feature=38 25 10 19 36 40 32 27 12
split_gain=6.64336 6.67418 4.84487 7.35528 4.28312 3.72366 3.59897 2.71434 1.13941
threshold=0.0071023037798729838 0.17284949582970252 0.090964593296072663 0.20747238777949806 0.0055382943536720622 0.043440567939025516 -0.012589011108296853 2.5000000000000004 65.31304829624159
decision_type=2 2 2 2 2 2 2 2 2
left_child=4 5 3 -3 -1 6 -2 -7 -6
right_child=1 2 -4 -5 8 7 -8 -9 -10
leaf_value=-0.0013818194531867909 0 -0.0024407627581229047 -0.016216282866889073 0.016258418036612869 0.032248189877753658 0.011208424844168931 -0.02034106765648246 -0.0098628561346038573 0.0089763386086684216
leaf_weight=7.9322217255830791 12.608801200985907 37.377509757876396 7.4759080708026877 33.313122436404228 7.2414999902248374 9.9273809939622897 26.945495888590813 7.9317808002233496 8.0906946659088117
leaf_count=32 51 151 30 135 30 40 109 32 33
internal_value=0.000636693 -0.00187139 0.00367186 0.00636979 0.014838 -0.00954037 -0.0145005 0.00104392 0.0232861
internal_weight=158.844 135.58 78.1665 70.6906 23.2644 57.4135 39.5543 17.8592 15.3322
internal_count=643 548 316 286 95 232 160 72 63
is_linear=0
shrinkage=0.03


Tree=23
num_leaves=9
num_cat=0
split_feature=28 28 28 36 21 36 5 14
split_gain=6.14268 9.18426 10.4873 8.29772 6.84826 6.49638 5.9881 1.00289
threshold=2.5000000000000004 4.5000000000000009 6.5000000000000009 0.0060038208782324642 0.031843969334463484 0.0075745090968124202 0.24349109804673977 -31.829469872731348
decision_type=2 2 2 2 2 2 2 2
left_child=4 3 6 7 -1 -4 -3 -2
right_child=1 2 5 -5 -6 -7 -8 -9
leaf_value=0.028140143879642473 -0.034705777655857493 0.031704873377844743 0.0022241877196946566 0.0049993584750824506 -0.0010328376469517823 -0.016192895110176197 0 -0.012338779303618212
leaf_weight=12.214711576700212 10.110806316137317 12.735585391521456 63.394292667508125 9.3553355038166028 12.577359467744825 21.066603973507881 7.8771322071552268 9.4101042896509171
leaf_count=50 41 52 256 38 51 85 32 38
internal_value=0.000616846 -0.00188154 0.00218109 -0.016334 0.0138081 -0.0024643 0.0204134 -0.0267694
internal_weight=158.742 133.95 105.074 28.8762 24.7921 84.4609 20.6127 19.5209
internal_count=643 542 425 117 101 341 84 79
is_linear=0
shrinkage=0.03


Tree=24
num_leaves=10
num_cat=0
split_feature=28 28 28 9 7 40 34 17 23
split_gain=5.82965 8.73287 9.96353 9.06605 6.19107 4.77189 4.38654 1.8001 1.4272
threshold=2.5000000000000004 4.5000000000000009 6.5000000000000009 0.076220754310820454 0.046486493199731034 0.053647605792977233 -0.0069598439455990082 -5.680667823485849 0.91624527715434423
decision_type=2 2 2 2 2 2 2 2 2
left_child=4 6 5 -4 7 -3 -2 -1 -8
right_child=1 2 3 -5 -6 -7 8 -9 -10
leaf_value=0.007320552098216495 0 0.030312965849308763 0.0072611687442635806 -0.011879308608433557 -0.0057371842571732248 0 -0.034022195256851129 0.032331043826886535 -0.011155460992603934
leaf_weight=7.9203253239393261 9.8584091812372225 12.41908796131611 41.296288520097733 43.157933175563812 8.1382778137922269 8.1458481252193433 7.8760087788105038 8.6890348196029681 11.132502555847166
leaf_count=32 40 51 167 174 33 33 32 36 45
internal_value=0.000596181 -0.00183446 0.00212531 -0.00239506 0.0134608 0.0199208 -0.0159305 0.0232791 -0.023681
internal_weight=158.634 133.886 105.019 84.4542 24.7476 20.5649 28.8669 16.6094 19.0085
internal_count=643 542 425 341 101 84 117 68 77
is_linear=0
shrinkage=0.03


Tree=25
num_leaves=7
num_cat=0
split_feature=40 38 11 21 11 39
split_gain=6.19837 7.53423 12.1891 12.0094 11.9852 7.98218
threshold=0.0861992711441565 0.0088718110088641614 -0.005432824633807897 0.024358144220877124 -0.073091055749475817 1.0000000180025095e-35
decision_type=2 2 2 2 2 2
left_child=1 2 -1 -4 -3 -6
right_child=-2 4 3 -5 5 -7
leaf_value=-0.014934507618249489 -0.022811196297614175 0.019669558024177951 -0.0096799670984552104 0.022812633986898558 0.014411381613057113 -0.014433788704352904
leaf_weight=14.292247027158735 9.6479616165161115 11.665908321738241 11.784693256020544 37.600163072347641 7.7961977273225775 63.636442840099335
leaf_count=58 39 48 48 153 32 257
internal_value=-0.00174517 0 0.00756172 0.014692 -0.00596254 -0.0107746
internal_weight=156.424 146.776 63.6771 49.3849 83.0985 71.4326
internal_count=635 596 259 201 337 289
is_linear=0
shrinkage=0.03


Tree=26
num_leaves=11
num_cat=0
split_feature=35 38 32 35 25 21 38 20 5 21
split_gain=6.73113 10.001 7.68329 6.76525 7.24382 6.73678 4.1509 3.69351 3.54367 1.6451
threshold=0.018588480705633906 0.0088953469923917072 -0.012589011108296853 0.071127636958166943 0.41867931761548788 0.037192909779747936 0.012885893762853397 0.029580869731070002 -0.067559397533247953 0.029006896536880294
decision_type=2 2 2 2 2 2 2 2 2 2
left_child=1 5 -3 4 8 7 -4 -1 -2 -6
right_child=3 2 6 -5 9 -7 -8 -9 -10 -11
leaf_value=0.0031680898411138277 0 0.014907586315775625 -0.025056927202093744 0.011339504149094844 -0.0019437394235087366 -0.0060982619341958229 -0.00020408537608515036 0.030032140099227 -0.019177443061336123 0.014689893699247321
leaf_weight=8.3139012604951876 12.274663403630255 9.1111228168010694 13.031802847981455 12.578698515892027 8.1526440232992154 7.5647712498903266 12.268473148345945 18.539198309183121 46.763433679938316 7.6928661763668051
leaf_count=34 50 37 53 51 33 31 50 76 189 31
internal_value=-0.0016959 0.00511456 -0.00587516 -0.00721764 -0.0107438 0.0162333 -0.0144527 0.0230309 -0.0155423 0.0060325
internal_weight=156.292 68.8293 34.4114 87.4623 74.8836 34.4179 25.3003 26.8531 59.0381 15.8455
internal_count=635 281 140 354 303 141 103 110 239 64
is_linear=0
shrinkage=0.03


Tree=27
num_leaves=11
num_cat=0
split_feature=35 38 11 32 11 21 21 9 38 11
split_gain=6.34398 9.48761 8.208 7.31533 6.87581 4.2298 8.38494 6.25269 3.92909 2.33928
threshold=0.018588480705633906 0.0088953469923917072 -0.071077348305184404 -0.012589011108296853 0.0031751469486250854 0.033219752500038169 0.030443055431317329 0.097579676866586015 0.012885893762853397 0.0871088148919308
decision_type=2 2 2 2 2 2 2 2 2 2
left_child=1 4 -2 -3 -1 6 -4 -7 -5 -6
right_child=2 3 5 8 9 7 -8 -9 -10 -11
leaf_value=-0.0070388023867516882 0.014689461747858535 0.014555685880014784 -0.0071368349934435998 -0.024418070689363903 0.029990276401072637 0.01723938233840366 -0.035011398156719629 -0.011468386056597895 -0.00019881885758525993 0.0079093975923924115
leaf_weight=7.3356703072786322 11.215316787362097 9.0999739766120893 38.584175899624825 13.024011209607126 15.913485407829286 9.1265350878238696 12.8508463203907 15.644346952438353 12.2686281055212 11.096964105963705
leaf_count=30 46 37 156 53 66 37 52 63 50 45
internal_value=-0.00163772 0.00497579 -0.00700061 -0.00571892 0.0158231 -0.0106786 -0.0154317 0 -0.0140952 0.0226063
internal_weight=156.16 68.7387 87.4212 34.3926 34.3461 76.2059 51.435 24.7709 25.2926 27.0104
internal_count=635 281 354 140 141 308 208 100 103 111
is_linear=0
shrinkage=0.03


Tree=28
num_leaves=8
num_cat=0
split_feature=38 3 33 17 12 16 20
split_gain=5.59484 6.63474 7.99231 5.80961 7.65601 6.25411 3.70955
threshold=0.0059336496484038688 0.055102953472562673 0.96637940188183558 -1.5832265604563671 67.676544611806591 4.8122412014007496 0.039575967009371833
decision_type=2 2 2 2 2 2 2
left_child=-1 3 6 4 -2 -5 -3
right_child=1 2 -4 5 -6 -7 -8
leaf_value=0.020369197781520763 -0.010932946549561751 -0.0069036745148043513 0.0086241419154697331 0.00034821484968025753 0.014855716001603342 0.022794244602674922 -0.030696635304408595
leaf_weight=7.6609676033258429 47.829149186611176 14.235161930322649 9.1200096756219846 35.681914702057838 10.828655034303663 15.318299457430838 15.284161046147345
leaf_count=32 194 58 37 145 44 63 62
internal_value=-0.00159082 -0.00308102 -0.0134536 0.000615078 -0.00559204 0.00797882 -0.0208649
internal_weight=155.958 148.297 38.6393 109.658 58.6578 51.0002 29.5193
internal_count=635 603 157 446 238 208 120
is_linear=0
shrinkage=0.03


Tree=29
num_leaves=5
num_cat=0
split_feature=40 38 12 18
split_gain=5.71024 6.54006 5.22431 7.45222
threshold=0.0861992711441565 0.0059336496484038688 27.814239388219352 0.20387738258108098
decision_type=2 2 2 2
left_child=1 -1 -3 -4
right_child=-2 2 3 -5
leaf_value=0.024670148654038639 -0.021768032709542744 0.018573272150719626 -0.019858826386614844 -3.5766608167221772e-05
leaf_weight=7.13942627608776 9.623833552002905 8.604270011186598 18.4736587703228 112.03051568567753
leaf_count=30 39 35 75 456
internal_value=-0.00152822 0 -0.00151448 -0.00321244
internal_weight=155.872 146.248 139.108 130.504
internal_count=635 596 566 531
is_linear=0
shrinkage=0.03


Tree=30
num_leaves=8
num_cat=0
split_feature=36 4 24 20 16 38 38
split_gain=9.44298 6.48886 7.49649 6.10357 4.91846 4.07193 2.42234
threshold=0.003433126469770014 0.12745526637093466 -0.50571447230929978 0.027435355773655367 124.82237556014293 0.0094367719384799535 0.0089519720503527436
decision_type=2 2 2 2 2 2 2
left_child=-1 2 5 -4 6 -2 -3
right_child=1 4 3 -5 -6 -7 -8
leaf_value=-0.028206563001696026 0.002430262424641793 -0.0060829006474980808 -0.010575973578197858 0.01107873659497729 0.0042698235542094603 -0.019321426354668787 -0.032631661289902941
leaf_weight=8.6437257230281812 12.015062481164934 8.8804021179676109 11.301188975572584 81.639300733804703 8.5823984295129758 14.234221190214155 7.4008740484714499
leaf_count=35 49 36 46 333 35 58 30
internal_value=-0.00088335 0.00101724 0.00405428 0.00812029 -0.0122011 -0.00936689 -0.0212212
internal_weight=152.697 144.053 119.19 92.9405 24.8637 26.2493 16.2813
internal_count=622 587 486 379 101 107 66
is_linear=0
shrinkage=0.03


Tree=31
num_leaves=9
num_cat=0
split_feature=36 9 5 38 38 23 4 8
split_gain=8.98263 9.24944 14.6967 8.74411 12.4424 7.65114 6.47982 5.52034
threshold=0.003433126469770014 0.084636258137925136 0.11457005159680446 0.010854284532897008 0.0094531657641253684 1.0101326310589158 -0.0025507027843476577 0.028995021538970361
decision_type=2 2 2 2 2 2 2 2
left_child=-1 3 7 4 -2 -4 -5 -3
right_child=1 2 5 6 -6 -7 -8 -9
leaf_value=-0.027559323416315576 0.0082501411170495097 -0.0063041911427602791 -0.0097162585352274251 0.0066307092639792476 -0.026481975050599602 0.01388208908272784 0.038989888023045587 -0.038294099111741503
leaf_weight=8.6285203099250776 41.033467069268227 10.861387714743616 20.515336140990257 15.014523357152941 9.8111771345138532 24.798821076750755 9.919902488589285 12.018943831324576
leaf_count=35 168 44 83 61 40 101 41 49
internal_value=-0.00089104 0.000960162 -0.00683337 0.00816187 0.000515641 0.00292214 0.0220006 -0.0254387
internal_weight=152.602 143.974 68.1945 75.7791 50.8446 45.3142 24.9344 22.8803
internal_count=622 587 277 310 208 184 102 93
is_linear=0
shrinkage=0.03


Tree=32
num_leaves=9
num_cat=0
split_feature=36 9 19 13 17 23 33 36
split_gain=8.55801 8.79734 13.0909 8.17556 7.10911 9.64659 6.89045 3.63959
threshold=0.003433126469770014 0.084636258137925136 0.27163050501263541 -0.4585900192766878 -1.7105483295285848 1.0643364383158793 0.57839544098388418 0.0047892167367913204
decision_type=2 2 2 2 2 2 2 2
left_child=-1 4 7 -4 5 -2 -6 -3
right_child=1 2 3 -5 6 -7 -8 -9
leaf_value=-0.02693451030155266 -0.013795977161728224 0 0.023728829580933569 -0.005667770070408867 0.0054734809738076692 0.01814062530153816 0.031138895287344329 -0.02239945584189457
leaf_weight=8.6104838252067548 21.728627368807793 7.6895809322595587 13.276418030261995 16.584654226899147 27.814565509557724 11.13647250831127 14.981203287839888 30.57229483127594
leaf_count=35 89 31 54 67 114 45 62 125
internal_value=-0.000881192 0.000924226 -0.00667645 0.00760043 0.00795651 -0.00212407 0.015782 -0.0180153
internal_weight=152.394 143.784 68.1229 29.8611 75.6609 32.8651 42.7958 38.2619
internal_count=622 587 277 121 310 134 176 156
is_linear=0
shrinkage=0.03


Tree=33
num_leaves=7
num_cat=0
split_feature=36 20 21 36 37 28
split_gain=8.16965 4.69995 6.82621 7.48649 7.47972 3.94456
threshold=0.003433126469770014 0.027959494178010177 0.030378956605028862 0.0077028632351964646 0.068782887882708046 3.5000000000000004
decision_type=2 2 2 2 2 2
left_child=-1 5 3 -3 -4 -2
right_child=1 2 4 -5 -6 -7
leaf_value=-0.02633076967206311 0.0002612151293741728 0.017131881496891647 0.0008496930736872965 -0.010670036895726319 -0.026565765799469877 -0.026795599959124172
leaf_weight=8.5898441374301893 7.7291907370090467 40.005698099732399 71.529226928949356 8.8347099870443326 8.0946066826581937 7.4353519976139069
leaf_count=35 32 164 292 36 33 30
internal_value=-0.000848063 0.000913636 0.00293825 0.0115859 -0.00233625 -0.0137076
internal_weight=152.219 143.629 128.464 48.8404 79.6238 15.1645
internal_count=622 587 525 200 325 62
is_linear=0
shrinkage=0.03


Tree=34
num_leaves=7
num_cat=0
split_feature=36 4 23 17 23 32
split_gain=7.77989 6.06144 4.81497 8.68031 4.19951 4.13732
threshold=0.003433126469770014 0.12745526637093466 1.04418317721589 -1.7105483295285848 1.1435393068579545 0.0077924550124818257
decision_type=2 2 2 2 2 2
left_child=-1 2 3 -2 -3 -4
right_child=1 4 5 -5 -6 -7
leaf_value=-0.025746859659690854 -0.010469332562605307 -0.021761070081144654 0.018878791327871101 0.0086876848829025837 0.0010717518313912069 -0.00098881715994772077
leaf_weight=8.5668164342641813 38.252307936549187 13.996829494833948 25.481326803565025 43.08650803565979 10.778895333409308 11.977431818842886
leaf_count=35 156 57 104 177 44 49
internal_value=-0.000851167 0.000864605 0.00381031 -0.000176597 -0.0119292 0.0124179
internal_weight=152.14 143.573 118.798 81.3388 24.7757 37.4588
internal_count=622 587 486 333 101 153
is_linear=0
shrinkage=0.03


Tree=35
num_leaves=6
num_cat=0
split_feature=38 19 21 24 38
split_gain=6.25847 5.53219 6.30308 4.48996 1.93818
threshold=0.006443830754495416 0.33555875353861142 0.047879561204926334 0.16238679353433452 0.0091751247368971802
decision_type=2 2 2 2 2
left_child=-1 2 3 -2 -3
right_child=1 4 -4 -5 -6
leaf_value=0.018241140175030701 -0.0073752542950464304 -0.0025230263999121896 0.021939488954651615 0.0042185731417780162 -0.024203917821390787
leaf_weight=12.449937686324118 63.447073742747307 8.3525501340627688 8.778724253177641 52.254995837807655 10.833134919404982
leaf_count=52 259 34 36 213 44
internal_value=-0.000477363 -0.00243064 0 -0.00202894 -0.0166023
internal_weight=156.116 143.666 124.481 115.702 19.1857
internal_count=638 586 508 472 78
is_linear=0
shrinkage=0.03


Tree=36
num_leaves=12
num_cat=0
split_feature=9 12 34 36 19 7 25 19 23 36 19
split_gain=6.05993 11.7719 7.82747 5.10841 4.93293 4.91137 4.70492 4.12943 3.8799 3.6904 1.23976
threshold=0.084636258137925136 67.213795134751606 0.018868269770030869 0.006904537177066552 0.15177063300635429 0.10273122673325265 0.2701379879702796 0.13871860051896637 1.0287919081557657 0.0076044636076578586 0.18370777859154827
decision_type=2 2 2 2 2 2 2 2 2 2 2
left_child=2 6 3 7 -4 8 10 -1 -3 -5 -2
right_child=1 5 4 9 -6 -7 -8 -9 -10 -11 -12
leaf_value=0.019105064328980806 -0.011468239574587102 -0.00062361997319822346 0.0055051186071419338 0.033559055295448316 -0.020237716920357692 -0.013720212304053925 -0.0031793979928110374 -0.0034513686909288764 0.019164621577659687 0.0086155347894264506 -0.035478377032856862
leaf_weight=7.6075201183557501 8.0867421776056307 14.751920446753504 9.4361944049596804 9.7333244234323519 13.271403282880781 8.3861454576253873 12.56827102601528 26.7300124168396 15.903105616569517 17.819451287388802 11.757751077413557
leaf_count=31 33 60 39 40 54 34 51 109 65 74 48
internal_value=-0.000456374 -0.00687423 0.00482469 0.0103914 -0.00935343 0.00390241 -0.019763 0.00190972 0.00972773 0.0196095 -0.0283266
internal_weight=156.052 71.4539 84.5979 61.8903 22.7076 39.0412 32.4128 34.3375 30.655 27.5528 19.8445
internal_count=638 291 347 254 93 159 132 140 125 114 81
is_linear=0
shrinkage=0.03


Tree=37
num_leaves=8
num_cat=0
split_feature=38 9 9 34 21 19 19
split_gain=5.94658 8.52998 9.05591 7.57477 5.24612 4.46157 3.15676
threshold=0.006443830754495416 0.084636258137925136 0.14636530354932978 0.023653643876296874 0.022293283467329599 0.23672344820143296 0.15863623193242085
decision_type=2 2 2 2 2 2 2
left_child=-1 3 -3 4 -2 -4 -5
right_child=1 2 5 6 -6 -7 -8
leaf_value=0.017828474929333277 0.027441398218826057 -0.027719275407912542 -0.01673966430898503 2.0882453971427759e-05 0.0043033507545914762 0.0031191336556869943 -0.023114428914171304
leaf_weight=12.403119489550589 9.4414967745542508 17.64516593515873 12.267747014760969 7.7654501497745541 55.727579697966576 31.581012904644012 9.0875312089920026
leaf_count=52 39 72 50 32 228 128 37
internal_value=-0.000446704 -0.00235252 -0.0106883 0.00382417 0.00859611 -0.00259753 -0.0127873
internal_weight=155.919 143.516 61.4939 82.0221 65.1691 43.8488 16.853
internal_count=638 586 250 336 267 178 69
is_linear=0
shrinkage=0.03


Tree=38
num_leaves=9
num_cat=0
split_feature=38 8 36 35 35 12 26 6
split_gain=5.65749 5.16824 7.67755 11.5018 9.99453 5.05347 6.82518 2.33317
threshold=0.006443830754495416 0.051237888457681145 0.0063686658033927507 0.043205065488108658 0.066495938640532284 69.341449768127504 0.10669642857142858 0.032569883772316184
decision_type=2 2 2 2 2 2 2 2
left_child=-1 2 4 -4 -2 7 -7 -3
right_child=1 5 3 -5 -6 6 -8 -9
leaf_value=0.017419538577844534 -0.010593820720006648 -0.029441889818614779 0.022102212913140271 -0.012135093859529517 0.022010181286849631 0.017115137487923204 -0.011137263525799853 -0.0043140145146656908
leaf_weight=12.361056029796599 48.072266429662704 11.281484678387644 27.090924069285393 10.550551638007162 8.0452570021152479 9.3300689309835452 21.431996911764145 7.5874318480491629
leaf_count=52 196 46 112 43 33 38 87 31
internal_value=-0.000430863 -0.0022913 0.00173679 0.0119993 -0.00506489 -0.00996388 -0.00158881 -0.0214382
internal_weight=155.751 143.39 93.759 37.6415 56.1175 49.631 30.7621 18.8689
internal_count=638 586 384 155 229 202 125 77
is_linear=0
shrinkage=0.03


Tree=39
num_leaves=6
num_cat=0
split_feature=38 19 21 40 38
split_gain=5.38192 5.29547 5.98093 4.93542 1.76436
threshold=0.006443830754495416 0.33555875353861142 0.047879561204926334 -0.024721068507696561 0.0091751247368971802
decision_type=2 2 2 2 2
left_child=-1 2 3 -2 -3
right_child=1 4 -4 -5 -6
leaf_value=0.017021142402787619 -0.015216703884568481 -0.0025235937073958283 0.021564764404081744 0.00084370485952258551 -0.023404035196078834
leaf_weight=12.318330675363539 18.57567198574543 8.3438276797533053 8.7305860817432386 96.82052244246006 10.798558190464972
leaf_count=52 76 34 36 396 44
internal_value=-0.000414012 -0.00223005 1.33517e-05 -0.00182901 -0.0161118
internal_weight=155.587 143.269 124.127 115.396 19.1424
internal_count=638 586 508 472 78
is_linear=0
shrinkage=0.03


Tree=40
num_leaves=11
num_cat=0
split_feature=32 26 3 32 19 0 34 26 37 37
split_gain=6.2647 8.21697 8.82514 6.61898 4.38334 4.33661 3.43985 5.40616 2.71831 0.587152
threshold=0.0052785483891731886 0.36406117247238751 0.089105552606585717 0.02815268081270406 0.1991617722762947 0.048444447153653154 0.0065176981779482288 0.33848413631022328 0.023503082253192979 0.017300715859841279
decision_type=2 2 2 2 2 2 2 2 2 2
left_child=1 2 4 6 -1 -5 9 -8 -3 -2
right_child=3 8 -4 5 -6 -7 7 -9 -10 -11
leaf_value=0.0065157918613449528 -0.0096510594294296585 -0.016543597844387772 -0.014424468168303303 0.020189616413344092 0.024765618016585129 -0.0065432658338296472 -0.012563158092807898 0.013339843959378397 0.0015604303460265985 -0.026369632831552605
leaf_weight=28.298143073916435 11.149883434176447 12.745064705610277 7.8209771960973731 10.287813872098925 26.818707093596458 7.3444985896348944 18.630427166819576 8.9004673063755018 11.774667099118231 10.81887826323509
leaf_count=116 46 52 32 43 110 30 77 37 48 44
internal_value=0.000799898 0.00611491 0.0118493 -0.00588396 0.0162146 0.00875815 -0.0115285 -0.00334473 -0.00782218 -0.0200235
internal_weight=154.59 87.4576 62.9378 67.132 55.1169 17.6323 49.4997 27.5309 24.5197 21.9688
internal_count=635 358 258 277 226 73 204 114 100 90
is_linear=0
shrinkage=0.03


Tree=41
num_leaves=10
num_cat=0
split_feature=32 17 17 3 36 17 36 36 36
split_gain=5.92491 9.5081 7.12566 5.71281 4.46453 3.90162 4.31631 3.15477 2.03752
threshold=0.0052785483891731886 1.7275190726053469 28.437228079794497 0.091982760877986972 0.0049311632226695492 2.9801187046747519 0.0077207630065502892 0.005046276895407876 0.0066298260915324701
decision_type=2 2 2 2 2 2 2 2 2
left_child=3 8 4 5 -3 6 -1 -7 -2
right_child=1 2 -4 -5 -6 7 -8 -9 -10
leaf_value=0.0084738582590213486 -0.028619330609709063 -0.0070867570200638264 -0.015045166783747307 -0.015401575864573478 0.016379651797997993 0.002461813510883946 -0.009965985335843983 0.03087721425309586 -0.0069073011160891229
leaf_weight=50.525277644395828 12.436103522777559 7.8339271396398571 12.452719196677206 7.8347056955099097 23.725533455610275 7.3999081403017071 12.148502022027968 9.4966512322425825 10.652259886264799
leaf_count=206 51 32 51 32 99 30 50 40 44
internal_value=0.000763167 -0.00573517 0.00226551 0.00593639 0.0100325 0.00854739 0.00446994 0.0208041 -0.0205492
internal_weight=154.506 67.1005 44.0122 87.405 31.5595 79.5703 62.6738 16.8966 23.0884
internal_count=635 277 182 358 131 326 256 70 95
is_linear=0
shrinkage=0.03


Tree=42
num_leaves=11
num_cat=0
split_feature=38 9 28 3 20 1 20 20 40 20
split_gain=6.89798 6.53864 7.14235 6.05659 6.72389 5.9005 5.30704 3.99572 4.57997 3.26047
threshold=0.0071439465349372325 -0.0046959301142548626 4.5000000000000009 0.055102953472562673 0.036685879900510025 -0.022058244785517486 0.043487106290380481 0.035504415316840128 0.046449879312089555 0.058251927394874094
decision_type=2 2 2 2 2 2 2 2 2 2
left_child=7 2 9 6 -5 -4 -3 -1 -9 -2
right_child=1 3 5 4 -6 -7 -8 8 -10 -11
leaf_value=-0.0023544449536228953 -0.019903507925032062 -0.0083187476735971932 -0.0018482862971925069 0.0029257065423721079 -0.026691366283649164 0.026186242324914684 0.0090543732534168614 0.032254817848310031 0.00011173394862370132 0.0046594735918825828
leaf_weight=7.1325339078903225 7.4673416018486005 35.953510910272598 8.6014118939638156 8.3502810448408145 19.570897489786148 17.116584271192551 24.86550834774971 10.892051324248316 7.1818422526121131 7.2450637966394424
leaf_count=30 31 147 35 34 80 71 101 46 30 30
internal_value=0.000722903 -0.00203788 0.00755687 -0.0066448 -0.0177291 0.0168121 -0.000914935 0.0145317 0.0215133 -0.00779997
internal_weight=154.377 129.171 40.4304 88.7402 27.9212 25.718 60.819 25.2064 18.0739 14.7124
internal_count=635 529 167 362 114 106 248 106 76 61
is_linear=0
shrinkage=0.03


Tree=43
num_leaves=10
num_cat=0
split_feature=38 14 36 34 3 33 33 38 1
split_gain=6.56391 6.9186 10.2027 9.74804 7.73154 5.49213 4.4539 1.83203 0.190984
threshold=0.0071439465349372325 17.331611270588841 0.0044305451885316869 0.02349006098530915 0.021993843447669307 0.90360867638290621 0.13208859318063512 0.0097280273673455413 0.0046149621105203717
decision_type=2 2 2 2 2 2 2 2 2
left_child=5 2 -2 4 -3 8 -4 -5 -1
right_child=1 3 6 7 -6 -7 -8 -9 -10
leaf_value=0.03020597096361885 -0.018627045317389169 -0.0025225903383975807 -0.0020623432348653237 0 -0.024399418685717038 -0.0027044220273157392 0.019083889563643295 0.017777412184344463 0.010966665186855195
leaf_weight=8.2326700240373629 9.2257052361965162 32.414618298411369 10.338895142078398 9.6216490864753741 28.149048075079918 9.192310303449629 29.436220690608025 9.8613634556531888 7.7121628373861304
leaf_count=35 38 132 42 39 115 38 123 40 33
internal_value=0.000708542 -0.00198146 0.00657591 -0.00743531 -0.0133853 0.0141993 0.0133926 0.00988646 0.0239956
internal_weight=154.185 129.047 49.0008 80.0467 60.5637 25.1371 39.7751 19.483 15.9448
internal_count=635 529 203 326 247 106 165 79 68
is_linear=0
shrinkage=0.03


Tree=44
num_leaves=10
num_cat=0
split_feature=38 9 36 26 21 24 18 19 37
split_gain=6.26579 5.88553 8.62347 7.58944 6.29207 5.99413 2.6297 2.54815 1.74545
threshold=0.0071439465349372325 -0.0046959301142548626 0.0044523793803171278 0.077114905045079632 0.030443055431317329 -0.473932697137117 0.77270070882179043 0.22565683724631833 0.028488381516409981
decision_type=2 2 2 2 2 2 2 2 2
left_child=6 2 -2 7 -5 -4 -1 -3 -8
right_child=1 3 5 4 -6 -7 8 -9 -10
leaf_value=0.02419062530744618 -0.016095898218492159 -0.0013422048641554205 -0.0038109613870497875 -0.0002400427786338904 -0.019033595556426374 0.022604164390183673 0.012832054430294093 0.017329848735966717 -0.0051566696303428743
leaf_weight=10.660933852195742 8.6908230483531934 10.02674423158169 9.2927607595920581 29.657514274120331 37.8782067745924 22.274979144334793 7.1589647084474546 11.055204868316649 7.2502041608095169
leaf_count=46 36 41 38 121 155 93 30 45 30
internal_value=0.000693716 -0.00193252 0.00718437 -0.00630696 -0.0112406 0.0146176 0.0138937 0.0084526 0.00334131
internal_weight=153.946 128.876 40.2586 88.6177 67.5357 31.5677 25.0701 21.0819 14.4092
internal_count=635 529 167 362 276 131 106 86 60
is_linear=0
shrinkage=0.03


Tree=45
num_leaves=7
num_cat=0
split_feature=37 33 9 10 15 9
split_gain=6.69206 6.9075 6.37646 6.1995 5.80964 4.97138
threshold=0.070428134598867001 0.13208859318063512 0.042485781178335839 -0.059160157093577685 -51.969307949062632 0.12805331488499402
decision_type=2 2 2 2 2 2
left_child=1 3 4 -1 -3 -4
right_child=-2 2 5 -5 -6 -7
leaf_value=0.003192748010188185 -0.02087637612112633 0.0011388890542653656 -0.0090713418329255325 -0.0290685623896473 0.023040444896728709 0.0054936921650614841
leaf_weight=8.0242495983839053 10.654558122158049 22.18804669380188 34.176679268479347 9.4382097274065 23.347666457295418 48.16562183201313
leaf_count=33 44 92 141 39 97 197
internal_value=0 0.00185628 0.00441947 -0.0146686 0.013181 -0.000445524
internal_weight=155.995 145.34 127.878 17.4625 45.5357 82.3423
internal_count=643 599 527 72 189 338
is_linear=0
shrinkage=0.03


Tree=46
num_leaves=6
num_cat=0
split_feature=37 37 20 16 28
split_gain=6.35777 6.68356 6.9232 9.067 6.46698
threshold=0.070428134598867001 -0.04720907692715836 0.044668278848630616 -62.289309935602247 3.5000000000000004
decision_type=2 2 2 2 2
left_child=1 -1 3 -3 -4
right_child=-2 2 4 -5 -6
leaf_value=-0.020360609891328631 -0.02036194115622449 -0.022576962203018146 0 0.0031020645971947839 0.024654902530220651
leaf_weight=9.1612090468406659 10.646673172712324 12.322951212525366 14.69517859816551 88.164680123329163 20.88337841629982
leaf_count=38 44 51 60 364 86
internal_value=0 0.00180293 0.00367715 -0.000279761 0.0146722
internal_weight=155.874 145.227 136.066 100.488 35.5786
internal_count=643 599 561 415 146
is_linear=0
shrinkage=0.03


Tree=47
num_leaves=5
num_cat=0
split_feature=37 37 38 22
split_gain=6.03371 6.34552 6.59123 3.57646
threshold=0.070428134598867001 -0.04720907692715836 0.013255394704685335 0.090599975026040128
decision_type=2 2 2 2
left_child=1 -1 3 -3
right_child=-2 2 -4 -5
leaf_value=-0.01984320503354112 -0.01986317512405961 0.0051951071673947778 0.023323720922904679 -0.0050976456756000738
leaf_weight=9.1700903475284559 10.636956319212912 78.101697340607643 11.780438080430029 46.092412278056145
leaf_count=38 44 322 49 190
internal_value=0 0.00173801 0.0035687 0.00123602
internal_weight=155.782 145.145 135.975 124.194
internal_count=643 599 561 512
is_linear=0
shrinkage=0.03


Tree=48
num_leaves=7
num_cat=0
split_feature=37 33 26 3 12 34
split_gain=5.73246 6.36413 6.07148 6.35411 6.01119 3.84057
threshold=0.070428134598867001 0.13208859318063512 0.16601049868766407 0.0164279294461297 29.598227162985769 -0.008614062410388033
decision_type=2 2 2 2 2 2
left_child=1 4 5 -4 -1 -3
right_child=-2 2 3 -5 -6 -7
leaf_value=0.0045699550677833342 -0.01937933370483055 1.2870305039234317e-05 0.0075816862774446417 -0.0095356637543594757 -0.027431120216089091 0.017356534252446567
leaf_weight=7.2636177688837078 10.625556245446203 19.305237829685211 34.768078550696373 39.026425391435623 10.130965650081633 34.611904114484787
leaf_count=30 44 80 143 161 42 143
internal_value=0 0.00168482 0.00414982 -0.00128572 -0.0142015 0.0116374
internal_weight=155.732 145.106 127.712 73.7945 17.3946 53.9171
internal_count=643 599 527 304 72 223
is_linear=0
shrinkage=0.03


Tree=49
num_leaves=7
num_cat=0
split_feature=37 33 9 34 10 15
split_gain=5.44797 6.03671 6.00074 8.31597 5.82605 5.53169
threshold=0.070428134598867001 0.13208859318063512 0.042485781178335839 -0.0052845714783318334 -0.059160157093577685 -51.969307949062632
decision_type=2 2 2 2 2 2
left_child=1 4 5 -4 -1 -3
right_child=-2 2 3 -5 -6 -7
leaf_value=0.0033651105618665604 -0.018909725999028078 0.00083406085687734238 -0.012373899930945587 0.0066626857492752085 -0.027911135367731526 0.022215639511749374
leaf_weight=8.013040632009508 10.612612977623938 22.153983533382416 31.957047387957573 50.329901516437531 9.3502684086561185 23.202991902828217
leaf_count=33 44 92 131 207 39 97
internal_value=0 0.00163542 0.00403816 -0.000670607 -0.013846 0.0125651
internal_weight=155.62 145.007 127.644 82.2869 17.3633 45.357
internal_count=643 599 527 338 72 189
is_linear=0
shrinkage=0.03


end of trees

feature_importances:
macro_topix_vol_20=36
div_ma_60=30
macro_usdjpy_vol_20=27
atr_pct=20
ma_20_60_cross=19
volatility=18
macro_usdjpy_ret_60=16
bb_bandwidth=15
vol_ratio=15
price_position_20d=15
macro_usdjpy_ret_20=15
month=13
return_20d=12
macro_topix_ret_20=12
upper_shadow_pct=11
return_10d=9
bb_pct_b=9
gap=9
rsi=8
macd_hist_change=8
macro_nikkei_ret_20=8
return_5d=7
macd_hist=7
div_ma_10=6
macd=6
lower_shadow_pct=6
ma_5_20_cross=5
macd_signal=5
macro_topix_above_200dma=5
return_2d=4
div_ma_20=4
vol_change=4
return_1d=3
return_3d=3
candle_body_pct=3
macro_nikkei_above_200dma=3
rsi_change=2
day_of_week=2
div_ma_5=1
streak=1

parameters:
[boosting: gbdt]
[objective: binary]
[metric: binary_logloss]
[tree_learner: serial]
[device_type: cpu]
[data_sample_strategy: bagging]
[data: ]
[valid: ]
[num_iterations: 50]
[learning_rate: 0.03]
[num_leaves: 15]
[num_threads: 0]
[seed: 42]
[deterministic: 0]
[force_col_wise: 0]
[force_row_wise: 0]
[histogram_pool_size: -1]
[max_depth: 4]
[min_data_in_leaf: 30]
[min_sum_hessian_in_leaf: 0.001]
[bagging_fraction: 0.7]
[pos_bagging_fraction: 1]
[neg_bagging_fraction: 1]
[bagging_freq: 5]
[bagging_seed: 400]
[bagging_by_query: 0]
[feature_fraction: 0.6]
[feature_fraction_bynode: 1]
[feature_fraction_seed: 30056]
[extra_trees: 0]
[extra_seed: 12879]
[early_stopping_round: 0]
[early_stopping_min_delta: 0]
[first_metric_only: 0]
[max_delta_step: 0]
[lambda_l1: 0.5]
[lambda_l2: 2]
[linear_lambda: 0]
[min_gain_to_split: 0]
[drop_rate: 0.1]
[max_drop: 50]
[skip_drop: 0.5]
[xgboost_dart_mode: 0]
[uniform_drop: 0]
[drop_seed: 17869]
[top_rate: 0.2]
[other_rate: 0.1]
[min_data_per_group: 100]
[max_cat_threshold: 32]
[cat_l2: 10]
[cat_smooth: 10]
[max_cat_to_onehot: 4]
[top_k: 20]
[monotone_constraints: ]
[monotone_constraints_method: basic]
[monotone_penalty: 0]
[feature_contri: ]
[forcedsplits_filename: ]
[refit_decay_rate: 0.9]
[cegb_tradeoff: 1]
[cegb_penalty_split: 0]
[cegb_penalty_feature_lazy: ]
[cegb_penalty_feature_coupled: ]
[path_smooth: 0]
[interaction_constraints: ]
[verbosity: -1]
[saved_feature_importance_type: 0]
[use_quantized_grad: 0]
[num_grad_quant_bins: 4]
[quant_train_renew_leaf: 0]
[stochastic_rounding: 1]
[linear_tree: 0]
[max_bin: 255]
[max_bin_by_feature: ]
[min_data_in_bin: 5]
[bin_construct_sample_cnt: 200000]
[data_random_seed: 175]
[is_enable_sparse: 1]
[enable_bundle: 1]
[use_missing: 1]
[zero_as_missing: 0]
[feature_pre_filter: 1]
[pre_partition: 0]
[two_round: 0]
[header: 0]
[label_column: ]
[weight_column: ]
[group_column: ]
[ignore_column: ]
[categorical_feature: ]
[forcedbins_filename: ]
[precise_float_parser: 0]
[parser_config_file: ]
[objective_seed: 16083]
[num_class: 1]
[is_unbalance: 0]
[scale_pos_weight: 1]
[sigmoid: 1]
[boost_from_average: 1]
[reg_sqrt: 0]
[alpha: 0.9]
[fair_c: 1]
[poisson_max_delta_step: 0.7]
[tweedie_variance_power: 1.5]
[lambdarank_truncation_level: 30]
[lambdarank_norm: 1]
[label_gain: ]
[lambdarank_position_bias_regularization: 0]
[eval_at: ]
[multi_error_top_k: 1]
[auc_mu_weights: ]
[num_machines: 1]
[local_listen_port: 12400]
[time_out: 120]
[machine_list_filename: ]
[machines: ]
[gpu_platform_id: -1]
[gpu_device_id: -1]
[gpu_use_dp: 0]
[num_gpu: 1]

end of parameters

pandas_categorical:[]
