tree
version=v4
num_class=1
num_tree_per_iteration=1
label_index=0
max_feature_idx=44
objective=binary sigmoid:1
feature_names=return_1d return_2d return_3d return_5d return_10d return_20d div_ma_5 div_ma_10 div_ma_20 div_ma_60 ma_5_20_cross ma_20_60_cross rsi rsi_change macd macd_signal macd_hist macd_hist_change bb_pct_b bb_bandwidth atr_pct volatility vol_change vol_ratio candle_body_pct upper_shadow_pct lower_shadow_pct day_of_week month is_month_end is_month_start streak gap price_position_20d macro_usdjpy_ret_20 macro_usdjpy_ret_60 macro_usdjpy_vol_20 macro_topix_ret_20 macro_topix_vol_20 macro_topix_above_200dma macro_nikkei_ret_20 macro_nikkei_above_200dma macro_nikkei_vi macro_jgb10y macro_bias_score
feature_infos=[-0.08711174580506964:0.064180828246164001] [-0.086933238129239587:0.077333333333333254] [-0.084973166368515152:0.090666666666666673] [-0.11011583011583015:0.098731468745223872] [-0.1305266334691414:0.1122956645344706] [-0.13556457065584859:0.15977713874910138] [-0.066720198554639093:0.053672649976381728] [-0.08678619858369746:0.073690227282983051] [-0.10066412255441354:0.093958046427402936] [-0.13130872739729516:0.16785741334477805] [-0.058799118970855768:0.061645796603529091] [-0.057653234486609084:0.096228366840500179] [6.5246338215712285:90.079999999999998] [-21.934069968905249:41.38597014925373] [-88.067621649353896:115.96683796753769] [-72.732093455132713:109.14140212106557] [-35.181363116699501:42.556315273491535] [-14.811467894214729:12.550804885145702] [-0.33742043072460814:1.3843376619368757] [0.022085704308830563:0.17700337991167336] [0.0092438335878569106:0.035330776605944393] [0.006076861184972495:0.026445390958253819] [-0.88732255520504733:3.2462817147856518] [0.55433732612055642:1.8274613724504742] [-0.99099099099099097:1] [0:0.88050314465408808] [0:1] [0:4] [1:12] none [0:1] [-10:10] [-0.08014994644769724:0.078755790866975595] [0:1] [-0.10288784967882303:0.075418833481041947] [-0.13986255140503889:0.13160084488587853] [0.0013645753646662553:0.011841457708833433] [-0.21871130063915301:0.21255327098343968] [0.0039190447556898995:0.040640984327119503] [0:1] [-0.22859537662338159:0.23022297972565586] [0:1] none none none
tree_sizes=1179 871 1289 1417 1313 1308 1100 1281 1096 1207 989 975 992 992 866 1300 1209 886 1409 1206 783 1185 1213 1202 1065 1091 1192 1196 1197 1001 1211 1198 1104 1213 896 1079 1078 1081 896 785 987 788 890 995 987 681 1000 978 1079 995

Tree=0
num_leaves=10
num_cat=0
split_feature=28 14 28 35 26 26 9 4 34
split_gain=11.8404 11.5015 10.8022 10.6223 8.85134 5.98754 7.25822 5.38547 4.52059
threshold=8.5000000000000018 -22.283481180085342 3.5000000000000004 0.038697949653470294 0.1283882783882784 0.03883861236802414 0.007167979169288941 0.0051308930429777586 -0.013551638795984753
decision_type=2 2 2 2 2 2 2 2 2
left_child=2 -2 4 7 -1 -4 -7 -3 -6
right_child=1 3 5 -5 8 6 -8 -9 -10
leaf_value=-0.2751880516294028 -0.279372512976791 -0.30807616527873516 -0.29836685633146603 -0.32519106602914344 -0.28905125312778895 -0.25912301621514178 -0.28300512366368435 -0.28111330413808422 -0.31273214922011366
leaf_weight=10.770571291446684 13.952785536646841 10.770571291446688 7.3435713350772849 17.869356915354729 9.0570713132619876 20.806785449385643 31.332571029663086 11.504928424954413 18.603714048862457
leaf_count=44 57 44 30 73 37 85 128 47 76
internal_value=-0.290125 -0.301057 -0.283853 -0.309138 -0.295818 -0.275969 -0.272377 -0.293876 -0.304872
internal_weight=152.012 54.0976 97.9143 40.1449 38.4314 59.4829 52.1394 22.2755 27.6608
internal_count=621 221 400 164 157 243 213 91 113
is_linear=0
shrinkage=1


Tree=1
num_leaves=7
num_cat=0
split_feature=38 34 5 20 35 40
split_gain=13.5205 9.23308 11.8912 9.38676 8.07424 4.76595
threshold=0.0073506276994447098 0.037058102974630087 -0.029304254212948851 0.012523316727085671 0.0065938654777143455 -0.058146315788279272
decision_type=2 2 2 2 2 2
left_child=4 2 5 -4 -1 -2
right_child=1 -3 3 -5 -6 -7
leaf_value=0 0.00055081436884486107 -0.018351052859714532 -0.026528393908024268 0.0052471392171860058 -0.030918086285618561 0.030056745817260914
leaf_weight=13.70890946686268 7.596241936087611 11.247997954487799 7.3307226151227942 74.918588846921921 14.905243679881094 22.30488158762455
leaf_count=56 31 46 30 306 61 91
internal_value=0.000727093 0.00517367 0.00794465 0.00167448 -0.017044 0.0235356
internal_weight=152.013 123.398 112.15 82.2493 28.6142 29.9011
internal_count=621 504 458 336 117 122
is_linear=0
shrinkage=0.03


Tree=2
num_leaves=11
num_cat=0
split_feature=38 28 14 10 33 3 37 38 22 38
split_gain=12.8592 11.9328 11.2052 9.19937 6.59388 5.87601 5.35372 7.71837 4.53298 1.89141
threshold=0.008022891614158912 8.5000000000000018 -23.134164022694218 0.0094439294044408335 0.82721364095834304 -0.02326897121386445 0.037146430203851007 0.013355769592597353 -0.066157907916617562 0.0073506276994447098
decision_type=2 2 2 2 2 2 2 2 2 2
left_child=4 6 -3 -4 5 -1 7 -2 -8 -7
right_child=1 2 3 -5 -6 9 8 -9 -10 -11
leaf_value=0.003048329700174037 0.028995891304175382 0.016197629855659076 -0.028031387398519514 0.00420827094836701 0.010277241921524499 -0.029175290778772359 0.015299404556343139 0 -0.0090382748215481479 -0.0087351382668401246
leaf_weight=8.3071074187755567 28.454541623592377 12.292195111513136 18.048581540584568 11.253206849098204 7.5808900594711295 19.02647635340691 10.790903136134149 12.762003511190413 12.488456651568411 11.019361346960066
leaf_count=34 116 50 74 46 31 78 44 52 51 45
internal_value=0.000686281 0.00650383 -0.00561354 -0.0156929 -0.0121479 -0.0172419 0.0144778 0.0207784 0.00196771 -0.0231599
internal_weight=152.024 106.09 41.594 29.3018 45.9338 38.3529 64.4959 41.2165 23.2794 30.0458
internal_count=621 433 170 120 188 157 263 168 95 123
is_linear=0
shrinkage=0.03


Tree=3
num_leaves=12
num_cat=0
split_feature=38 19 2 40 18 3 24 17 38 38 38
split_gain=12.1713 14.4708 7.34653 11.4281 7.02963 5.71905 5.61547 4.15048 2.40759 2.12468 1.51175
threshold=0.008022891614158912 0.089232268070821644 -0.0067282926552084668 -0.020265220506824052 0.8064428985619696 -0.02326897121386445 0.68449656750572097 1.3323906421290233 0.0099377188727546219 0.01310352723478952 0.0073506276994447098
decision_type=2 2 2 2 2 2 2 2 2 2 2
left_child=4 2 3 -2 5 -1 -4 8 -3 -9 -7
right_child=1 7 6 -5 -6 10 -8 9 -10 -11 -12
leaf_value=0.0029735191586671423 -0.015810599704751759 0.0095023429659283672 -0.013928383498726347 0.023793239577692551 0.011653618518578043 -0.028505770629617681 0.011690890621894085 0.016586462910979767 0.03737901259107957 -0.0023985713238313991 -0.0093338972619625826
leaf_weight=8.3108820319175702 7.8266490548849132 7.6140471994876888 36.943249702453613 17.175574168562889 7.3475898206233969 18.936486244201664 7.3435417562723151 7.878963276743888 13.267556816339491 8.1028616875410062 11.250182896852492
leaf_count=34 32 31 151 70 30 78 30 32 54 33 46
internal_value=0.000671925 0.00632781 -0.00164539 0.0105874 -0.0118276 -0.0170338 -0.00903459 0.0210138 0.0295889 0.00693059 -0.0228507
internal_weight=151.998 106.152 69.289 25.0022 45.8451 38.4976 44.2868 36.8634 20.8816 15.9818 30.1867
internal_count=621 433 283 102 188 158 181 150 85 65 124
is_linear=0
shrinkage=0.03


Tree=4
num_leaves=11
num_cat=0
split_feature=21 28 19 38 5 22 10 21 5 9
split_gain=15.1798 12.0619 10.7618 10.3656 8.45294 6.62202 5.15379 4.0108 2.98926 10.599
threshold=0.015539421549872458 8.5000000000000018 0.090508039149545819 0.008022891614158912 -0.04276092120798302 0.048297910568248732 0.0094439294044408335 0.0092371803872303964 0.031255700600124399 -0.043417407722545105
decision_type=2 2 2 2 2 2 2 2 2 2
left_child=1 3 -2 7 -3 -5 -6 -1 9 -4
right_child=2 4 8 5 6 -7 -8 -9 -10 -11
leaf_value=0.0018664633962195219 -0.0069569281968608543 0.0059983706257517068 0.035454458116192036 0.020471457772338407 -0.031157894107918634 -0.0010460009317368874 -0.0020266090354042771 -0.020417639761770766 0.039430869696989237 -0.0074053737628417202
leaf_weight=9.7349178045988101 10.521273747086523 9.1123960465192777 8.1302942484617251 26.074400126934052 23.493800595402718 21.113621562719345 8.7830021530389768 16.084727317094803 10.324182957410811 8.5827753692865389
leaf_count=40 43 37 33 106 97 86 36 66 42 35
internal_value=0.000671044 -0.00469366 0.0168014 0.00250911 -0.0172746 0.0108878 -0.0242492 -0.0119464 0.0264057 0.0142037
internal_weight=151.955 114.397 37.5585 73.0077 41.3892 47.188 32.2768 25.8196 27.0373 16.7131
internal_count=621 468 153 298 170 192 133 106 110 68
is_linear=0
shrinkage=0.03


Tree=5
num_leaves=11
num_cat=0
split_feature=14 21 10 28 35 33 16 28 36 22
split_gain=15.5039 10.2464 17.5608 9.00205 8.98461 6.72842 4.88875 4.15767 2.81834 2.4496
threshold=-23.134164022694218 0.015058542503031997 0.0050663548155984737 8.5000000000000018 1.0000000180025095e-35 0.20977698128235764 13.239576968103462 5.5000000000000009 0.0042433781385000612 -0.032750890343119059
decision_type=2 2 2 2 2 2 2 2 2 2
left_child=5 3 -3 4 -2 9 -4 -7 -5 -1
right_child=1 2 6 8 -6 7 -8 -9 -10 -11
leaf_value=0.011695351573249003 -0.017577673979559644 -0.021860214134563388 0.040711877461030173 -0.0033710970274423357 0.0049754390083715941 0.0081112205157891359 0.0056371728209406603 0.039900706674471438 -0.027951922589782418 -0.009034786136004995
leaf_weight=8.1292304247617739 23.183372393250465 8.0245051532983798 8.8559357076883334 7.4696428477764156 39.987984076142311 9.318541571497919 8.1384235471487028 9.8660565167665464 23.948911190032959 8.1307842284440976
leaf_count=33 95 33 36 31 163 38 33 40 99 33
internal_value=-0.000565509 -0.0058468 0.0103624 -0.0104152 -0.00335663 0.0162161 0.0270669 0.0273912 -0.0231083 0.000653638
internal_weight=155.053 119.609 25.0189 94.5899 63.1714 35.4446 16.9944 19.1846 31.4186 16.26
internal_count=634 490 102 388 258 144 69 78 130 66
is_linear=0
shrinkage=0.03


Tree=6
num_leaves=9
num_cat=0
split_feature=14 38 17 38 37 34 9 21
split_gain=14.7187 13.0177 10.3746 10.3618 8.68563 8.41255 6.76023 0.97659
threshold=-23.134164022694218 0.012942206710135842 -2.6802631884855326 0.0094727164507151379 0.021903693847895481 0.0094583292391010616 -0.0060656563983881731 0.010557337638486699
decision_type=2 2 2 2 2 2 2 2
left_child=1 7 4 6 -2 -5 -4 -1
right_child=2 -3 3 5 -6 -7 -8 -9
leaf_value=0.012257196437316273 -0.0026860641072788479 -0.0074732962424123549 -0.031753612703403884 0.014120661017299314 0.033429929686323537 -0.011610130578320457 -0.009048961345067703 0.034340911492591601
leaf_weight=8.5856305062770861 12.45644833147526 12.321750760078428 19.603399738669395 21.320920661091805 8.0917229652404767 20.213959544897079 37.773810818791389 14.590464204549788
leaf_count=35 51 50 81 87 33 83 155 59
internal_value=-0.000532066 0.0157996 -0.0056888 -0.00980554 0.0125746 0.00129551 -0.0178671 0.0283794
internal_weight=154.958 35.4978 119.46 98.9121 20.5482 41.5349 57.3772 23.1761
internal_count=634 144 490 406 84 170 236 94
is_linear=0
shrinkage=0.03


Tree=7
num_leaves=11
num_cat=0
split_feature=14 0 6 10 33 20 36 6 23 34
split_gain=13.9338 10.6785 8.14247 6.85475 6.33252 6.15808 6.0135 5.83893 4.42767 1.59841
threshold=-23.134164022694218 0.0066806133987339375 0.016587827912904359 -0.0062257422386601804 0.20977698128235764 0.016881669822058142 0.0066665461986932864 0.0091783620378215521 0.90429994974063066 0.018141509721199548
decision_type=2 2 2 2 2 2 2 2 2 2
left_child=4 3 8 6 9 -5 -2 -6 -3 -1
right_child=1 2 -4 5 7 -7 -8 -9 -10 -11
leaf_value=0.009568189880889779 0 -0.0058150272764111886 0.0027865954252587651 -0.0024694034195950629 0.038084632704456944 0.015437162734839058 -0.030688836536966316 0.0023352272234186981 -0.037672626422817546 -0.0071687056959904884
leaf_weight=7.9092791229486492 12.86036002635956 7.7749155014753404 8.8161383867263776 39.391637817025185 11.62827427685261 26.785344108939171 8.6301925629377347 7.6378472894430152 15.06762410700321 8.3716948330402357
leaf_count=32 53 32 36 162 47 109 36 31 62 34
internal_value=-0.000505084 -0.00553245 -0.0198963 0 0.0153673 0.00479856 -0.0139928 0.02617 -0.0287742 0.000298794
internal_weight=154.873 119.326 31.6587 87.6675 35.5471 66.177 21.4906 19.2661 22.8425 16.281
internal_count=634 490 130 360 144 271 89 78 94 66
is_linear=0
shrinkage=0.03


Tree=8
num_leaves=9
num_cat=0
split_feature=14 38 17 38 37 15 9 28
split_gain=13.2519 12.2484 9.53896 9.71793 8.18686 7.9486 6.37854 1.42399
threshold=-23.134164022694218 0.012942206710135842 -2.6802631884855326 0.0094727164507151379 0.021903693847895481 -4.2209355527360719 -0.0060656563983881731 5.5000000000000009
decision_type=2 2 2 2 2 2 2 2
left_child=1 7 4 6 -2 -5 -4 -1
right_child=2 -3 3 5 -6 -7 -8 -9
leaf_value=0.011895909391903223 -0.0027219427425358897 -0.0075630179790506531 -0.030759425239641966 0.015555014508477492 0.032268494052743381 -0.0095960548426327584 -0.0086397940532179623 0.034402810899786904
leaf_weight=9.861798435449602 12.455766394734384 12.3239339441061 19.434826359152794 18.312717035412788 8.1341062784194929 23.189803645014763 37.676770821213722 13.402987286448477
leaf_count=40 51 50 81 75 33 95 155 54
internal_value=-0.000494505 0.0149694 -0.00540589 -0.00937125 0.0120702 0.0013618 -0.0172068 0.0271529
internal_weight=154.793 35.5887 119.204 98.6141 20.5899 41.5025 57.1116 23.2648
internal_count=634 144 490 406 84 170 236 94
is_linear=0
shrinkage=0.03


Tree=9
num_leaves=10
num_cat=0
split_feature=21 34 15 0 21 17 17 0 0
split_gain=12.7771 9.07414 8.99186 11.221 8.36568 7.84024 7.5208 4.01346 0.876187
threshold=0.015058542503031997 0.011900313398034325 -4.2209355527360719 0.0076414090290813927 0.012630747127435492 0.58856007916303998 3.5073207591506663 0.0050068176861545197 -0.0012130687417959416
decision_type=2 2 2 2 2 2 2 2 2
left_child=2 8 6 4 -4 -3 7 -1 -2
right_child=1 5 3 -5 -6 -7 -8 -9 -10
leaf_value=0.0027893656921393738 0.0096650883554325589 0.013949041199698144 0.001369839027298444 -0.038016899181308586 -0.025789331186754239 -0.022900905223879303 0.026265400185565276 -0.015710042963046459 0.030978483850442697
leaf_weight=37.548748061060905 7.4101725667715099 9.5717551112175006 34.560371741652489 11.609544172883032 11.879489243030546 7.2956298589706412 8.1294659823179227 12.118851438164709 14.559031590819357
leaf_count=154 30 39 142 48 49 30 33 50 59
internal_value=-0.00046738 0.0138959 -0.00556394 -0.0137429 -0.00604587 -0.00193262 0.00258479 -0.00186755 0.0258216
internal_weight=154.683 38.8366 115.846 58.0494 46.4399 16.8674 57.7971 49.6676 21.9692
internal_count=634 158 476 239 191 69 237 204 89
is_linear=0
shrinkage=0.03


Tree=10
num_leaves=8
num_cat=0
split_feature=21 28 35 35 33 22 21
split_gain=11.0501 11.0426 6.73162 6.28871 6.68152 5.77787 5.37192
threshold=0.019248931396804714 8.5000000000000018 0.062572256835615972 0.01693753664138509 0.42165614519629119 -0.059709653934940314 0.013844419132988365
decision_type=2 2 2 2 2 2 2
left_child=1 3 6 4 -1 -5 -3
right_child=-2 2 -4 5 -6 -7 -8
leaf_value=0.011138689023187867 0.02975842809146988 -0.012639384943563392 -0.032183187832618587 0.023684002629834871 -0.011740185464227709 0.0021004862134837228 0.010307608870146612
leaf_weight=15.872137561440466 8.933306470513342 28.247967392206192 10.588416948914526 19.70488703250885 29.03285776078701 27.439112290740013 10.769887179136274
leaf_count=65 36 117 44 80 119 112 44
internal_value=0.000623701 -0.00149795 -0.0127082 0.00452568 -0.00320348 0.0120237 -0.005746
internal_weight=150.589 141.655 49.6063 92.049 44.905 47.144 39.0179
internal_count=617 581 205 376 184 192 161
is_linear=0
shrinkage=0.03


Tree=11
num_leaves=8
num_cat=0
split_feature=34 19 23 5 22 21 3
split_gain=12.7296 10.7539 10.0461 8.0125 7.86218 6.32117 4.19438
threshold=0.034649501004426438 0.1201246348476319 1.0227652110295464 -0.024007536220028766 -0.066157907916617562 0.015374826822501296 -0.010785458206147512
decision_type=2 2 2 2 2 2 2
left_child=1 2 4 -4 -1 -3 -2
right_child=6 5 3 -5 -6 -7 -8
leaf_value=0.019728625544019725 0 0.0011416311191975192 0.0064342126140696865 -0.018804809235093159 -0.00077194823809594536 0.035301329052755681 -0.030153714069433853
leaf_weight=26.436016902327538 7.2550911754369762 9.0814369767904299 14.979904830455778 30.620650827884674 37.704609975218773 12.171811878681181 12.27629069983959
leaf_count=108 30 37 61 126 155 49 51
internal_value=0.000615669 0.00416646 0.00010006 -0.0102766 0.00779179 0.0227037 -0.0206773
internal_weight=150.526 130.994 109.741 45.6006 64.1406 21.2532 19.5314
internal_count=617 536 450 187 263 86 81
is_linear=0
shrinkage=0.03


Tree=12
num_leaves=8
num_cat=0
split_feature=38 18 4 38 38 26 20
split_gain=10.1818 9.34338 9.51391 10.893 7.38535 7.31372 2.42111
threshold=0.0072506047088872526 0.9803881605921031 0.025930365866700947 0.011824763799874046 0.0082171099578145206 0.10582533408620366 0.014476997230613322
decision_type=2 2 2 2 2 2 2
left_child=5 2 3 -2 -4 -1 -7
right_child=1 -3 4 -5 -6 6 -8
leaf_value=0.0057370354044105386 0.008975510940757889 -0.024041138456965969 -0.00085810027539781608 -0.012418959698923593 0.032492990185365264 -0.036265863355551445 -0.0088122622742971141
leaf_weight=7.9639980942010906 63.28068470954895 7.5645353943109503 7.3216105401515987 29.633030593395233 17.012928336858749 9.0243694484233874 8.6616247296333295
leaf_count=33 259 31 30 121 69 38 36
internal_value=0.000599008 0.0042813 0.00660694 0.00187621 0.0225859 -0.0157901 -0.0258438
internal_weight=150.463 124.813 117.248 92.9137 24.3345 25.65 17.686
internal_count=617 510 479 380 99 107 74
is_linear=0
shrinkage=0.03


Tree=13
num_leaves=8
num_cat=0
split_feature=34 19 23 5 1 5 17
split_gain=11.982 10.1042 9.35442 7.53871 5.97609 3.81264 3.2328
threshold=0.034649501004426438 0.1201246348476319 1.0227652110295464 -0.024007536220028766 -0.0016799973590814752 0.06923669615617313 -0.64471862505486566
decision_type=2 2 2 2 2 2 2
left_child=1 2 4 -4 -1 -3 -2
right_child=6 5 3 -5 -6 -7 -8
leaf_value=-0.0025916214551400781 -0.001618041696505274 0.030573046892615845 0.0062003928553249358 -0.018275577367270094 0.015142324848074437 0.0018633653654002169 -0.028858138154163902
leaf_weight=27.512432515621185 7.5241538882255581 13.640467375516893 14.988481760025023 30.506241157650948 36.703287169337273 7.6425411850213996 11.914429470896719
leaf_count=113 31 55 61 126 150 31 50
internal_value=0.000557802 0.00400006 5.22568e-05 -0.00997448 0.00746911 0.0219535 -0.0201485
internal_weight=150.432 130.993 109.71 45.4947 64.2157 21.283 19.4386
internal_count=617 536 450 187 263 86 81
is_linear=0
shrinkage=0.03


Tree=14
num_leaves=7
num_cat=0
split_feature=34 18 4 5 3 25
split_gain=11.427 9.25632 11.9296 10.4377 3.94472 2.17344
threshold=0.034649501004426438 0.9803881605921031 0.032086738100226782 -0.029304254212948851 -0.010785458206147512 0.27311577311577317
decision_type=2 2 2 2 2 2
left_child=1 2 3 -1 -2 -4
right_child=4 -3 5 -5 -6 -7
leaf_value=0.015658033697443261 0 -0.024034423026755132 0.036295186332137568 -0.0043799747742157124 -0.028971388974805522 0.0098929827351002583
leaf_weight=31.880941450595856 7.2367793470621136 7.7644861638545981 10.147488698363306 72.353590577840805 12.128021657466887 8.8498069047927839
leaf_count=129 30 32 41 298 51 36
internal_value=0.000538752 0.00389778 0.00613322 0.00178701 -0.0197196 0.026824
internal_weight=150.361 130.996 123.232 104.235 19.3648 18.9973
internal_count=617 536 504 427 81 77
is_linear=0
shrinkage=0.03


Tree=15
num_leaves=11
num_cat=0
split_feature=5 16 18 28 38 2 38 38 22 35
split_gain=10.8284 11.7916 9.92697 9.32565 8.01749 6.67089 5.82226 10.9265 2.70004 2.14714
threshold=-0.025066344792702141 3.620513653063568 0.96749980566062044 7.5000000000000009 0.0072506047088872526 -0.013098402657270745 0.01310352723478952 0.020794358913352056 -0.13936426223425299 0.048495526105210802
decision_type=2 2 2 2 2 2 2 2 2 2
left_child=4 5 3 -3 -1 -2 8 -8 -6 -7
right_child=1 2 -4 -5 6 9 7 -9 -10 -11
leaf_value=-0.01422233212605062 0.0023432780143719627 0.019641977055859305 -0.023872486615183267 -0.0068426823785059775 0.036246222230398036 -0.015815951955508056 -0.023042124076433673 0.022178476221294902 0.01291642572689789 -0.037522298097696714
leaf_weight=7.6992318481206885 11.185857355594633 27.804195806384087 7.752899006009101 17.569972023367882 9.6759227067232114 29.558728411793709 7.2906625866889936 7.9638085961341858 18.948322862386707 7.7946872115135184
leaf_count=32 46 113 32 72 39 123 30 32 77 33
internal_value=-0.000349969 -0.00609722 0.00342257 0.00921393 0.0105033 -0.0165367 0.0155996 0 0.0231446 -0.0224034
internal_weight=153.244 101.666 53.1271 45.3742 51.5779 48.5393 43.8787 15.2545 28.6242 37.3534
internal_count=629 419 217 185 210 202 178 62 116 156
is_linear=0
shrinkage=0.03


Tree=16
num_leaves=10
num_cat=0
split_feature=21 38 21 3 36 14 14 35 36
split_gain=11.0618 12.7311 7.92673 9.68165 4.25186 5.53041 7.64922 3.52649 1.04839
threshold=0.015058542503031997 0.0072388608922170916 0.01248572006397698 -0.012798271332728815 0.0054895877658701023 -32.414045042675291 6.0785214049544729 0.025834658534521052 0.0053427612482307794
decision_type=2 2 2 2 2 2 2 2 2
left_child=1 8 3 -3 -2 -6 -7 -4 -1
right_child=4 2 7 -5 5 6 -8 -9 -10
leaf_value=-0.010317008026446943 -0.0018194886045502455 0.022343308841701048 -0.0026728279242982508 -0.001857196153373409 0.035650733386468111 -0.013014951146854602 0.021599106120323085 -0.02730796381872513 -0.033071305717862765
leaf_weight=7.8217708617448833 10.780707970261572 17.990774914622307 13.111378744244577 53.784051716327667 9.4813574254512805 7.7921563982963589 11.370601326227186 9.7366520315408689 11.236454442143438
leaf_count=33 44 73 54 221 38 32 46 40 48
internal_value=-0.00035138 -0.00520322 -0.000339837 0.00444675 0.0128525 0.0186224 0.00691538 -0.0151277 -0.0263117
internal_weight=153.106 113.681 94.6229 71.7748 39.4248 28.6441 19.1628 22.848 19.0582
internal_count=629 469 388 294 160 116 78 94 81
is_linear=0
shrinkage=0.03


Tree=17
num_leaves=7
num_cat=0
split_feature=34 15 28 38 13 3
split_gain=18.1668 8.44969 7.83011 7.30089 7.28769 3.84058
threshold=0.034649501004426438 -45.717997153467245 8.5000000000000018 0.0096217343264310765 0.4966397656285651 -0.010785458206147512
decision_type=2 2 2 2 2 2
left_child=1 -1 4 -4 -3 -2
right_child=5 2 3 -5 -6 -7
leaf_value=0.027687007456384392 -0.0060328765670967345 0.0149267822182315 -0.021132794529244985 0.0027849001771448772 -0.0022789196173828791 -0.037331088743733719
leaf_weight=9.9454848021268827 7.932478770613673 42.269194722175598 20.524543821811676 20.673535764217377 40.88582256436348 10.749334856867788
leaf_count=40 33 172 86 85 167 46
internal_value=-0.000354451 0.00352854 0.00107002 -0.0092102 0.00643607 -0.0266354
internal_weight=152.98 134.299 124.353 41.1981 83.155 18.6818
internal_count=629 550 510 171 339 79
is_linear=0
shrinkage=0.03


Tree=18
num_leaves=12
num_cat=0
split_feature=5 16 18 28 2 14 33 33 28 35 28
split_gain=9.85559 10.9518 9.34616 8.64434 6.15862 4.76488 5.62195 5.20235 2.55892 2.09174 1.62576
threshold=-0.025066344792702141 3.620513653063568 0.96749980566062044 7.5000000000000009 -0.013098402657270745 -20.068835360762019 0.24754154271747167 0.20977698128235764 8.5000000000000018 0.048495526105210802 4.5000000000000009
decision_type=2 2 2 2 2 2 2 2 2 2 2
left_child=5 4 3 -3 -2 7 -7 8 -1 -6 -9
right_child=1 2 -4 -5 9 6 -8 10 -10 -11 -12
leaf_value=0.013158836867388444 0.0021343071309406257 0.018937939462016547 -0.023243199293835809 -0.0065511895916766875 -0.015172074441395724 0.012701766918283381 -0.019919231572605778 0.010008215195933619 -0.0064211709110000414 -0.036566444409519873 0.035406075638082388
leaf_weight=9.8846474289894122 11.183558046817778 27.86289319396019 7.7069845199584952 17.529045343399048 29.37880776822567 7.2650007009506208 7.4503797739744186 8.1271789371967333 9.3305395245552045 7.6752905249595633 9.4572862237691862
leaf_count=40 46 113 32 72 123 30 31 33 38 33 38
internal_value=-0.000353048 -0.00585226 0.00330282 0.0089172 -0.0159588 0.00999874 -0.00332403 0.0156096 0.00323508 -0.0216334 0.0266544
internal_weight=152.852 101.337 53.0989 45.3919 48.2377 51.515 14.7154 36.7997 19.2152 37.0541 17.5845
internal_count=629 419 217 185 202 210 61 149 78 156 71
is_linear=0
shrinkage=0.03


Tree=19
num_leaves=10
num_cat=0
split_feature=34 5 23 20 10 3 36 24 23
split_gain=17.2571 15.6753 9.42984 6.01717 4.06625 3.64905 3.19641 5.18389 1.19111
threshold=0.034649501004426438 -0.025066344792702141 1.0153784627091438 0.017427509278412127 0.018724840546962111 -0.010785458206147512 0.005284604618261469 -0.20942982456140349 0.93925570261074254
decision_type=2 2 2 2 2 2 2 2 2
left_child=1 6 3 -3 -4 -2 7 -1 -8
right_child=5 2 4 -5 -6 -7 8 -9 -10
leaf_value=0.020373534304618881 -0.0059115103653145417 -0.0031768741103410151 -0.021645295547725905 0.015963719305005977 0.0014488098117100801 -0.036582363156917416 0.010133009969174859 -0.0076921558181836077 0.031643309465084729
leaf_weight=10.088105678558351 7.9196262508630779 39.406927779316902 24.692557871341705 20.461911961436272 7.3333255946636191 10.619236797094343 8.6626722663640994 9.0800749063491804 14.426556929945944
leaf_count=41 33 163 103 83 30 46 35 37 58
internal_value=-0.000346582 0.00342755 -0.00343166 0.00342711 -0.016142 -0.0260619 0.0181638 0.0068994 0.025622
internal_weight=152.691 134.152 91.8947 59.8688 32.0259 18.5389 42.2574 19.1682 23.0892
internal_count=629 550 379 246 133 79 171 78 93
is_linear=0
shrinkage=0.03


Tree=20
num_leaves=6
num_cat=0
split_feature=21 19 14 21 15
split_gain=8.61634 7.2691 8.55868 6.9647 2.41435
threshold=0.016977559070313654 0.12575002806145338 36.338565770167868 0.016099507847535648 -23.933383813230289
decision_type=2 2 2 2 2
left_child=1 2 3 -1 -2
right_child=4 -3 -4 -5 -6
leaf_value=-0.0012241169880813085 0.0017967298411907333 0.015477106619044527 -0.030848474319062659 -0.028698996817104725 0.024578571947406747
leaf_weight=104.42637313902378 8.9042577594518679 13.138411059975622 9.8591431081294996 7.2091503888368598 11.129123464226721
leaf_count=433 36 53 41 30 45
internal_value=-0.00107759 -0.00396031 -0.00640034 -0.00360426 0.0162157
internal_weight=154.666 134.633 121.495 111.636 20.0334
internal_count=638 557 504 463 81
is_linear=0
shrinkage=0.03


Tree=21
num_leaves=10
num_cat=0
split_feature=38 27 18 26 19 3 2 31 3
split_gain=10.0105 7.98893 7.19218 9.41574 7.08402 4.85928 5.25712 2.75014 0.570055
threshold=0.0076581036069209192 1.5000000000000002 0.81125644989648016 0.18931577518327453 0.06116203380187251 0.023321531534819754 -0.014159595921301447 1.0000000180025095e-35 -0.00762201592993511
decision_type=2 2 2 2 2 2 2 2 2
left_child=4 5 3 -3 8 6 -2 -6 -1
right_child=1 2 -4 -5 7 -7 -8 -9 -10
leaf_value=-0.012866886245058044 0.0055126795519696535 0 -0.010182590578571691 0.023596004418254397 0.00652351128631688 0.011685752134257758 -0.017545445037854421 -0.013677847770540106 -0.035954255178837012
leaf_weight=7.934840768575671 10.363822773098944 25.675522968173027 11.628863736987112 34.022106930613518 12.315854996442797 8.527132034301756 27.698567435145378 8.2044596523046476 8.2110406756401044
leaf_count=34 42 105 48 139 51 35 114 34 36
internal_value=-0.00105054 0.00314095 0.0094311 0.0137011 -0.0143833 -0.0061721 -0.0109309 -0.00138477 -0.0281034
internal_weight=154.582 117.916 71.3265 59.6976 36.6662 46.5895 38.0624 20.5203 16.1459
internal_count=638 483 292 244 155 191 156 85 70
is_linear=0
shrinkage=0.03


Tree=22
num_leaves=10
num_cat=0
split_feature=38 34 36 32 27 19 20 1 0
split_gain=9.56283 12.1791 13.7765 8.77206 7.64856 6.83048 4.76729 4.28937 3.91314
threshold=0.0076581036069209192 -0.0014976955837296411 0.003466028208224677 -0.00444751381215469 1.5000000000000002 0.058948048481197272 0.015731831091498259 -0.0071780853208876496 0.0020749652628873076
decision_type=2 2 2 2 2 2 2 2 2
left_child=5 4 -3 -4 6 -1 -2 -6 -7
right_child=1 2 3 -5 7 8 -8 -9 -10
leaf_value=-0.028322133346114522 -0.015847626496310815 0.024289041092955647 0.010095954437301382 -0.015682127596527907 0.0023693963123975108 0.0068407216742684511 0.013097995582563702 0.031059883119583995 -0.017208132637989454
leaf_weight=15.109326586127279 7.9888942241668728 10.554550990462301 13.164658486843107 49.759612739086151 7.8935691118240383 13.758459910750391 8.4022433161735517 20.157649502158165 7.678796023130416
leaf_count=66 33 43 54 205 32 57 34 82 32
internal_value=-0.00103781 0.00305153 -0.00428811 -0.00991307 0.0151716 -0.0140953 -0.000383431 0.0241806 -0.00186689
internal_weight=154.468 117.921 73.4788 62.9243 44.4424 36.5466 16.3911 28.0512 21.4373
internal_count=638 483 302 259 181 155 67 114 89
is_linear=0
shrinkage=0.03


Tree=23
num_leaves=10
num_cat=0
split_feature=34 5 21 15 15 40 5 27 14
split_gain=9.16305 9.71056 8.28547 7.54706 6.71569 6.08232 5.12517 3.06637 3.02244
threshold=0.027805095720300769 -0.029304254212948851 0.014363210503014154 11.133821082072828 39.929202210230748 -0.056430317303684523 0.0079479862147545672 1.5000000000000002 -22.283481180085342
decision_type=2 2 2 2 2 2 2 2 2
left_child=1 5 4 -4 -3 -1 8 -7 -2
right_child=6 2 3 -5 -6 7 -8 -9 -10
leaf_value=-0.0032448596422291155 -0.0048901149062085909 -0.0032370414313094811 -0.0059430879019736734 0.028474297957305852 -0.0302108115493472 0.0056313378342521623 0.00080474068091085447 0.031956769773310044 -0.033583123831234352
leaf_weight=8.6575405746698397 7.295740798115733 67.84714512526989 8.0866004228591937 11.139686390757559 7.9550306499004355 8.6568586379289645 9.185287192463873 14.36827892065048 11.103300243616106
leaf_count=35 30 282 33 45 33 35 38 58 49
internal_value=-0.000995858 0.00237631 -0.00234622 0.0140956 -0.00696443 0.0162846 -0.0161067 0.0238996 -0.0245358
internal_weight=154.295 126.711 95.0285 19.2263 75.8022 31.6827 27.5843 23.0251 18.399
internal_count=638 521 393 78 315 128 117 93 79
is_linear=0
shrinkage=0.03


Tree=24
num_leaves=9
num_cat=0
split_feature=34 10 11 11 1 2 34 37
split_gain=8.73373 8.0314 6.35892 5.89846 5.72681 4.89273 4.59565 0.278894
threshold=0.027805095720300769 -0.017712415723520499 -0.015808493099365214 0.026334797580962691 -0.0045029426091307547 -0.00601324611191728 0.01098794274761772 0.039901732722987034
decision_type=2 2 2 2 2 2 2 2
left_child=1 6 4 -4 -3 -2 -1 -7
right_child=5 2 3 -5 -6 7 -8 -9
leaf_value=0.027188831919950102 0 -0.02650281185271823 0.0094834454439302451 -0.0092130559021053691 -0.001352446698831149 -0.031861634536495202 0 -0.011060057203013032
leaf_weight=14.098878204822542 11.723565623164179 12.046791762113569 49.578274130821228 19.020134598016739 23.283956706523895 8.7096395939588529 8.6246261298656446 7.0346868783235541
leaf_count=57 49 50 204 79 96 38 35 30
internal_value=-0.000976019 0.00230971 -0.00118942 0.0039729 -0.0112903 -0.0157639 0.0177218 -0.0257069
internal_weight=154.121 126.653 103.929 68.5984 35.3307 27.4679 22.7235 15.7443
internal_count=638 521 429 283 146 117 92 68
is_linear=0
shrinkage=0.03


Tree=25
num_leaves=9
num_cat=0
split_feature=21 14 38 23 32 14 12 11
split_gain=14.0279 8.56938 7.66241 7.86055 7.31751 6.42771 5.40605 2.18208
threshold=0.015058542503031997 11.866934562366625 0.0071439465349373158 1.0822991526100616 0.0010186019799608428 -37.252462059671181 37.852111648644076 0.017338837067930716
decision_type=2 2 2 2 2 2 2 2
left_child=2 5 7 4 -4 -2 -5 -1
right_child=1 -3 3 6 -6 -7 -8 -9
leaf_value=-0.033732255311857758 0.015374838913777909 0.027404464530154632 0.0095610625367604871 0.0022709031919534183 -0.0098196266025330145 -0.013352692138488678 -0.025141508590626003 -0.0077441960290378104
leaf_weight=10.862431630492212 11.09846395254135 15.854732781648634 37.683618858456612 7.3917680233716991 29.187498316168785 13.079853907227518 19.954104915261269 8.0214231461286527
leaf_count=48 45 64 155 30 121 54 83 34
internal_value=-0.00309166 0.0116415 -0.00854859 -0.0045986 0.000844592 0 -0.0175708 -0.0252102
internal_weight=153.134 40.0331 113.101 94.217 66.8711 24.1783 27.3459 18.8839
internal_count=634 163 471 389 276 99 113 82
is_linear=0
shrinkage=0.03


Tree=26
num_leaves=10
num_cat=0
split_feature=21 38 23 32 5 9 26 6 35
split_gain=13.325 7.36883 7.44966 6.91034 6.81255 7.26565 5.84929 1.94944 1.34817
threshold=0.015058542503031997 0.0071439465349373158 1.0822991526100616 0.0010186019799608428 0.034745627024783794 -0.035857817807583431 0.1423745173745174 -0.007029174545573451 0.031212548993035497
decision_type=2 2 2 2 2 2 2 2 2
left_child=1 7 3 -3 5 -2 -4 -1 -6
right_child=4 2 6 -5 8 -7 -8 -9 -10
leaf_value=-0.0065411197341917228 0.017454412456154381 0.0092773493980286698 0 -0.0095582729759875786 0.034901094936554529 -0.012816072974167486 -0.027314710824644487 -0.032024434809892269 0.0096570476241572781
leaf_weight=7.0352088063955334 11.095376282930372 37.731370657682419 10.691767603158953 29.141403868794441 7.7185166329145414 13.567033842206003 16.561620280146599 11.726584479212759 7.6459199488162994
leaf_count=30 45 155 44 121 31 56 69 52 31
internal_value=-0.00301753 -0.00834607 -0.00447512 0.000812277 0.0113357 0.000527479 -0.0171303 -0.0247419 0.0257617
internal_weight=152.915 112.888 94.1262 66.8728 40.0268 24.6624 27.2534 18.7618 15.3644
internal_count=634 471 389 276 163 101 113 82 62
is_linear=0
shrinkage=0.03


Tree=27
num_leaves=10
num_cat=0
split_feature=21 14 9 38 0 11 14 7 35
split_gain=12.7169 7.86415 7.96735 7.07992 7.05007 9.6879 7.14916 3.13361 2.24405
threshold=0.015058542503031997 11.866934562366625 -0.033007390125852389 0.0071439465349373158 0.0015966012580117541 -0.015917869178638962 9.2848373693950652 -0.013918976171643145 0.012773609535959853
decision_type=2 2 2 2 2 2 2 2 2
left_child=3 2 -2 7 5 -5 -6 -1 -3
right_child=1 8 -4 4 6 -7 -8 -9 -10
leaf_value=-0.0044574882926199074 0.015864086278982038 0.037173910973302915 -0.016068530400395686 -0.013885718279263279 -0.0020892304047582214 0.012111621726747589 -0.02748938984222973 -0.033283872995606138 0.0089914090426222223
leaf_weight=7.274888917803767 12.084374830126761 7.7220198363065711 12.04353764653206 17.76719032227993 25.359064146876335 34.299215003848076 16.617990240454674 11.362402036786078 8.1567120403051359
leaf_count=31 49 31 50 73 105 141 70 51 33
internal_value=-0.00293744 0.0110817 0 -0.00815212 -0.00436048 0.00277734 -0.0132787 -0.0242811 0.0261612
internal_weight=152.687 40.0066 24.1279 112.681 94.0435 52.0664 41.9771 18.6373 15.8787
internal_count=634 163 99 471 389 214 175 82 64
is_linear=0
shrinkage=0.03


Tree=28
num_leaves=10
num_cat=0
split_feature=21 14 9 38 9 11 17 11 22
split_gain=12.1458 7.49861 7.58893 6.79843 6.61003 9.30605 6.1203 2.24293 0.82897
threshold=0.015058542503031997 11.866934562366625 -0.035857817807583431 0.0071439465349373158 0.016527606353040541 -0.015917869178638962 -0.95660653919166794 0.017338837067930716 -0.015525652418549361
decision_type=2 2 2 2 2 2 2 2 2
left_child=3 2 -2 7 5 -5 -6 -1 -3
right_child=1 8 -4 4 6 -7 -8 -9 -10
leaf_value=-0.032424408911045012 0.016619910402929577 0.011340580348862634 -0.014638186312223469 -0.0091638744052463857 0.0028700012409372069 0.01383762366141076 -0.022320109409117155 -0.0066145878865834264 0.034233839179218489
leaf_weight=10.590411260724069 11.085865929722784 8.4265643507242185 13.006024137139322 30.817015007138252 10.959262639284132 28.253811031579971 23.92834410071373 7.9176417738199225 7.4547775238752356
leaf_count=48 45 34 54 127 45 116 101 34 30
internal_value=-0.0028666 0.0108341 0 -0.0079714 -0.00425831 0.00168509 -0.0142739 -0.0238364 0.0255527
internal_weight=152.44 39.9732 24.0919 112.466 93.9584 59.0708 34.8876 18.5081 15.8813
internal_count=634 163 99 471 389 243 146 82 64
is_linear=0
shrinkage=0.03


Tree=29
num_leaves=8
num_cat=0
split_feature=19 34 34 19 32 2 34
split_gain=8.83113 9.64801 8.64873 7.17061 7.54453 7.11097 2.1202
threshold=0.062053518666515116 -0.018704680099853595 0.036588002039365637 0.066552040849456831 -0.0023758262981516394 -0.016384762790934534 0.0083882466098512704
decision_type=2 2 2 2 2 2 2
left_child=1 -1 3 -2 -5 -3 -7
right_child=2 5 -4 4 -6 6 -8
leaf_value=0.014112141741570826 0.030286699329226275 0.0063687673688894181 -0.021269619065152581 0.016629262262378167 -0.0031686473103588421 -0.012774524707600798 -0.030492619402055297
leaf_weight=8.5853143632411939 7.8721504956483832 7.7420693486928931 9.7546228021383268 22.533678978681564 55.013533487915993 22.280161783099174 18.399544134736061
leaf_count=36 32 32 42 92 226 93 81
internal_value=-0.00278554 -0.0119609 0.00268899 0.00602059 0.00266912 -0.0172576 -0.0221933
internal_weight=152.181 57.0071 95.174 85.4194 77.5472 48.4218 40.6797
internal_count=634 242 392 350 318 206 174
is_linear=0
shrinkage=0.03


Tree=30
num_leaves=10
num_cat=0
split_feature=34 36 38 19 38 20 19 22 1
split_gain=10.4983 10.7356 10.5411 10.4085 7.20031 5.95143 4.37979 3.17489 2.27376
threshold=-0.0006112377013928193 0.0064467046915818267 0.013355769592597353 0.064089621210267858 0.0077580250537282605 0.016386925610193254 0.098059492905513704 0.051553236886072502 -0.0071780853208876496
decision_type=2 2 2 2 2 2 2 2 2
left_child=4 2 3 -2 -1 7 -3 -6 -7
right_child=1 6 -4 -5 5 8 -8 -9 -10
leaf_value=-0.0057773811827364465 -0.0073628404439202936 -0.030721461154188282 -0.027313602309341656 0.016671014131966248 0.013894508460029468 0.0078645952498121278 -0.00093875261533290816 -0.0083052734551499717 0.033440102404377697
leaf_weight=13.430705621838568 26.41183240711689 13.987387225031854 7.7291774153709403 34.776782095432281 10.48177680373192 7.6702766418457058 7.8218272775411597 8.2488518059253675 16.665234744548798
leaf_count=57 113 62 32 142 43 31 32 34 68
internal_value=0.00195799 -0.00422963 0.00152537 0.00615482 0.0119559 0.01783 -0.0216461 0.00353625 0.027158
internal_weight=147.224 90.727 68.9178 61.1886 56.4968 43.0661 21.8092 18.7306 24.3355
internal_count=614 381 287 255 233 176 94 77 99
is_linear=0
shrinkage=0.03


Tree=31
num_leaves=10
num_cat=0
split_feature=34 36 38 28 8 17 9 21 4
split_gain=9.98932 10.2308 10.0513 7.28571 7.27674 7.98765 4.79412 3.63734 3.14787
threshold=-0.0006112377013928193 0.0064467046915818267 0.013355769592597353 7.5000000000000009 0.02278836913938603 -1.1271232078793234 -0.010988088472561509 0.0094720580750170067 0.020454433563312117
decision_type=2 2 2 2 2 2 2 2 2
left_child=4 2 3 -2 5 6 -1 -7 -3
right_child=1 8 -4 -5 -6 7 -8 -9 -10
leaf_value=-0.015171352861008652 0.014134349884209836 -0.02860944177941999 -0.026762054179018457 -0.0061692596021830038 -0.0089108452963876598 0.003439069486582522 0.013662730624525589 0.031458595614797413 -0.0018364434824598081
leaf_weight=7.8259225189685848 37.133831486105919 14.440346613526346 7.6935734897851935 24.063743576407433 10.353646561503409 7.2150424271822002 8.9984194785356504 22.096825107932091 7.2423510253429404
leaf_count=33 154 64 32 101 43 30 37 90 30
internal_value=0.00188814 -0.00415241 0.00145177 0.00597076 0.0116406 0.0167429 0 0.0257009 -0.0212105
internal_weight=147.064 90.5738 68.8911 61.1976 56.4899 46.1362 16.8243 29.3119 21.6827
internal_count=614 381 287 255 233 190 70 120 94
is_linear=0
shrinkage=0.03


Tree=32
num_leaves=9
num_cat=0
split_feature=28 15 25 22 36 35 25 0
split_gain=6.65409 8.1813 5.51176 5.39092 4.75001 7.59622 4.09787 2.90064
threshold=8.5000000000000018 -44.321042552067311 0.032795698924731186 -0.070414479043101261 0.0042088090596855273 0.0055094809610702908 0.30420094007050535 0.0056487598155303695
decision_type=2 2 2 2 2 2 2 2
left_child=2 -2 -1 7 -3 -6 -5 -4
right_child=1 4 3 6 5 -7 -8 -9
leaf_value=-0.010621041001163773 0.018672449719890294 0.0067317348593304181 0.02217717540473315 0.0095240753080751972 0.00025195970755372997 -0.026212176471384189 -0.0079891110533781059 0.0011900637417351584
leaf_weight=11.981668338179587 7.5313989371061316 8.1152374148368818 28.259470090270042 25.871984347701073 14.260788604617117 22.684304818511009 18.638914182782173 9.6018559187650663
leaf_count=51 31 34 116 107 60 98 77 40
internal_value=0.00181328 -0.00644538 0.00661047 0.00948707 -0.0115775 -0.0161235 0.00183975 0.0175578
internal_weight=146.946 52.5917 94.3539 82.3722 45.0603 36.9451 44.5109 37.8613
internal_count=614 223 391 340 192 158 184 156
is_linear=0
shrinkage=0.03


Tree=33
num_leaves=10
num_cat=0
split_feature=34 36 38 19 38 20 19 22 1
split_gain=9.4132 9.75139 9.59865 9.71069 6.47176 5.62765 4.12003 2.9162 2.07415
threshold=-0.0006112377013928193 0.0064467046915818267 0.013355769592597353 0.064089621210267858 0.0077580250537282605 0.016386925610193254 0.098059492905513704 0.051553236886072502 -0.0071780853208876496
decision_type=2 2 2 2 2 2 2 2 2
left_child=4 2 3 -2 -1 7 -3 -6 -7
right_child=1 6 -4 -5 5 8 -8 -9 -10
leaf_value=-0.0055550048765078235 -0.0072806952935598303 -0.029712701012877284 -0.026269575832765665 0.015929276121677827 0.012957420030739247 0.0073877506726146187 -0.00074393686170942446 -0.0083146564799399976 0.031905996632039399
leaf_weight=13.385313481092451 26.369563654065132 13.741675376892092 7.6523674726486197 34.82933883368969 10.514720916748049 7.6690560430288341 7.8120360076427451 8.2463447600603086 16.622324660420418
leaf_count=57 113 62 32 142 43 31 32 34 68
internal_value=0.00177112 -0.00409584 0.00136273 0.00577723 0.0112443 0.0168151 -0.0208047 0.00298461 0.0258867
internal_weight=146.843 90.405 68.8513 61.1989 56.4378 43.0524 21.5537 18.7611 24.2914
internal_count=614 381 287 255 233 176 94 77 99
is_linear=0
shrinkage=0.03


Tree=34
num_leaves=7
num_cat=0
split_feature=35 15 32 32 36 15
split_gain=6.21592 5.52616 5.5638 6.56973 5.58766 0.195338
threshold=0.062572256835615972 -42.243243717682837 -0.0024802488773277283 -0.010017078780063525 0.0049228737877208221 -8.9024156108750443
decision_type=2 2 2 2 2 2
left_child=1 -1 3 -3 -4 -2
right_child=5 2 4 -5 -6 -7
leaf_value=0.021843377677756924 -0.0056182157795574925 -0.0087818318943869659 -0.013453840269883959 0.017815303537637637 0.0026539466199605225 -0.020405306003743739
leaf_weight=12.011957883834837 7.1978514194488525 9.2125717550516111 26.717082411050797 28.946711152791977 55.288327723741531 7.2743166685104352
leaf_count=49 30 38 113 120 232 32
internal_value=0.00170665 0.00390986 0.00166614 0.010903 -0.00261072 -0.0155366
internal_weight=146.649 132.177 120.165 38.1593 82.0054 14.4722
internal_count=614 552 503 158 345 62
is_linear=0
shrinkage=0.03


Tree=35
num_leaves=9
num_cat=0
split_feature=34 5 21 14 19 34 17 5
split_gain=10.3558 12.8477 6.9467 7.75951 6.95196 4.56221 2.58151 0.69367
threshold=0.037058102974630087 -0.029304254212948851 0.014363210503014154 6.9784022290070888 0.091151931190489102 0.018141509721199548 0.048217629253493051 -0.017371216805766528
decision_type=2 2 2 2 2 2 2 2
left_child=1 5 4 -4 -3 6 -1 -2
right_child=7 2 3 -5 -6 -7 -8 -9
leaf_value=0.0046969836550264689 -0.033064193696829634 -0.0048599903878401192 -0.013167545882018008 0.020270159724561494 -0.028645005304467151 0 0.028056866271306317 -0.010334210686108281
leaf_weight=8.8720379173755664 6.7433905899524689 64.001744657754898 7.5233231186866787 15.338566705584524 12.464090108871458 13.25011560320854 17.148857221007347 7.5640972405672056
leaf_count=36 31 270 32 62 52 54 70 34
internal_value=-0.00207506 0.000472915 -0.00517168 0.00848917 -0.00955947 0.014672 0.0215312 -0.0247083
internal_weight=152.906 138.599 99.3277 22.8619 76.4658 39.271 26.0209 14.3075
internal_count=641 576 416 94 322 160 106 65
is_linear=0
shrinkage=0.03


Tree=36
num_leaves=9
num_cat=0
split_feature=34 5 20 28 34 25 17 5
split_gain=9.96109 12.1996 6.7663 6.77809 4.33217 3.81616 2.43121 0.67279
threshold=0.037058102974630087 -0.029304254212948851 0.01972747713081224 9.5000000000000018 0.018141509721199548 0.22485751057179632 0.048217629253493051 -0.017371216805766528
decision_type=2 2 2 2 2 2 2 2
left_child=1 4 3 -3 6 -4 -1 -2
right_child=7 2 5 -5 -6 -7 -8 -9
leaf_value=0.0045808588266716428 -0.032588792316005755 -0.0036148578768491505 -0.0034895795440069667 -0.024322634376366243 0 0.021971220032659781 0.027338741768508163 -0.010113949889222595
leaf_weight=8.8746945410966891 6.6668445318937302 64.665006056427956 7.2802680283784893 17.620822310447693 13.25011560320854 9.6158390492200834 17.124235585331917 7.5408742874860746
leaf_count=36 31 271 30 76 54 39 70 34
internal_value=-0.00203359 0.000459065 -0.00504423 -0.00869914 0.0142998 0.0109986 0.0209882 -0.0243056
internal_weight=152.639 138.431 99.1819 82.2858 39.249 16.8961 25.9989 14.2077
internal_count=641 576 416 347 160 69 106 65
is_linear=0
shrinkage=0.03


Tree=37
num_leaves=9
num_cat=0
split_feature=34 5 20 2 38 9 13 5
split_gain=9.58893 11.5745 6.41887 4.23387 4.18046 2.68281 1.69789 0.653456
threshold=0.037058102974630087 -0.029304254212948851 0.01972747713081224 -0.01524763654000588 0.012942206710135842 0.028085120204504058 2.0540226536541728 -0.017371216805766528
decision_type=2 2 2 2 2 2 2 2
left_child=1 4 3 -3 6 -4 -1 -2
right_child=7 2 5 -5 -6 -7 -8 -9
leaf_value=0.026177955968859336 -0.032128685893549148 0.0070194097686203886 0 -0.011231637337196052 -0.00055347603780068891 0.021506910128653311 0.0073570276464654345 -0.0098983558314107573
leaf_weight=16.299318790435795 6.5892656445503235 11.099426865577696 8.9981492757797259 71.037976279854774 10.958310320973395 7.8997547030448905 11.963850796222685 7.5178802907466871
leaf_count=66 31 46 37 301 45 32 49 34
internal_value=-0.00198691 0.000452496 -0.0049105 -0.00847882 0.0139393 0.0107024 0.0197194 -0.0239132
internal_weight=152.364 138.257 99.0353 82.1374 39.2215 16.8979 28.2632 14.1071
internal_count=641 576 416 347 160 69 115 65
is_linear=0
shrinkage=0.03


Tree=38
num_leaves=7
num_cat=0
split_feature=36 5 36 38 17 38
split_gain=7.26438 7.22492 4.90149 5.93335 4.47604 5.12722
threshold=0.0033543038188709453 -0.025536309742286153 0.004625216253758036 0.008022891614158912 -1.2075322153609089 0.012371651458243602
decision_type=2 2 2 2 2 2
left_child=-1 4 -3 -4 -2 -6
right_child=1 2 3 -5 5 -7
leaf_value=0.019490222154531115 -0.0085060190335925021 -0.023900075083021843 -0.01574215314889732 0.00067308633427540763 0.018754607536668657 -0.0041464056284099202
leaf_weight=10.888348758220671 12.356272682547567 14.582868203520773 28.490752756595612 51.619018644094467 22.998738572001457 11.178256198763846
leaf_count=45 51 63 125 215 95 47
internal_value=-0.00192682 -0.00393188 -0.00868972 -0.00522349 0.0054001 0.0110346
internal_weight=152.114 141.226 94.6926 80.1098 46.5333 34.177
internal_count=641 596 403 340 193 142
is_linear=0
shrinkage=0.03


Tree=39
num_leaves=6
num_cat=0
split_feature=36 14 25 35 13
split_gain=6.89579 6.92454 6.2286 5.59723 3.23221
threshold=0.0033543038188709453 -59.111104940663147 0.15246166263115421 0.061681692288194097 5.9353835212654298
decision_type=2 2 2 2 2
left_child=-1 -2 4 -4 -3
right_child=1 2 3 -5 -6
leaf_value=0.018965535465103888 0.020270839171348257 -0.017062270634140234 0.0020992696027872801 -0.022460833976949948 0.0016895689174868604
leaf_weight=10.908899471163748 7.8183184415101996 41.891726642847061 75.955167353153229 7.3264907598495475 8.039565294981001
leaf_count=45 32 179 318 33 34
internal_value=-0.00187678 -0.00383648 -0.00564119 -0.00036153 -0.0138054
internal_weight=151.94 141.031 133.213 83.2817 49.9313
internal_count=641 596 564 351 213
is_linear=0
shrinkage=0.03


Tree=40
num_leaves=8
num_cat=0
split_feature=13 32 34 36 10 4 15
split_gain=6.21057 6.30262 7.11024 8.35358 4.37798 3.10021 6.68672
threshold=11.071536678852963 -0.0025316131237183566 -0.0035264739107390693 0.003466028208224677 0.01832596607234405 0.013680840205428037 -18.52050024191271
decision_type=2 2 2 2 2 2 2
left_child=1 5 4 -4 -3 6 -1
right_child=-2 2 3 -5 -6 -7 -8
leaf_value=0.018041356713618655 0.020441686346907465 0.0089230689308739345 0.012759024809882575 -0.017997937405192867 -0.013640298380508955 0.016837181684613414 -0.0093948480625280131
leaf_weight=10.40019901096821 8.8603124320507032 27.077006727457047 7.2669066339731208 51.867594927549362 8.2918376326560956 13.605468049645422 20.454436078667641
leaf_count=43 37 112 30 223 35 56 86
internal_value=-0.00126603 -0.00302691 -0.00743183 -0.0136792 0.002785 0.00593009 0
internal_weight=147.824 138.963 94.5033 59.1345 35.3688 44.4601 30.8546
internal_count=622 585 400 253 147 185 129
is_linear=0
shrinkage=0.03


Tree=41
num_leaves=6
num_cat=0
split_feature=22 13 32 11 4
split_gain=8.16318 5.31791 6.97819 5.58393 2.98762
threshold=0.61798837956166786 10.740474481649189 -0.0025316131237183566 -0.032797817632939867 0.013680840205428037
decision_type=2 2 2 2 2
left_child=1 2 4 -4 -1
right_child=-2 -3 3 -5 -6
leaf_value=-0.00044357689497920337 0.020993092354207737 0.018060483190568747 0.010283640500572377 -0.01234820678343662 0.015770851390386684
leaf_weight=27.071697801351547 11.423718154430388 7.4321917146444312 8.8886155635118467 79.926610291004181 12.891506716608999
leaf_count=113 48 31 37 340 53
internal_value=-0.00120668 -0.0034539 -0.00506747 -0.00974145 0.00493185
internal_weight=147.634 136.211 128.778 88.8152 39.9632
internal_count=622 574 543 377 166
is_linear=0
shrinkage=0.03


Tree=42
num_leaves=7
num_cat=0
split_feature=22 38 40 22 17 20
split_gain=7.71337 5.30197 5.72895 5.03716 4.70337 3.40074
threshold=0.61798837956166786 0.0071439465349373158 0.035913360362268561 0.032560137457044787 1.7700781238200956 0.014306015838013756
decision_type=2 2 2 2 2 2
left_child=1 5 4 -4 -3 -1
right_child=-2 2 3 -5 -6 -7
leaf_value=-0.030724434110502383 0.020401450160701298 -0.00031612382036661104 0.016809626269728362 -0.0037016683583631681 -0.01641601043349742 -0.003927594710323932
leaf_weight=7.642117619514468 11.459793895483015 54.999373704195023 23.143462225794792 16.061107352375984 22.562409788370132 11.651430845260618
leaf_count=36 48 230 95 67 95 51
internal_value=-0.0011417 -0.0033341 -0.000677293 0.00827083 -0.00548298 -0.017135
internal_weight=147.52 136.06 116.766 39.2046 77.5618 19.2935
internal_count=622 574 487 162 325 87
is_linear=0
shrinkage=0.03


Tree=43
num_leaves=8
num_cat=0
split_feature=38 38 21 3 13 10 21
split_gain=5.79167 5.21709 10.6305 9.13533 4.8546 3.72063 3.43426
threshold=0.0071439465349373158 0.013355769592597353 0.01830039652208966 -0.012798271332728815 9.2119732608877509 -0.0014620666985642459 0.010779114275018551
decision_type=2 2 2 2 2 2 2
left_child=5 3 -3 6 -5 -1 -2
right_child=1 2 -4 4 -6 -7 -8
leaf_value=-0.023411889593432232 0.031873796216435053 -0.028082505373476136 0.010649014821092918 -0.0039253557866108782 0.015773723067179262 0.00061977334500720282 0.0069217719212093251
leaf_weight=13.585502773523332 10.153507754206659 12.373049765825273 9.2828912585973722 69.26103749871254 11.294416189193724 7.20565241575241 14.278843134641646
leaf_count=63 41 53 38 290 47 31 59
internal_value=-0.00112173 0.00125583 -0.0113494 0.00415967 -0.000666491 -0.0151015 0.0194859
internal_weight=147.435 126.644 21.6559 104.988 80.5555 20.7912 24.4324
internal_count=622 528 91 437 337 94 100
is_linear=0
shrinkage=0.03


Tree=44
num_leaves=8
num_cat=0
split_feature=34 36 15 17 4 28 3
split_gain=5.63587 5.32869 4.61802 4.30694 6.29091 2.94964 2.62896
threshold=0.027805095720300769 0.0063726376729655249 -42.243243717682837 1.7357471065294574 0.02157205516470018 8.5000000000000018 -0.010785458206147512
decision_type=2 2 2 2 2 2 2
left_child=2 6 -1 4 -4 -5 -2
right_child=1 -3 3 5 -6 -7 -8
leaf_value=0.01812616117649038 0.01012632934978935 -0.027978153824084886 -0.0016448114113313634 -0.0023834619637944456 0.016793048990690895 -0.023689868604388244 -0.011026766196801849
leaf_weight=11.670234650373457 7.383256301283839 10.365674674510954 59.5301643460989 20.229306459426883 20.417469814419746 7.9526149481534949 9.701861649751665
leaf_count=48 31 48 250 84 84 34 43
internal_value=-0.00107673 -0.0129024 0.0016772 -0.000258847 0.00317583 -0.0100643 -0.000996365
internal_weight=147.251 27.4508 119.8 108.13 79.9476 28.1819 17.0851
internal_count=622 122 500 452 334 118 74
is_linear=0
shrinkage=0.03


Tree=45
num_leaves=5
num_cat=0
split_feature=15 36 13 25
split_gain=5.85997 4.88872 3.32546 4.11952
threshold=-45.717997153467245 0.0033543038188709453 -8.7147525348808674 0.15741880868092969
decision_type=2 2 2 2
left_child=-1 -2 -3 -4
right_child=1 2 3 -5
leaf_value=0.020729624574903821 0.019411881860532609 0.012345546688637897 -0.010021925419267956 0.0012479773272641636
leaf_weight=12.103452786803244 9.2010714858770353 12.208530962467192 43.883362621068954 74.144849494099617
leaf_count=50 38 51 188 314
internal_value=0.00228207 0.000304256 -0.00120542 -0.00291442
internal_weight=151.541 139.438 130.237 118.028
internal_count=641 591 553 502
is_linear=0
shrinkage=0.03


Tree=46
num_leaves=8
num_cat=0
split_feature=34 38 0 20 20 34 34
split_gain=7.526 4.8666 5.95108 5.17177 4.35838 3.03233 0.657259
threshold=0.036588002039365637 0.0069881792206707401 0.0028091074099755313 0.013376219700021619 0.014226931040114948 -0.0006112377013928193 0.043480416165035625
decision_type=2 2 2 2 2 2 2
left_child=1 4 3 -3 -1 -4 -2
right_child=6 2 5 -5 -6 -7 -8
leaf_value=-0.02530589648355638 -0.0050690513366848438 -0.0058500212585403145 0.0061461611059279954 0.014993593699181526 0.0022777937030597755 -0.0083840377970036597 -0.024576199188167475
leaf_weight=6.7500453889369991 6.4456646889448148 10.529190242290495 21.654710948467255 64.275664016604424 9.7705912590026838 25.555613964796066 6.5022494494915009
leaf_count=32 30 44 90 264 42 108 31
internal_value=0.00223732 0.00444837 0.00661026 0.0117885 -0.0096982 -0.0014355 -0.0178463
internal_weight=151.484 138.536 122.015 74.8049 16.5206 47.2103 12.9479
internal_count=641 580 506 308 74 198 61
is_linear=0
shrinkage=0.03


Tree=47
num_leaves=8
num_cat=0
split_feature=15 28 36 12 38 15 11
split_gain=5.5179 8.13255 7.53041 6.29226 7.1146 2.4663 1.71364
threshold=-42.243243717682837 8.5000000000000018 0.0042088090596855273 74.165538170673628 0.013679050503753086 11.133821082072828 -0.037804626749162566
decision_type=2 2 2 2 2 2 2
left_child=6 3 -3 4 -2 -4 -1
right_child=1 2 5 -5 -6 -7 -8
leaf_value=0.026710534356639119 0.011238429737041443 0.011746175795355815 -0.023006342813338014 -0.015932195928690284 -0.013289040010483115 -0.0042801686971805598 0.0037962215850893743
leaf_weight=7.9130629003047943 73.505148187279701 8.6258881688117963 20.927056759595871 9.1103551089763624 10.137994468212126 13.343707412481306 7.8060588091611844
leaf_count=33 309 36 92 38 42 59 32
internal_value=0.00214467 0 -0.0104312 0.00506836 0.00784951 -0.0167667 0.0178908
internal_weight=151.369 135.65 42.8967 92.7535 83.6431 34.2708 15.7191
internal_count=641 576 187 389 351 151 65
is_linear=0
shrinkage=0.03


Tree=48
num_leaves=9
num_cat=0
split_feature=34 5 4 12 38 27 36 38
split_gain=7.14113 4.95198 5.18836 8.50892 6.04626 3.78665 1.94724 1.23387
threshold=0.036588002039365637 -0.029304254212948851 0.016818851227283219 74.165538170673628 0.0088540980773597188 1.5000000000000002 0.0063726376729655249 0.012078042554052332
decision_type=2 2 2 2 2 2 2 2
left_child=1 5 4 -4 -3 -1 -2 -7
right_child=6 2 3 -5 -6 7 -8 -9
leaf_value=0 -0.0018918289755929375 -0.014871721670053689 0.015692249783902112 -0.013299073240957863 0.003702174120155589 0.025637159617983522 -0.027411991384336393 0.0059465842826859619
leaf_weight=14.172993451356886 6.4835817664861661 27.581869930028915 33.265673503279686 10.046223968267439 30.473891854286194 14.890485227108003 6.3800442963838577 8.012088403105734
leaf_count=58 30 122 137 42 127 61 31 33
internal_value=0.00207666 0.00423039 0.000565794 0.00834646 -0.00507377 0.013324 -0.0175437 0.0203819
internal_weight=151.307 138.443 101.368 43.3119 58.0558 37.0756 12.8636 22.9026
internal_count=641 580 428 179 249 152 61 94
is_linear=0
shrinkage=0.03


Tree=49
num_leaves=8
num_cat=0
split_feature=34 38 2 37 38 20 36
split_gain=6.8516 4.47742 6.00658 6.718 5.98301 4.13925 1.87919
threshold=0.036588002039365637 0.0069881792206707401 -0.010321728103093229 0.014694745414526091 0.01256128634257383 0.014226931040114948 0.0063726376729655249
decision_type=2 2 2 2 2 2 2
left_child=1 5 4 -4 -3 -1 -2
right_child=6 2 3 -5 -6 -7 -8
leaf_value=-0.024798791928433105 -0.0018493065397234734 0.024195804342437861 0.011325717543827543 -0.0047713759680046968 -0.0037471418287108706 0.0021391884850813854 -0.027016911220911884
leaf_weight=6.6595139056444195 6.4797298908233625 23.725211203098301 38.257217884063721 52.375986009836197 7.5751492828130713 9.7667574733495695 6.3094604164361954
leaf_count=32 30 97 159 219 31 42 31
internal_value=0.0020131 0.00412142 0.00619732 0.00195927 0.0171639 -0.0094742 -0.0172543
internal_weight=151.149 138.36 121.934 90.6332 31.3004 16.4263 12.7892
internal_count=641 580 506 378 128 74 61
is_linear=0
shrinkage=0.03


end of trees

feature_importances:
macro_topix_vol_20=44
macro_usdjpy_ret_20=32
volatility=22
return_20d=21
macro_usdjpy_vol_20=20
macd=18
month=18
macd_signal=14
bb_bandwidth=14
macd_hist_change=13
atr_pct=13
vol_change=13
macro_usdjpy_ret_60=13
return_5d=11
div_ma_60=10
return_1d=8
return_3d=8
return_10d=8
ma_5_20_cross=8
ma_20_60_cross=8
gap=8
rsi_change=7
vol_ratio=7
bb_pct_b=6
upper_shadow_pct=6
price_position_20d=6
return_2d=5
lower_shadow_pct=5
macro_topix_ret_20=5
day_of_week=4
macro_nikkei_ret_20=4
div_ma_5=3
rsi=3
macd_hist=3
candle_body_pct=2
div_ma_10=1
div_ma_20=1
streak=1

parameters:
[boosting: gbdt]
[objective: binary]
[metric: binary_logloss]
[tree_learner: serial]
[device_type: cpu]
[data_sample_strategy: bagging]
[data: ]
[valid: ]
[num_iterations: 50]
[learning_rate: 0.03]
[num_leaves: 15]
[num_threads: 0]
[seed: 42]
[deterministic: 0]
[force_col_wise: 0]
[force_row_wise: 0]
[histogram_pool_size: -1]
[max_depth: 4]
[min_data_in_leaf: 30]
[min_sum_hessian_in_leaf: 0.001]
[bagging_fraction: 0.7]
[pos_bagging_fraction: 1]
[neg_bagging_fraction: 1]
[bagging_freq: 5]
[bagging_seed: 400]
[bagging_by_query: 0]
[feature_fraction: 0.6]
[feature_fraction_bynode: 1]
[feature_fraction_seed: 30056]
[extra_trees: 0]
[extra_seed: 12879]
[early_stopping_round: 0]
[early_stopping_min_delta: 0]
[first_metric_only: 0]
[max_delta_step: 0]
[lambda_l1: 0.5]
[lambda_l2: 2]
[linear_lambda: 0]
[min_gain_to_split: 0]
[drop_rate: 0.1]
[max_drop: 50]
[skip_drop: 0.5]
[xgboost_dart_mode: 0]
[uniform_drop: 0]
[drop_seed: 17869]
[top_rate: 0.2]
[other_rate: 0.1]
[min_data_per_group: 100]
[max_cat_threshold: 32]
[cat_l2: 10]
[cat_smooth: 10]
[max_cat_to_onehot: 4]
[top_k: 20]
[monotone_constraints: ]
[monotone_constraints_method: basic]
[monotone_penalty: 0]
[feature_contri: ]
[forcedsplits_filename: ]
[refit_decay_rate: 0.9]
[cegb_tradeoff: 1]
[cegb_penalty_split: 0]
[cegb_penalty_feature_lazy: ]
[cegb_penalty_feature_coupled: ]
[path_smooth: 0]
[interaction_constraints: ]
[verbosity: -1]
[saved_feature_importance_type: 0]
[use_quantized_grad: 0]
[num_grad_quant_bins: 4]
[quant_train_renew_leaf: 0]
[stochastic_rounding: 1]
[linear_tree: 0]
[max_bin: 255]
[max_bin_by_feature: ]
[min_data_in_bin: 5]
[bin_construct_sample_cnt: 200000]
[data_random_seed: 175]
[is_enable_sparse: 1]
[enable_bundle: 1]
[use_missing: 1]
[zero_as_missing: 0]
[feature_pre_filter: 1]
[pre_partition: 0]
[two_round: 0]
[header: 0]
[label_column: ]
[weight_column: ]
[group_column: ]
[ignore_column: ]
[categorical_feature: ]
[forcedbins_filename: ]
[precise_float_parser: 0]
[parser_config_file: ]
[objective_seed: 16083]
[num_class: 1]
[is_unbalance: 0]
[scale_pos_weight: 1]
[sigmoid: 1]
[boost_from_average: 1]
[reg_sqrt: 0]
[alpha: 0.9]
[fair_c: 1]
[poisson_max_delta_step: 0.7]
[tweedie_variance_power: 1.5]
[lambdarank_truncation_level: 30]
[lambdarank_norm: 1]
[label_gain: ]
[lambdarank_position_bias_regularization: 0]
[eval_at: ]
[multi_error_top_k: 1]
[auc_mu_weights: ]
[num_machines: 1]
[local_listen_port: 12400]
[time_out: 120]
[machine_list_filename: ]
[machines: ]
[gpu_platform_id: -1]
[gpu_device_id: -1]
[gpu_use_dp: 0]
[num_gpu: 1]

end of parameters

pandas_categorical:[]
