tree
version=v4
num_class=1
num_tree_per_iteration=1
label_index=0
max_feature_idx=44
objective=binary sigmoid:1
feature_names=return_1d return_2d return_3d return_5d return_10d return_20d div_ma_5 div_ma_10 div_ma_20 div_ma_60 ma_5_20_cross ma_20_60_cross rsi rsi_change macd macd_signal macd_hist macd_hist_change bb_pct_b bb_bandwidth atr_pct volatility vol_change vol_ratio candle_body_pct upper_shadow_pct lower_shadow_pct day_of_week month is_month_end is_month_start streak gap price_position_20d macro_usdjpy_ret_20 macro_usdjpy_ret_60 macro_usdjpy_vol_20 macro_topix_ret_20 macro_topix_vol_20 macro_topix_above_200dma macro_nikkei_ret_20 macro_nikkei_above_200dma macro_nikkei_vi macro_jgb10y macro_bias_score
feature_infos=[-0.087591240875912413:0.16526610644257711] [-0.13998929336188437:0.19732337379396192] [-0.15179514255543824:0.21506380329909747] [-0.15491846396633346:0.23436041083099912] [-0.18439517260735339:0.22315592903828207] [-0.18056206088992977:0.26206037970743856] [-0.1080946035976016:0.071056241426611794] [-0.12227493844213561:0.097501671630903897] [-0.16265978656033775:0.1409523207684287] [-0.21830637505069994:0.22649825375748983] [-0.098880457953817058:0.0985234568661566] [-0.10508450537761482:0.12100503489854586] [7.4879227053140198:92.100538599640942] [-23.130999202398307:23.778711166609909] [-850.09264835708382:1082.0943347062639] [-727.49336015041865:959.38590026946144] [-347.38550676731131:370.20326218213899] [-129.44440360422749:113.68028882144685] [-0.27481088238826878:1.3543980947925283] [0.03074133860163062:0.28902723377067446] [0.016724137931034482:0.055097680097680089] [0.008949052277275639:0.052922244735539706] [-0.91126723913609164:4.7554850154047239] [0.5208094017849253:1.8359211912761686] [-0.97142857142857142:0.97101449275362317] [0:0.9642857142857143] [0:0.91428571428571426] [0:4] [1:12] none [0:1] [-9:8] [-0.079728921666334496:0.17429193899782125] [0:1] [-0.10288784967882303:0.08505611680078462] [-0.13986255140503889:0.13160084488587853] [0.0024251968629527628:0.011841457708833433] [-0.22586491944566001:0.19897857359448179] [0.0040695656242548776:0.036437272436454948] [0:1] [-0.22859537662338159:0.23022297972565586] [0:1] none none none
tree_sizes=1193 1099 1293 1161 1305 1068 890 1284 993 871 1292 1098 1210 1105 1189 973 1079 1000 997 1210 894 881 1005 970 1002 894 975 1093 1000 671 1293 1183 886 893 892 1080 1101 891 1305 1086 1189 1205 1055 1196 991 889 993 1184 890 994

Tree=0
num_leaves=10
num_cat=0
split_feature=18 1 37 26 7 7 35 0 36
split_gain=21.5367 15.0006 11.7315 5.25745 5.19392 14.6375 4.75116 3.45488 1.55203
threshold=0.57516704387299389 0.020139038650719868 0.026896470398688036 0.26909814323607434 0.042786007914873747 0.028043041277157985 0.047612426125369763 0.0041730559006675225 0.0078295656473835618
decision_type=2 2 2 2 2 2 2 2 2
left_child=1 2 8 -4 5 6 -2 -7 -1
right_child=4 -3 3 -5 -6 7 -8 -9 -10
leaf_value=-0.067280395796319781 -0.10113214129990487 -0.11613188149888341 -0.11208448424941408 -0.082878785872699909 -0.1187627490314976 -0.091968489142421603 -0.12378752105021257 -0.06747423700452089 -0.086691159068552834
leaf_weight=40.165009945631027 33.678735047578812 8.2325796782970411 8.7315239012241381 8.9809960126876813 16.964103579521179 8.4820517897605914 12.473605573177336 9.4799402356147748 7.7336354553699485
leaf_count=161 135 33 35 36 68 34 50 38 31
internal_value=-0.093829 -0.0823563 -0.077307 -0.0970952 -0.104438 -0.0997256 -0.108634 -0.0782109 -0.0697767
internal_weight=154.922 73.8437 65.6112 17.7125 81.0784 64.1143 46.1523 17.962 47.8986
internal_count=621 296 263 71 325 257 185 72 192
is_linear=0
shrinkage=1


Tree=1
num_leaves=9
num_cat=0
split_feature=8 17 35 17 9 38 38 38
split_gain=16.7309 13.7808 8.16815 9.22379 7.74253 5.559 5.71928 4.61152
threshold=0.0083952218306691927 28.4400127846766 1.0000000180025095e-35 -16.321705416769557 0.0061532490186354538 0.0066337295957452358 0.010782881054116357 0.0079398430769895053
decision_type=2 2 2 2 2 2 2 2
left_child=1 2 7 -4 -2 -6 -7 -1
right_child=4 -3 3 -5 5 6 -8 -9
leaf_value=-0.013735407979819534 0.011286031614541159 -0.023865028955298677 0.0002942437132271932 0.030434813309003328 0.0071031702782507001 -0.022980480855028164 -0.002288862779883345 0.011461496383611779
leaf_weight=11.229483976960184 9.9736600220203382 8.226640433073042 14.725874423980711 27.707059040665627 7.4810460060834876 45.870330572128296 18.951073467731476 10.731689766049383
leaf_count=45 40 33 59 111 30 184 76 43
internal_value=-0.00182511 0.00843201 0.0133786 0.0207965 -0.0110418 -0.0145445 -0.0174052 -0.000867576
internal_weight=154.897 72.6207 64.3941 42.4329 82.2761 72.3025 64.8214 21.9612
internal_count=621 291 258 170 330 290 260 88
is_linear=0
shrinkage=0.03


Tree=2
num_leaves=11
num_cat=0
split_feature=6 15 11 11 38 35 37 35 38 22
split_gain=18.1131 16.5573 10.8819 7.83719 7.48981 6.40655 6.15109 5.87954 8.46912 2.71528
threshold=0.0050914906502272051 115.18981399083019 -0.028956248421471761 0.037094649648628193 0.0078995966504895147 0.022017727214020181 0.015593032464615854 0.001149359990594623 0.0089079081156353945 -0.081962238604660939
decision_type=2 2 2 2 2 2 2 2 2 2
left_child=1 4 -2 9 -1 -5 -6 -4 -9 -3
right_child=2 3 7 5 6 -7 -8 8 -10 -11
leaf_value=0 0.015159341279968335 -0.003489280117728298 -0.032038281134188953 0.021884237919145011 0.033351013844011124 -0.0077530415708289956 0.00038185849052456796 0.0038095547350073026 -0.021850524651997213 -0.02929363178086777
leaf_weight=13.474453166127203 8.4791008532047254 8.2283513844013232 17.693624168634415 9.4781975299119967 24.974194005131721 12.718189194798468 7.484850972890853 18.93437871336937 23.168175622820854 10.220098301768301
leaf_count=54 34 33 71 38 100 51 30 76 93 41
internal_value=-0.00176624 0.0071715 -0.013195 -0.00636841 0.0192312 0.00504542 0.0266472 -0.0178189 -0.0103211 -0.0199849
internal_weight=154.854 86.5783 68.2753 40.6448 45.9335 22.1964 32.459 59.7962 42.1026 18.4484
internal_count=621 347 274 163 184 89 130 240 169 74
is_linear=0
shrinkage=0.03


Tree=3
num_leaves=10
num_cat=0
split_feature=18 17 17 38 38 36 18 11 10
split_gain=18.6175 13.3518 7.81657 7.36998 7.35432 5.67218 5.37551 5.0955 4.45037
threshold=0.57516704387299389 28.4400127846766 -5.4931384763751856 0.007566951312943845 0.011313420750033387 0.00760446360765783 0.97252790440065062 0.0053072259890157856 0.0038324445033046666
decision_type=2 2 2 2 2 2 2 2 2
left_child=1 2 5 -4 6 -1 8 -6 -2
right_child=4 -3 3 -5 7 -7 -8 -9 -10
leaf_value=0.01059828150075658 0 -0.02294600142741527 0 0.034756905680666333 0.019671732563574056 -0.014386131413389409 0.00085976703973460764 -0.0082702554214397848 -0.024380025189129968
leaf_weight=29.964073970913887 7.967273697257041 8.2053802311420423 7.7336470484733608 19.241182804107666 8.2318771034479159 8.7274771332740766 11.205504536628721 11.207463771104811 42.313951820135117
leaf_count=120 32 33 31 77 33 35 45 45 170
internal_value=-0.00171821 0.00893308 0.0136987 0.0256258 -0.0116029 0.00416394 -0.0166055 0.00359384 -0.0206687
internal_weight=154.798 73.8718 65.6664 26.9748 80.9261 38.6916 61.4867 19.4393 50.2812
internal_count=621 296 263 108 325 155 247 78 202
is_linear=0
shrinkage=0.03


Tree=4
num_leaves=11
num_cat=0
split_feature=18 1 38 21 18 19 13 3 11 40
split_gain=17.5394 13.0248 6.95999 5.49799 6.75152 5.07434 7.70189 5.52353 4.84946 1.2161
threshold=0.57516704387299389 0.020139038650719868 0.011313420750033387 0.018323335864541063 0.77281829561422055 0.10938710565169067 -1.4993197347221139 -0.038285564995623682 0.0053072259890157856 0.049130561826799209
decision_type=2 2 2 2 2 2 2 2 2 2
left_child=1 5 3 4 -2 7 -7 -1 -4 -5
right_child=2 -3 8 9 -6 6 -8 -9 -10 -11
leaf_value=-0.015760721572176985 -0.02328576242138242 -0.02282020906305917 0.019185192917072949 -0.032925786538188069 0.0019021143824148145 0.0047088524996465077 0.033601024810818281 0.011028476464572905 -0.0080633054142195057 -0.011655279526245196
leaf_weight=7.4875370115041759 12.926604107022284 8.1975466161966306 8.2380409240722674 15.40355968475342 23.390973046422005 17.719935089349747 18.230363637208939 22.228520765900612 11.201677232980726 9.6934156566858274
leaf_count=30 52 33 33 62 94 71 73 89 45 39
internal_value=-0.0016657 0.00866792 -0.0112683 -0.0161414 -0.00741907 0.0133788 0.020754 0.00323726 0.00349676 -0.0267305
internal_weight=154.718 73.8639 80.8543 61.4146 36.3176 65.6664 35.9503 29.7161 19.4397 25.097
internal_count=621 296 325 247 146 263 144 119 78 101
is_linear=0
shrinkage=0.03


Tree=5
num_leaves=9
num_cat=0
split_feature=5 14 15 28 37 10 2 12
split_gain=18.8103 10.3693 9.8804 8.56017 6.88271 6.15781 3.37407 0.568211
threshold=0.057018821061817 351.82402140864002 301.78220210999564 11.500000000000002 -0.001461105160022069 0.059131727155154142 0.036381751831895522 52.001029591214163
decision_type=2 2 2 2 2 2 2 2
left_child=2 6 3 4 -1 -3 -2 -4
right_child=1 5 7 -5 -6 -7 -8 -9
leaf_value=0.016271328354997033 0.012013791358419965 -0.032306500977656208 0.012762048507392269 -0.018105163128773659 -0.00064682505787204859 0 -0.011051855578851261 0.036625018269599838
leaf_weight=37.415779829025269 11.692297503352167 22.373116388916973 7.4854279905557615 11.959483608603476 44.106659829616547 7.7076021134853354 7.4626808762550345 7.7200193107128143
leaf_count=150 47 90 30 48 177 31 30 31
internal_value=0.000511616 -0.0144238 0.00755131 0.00344343 0.00714208 -0.0249038 0.0021232 0.0285985
internal_weight=157.923 49.2357 108.687 93.4819 81.5224 30.0807 19.155 15.2054
internal_count=634 198 436 375 327 121 77 61
is_linear=0
shrinkage=0.03


Tree=6
num_leaves=7
num_cat=0
split_feature=37 17 38 20 9 3
split_gain=18.0734 11.4816 11.8198 9.4299 7.07233 1.58456
threshold=0.061208971141158093 33.142431483274009 0.0094324027601269036 0.020586815169576191 0.087412908602069891 0.050241925791029048
decision_type=2 2 2 2 2 2
left_child=1 2 3 -1 -4 -3
right_child=-2 5 4 -5 -6 -7
leaf_value=0.024543218307254869 -0.028758204242254087 -0.0050040589132693304 0.020912793449229989 -0.0058984462282375087 -0.0067789333917322222 -0.027122724379812328
leaf_weight=8.7239677459001523 14.904333755373953 8.7003380209207553 50.897584691643715 59.015213772654533 7.9481772780418387 7.6952643841505042
leaf_count=35 60 35 204 237 32 31
internal_value=0.000496974 0.00400465 0.00721005 -0.00117143 0.0168261 -0.018021
internal_weight=157.885 142.981 126.585 67.7392 58.8458 16.3956
internal_count=634 574 508 272 236 66
is_linear=0
shrinkage=0.03


Tree=7
num_leaves=11
num_cat=0
split_feature=5 32 14 10 34 19 5 19 3 37
split_gain=17.1882 9.65834 9.56927 5.81438 5.36496 5.04806 4.66965 6.289 4.41411 2.79621
threshold=0.057018821061817 0.00071327002765064773 351.82402140864002 0.059131727155154142 -0.018521515752735914 0.10299198967946901 -0.014215512123475381 0.13837277861819583 0.036058712949908485 0.0057720335574547041
decision_type=2 2 2 2 2 2 2 2 2 2
left_child=1 4 8 -4 -1 -6 7 -3 -2 -8
right_child=2 6 3 -5 5 -7 9 -9 -10 -11
leaf_value=-0.000305841785255865 0.015919745116667879 -0.025624627029938972 -0.031135146172182507 0 0.0073843342692664809 0.02840558288600201 0.017160412726290691 0.0042682328772724381 -0.010099045992884794 -0.0018731574250110726
leaf_weight=14.716751396656035 9.2139593809843081 12.208004370331766 22.283042520284656 7.7014769017696372 23.435031563043594 25.209095850586891 8.9655999839305895 9.214497506618498 9.9403660446405393 14.94511505961418
leaf_count=59 37 49 90 31 94 101 36 37 40 60
internal_value=0.000460195 0.00718939 -0.0138304 -0.0239243 0.0146203 0.019266 -0.00305864 -0.0128598 0.00202971 0.00545849
internal_weight=157.833 108.694 49.1388 29.9845 63.3609 48.6441 45.3332 21.4225 19.1543 23.9107
internal_count=634 436 198 121 254 195 182 86 77 96
is_linear=0
shrinkage=0.03


Tree=8
num_leaves=8
num_cat=0
split_feature=37 17 38 17 9 15 40
split_gain=16.649 10.7683 10.9289 8.54886 6.45767 1.53029 0.0887746
threshold=0.061208971141158093 33.142431483274009 0.0094324027601269036 -2.7623599097910509 0.087412908602069891 -22.707627829278323 0.089496387461070817
decision_type=2 2 2 2 2 2 2
left_child=1 2 3 -1 -4 -3 -2
right_child=6 5 4 -5 -6 -7 -8
leaf_value=-0.01116533831117047 -0.013207751947230324 -0.0039756922337105755 0.020066046243248887 0.0095293756499209917 -0.0063676930223884832 -0.025669593560459995 -0.034725266351780582
leaf_weight=35.577843010425568 7.4326030462980253 7.9470755904912975 50.911340862512589 32.132722482085228 7.9352726042270652 8.419086351990698 7.40939100086689
leaf_count=143 30 32 204 129 32 34 30
internal_value=0.000443297 0.00380995 0.00691638 -0.00113764 0.0161629 -0.0175323 -0.0276884
internal_weight=157.765 142.923 126.557 67.7106 58.8466 16.3662 14.842
internal_count=634 574 508 272 236 66 60
is_linear=0
shrinkage=0.03


Tree=9
num_leaves=7
num_cat=0
split_feature=40 17 8 4 22 40
split_gain=15.3585 8.38985 6.51604 8.06044 6.30889 3.49091
threshold=0.093382542286192707 33.142431483274009 0.0077193773173937262 -0.03311678770832454 -0.27651604708425964 0.018746010933414329
decision_type=2 2 2 2 2 2
left_child=1 2 3 -1 -4 -3
right_child=-2 5 4 -5 -6 -7
leaf_value=0.0004875065277153416 -0.033962069369166945 -0.026005588600967938 -0.022293695293736954 0.020860862407507261 0.0026499415009895869 0
leaf_weight=34.182432591915131 8.8601989448070508 9.4255565553903597 8.9302264004945737 37.686029449105263 50.945689290761948 7.6612847298383704
leaf_count=137 36 38 36 151 205 31
internal_value=0.000391286 0.00295907 0.00566119 0.0116494 -0.00142822 -0.0154993
internal_weight=157.691 148.831 131.744 71.8685 59.8759 17.0868
internal_count=634 598 529 288 241 69
is_linear=0
shrinkage=0.03


Tree=10
num_leaves=11
num_cat=0
split_feature=18 4 35 11 3 3 0 21 20 19
split_gain=11.6706 9.58636 7.50922 6.89849 7.91936 10.6602 3.85817 3.33093 2.42415 1.95014
threshold=0.57516704387299389 -0.0067340311229651664 -0.010530900344071279 -0.028956248421471761 0.0098235037489025085 0.03062568978387659 0.0018693256625129664 0.017045197758808046 0.026576867732487207 0.1105166103030439
decision_type=2 2 2 2 2 2 2 2 2 2
left_child=1 2 7 -2 8 -6 -4 -1 -5 -3
right_child=3 9 6 4 5 -7 -8 -9 -10 -11
leaf_value=0 0.01258808221845145 0.0082757859939171126 0.016039560884879352 -0.033631092130758794 0.015957405646512476 -0.013158946738867538 -0.0028221539699041284 -0.023204046556014039 -0.0070292438438887871 0.03470782259286681
leaf_weight=7.9749961048364666 9.9724012464284879 7.4899163395166424 23.711586445569992 13.849746972322466 13.904907211661337 35.926021307706833 12.964575693011282 10.226829886436461 7.4313654005527487 9.952515244483946
leaf_count=32 40 30 95 56 56 145 52 41 30 40
internal_value=-0.000543582 0.00799807 0.00124895 -0.00835169 -0.0117574 -0.00444263 0.00918318 -0.0133222 -0.0263879 0.0261481
internal_weight=153.405 72.3204 54.878 81.0844 71.112 49.8309 36.6762 18.2018 21.2811 17.4424
internal_count=617 290 220 327 287 201 147 73 86 70
is_linear=0
shrinkage=0.03


Tree=11
num_leaves=9
num_cat=0
split_feature=5 38 19 34 11 21 12 32
split_gain=10.1825 8.28297 12.7777 11.9334 7.81181 7.56473 3.6128 2.43911
threshold=0.12309449164338306 0.0094324027601269036 0.12432427862695895 0.026734174904065603 0.01874068231441051 0.015683296298060926 37.877758913412571 0.004744007803790474
decision_type=2 2 2 2 2 2 2 2
left_child=1 2 4 5 -1 -3 -4 -2
right_child=7 3 6 -5 -6 -7 -8 -9
leaf_value=-0.004816593048661894 -0.0058899071633836042 -0.005966185448766103 -0.0027926444981775985 -0.01183133311108635 0.018804229860808562 0.022721034957081387 -0.028119630371356522 -0.032395887857708631
leaf_weight=28.601462930440903 8.6336147785186785 8.4678373634815198 9.4813889563083666 14.689884722232817 18.924142390489578 39.564246222376823 17.069742634892464 7.8850853741168967
leaf_count=115 35 34 38 59 76 159 69 32
internal_value=-0.000519137 0.00217751 -0.00443276 0.010112 0.00466562 0.0173275 -0.0204299 -0.0214846
internal_weight=153.317 136.799 74.0767 62.722 47.5256 48.0321 26.5511 16.5187
internal_count=617 550 298 252 191 193 107 67
is_linear=0
shrinkage=0.03


Tree=12
num_leaves=10
num_cat=0
split_feature=18 4 39 38 38 20 38 23 19
split_gain=10.8971 9.08963 6.47348 6.61689 9.71301 5.17999 7.17528 4.14547 1.80199
threshold=0.57516704387299389 -0.0067340311229651664 1.0000000180025095e-35 0.0066785437736529632 0.0093106088556713894 0.025912157188360947 0.008794915034621811 0.88650002438602848 0.1105166103030439
decision_type=2 2 2 2 2 2 2 2 2
left_child=1 5 -2 -4 -5 7 -7 -1 -3
right_child=2 8 3 4 -6 6 -8 -9 -10
leaf_value=-0.0018880930743895529 0.013516338571892625 0.0080408813981625981 0.011574268235844174 -0.024872185555135665 -0.0011428431066004513 -0.02358925903907625 0.0041077979318568832 0.021143407354093861 0.03365631964533574
leaf_weight=10.217029795050623 8.7101958841085416 7.4893064498901394 7.9329722970724097 34.572799310088158 29.738777637481689 11.467449620366098 19.454599231481552 13.713227108120916 9.9503374844789487
leaf_count=41 35 30 32 140 120 46 78 55 40
internal_value=-0.000535105 0.00771436 -0.00809102 -0.0111921 -0.014491 0.00113642 -0.00651709 0.0113444 0.0253866
internal_weight=153.247 72.2919 80.9547 72.2445 64.3116 54.8523 30.922 23.9303 17.4396
internal_count=617 290 327 292 260 220 124 96 70
is_linear=0
shrinkage=0.03


Tree=13
num_leaves=9
num_cat=0
split_feature=5 38 19 34 2 10 9 32
split_gain=9.57231 7.36907 12.1331 11.2691 6.75223 6.43195 4.40034 2.31124
threshold=0.12309449164338306 0.0094324027601269036 0.12432427862695895 0.026734174904065603 0.0067466608074976406 0.0024463101356455579 -0.010058898457196312 0.004744007803790474
decision_type=2 2 2 2 2 2 2 2
left_child=1 2 5 4 -3 -1 -4 -2
right_child=7 3 6 -5 -6 -7 -8 -9
leaf_value=0.016800953980521224 -0.0056433765099199789 0.026230437008281555 -0.0029809314741531599 -0.011703493974801646 0.0027733824180413897 -0.0044001557829594987 -0.029427528733519653 -0.031512629556501255
leaf_weight=20.443293929100037 8.6208042055368441 26.657120525836945 11.217800080776216 14.686211198568342 21.372947573661804 27.047969594597816 15.255622059106825 7.8432067930698386
leaf_count=82 35 107 45 59 86 109 62 32
internal_value=-0.00049526 0.00211482 -0.00411953 0.00959919 0.0166202 0.00473322 -0.0197444 -0.020858
internal_weight=153.145 136.681 73.9647 62.7163 48.0301 47.4913 26.4734 16.464
internal_count=617 550 298 252 193 191 107 67
is_linear=0
shrinkage=0.03


Tree=14
num_leaves=10
num_cat=0
split_feature=18 25 10 11 3 7 35 16 36
split_gain=9.901 9.12268 8.61645 6.18932 7.38037 10.0826 5.30006 5.15099 3.54768
threshold=0.57516704387299389 0.35943234646439937 -0.03506958121599834 -0.028956248421471761 0.0098235037489025085 0.042786007914873747 -0.020092238950399851 -80.226335509373541 0.005918254689754157
decision_type=2 2 2 2 2 2 2 2 2
left_child=1 2 -1 -2 8 -6 -4 -3 -5
right_child=3 7 6 4 5 -7 -8 -9 -10
leaf_value=-0.0055180838605588005 0.012084200095529338 -0.022063147367726927 0 -0.036695511457387857 0.0042017721520209708 -0.024339808622793471 0.027399966161821516 0.0038189048117289312 -0.0083740691889652007
leaf_weight=12.204493939876555 9.9606317579746229 9.7096332013607043 7.7093029618263236 10.564493358135225 36.176057919859886 13.514912486076353 28.66704273223877 13.953142315149305 10.570122286677359
leaf_count=49 40 39 31 43 146 55 115 56 43
internal_value=-0.000502235 0.00735619 0.0147008 -0.00771882 -0.0109652 -0.00391215 0.0218093 -0.00710866 -0.0251279
internal_weight=153.03 72.2436 48.5808 80.7862 70.8256 49.691 36.3763 23.6628 21.1346
internal_count=617 290 195 327 287 201 146 95 86
is_linear=0
shrinkage=0.03


Tree=15
num_leaves=8
num_cat=0
split_feature=40 32 25 17 36 17 0
split_gain=11.4008 6.86318 8.26328 6.21075 5.70494 4.64688 3.25829
threshold=0.089496387461070817 -0.0076576977713524444 0.29653597259231068 0.50844045020681972 0.007998009821287403 11.523923420933452 -0.0079623124837058228
decision_type=2 2 2 2 2 2 2
left_child=1 5 4 -4 -3 6 -1
right_child=-2 2 3 -5 -6 -7 -8
leaf_value=0.0080741570504059591 -0.030608386411944362 0.010129479414559049 -0.022660098303107126 0 -0.011979169099363732 -0.0067096461671347536 0.028159237857156651
leaf_weight=24.848058357834816 7.7919796556234351 48.63886184990406 20.062265083193779 23.029535323381424 10.912400260567663 7.458977371454238 13.1974900662899
leaf_count=100 32 196 81 93 44 30 53
internal_value=0.000640169 0.00276944 -0.00143759 -0.0112814 0.0055769 0.0122359 0.0164744
internal_weight=155.94 148.148 102.643 43.0918 59.5513 45.5045 38.0455
internal_count=629 597 414 174 240 183 153
is_linear=0
shrinkage=0.03


Tree=16
num_leaves=9
num_cat=0
split_feature=14 40 32 40 37 16 32 37
split_gain=11.7164 7.96857 7.31679 6.4544 6.33829 6.29395 4.13668 2.66463
threshold=381.3687204936387 0.049130561826799209 -0.006563106847584931 -0.046118293374991508 0.066275679708338933 130.91358985657897 -0.013202466876291561 0.046902534515677947
decision_type=2 2 2 2 2 2 2 2
left_child=1 2 6 -4 5 -2 -1 -3
right_child=4 7 3 -5 -6 -7 -8 -9
leaf_value=0 0.0067456116492004212 0.034750261054849824 0.017557634884617365 -0.0079183535751086477 -0.036454741706708038 -0.024405158230994969 0.019754195692161983 0.0075451073786736121
leaf_weight=18.667368918657303 12.772790551185613 7.4649441391229656 8.2040071338415128 62.316553443670273 7.775198981165885 7.3663210421800605 21.397136211395264 9.9184173345565778
leaf_count=75 52 30 33 251 32 30 86 40
internal_value=0.000603889 0.00458289 0.00130387 -0.00434529 -0.0162226 -0.00514632 0.0113378 0.0223818
internal_weight=155.883 127.968 110.585 70.5206 27.9143 20.1391 40.0645 17.3834
internal_count=629 515 445 284 114 82 161 70
is_linear=0
shrinkage=0.03


Tree=17
num_leaves=8
num_cat=0
split_feature=40 25 6 11 24 36 38
split_gain=10.5108 5.9648 9.89694 8.66984 7.98039 7.10683 6.27111
threshold=0.089496387461070817 0.35637874132240815 0.0069798888327676526 -0.028956248421471761 -0.18469387755102037 0.007998009821287403 0.01120395538919044
decision_type=2 2 2 2 2 2 2
left_child=1 2 5 -4 -3 -1 -6
right_child=-2 4 3 -5 6 -7 -8
leaf_value=0.01941783314466234 -0.029520219928366145 -0.022526780628459607 0.020941295789048481 -0.011295021760384506 -0.0042186869294168362 -0.0067707648699657707 0.023596836378513668
leaf_weight=48.245958000421524 7.7191823273897162 14.850080251693724 7.4813171029090872 32.154357641935349 28.460146322846413 9.4308804273605329 7.4644980281591407
leaf_count=194 32 60 30 130 115 38 30
internal_value=0.000598129 0.00264047 0.00700867 -0.00413643 -0.00539553 0.0148009 0.00210497
internal_weight=155.806 148.087 97.3125 39.6357 50.7747 57.6768 35.9246
internal_count=629 597 392 160 205 232 145
is_linear=0
shrinkage=0.03


Tree=18
num_leaves=8
num_cat=0
split_feature=14 40 40 2 17 15 20
split_gain=10.8805 7.65199 5.76895 5.03743 8.39914 5.31195 2.32089
threshold=381.3687204936387 0.049130561826799209 0.072860437626275157 0.0079802967807667286 -0.97309388210657477 -146.55250600226614 0.025657046542139714
decision_type=2 2 2 2 2 2 2
left_child=1 3 -2 4 -1 -5 -3
right_child=2 6 -4 5 -6 -7 -8
leaf_value=-0.00016723509440098809 -0.00069270904749736228 0.0070806618121994685 -0.028369006528110106 0.010113513203550984 0.022226440151713493 -0.012687903272596441 0.03286278611053764
leaf_weight=49.459324792027473 14.255714178085329 9.4175374805927294 13.544509097933767 10.214192643761633 18.884592264890671 31.941347375512123 7.9652760475873938
leaf_count=199 58 38 56 41 76 129 32
internal_value=0.000567951 0.00440244 -0.0156792 0.00118639 0.00626329 -0.00661562 0.0218405
internal_weight=155.682 127.882 27.8002 110.499 68.3439 42.1555 17.3828
internal_count=629 515 114 445 275 170 70
is_linear=0
shrinkage=0.03


Tree=19
num_leaves=10
num_cat=0
split_feature=37 25 2 36 5 19 24 36 19
split_gain=9.51109 5.88213 9.22128 8.85205 8.77716 6.65314 3.96737 2.4211 0.142499
threshold=0.061208971141158093 0.35182926829268296 0.010006972744569522 0.007998009821287403 -0.018140225252526673 0.13901469451750281 0.17080889163322016 0.0063794003401976612 0.13469307768987643
decision_type=2 2 2 2 2 2 2 2 2
left_child=1 2 3 -1 -4 6 -3 -7 -2
right_child=8 5 4 -5 -6 7 -8 -9 -10
leaf_value=0.021044718496271781 -0.0087831045290248325 -0.019984714549226235 -0.024128163944993026 -0.0092644124462339418 0.0056133196673455715 -0.0018039312166322572 5.4499433686752086e-05 0.018270692050898051 -0.026061799923413346
leaf_weight=44.234109282493591 7.3540495038032514 20.801038607954979 10.685029447078703 8.6997842043638212 27.199207335710526 7.3869322240352657 12.155008912086485 9.3789005726575834 7.684484988451004
leaf_count=178 30 84 43 35 110 30 49 38 32
internal_value=0.000559772 0.00317638 0.00772149 0.0156344 -0.00318828 -0.00481293 -0.0125844 0.00937699 -0.0205154
internal_weight=155.579 140.54 90.8181 52.9339 37.8842 49.7219 32.956 16.7658 15.0385
internal_count=629 567 366 213 153 201 133 68 62
is_linear=0
shrinkage=0.03


Tree=20
num_leaves=7
num_cat=0
split_feature=37 20 17 17 21 23
split_gain=9.4072 7.74616 6.98741 11.7354 5.91581 2.72553
threshold=0.054631060086592027 0.020586815169576191 1.0000000180025095e-35 32.710373562390451 0.019100420899444626 1.0284905672478226
decision_type=2 2 2 2 2 2
left_child=1 -1 4 -4 -3 -2
right_child=5 2 3 -5 -6 -7
leaf_value=0.021315319814015014 -0.025966319730415389 -0.016790548131346682 0.013448094930075486 -0.014618236276668448 0.001688434667222888 -0.0017264026668137231
leaf_weight=14.396074712276457 13.612780809402468 30.509763360023499 48.401696518063545 16.013767272233963 26.776793226599693 8.0305420011281949
leaf_count=58 56 123 195 65 108 33
internal_value=-0.00097675 0.00193121 -0.000548024 0.00601482 -0.00813454 -0.0185136
internal_weight=157.741 136.098 121.702 64.4155 57.2866 21.6433
internal_count=638 549 491 260 231 89
is_linear=0
shrinkage=0.03


Tree=21
num_leaves=7
num_cat=0
split_feature=37 3 38 36 36 26
split_gain=8.95427 7.43655 8.6929 12.5186 7.40395 1.56557
threshold=0.054631060086592027 0.063367221052133785 0.011313420750033387 0.007998009821287403 0.0060038208782324251 0.25384979862591811
decision_type=2 2 2 2 2 2
left_child=1 2 3 -1 -4 -2
right_child=5 -3 4 -5 -6 -7
leaf_value=0.0042065032751449965 -0.0063085155381472748 -0.020748584959787059 -0.0027751792927045932 -0.025166323437350424 0.028613436670617744 -0.026092999562698335
leaf_weight=86.335850954055786 10.938785403966905 9.8004391640424711 8.4533426612615603 13.321379020810125 18.159561976790428 10.650843471288679
leaf_count=348 45 40 34 54 73 44
internal_value=-0.000956648 0.00187574 0.0040448 0 0.0186218 -0.0180894
internal_weight=157.66 136.071 126.27 99.6572 26.6129 21.5896
internal_count=638 549 509 402 107 89
is_linear=0
shrinkage=0.03


Tree=22
num_leaves=8
num_cat=0
split_feature=20 38 34 36 38 32 34
split_gain=8.80265 9.90106 12.6314 10.428 9.80898 8.24583 0.853421
threshold=0.020586815169576191 0.009677402616270073 -0.019913916260192229 0.007901969307132101 0.0062757769457283327 0.0043168272510254466 -0.024361313246725965
decision_type=2 2 2 2 2 2 2
left_child=-1 3 -3 4 -2 -4 -5
right_child=1 2 5 6 -6 -7 -8
leaf_value=0.019587120020174185 0.023092823085009959 0.02899910936807119 0.0075429258828696036 -0.013387420150577371 -0.0090546496955308045 -0.016276103734057135 -0.038692998963744438
leaf_weight=14.652037620544432 7.9258119761943808 13.412913426756857 30.477774500846863 7.6328236013650921 55.012418299913406 19.658799290657043 8.766755595803259
leaf_count=59 32 54 123 31 223 80 36
internal_value=-0.000952658 -0.00340369 0.00517803 -0.0104204 -0.00418879 -0.00177502 -0.0304657
internal_weight=157.539 142.887 63.5495 79.3378 62.9382 50.1366 16.3996
internal_count=638 579 257 322 255 203 67
is_linear=0
shrinkage=0.03


Tree=23
num_leaves=8
num_cat=0
split_feature=7 17 24 32 18 4 34
split_gain=8.49806 11.0142 6.32391 6.48422 5.6068 7.96802 2.75822
threshold=0.05294161380890449 1.0000000180025095e-35 0.7275604142692752 0.0038181420221901079 0.57516704387299389 -1.0000000180025095e-35 -0.010616597967966821
decision_type=2 2 2 2 2 2 2
left_child=1 4 3 -3 5 -1 -6
right_child=-2 2 -4 -5 6 -7 -8
leaf_value=-0.006943295491729032 -0.025870892315922846 0.022033956589161168 -0.009554374086820288 0.0023943884250038103 0 0.022249950250506852 -0.021857137180083808
leaf_weight=34.312620475888252 9.449760437011717 31.439251855015755 11.597774863243101 32.141963720321655 7.6370106190443066 8.9493949413299543 21.898830637335777
leaf_count=138 39 127 47 130 31 36 90
internal_value=-0.000921496 0.000895502 0.0089225 0.0127102 -0.00721044 0 -0.0168323
internal_weight=157.427 147.977 75.179 63.5812 72.7979 43.262 29.5358
internal_count=638 599 304 257 295 174 121
is_linear=0
shrinkage=0.03


Tree=24
num_leaves=8
num_cat=0
split_feature=20 37 1 6 40 32 37
split_gain=8.22332 8.65389 4.82247 8.38067 4.43321 6.70582 5.49539
threshold=0.020586815169576191 -0.0043939050175758046 0.020840224161298607 -0.011379470706915636 0.0056245404757352411 0.0043168272510254466 0.054631060086592027
decision_type=2 2 2 2 2 2 2
left_child=-1 2 3 -2 5 -3 -6
right_child=1 4 -4 -5 6 -7 -8
leaf_value=0.01894018184221917 -0.0037925864618874833 -0.0035695734252906338 -0.0082409511260277037 0.025228908760616557 4.4309977407654872e-05 -0.039784997372244377 -0.01692974900999112
leaf_weight=14.657052874565123 13.409436792135237 11.91839547455311 10.417158320546148 19.050251603126526 59.214304059743881 7.4144912511110297 21.22007928788662
leaf_count=59 54 48 42 77 240 30 88
internal_value=-0.000902971 -0.0032793 0.00758307 0.0132802 -0.00815229 -0.0205897 -0.0045539
internal_weight=157.301 142.644 42.8768 32.4597 99.7673 19.3329 80.4344
internal_count=638 579 173 131 406 78 328
is_linear=0
shrinkage=0.03


Tree=25
num_leaves=7
num_cat=0
split_feature=37 17 38 21 21 40
split_gain=6.7027 6.1728 9.527 13.4295 7.83722 2.08016
threshold=0.064893291693093116 33.142431483274009 0.0097012643989540029 0.017443483581279295 0.016683531813296969 0.013434786039294157
decision_type=2 2 2 2 2 2
left_child=1 2 3 -1 -4 -3
right_child=-2 5 4 -5 -6 -7
leaf_value=0.0081621048769997123 -0.022814560573241147 -0.025598341155164728 -0.0072388010687308201 -0.016111928013143862 0.018551415643020618 -0.0026841718669078619
leaf_weight=37.126435294747353 10.965845465660093 8.3841506391763705 12.177643746137617 40.421445801854134 38.397851884365082 8.7610979825258237
leaf_count=150 46 34 49 164 155 36
internal_value=-0.00213506 -0.000183547 0.00205706 -0.00438902 0.0120172 -0.0161764
internal_weight=156.234 145.269 128.123 77.5479 50.5755 17.1452
internal_count=634 588 518 314 204 70
is_linear=0
shrinkage=0.03


Tree=26
num_leaves=8
num_cat=0
split_feature=20 38 6 38 23 26 26
split_gain=9.27054 11.0176 13.6286 9.94807 7.29811 6.06158 3.3608
threshold=0.020586815169576191 0.0096654473734181252 0.013177638833366956 0.0066337295957452358 0.87710803432083018 0.34280150416330918 0.2809758771929825
decision_type=2 2 2 2 2 2 2
left_child=-1 3 4 -2 -3 -5 -4
right_child=1 2 6 5 -6 -7 -8
leaf_value=0.020485382069174211 0.0098348662616031465 -0.0029749148582276395 -0.023973003041027542 -0.022293664597794687 0.021653372593170996 -0.0014218833483291154 0
leaf_weight=12.675976216793059 13.574961379170416 14.116331830620764 11.760507240891458 46.80414742231369 30.432348236441612 19.367170408368111 7.3711835592985144
leaf_count=51 55 57 48 191 123 79 30
internal_value=-0.00209675 -0.00444998 0.0046145 -0.0118076 0.0137345 -0.0166258 -0.0152019
internal_weight=156.103 143.427 63.6804 79.7463 44.5487 66.1713 19.1317
internal_count=634 583 258 325 180 270 78
is_linear=0
shrinkage=0.03


Tree=27
num_leaves=9
num_cat=0
split_feature=7 38 34 21 6 19 18 16
split_gain=9.75179 6.87739 9.52295 12.4739 6.79846 7.39026 6.27463 4.05596
threshold=0.053961246852286156 0.0095317260895350277 0.0074667888597346197 0.017700484380528719 0.012151620962571479 0.1130622590621968 0.57516704387299389 53.809149938987183
decision_type=2 2 2 2 2 2 2 2
left_child=1 2 6 -4 5 -3 -1 -6
right_child=-2 4 3 -5 7 -7 -8 -9
leaf_value=-0.0027694733365483397 -0.029407114073908478 -0.00055011513692118457 0.018817964447198163 -0.013128831112326619 -0.021670745249847391 0.021810189544822743 -0.026922234180548767 0.0049498871875325512
leaf_weight=20.839472576975822 8.9046071618795377 20.838814452290535 22.173260048031807 17.882278844714165 8.1347689777612668 29.140297248959541 20.172885060310364 7.8523633331060401
leaf_count=84 37 84 90 73 33 118 83 32
internal_value=-0.00203406 0 -0.00579449 0.00425296 0.00707339 0.012536 -0.0156977 -0.00866508
internal_weight=155.939 147.034 81.0679 40.0555 65.9662 49.9791 41.0124 15.9871
internal_count=634 597 330 163 267 202 167 65
is_linear=0
shrinkage=0.03


Tree=28
num_leaves=8
num_cat=0
split_feature=20 38 6 38 17 34 17
split_gain=8.78907 9.97344 12.2649 9.25292 7.80806 4.83829 2.24823
threshold=0.020586815169576191 0.0096654473734181252 0.013177638833366956 0.0066337295957452358 -20.929901218986966 0.0093507739926536066 31.982652635107602
decision_type=2 2 2 2 2 2 2
left_child=-1 3 4 -2 -3 -5 -4
right_child=1 2 6 5 -6 -7 -8
leaf_value=0.019988495084730384 0.0095256233511155815 -0.0048377419083456188 -0.0016479880035044439 -0.023497060232059306 0.020930561354299371 -0.0060351099049393972 -0.023661695903669105
leaf_weight=12.667539224028586 13.582807943224905 13.375749230384825 9.6066853851079959 35.136176362633705 31.118223875761032 30.822389826178551 9.4584791064262372
leaf_count=51 55 54 39 144 126 126 39
internal_value=-0.00199987 -0.00429838 0.00432502 -0.0113101 0.0129866 -0.0159756 -0.014491
internal_weight=155.768 143.101 63.5591 79.5414 44.494 65.9586 19.0652
internal_count=634 583 258 325 180 270 78
is_linear=0
shrinkage=0.03


Tree=29
num_leaves=5
num_cat=0
split_feature=7 20 20 18
split_gain=9.14559 6.69681 7.55309 6.93572
threshold=0.053961246852286156 0.036425473589158035 0.020586815169576191 0.83735826011608416
decision_type=2 2 2 2
left_child=1 2 -1 -4
right_child=-2 -3 3 -5
leaf_value=0.019052880068179359 -0.028550878933250572 0.022385857965046812 -0.0075285302559614815 0.010005807926531534
leaf_weight=11.924590513110159 8.8316764533519727 9.1517047584056836 102.9544392824173 22.722822085022926
leaf_count=48 37 37 419 93
internal_value=-0.00194873 0 -0.00177274 -0.00413371
internal_weight=155.585 146.754 137.602 125.677
internal_count=634 597 560 512
is_linear=0
shrinkage=0.03


Tree=30
num_leaves=11
num_cat=0
split_feature=37 25 15 20 5 5 36 11 1 36
split_gain=11.7303 8.20603 5.4718 5.87858 5.21747 4.75916 2.92581 2.63771 2.47151 2.00213
threshold=0.027324257675769518 0.37431318681318687 354.58272486914581 0.023520442202047485 0.060118311151407318 -0.018140225252526673 0.0072988205354130925 0.069118046366584376 -0.0055188674456615452 0.0049900352998058324
decision_type=2 2 2 2 2 2 2 2 2 2
left_child=1 4 3 -2 5 -1 8 -4 -3 -5
right_child=2 6 7 9 -6 -7 -8 -9 -10 -11
leaf_value=0.0084598046832029504 0.00013912465509467151 -0.017809964078151264 0.012126802721728168 -0.005348345581622835 -0.0022719869801004801 0.028847431859429517 0.010212237416550307 -0.007567361234855326 0 -0.028365880156504642
leaf_weight=26.378374978899956 13.846436962485312 11.354453504085546 12.146751135587694 7.6001515537500408 10.989591240882872 22.981774017214775 7.6457540541887274 8.1299183368682844 12.103476151823996 17.426706403493881
leaf_count=107 56 46 50 31 45 93 31 34 49 72
internal_value=0.00185534 0.00859711 -0.00826326 -0.0146843 0.0149355 0.0189979 -0.0034073 0.00358663 -0.00888914 -0.022844
internal_weight=150.603 91.4534 59.15 38.8733 60.3497 49.3601 31.1037 20.2767 23.4579 25.0269
internal_count=614 371 243 159 245 200 126 84 95 103
is_linear=0
shrinkage=0.03


Tree=31
num_leaves=10
num_cat=0
split_feature=5 28 4 38 14 14 5 38 5
split_gain=8.47551 8.28842 11.1131 6.48042 4.63396 6.23956 4.41928 4.08014 3.97333
threshold=0.056246547156928235 8.5000000000000018 -0.048716351199467593 0.0078373997210831655 361.11245255449836 525.60273313222035 -0.030097002344912301 0.0090356108761418964 0.040284911158823052
decision_type=2 2 2 2 2 2 2 2 2
left_child=1 2 -1 -3 7 -6 -5 -2 -4
right_child=4 3 8 6 5 -7 -8 -9 -10
leaf_value=-0.0089138319469372427 -0.0090749114919405523 -0.025142264146216359 0.023900012001594566 0.018661399577621252 -0.028318059207616344 0 -0.0045992948565962491 0.014320538920541836 0.00065298690628083373
leaf_weight=13.622716024518011 11.973667830228807 7.8780863285064688 40.037295311689377 8.613110154867174 14.231729060411455 13.294387444853781 20.674984619021416 10.58822464942932 9.5871178805828077
leaf_count=55 49 32 162 35 60 55 84 43 39
internal_value=0.0017994 0.00686834 0.0133799 -0.00394705 -0.00794805 -0.015832 0.00251746 0.00156586 0.0198987
internal_weight=150.501 100.413 63.2471 37.1662 50.088 27.5261 29.2881 22.5619 49.6244
internal_count=614 407 256 151 207 115 119 92 201
is_linear=0
shrinkage=0.03


Tree=32
num_leaves=7
num_cat=0
split_feature=7 35 35 35 16 19
split_gain=13.3143 8.63194 8.33816 10.147 6.86714 4.43038
threshold=0.05294161380890449 0.062741177410862395 1.0000000180025095e-35 -0.088583591891673683 137.5110173657728 0.1217947731672747
decision_type=2 2 2 2 2 2
left_child=1 2 3 -1 -4 -3
right_child=-2 5 4 -5 -6 -7
leaf_value=0.02457608855918102 -0.031631922291898568 -0.027284198051948958 0.015941557413175045 -0.0090539234495076431 -0.010977833176529421 0.00084157281750700899
leaf_weight=7.8707981407642356 7.984232857823371 8.8848723471164721 70.003927573561668 40.684827193617821 7.5766714811325064 7.343603938817977
leaf_count=32 34 36 285 166 31 30
internal_value=0.00173222 0.00411958 0.00689769 -0.00254926 0.0129142 -0.0150381
internal_weight=150.349 142.365 126.136 48.5556 77.5806 16.2285
internal_count=614 580 514 198 316 66
is_linear=0
shrinkage=0.03


Tree=33
num_leaves=7
num_cat=0
split_feature=7 35 37 35 10 11
split_gain=12.7279 8.18028 8.77269 7.1738 7.00269 4.23646
threshold=0.05294161380890449 0.062741177410862395 0.027324257675769518 -0.026284062605672395 -0.038608743318617182 -0.0047153501405378653
decision_type=2 2 2 2 2 2
left_child=1 2 4 -4 -1 -3
right_child=-2 5 3 -5 -6 -7
leaf_value=-0.0065334150177892856 -0.031062420807202899 7.9101115988247368e-05 -0.023225934691197398 0.0028878035020875972 0.016773554202438493 -0.027320600317410015
leaf_weight=11.87345017492771 7.9242739528417578 7.8671120852232006 10.144547194242476 38.862072259187698 65.237274810671806 8.3518489748239499
leaf_count=48 34 32 42 159 265 34
internal_value=0.00166025 0.00399111 0.00669777 -0.0029225 0.0129207 -0.0146572
internal_weight=150.261 142.336 126.117 49.0066 77.1107 16.219
internal_count=614 580 514 201 313 66
is_linear=0
shrinkage=0.03


Tree=34
num_leaves=7
num_cat=0
split_feature=7 35 37 35 4 5
split_gain=12.1619 7.74715 8.28165 6.83627 5.41191 3.72055
threshold=0.05294161380890449 0.062741177410862395 0.027324257675769518 -0.026284062605672395 -0.048716351199467593 -0.015653605939983658
decision_type=2 2 2 2 2 2
left_child=1 2 4 -4 -1 -3
right_child=-2 5 3 -5 -6 -7
leaf_value=-0.0016103778109294239 -0.030511752636229295 0.00013821024695688598 -0.022710565289311112 0.0028046536020177892 0.01664260166586751 -0.025561348226868997
leaf_weight=16.779864653944969 7.8623046427965155 7.3858840763568905 10.109432369470595 38.872919619083405 60.304845809936523 8.8176958560943586
leaf_count=68 34 30 42 159 245 36
internal_value=0.00157862 0.0038544 0.00649109 -0.00285153 0.0125394 -0.0142949
internal_weight=150.133 142.271 126.067 48.9824 77.0847 16.2036
internal_count=614 580 514 201 313 66
is_linear=0
shrinkage=0.03


Tree=35
num_leaves=9
num_cat=0
split_feature=32 13 2 22 20 22 38 16
split_gain=7.15974 10.3277 7.43978 6.35954 6.95392 6.01844 4.65584 3.87013
threshold=0.0031634270529232737 9.7262025879801985 0.037274419735394256 0.10097906219618448 0.023862584939261591 -0.27651604708425964 0.011366842928187635 23.112845455756531
decision_type=2 2 2 2 2 2 2 2
left_child=2 5 3 4 -1 -2 -7 -5
right_child=1 -3 -4 7 -6 6 -8 -9
leaf_value=-0.0020090950550577429 0.0052779095205510084 0.020233298191776238 -0.020088975613834766 0.0040119298096716188 0.019911977241569137 -0.023422545201623356 0 -0.015822395680340353
leaf_weight=16.915666908025742 9.9941919296979886 7.3607852905988684 7.954449623823165 22.458674058318138 38.746176898479462 33.329382687807083 8.482157349586485 11.444075539708136
leaf_count=69 41 30 33 91 158 137 35 47
internal_value=-0.000563139 -0.00871604 0.0043084 0.00703047 0.0131514 -0.0137073 -0.0186214 -0.00277391
internal_weight=156.686 59.1665 97.519 89.5646 55.6618 51.8057 41.8115 33.9027
internal_count=641 243 398 365 227 213 172 138
is_linear=0
shrinkage=0.03


Tree=36
num_leaves=9
num_cat=0
split_feature=32 2 15 19 22 20 23 36
split_gain=6.70216 7.07776 7.00352 9.50957 6.00483 6.59095 4.06872 2.84817
threshold=0.0031634270529232737 0.037274419735394256 -161.75695358987761 0.080578402307087738 0.10097906219618448 0.025525612291959751 0.89259584905069833 0.0056356441395396381
decision_type=2 2 2 2 2 2 2 2
left_child=1 4 -2 -4 5 -1 -5 -6
right_child=2 -3 3 6 7 -7 -8 -9
leaf_value=0.00021818573722809633 0.01301183031083007 -0.019652891410081755 0.012531685533849252 -0.032376890428923062 -0.012312790976687192 0.021428790658749055 -0.010415828170863197 0.0040816576002901195
leaf_weight=24.263673469424248 9.1137497723102552 7.9317477792501441 8.6465450972318632 13.330352857708929 14.255768001079558 31.38870744407177 27.99980702996254 19.63056854903698
leaf_count=99 37 33 35 55 58 128 116 80
internal_value=-0.000546386 0.00416362 -0.0084431 -0.0129943 0.00682055 0.0127698 -0.0190127 -0.00269923
internal_weight=156.561 97.4705 59.0905 49.9767 89.5387 55.6524 41.3302 33.8863
internal_count=641 398 243 206 365 227 171 138
is_linear=0
shrinkage=0.03


Tree=37
num_leaves=7
num_cat=0
split_feature=39 3 20 38 18 2
split_gain=6.77922 14.1097 8.64339 7.24695 9.29328 1.23053
threshold=1.0000000180025095e-35 -0.02731480462191754 0.01995834528817185 0.0063509825797754193 0.60449820288137746 0.020011026992476592
decision_type=2 2 2 2 2 2
left_child=1 -1 -2 -4 -5 -3
right_child=2 5 3 4 -6 -7
leaf_value=-0.015602936198539931 0.021830273933899611 0.033079655108550536 0.015489838520394391 0.00046907460557368635 -0.016616314302907161 0.0094101088640989802
leaf_weight=8.8997932523489016 8.9071732312440854 11.541862949728968 10.567625567317007 52.89376637339592 56.295950680971146 7.316243663430213
leaf_count=36 36 47 43 215 234 30
internal_value=-0.000533884 0.0122844 -0.00355978 -0.00589898 -0.00834533 0.0263987
internal_weight=156.422 27.7579 128.665 119.757 109.19 18.8581
internal_count=641 113 528 492 449 77
is_linear=0
shrinkage=0.03


Tree=38
num_leaves=11
num_cat=0
split_feature=39 2 35 11 4 12 38 11 6 27
split_gain=6.41423 9.55075 7.48428 12.7293 10.5327 8.16654 6.11386 3.10574 2.04969 1.55878
threshold=1.0000000180025095e-35 -0.019950532948882656 0.042782929003027832 0.034892150417904062 0.030118252810893646 48.292819826432371 0.0097012643989540029 0.025886651487783244 0.0084735022195484549 2.5000000000000004
decision_type=2 2 2 2 2 2 2 2 2 2
left_child=1 -1 3 6 -5 7 -2 -4 -3 -7
right_child=2 8 5 4 -6 9 -8 -9 -10 -11
leaf_value=-0.010987749548628484 -0.014688848384287537 0.032289268768260777 0.0096317495280204418 0.029707473541201894 -0.0015746644372620021 -0.034137050915598689 0.0054063604190720364 -0.012797947057303308 0.0074995865119118306 -0.010585110681478646
leaf_weight=8.8768423348665255 35.52425192296505 10.278814747929575 11.539530560374262 18.215635865926743 16.590261429548264 11.413437068462374 18.716513618826866 7.3969214707612982 8.5685971677303296 9.1423391550779325
leaf_count=36 146 42 47 74 69 47 77 30 35 38
internal_value=-0.000488889 0.0119842 -0.00343649 0.0012861 0.0151139 -0.0139952 -0.00754234 0 0.0235393 -0.0261945
internal_weight=156.263 27.7243 128.539 89.0467 34.8059 39.4922 54.2408 18.9365 18.8474 20.5558
internal_count=641 113 528 366 143 162 223 77 77 85
is_linear=0
shrinkage=0.03


Tree=39
num_leaves=9
num_cat=0
split_feature=40 35 11 38 10 35 16 0
split_gain=5.09502 5.51993 13.5267 10.3454 8.45117 4.68416 3.77659 3.76713
threshold=0.089496387461070817 0.037827511716566738 0.034892150417904062 0.009082697589095412 -0.0042985832847462482 -0.020092238950399851 -38.427064085448102 -0.011316617749482725
decision_type=2 2 2 2 2 2 2 2
left_child=1 2 3 -1 6 -4 -3 -6
right_child=-2 4 5 -5 7 -7 -8 -9
leaf_value=-0.013819777802056404 -0.021109436266404127 -0.0010801195448833349 0 0.010076130802554218 0.00057135682458233869 0.0277905606740242 0.021755796702866211 -0.021454926707276761
leaf_weight=32.715832814574242 8.1405007690191251 17.441309511661533 7.63830338418484 28.349133238196373 7.5800060182809821 22.287684559822083 7.3373124152421942 24.616262555122375
leaf_count=134 36 71 31 116 31 91 30 101
internal_value=-0.000474908 0.000826683 0.00545654 -0.00252063 -0.00624731 0.0213422 0.00624161 -0.0161005
internal_weight=156.106 147.966 90.991 61.065 56.9749 29.926 24.7786 32.1963
internal_count=641 605 372 250 233 122 101 132
is_linear=0
shrinkage=0.03


Tree=40
num_leaves=10
num_cat=0
split_feature=32 32 9 13 25 36 0 37 13
split_gain=7.84467 5.80752 5.60354 5.63888 7.12891 3.96129 3.77589 4.60601 4.26065
threshold=0.0050633588482096323 0.0077422577422576752 0.083894238263251361 6.6483628121287355 0.35182926829268296 0.0057013751940565927 0.016962035100677179 0.0091342512688116235 6.9197404258925532
decision_type=2 2 2 2 2 2 2 2 2
left_child=2 -2 3 4 -1 -4 7 -3 -8
right_child=1 6 5 -5 -6 -7 8 -9 -10
leaf_value=0.015760727430219161 -0.03016552224334142 0.016109441070155339 -0.024892525056024996 -0.015622622543057959 -0.0022685239176744444 0.0012984839938100518 -0.028837685523811312 -0.0082928586055384581 0
leaf_weight=48.025065392255783 9.774654805660246 10.299828648567201 7.9121570736169842 7.2961308509111396 29.695600315928459 8.4371592402458173 7.8921473324298885 13.528032332658766 8.7816586196422559
leaf_count=196 40 42 33 30 121 35 33 56 36
internal_value=-0.00171881 -0.0112325 0.00298079 0.00622063 0.00879984 -0.0118907 -0.00510584 0.00210515 -0.0153358
internal_weight=151.642 50.2763 101.366 85.0168 77.7207 16.3493 40.5017 23.8279 16.6738
internal_count=622 207 415 347 317 68 167 98 69
is_linear=0
shrinkage=0.03


Tree=41
num_leaves=10
num_cat=0
split_feature=17 37 34 25 21 32 36 22 25
split_gain=9.61755 6.63455 8.15548 5.87714 5.55933 8.04381 5.1777 2.05942 1.04229
threshold=30.487263572242757 -0.001461105160022069 0.0068838647110685 0.18490028490028493 0.017700484380528719 0.0020339621216234343 0.0055852855331987817 -0.050951714251283468 0.22287581699346407
decision_type=2 2 2 2 2 2 2 2 2
left_child=1 2 3 -1 5 -3 -6 -4 -2
right_child=8 4 7 -5 6 -7 -8 -9 -10
leaf_value=0.015621985285190453 -0.028934941725816406 0.0147402756256931 0.033748613526414145 -0.013149013077795074 -0.022921223952503511 -0.010234015101204362 -0.0021802718584657825 0.0081801457007871694 -0.0089550770064684825
leaf_weight=8.7898319959640521 8.5999830812215823 25.762187510728836 10.005403235554697 13.455222263932226 16.316500797867775 17.510509848594666 32.375619500875473 8.3765500932931882 10.303925365209578
leaf_count=36 36 105 41 55 67 72 133 34 43
internal_value=-0.0017052 0.00115276 0.0110349 -0.000810983 -0.00319517 0.00429732 -0.0100565 0.0247791 -0.0206608
internal_weight=151.496 132.592 40.627 22.2451 91.9648 43.2727 48.6921 18.382 18.9039
internal_count=622 543 166 91 377 177 200 75 79
is_linear=0
shrinkage=0.03


Tree=42
num_leaves=9
num_cat=0
split_feature=17 38 10 28 16 2 9 11
split_gain=9.19611 8.3216 6.36559 7.85669 6.82505 3.18248 4.19165 1.00316
threshold=30.487263572242757 0.010996569203976597 0.0038324445033046666 7.5000000000000009 -36.947354592526288 0.0067466608074976406 0.0099313759899997741 0.009413218341636111
decision_type=2 2 2 2 2 2 2 2
left_child=1 2 4 -4 -1 6 -3 -2
right_child=7 5 3 -5 -6 -7 -8 -9
leaf_value=-0.0022162092930357131 -0.0073267108854635941 0.004258012174855553 0 -0.022692401977183353 0.021503248157722317 0 0.033903774283768381 -0.026968744240025905
leaf_weight=32.738472327589989 8.6609240323305148 10.030254662036901 33.768154948949814 22.188637942075729 13.544275999069212 10.724631473422049 9.48995094001293 10.183403283357618
leaf_count=133 36 41 140 91 55 44 39 43
internal_value=-0.00166436 0.00112643 -0.00289124 -0.00963901 0.00501762 0.0145099 0.0211791 -0.02023
internal_weight=151.329 132.484 102.24 55.9568 46.2827 30.2448 19.5202 18.8443
internal_count=622 543 419 231 188 124 80 79
is_linear=0
shrinkage=0.03


Tree=43
num_leaves=10
num_cat=0
split_feature=32 32 36 36 21 11 32 32 21
split_gain=7.10667 5.57739 5.15055 14.9721 6.75858 3.98575 8.22622 5.01604 2.55553
threshold=0.0050633588482096323 0.008470018592294239 0.0079779160011197482 0.0071938752021442577 0.017700484380528719 1.0000000180025095e-35 0.015254891480173895 0.016785752989199158 0.022928880215732503
decision_type=2 2 2 2 2 2 2 2 2
left_child=2 -2 3 4 -1 6 -3 -7 -4
right_child=1 5 8 -5 -6 7 -8 -9 -10
leaf_value=0.0086853883716906041 -0.026099362944997855 0.025366476887024893 -0.021524642041370577 0.030749555612161576 -0.009419553488344572 -0.022745684156399198 -0.013338011262579974 0.0041944234896024238 0
leaf_weight=35.419352665543556 13.359352171421049 8.207673251628874 8.2293766140937787 15.461518719792364 34.746878147125244 12.710376948118212 7.3045854717493048 8.463207393884657 7.2512505650520316
leaf_count=145 55 34 34 63 143 53 30 35 30
internal_value=-0.00161573 -0.0106975 0.00285425 0.00588622 -8.50477e-05 -0.0036417 0.00684252 -0.0118976 -0.0118131
internal_weight=151.154 50.0452 101.108 85.6277 70.1662 36.6858 15.5123 21.1736 15.4806
internal_count=622 207 415 351 288 152 64 88 64
is_linear=0
shrinkage=0.03


Tree=44
num_leaves=8
num_cat=0
split_feature=17 38 19 27 36 21 3
split_gain=8.68053 7.90967 10.8565 9.33627 7.21352 6.74222 1.02321
threshold=30.487263572242757 0.009677402616270073 0.068357452802824667 3.5000000000000004 0.007901969307132101 0.016172686153694715 0.050241925791029048
decision_type=2 2 2 2 2 2 2
left_child=1 2 -1 5 -4 -3 -2
right_child=6 3 4 -5 -6 -7 -8
leaf_value=0.023949940796287938 -0.0078634428830998693 -0.005341846332403778 -0.0033903046915282364 -0.01373818248493954 -0.026913711190475691 0.022221218546841833 -0.027330865733201506
leaf_weight=8.3840360790491086 9.7611255198717135 8.3859640359878522 58.700905174016953 9.56963202357292 13.655421525239943 33.542713791131973 8.996443644165991
leaf_count=34 40 34 241 39 57 138 39
internal_value=-0.0015758 0.00113182 -0.00457386 0.0101943 -0.00863598 0.0163748 -0.0196567
internal_weight=150.996 132.239 80.7404 51.4983 72.3563 41.9287 18.7576
internal_count=622 543 332 211 298 172 79
is_linear=0
shrinkage=0.03


Tree=45
num_leaves=7
num_cat=0
split_feature=37 3 22 35 18 13
split_gain=8.22301 7.22724 8.70162 5.91802 3.3073 0.727336
threshold=0.061208971141158093 0.065004759136487858 0.14867375906240157 0.065211300325784718 0.60983695035577601 -0.52547725404261658
decision_type=2 2 2 2 2 2
left_child=1 2 3 -1 -4 -2
right_child=5 -3 4 -5 -6 -7
leaf_value=0.014149960270271652 -0.025882467073100133 -0.019586611756889676 0.00092206212666580585 -0.0072211238319467809 -0.015229871403643784 -0.0060569335991326866
leaf_weight=77.082855984568596 6.9236038327217102 8.8048285543918592 28.458508610725403 11.41836905479431 15.2950152605772 7.1009502410888654
leaf_count=316 30 38 116 47 63 31
internal_value=0.00145838 0.00381084 0.00574883 0.0111283 -0.00481528 -0.0187892
internal_weight=155.084 141.06 132.255 88.5012 43.7535 14.0246
internal_count=641 580 542 363 179 61
is_linear=0
shrinkage=0.03


Tree=46
num_leaves=8
num_cat=0
split_feature=37 20 38 17 20 7 34
split_gain=8.04948 8.0638 7.63867 7.01857 5.94675 5.04803 0.531417
threshold=-0.003244754752447065 0.020586815169576191 0.0066785437736529632 31.982652635107602 0.022905839165694445 -0.034057562009619277 0.0084672293851539866
decision_type=2 2 2 2 2 2 2
left_child=3 -2 -3 5 -4 -1 -7
right_child=1 2 4 -5 -6 6 -8
leaf_value=-0.0012519306477713024 0.021225224350995799 0.01386502429134749 -0.024790367003326388 -0.011607414527012378 -0.004687018877738972 0.013688830982171357 0.029761430264213292
leaf_weight=8.5920874029397947 9.0905542820692045 13.271640628576277 15.661850497126578 7.283278062939643 72.246387466788292 15.726453363895418 13.083437144756315
leaf_count=35 37 54 65 30 301 65 54
internal_value=0.00138158 -0.00288319 -0.00556403 0.0118998 -0.00890728 0.0172148 0.0229329
internal_weight=154.956 110.27 101.18 44.6853 87.9082 37.402 28.8099
internal_count=641 457 420 184 366 154 119
is_linear=0
shrinkage=0.03


Tree=47
num_leaves=10
num_cat=0
split_feature=37 13 38 24 21 15 22 9 23
split_gain=7.76022 6.77534 5.33537 6.37271 4.36305 4.44425 2.95338 1.8552 0.945631
threshold=0.061208971141158093 3.8667283987304697 0.011030760021626033 -0.085526315789473659 0.018649852925663377 -98.773969284315157 0.15215654395077818 0.022245893036678708 0.98478416760518817
decision_type=2 2 2 2 2 2 2 2 2
left_child=1 2 3 -1 7 -6 -4 -3 -2
right_child=8 4 6 -5 5 -7 -8 -9 -10
leaf_value=-0.0050547472320670288 -0.025751183691707313 -0.0042033152122991765 0.024399504559505698 0.01171784448040116 0 -0.028204398790096161 0.00053979007143059653 0.012602237026856202 -0.005025765838772526
leaf_weight=38.788459062576294 7.0550995320081693 11.931957796216013 19.536162644624714 37.711226180195808 7.2892645746469524 10.178181961178778 7.7606046348810187 7.6308492422103873 6.8940091282129288
leaf_count=159 31 49 81 155 30 43 32 31 30
internal_value=0.0013527 0.00364042 0.00760796 0.00311026 -0.00691633 -0.0170929 0.018628 0.00221724 -0.0183633
internal_weight=154.776 140.827 103.796 76.4997 37.0303 17.4674 27.2968 19.5628 13.9491
internal_count=641 580 427 314 153 73 113 80 61
is_linear=0
shrinkage=0.03


Tree=48
num_leaves=7
num_cat=0
split_feature=20 37 38 11 2 34
split_gain=7.59142 8.40421 7.28212 7.81427 5.41342 4.11202
threshold=0.020586815169576191 -0.0025631043333473875 0.0066785437736529632 -0.023305818488660698 0.030311616109351628 0.010103050245114488
decision_type=2 2 2 2 2 2
left_child=-1 4 -3 -4 5 -2
right_child=1 2 3 -5 -6 -7
leaf_value=0.0227975970321364 0.0051010068426891805 0.013510341417415639 0.0120620331945445 -0.012354155003344663 -0.0096079033893692635 0.027202459050480562
leaf_weight=11.549634069204329 21.027769193053246 13.277800664305685 11.657977223396299 75.57474759221077 7.7728596031665793 13.760308027267454
leaf_count=47 87 54 48 316 32 57
internal_value=0.0013023 -0.000619915 -0.00543573 -0.00872581 0.0101499 0.0152545
internal_weight=154.621 143.071 100.511 87.2327 42.5609 34.7881
internal_count=641 594 418 364 176 144
is_linear=0
shrinkage=0.03


Tree=49
num_leaves=8
num_cat=0
split_feature=37 26 13 17 35 34 13
split_gain=7.31473 7.72013 5.95625 8.1203 5.87484 6.3814 0.716319
threshold=0.061208971141158093 0.30707196029776679 2.9202924502423113 -4.2957736361397201 0.062741177410862395 0.0093507739926536066 -0.52547725404261658
decision_type=2 2 2 2 2 2 2
left_child=1 4 3 -3 5 -1 -2
right_child=6 2 -4 -5 -6 -7 -8
leaf_value=-0.0053679466742283669 -0.024872968482401458 0.0037017652111228996 -0.0028138478695721304 0.032668610470076798 -0.018662380173239745 0.011724050780338835 -0.0054874733618761095
leaf_weight=45.308929800987244 6.8172383159399033 19.260659977793694 14.01433192193508 17.406703308224678 13.367444694042204 31.208744525909424 7.0464432090520841
leaf_count=188 30 79 58 72 55 128 31
internal_value=0.00129305 0.00351573 0.0126729 0.0188193 -0.00164775 0.00153328 -0.0178996
internal_weight=154.43 140.567 50.6817 36.6674 89.8851 76.5177 13.8637
internal_count=641 580 209 151 371 316 61
is_linear=0
shrinkage=0.03


end of trees

feature_importances:
macro_topix_vol_20=36
macro_topix_ret_20=24
macd_hist_change=22
atr_pct=18
gap=18
macro_usdjpy_ret_60=18
macro_usdjpy_vol_20=18
ma_20_60_cross=16
bb_pct_b=13
bb_bandwidth=13
macro_nikkei_ret_20=13
return_20d=12
volatility=12
macro_usdjpy_ret_20=12
return_3d=10
return_5d=10
div_ma_10=10
ma_5_20_cross=8
rsi_change=8
vol_change=8
upper_shadow_pct=8
return_10d=7
div_ma_5=7
div_ma_60=7
macd_signal=7
macd_hist=7
macd=6
return_1d=5
vol_ratio=5
lower_shadow_pct=5
return_2d=4
candle_body_pct=4
rsi=3
month=3
macro_topix_above_200dma=3
div_ma_20=2
day_of_week=2

parameters:
[boosting: gbdt]
[objective: binary]
[metric: binary_logloss]
[tree_learner: serial]
[device_type: cpu]
[data_sample_strategy: bagging]
[data: ]
[valid: ]
[num_iterations: 50]
[learning_rate: 0.03]
[num_leaves: 15]
[num_threads: 0]
[seed: 42]
[deterministic: 0]
[force_col_wise: 0]
[force_row_wise: 0]
[histogram_pool_size: -1]
[max_depth: 4]
[min_data_in_leaf: 30]
[min_sum_hessian_in_leaf: 0.001]
[bagging_fraction: 0.7]
[pos_bagging_fraction: 1]
[neg_bagging_fraction: 1]
[bagging_freq: 5]
[bagging_seed: 400]
[bagging_by_query: 0]
[feature_fraction: 0.6]
[feature_fraction_bynode: 1]
[feature_fraction_seed: 30056]
[extra_trees: 0]
[extra_seed: 12879]
[early_stopping_round: 0]
[early_stopping_min_delta: 0]
[first_metric_only: 0]
[max_delta_step: 0]
[lambda_l1: 0.5]
[lambda_l2: 2]
[linear_lambda: 0]
[min_gain_to_split: 0]
[drop_rate: 0.1]
[max_drop: 50]
[skip_drop: 0.5]
[xgboost_dart_mode: 0]
[uniform_drop: 0]
[drop_seed: 17869]
[top_rate: 0.2]
[other_rate: 0.1]
[min_data_per_group: 100]
[max_cat_threshold: 32]
[cat_l2: 10]
[cat_smooth: 10]
[max_cat_to_onehot: 4]
[top_k: 20]
[monotone_constraints: ]
[monotone_constraints_method: basic]
[monotone_penalty: 0]
[feature_contri: ]
[forcedsplits_filename: ]
[refit_decay_rate: 0.9]
[cegb_tradeoff: 1]
[cegb_penalty_split: 0]
[cegb_penalty_feature_lazy: ]
[cegb_penalty_feature_coupled: ]
[path_smooth: 0]
[interaction_constraints: ]
[verbosity: -1]
[saved_feature_importance_type: 0]
[use_quantized_grad: 0]
[num_grad_quant_bins: 4]
[quant_train_renew_leaf: 0]
[stochastic_rounding: 1]
[linear_tree: 0]
[max_bin: 255]
[max_bin_by_feature: ]
[min_data_in_bin: 5]
[bin_construct_sample_cnt: 200000]
[data_random_seed: 175]
[is_enable_sparse: 1]
[enable_bundle: 1]
[use_missing: 1]
[zero_as_missing: 0]
[feature_pre_filter: 1]
[pre_partition: 0]
[two_round: 0]
[header: 0]
[label_column: ]
[weight_column: ]
[group_column: ]
[ignore_column: ]
[categorical_feature: ]
[forcedbins_filename: ]
[precise_float_parser: 0]
[parser_config_file: ]
[objective_seed: 16083]
[num_class: 1]
[is_unbalance: 0]
[scale_pos_weight: 1]
[sigmoid: 1]
[boost_from_average: 1]
[reg_sqrt: 0]
[alpha: 0.9]
[fair_c: 1]
[poisson_max_delta_step: 0.7]
[tweedie_variance_power: 1.5]
[lambdarank_truncation_level: 30]
[lambdarank_norm: 1]
[label_gain: ]
[lambdarank_position_bias_regularization: 0]
[eval_at: ]
[multi_error_top_k: 1]
[auc_mu_weights: ]
[num_machines: 1]
[local_listen_port: 12400]
[time_out: 120]
[machine_list_filename: ]
[machines: ]
[gpu_platform_id: -1]
[gpu_device_id: -1]
[gpu_use_dp: 0]
[num_gpu: 1]

end of parameters

pandas_categorical:[]
