tree
version=v4
num_class=1
num_tree_per_iteration=1
label_index=0
max_feature_idx=44
objective=binary sigmoid:1
feature_names=return_1d return_2d return_3d return_5d return_10d return_20d div_ma_5 div_ma_10 div_ma_20 div_ma_60 ma_5_20_cross ma_20_60_cross rsi rsi_change macd macd_signal macd_hist macd_hist_change bb_pct_b bb_bandwidth atr_pct volatility vol_change vol_ratio candle_body_pct upper_shadow_pct lower_shadow_pct day_of_week month is_month_end is_month_start streak gap price_position_20d macro_usdjpy_ret_20 macro_usdjpy_ret_60 macro_usdjpy_vol_20 macro_topix_ret_20 macro_topix_vol_20 macro_topix_above_200dma macro_nikkei_ret_20 macro_nikkei_above_200dma macro_nikkei_vi macro_jgb10y macro_bias_score
feature_infos=[-0.068051575931232122:0.046767186302069996] [-0.08258569128134341:0.057720769610261513] [-0.10319410319410316:0.075362318840579645] [-0.12150993969175783:0.090261886600559338] [-0.11954331766286097:0.11811427107353323] [-0.14070243482008193:0.16907921190188979] [-0.063185402958607528:0.044572468162522784] [-0.084211486702248942:0.062047746567147136] [-0.10640038170540526:0.081951946358726019] [-0.13226501128530649:0.18035518348437446] [-0.071675469717883966:0.060275107361628777] [-0.06330691466330296:0.1072526423189617] [8.0965909090909065:94.978165938864635] [-30.323273291184549:33.441943551268302] [-143.46349881853348:204.51852483694165] [-116.2482394506401:192.59136899387886] [-69.442503575889404:44.682518258672047] [-20.057699998820912:15.328273082196596] [-0.45907895869984006:1.3287670831642056] [0.02057515077633933:0.19624409153713882] [0.0083952323371912253:0.037225274725274725] [0.004555825553057633:0.027527065126251103] [-0.84352540044643953:4.4825207712807646] [0.47604845373667709:1.8584258217257297] [-1:1] [0:0.89189189189189189] [0:0.93333333333333335] [0:4] [1:12] none [0:1] [-8:8] [-0.090909090909090939:0.047322540473225372] [0:1] [-0.10288784967882303:0.08505611680078462] [-0.13986255140503889:0.13160084488587853] [0.0023506467301043195:0.011841457708833433] [-0.21871130063915301:0.21255316252998058] [0.0039190494364641443:0.040640975235326525] [0:1] [-0.22859537662338159:0.23022297972565586] [0:1] none none none
tree_sizes=1194 1205 1074 1094 1289 1200 1401 1308 1273 1089 1414 786 997 897 867 1202 1100 1207 1203 998 788 1194 1201 761 785 1097 891 1321 1083 1503 890 1095 1101 977 1098 1103 886 893 1114 889 1302 1275 995 1424 1513 1390 1089 1308 1525 1407

Tree=0
num_leaves=10
num_cat=0
split_feature=37 24 9 24 34 15 28 37 34
split_gain=10.999 11.4816 9.19653 8.32599 6.295 7.30671 5.6321 3.71813 1.54509
threshold=0.047235387141791103 0.13900966183574884 0.021075994663917505 0.75911803713527859 -0.0041759467612836878 -6.2206728039402144 4.5000000000000009 -0.019139590239099832 0.019511259199737844
decision_type=2 2 2 2 2 2 2 2 2
left_child=1 4 -2 7 6 -6 -1 -3 -4
right_child=2 3 8 -5 5 -7 -8 -9 -10
leaf_value=-0.067577608659139726 -0.087648762852878398 -0.089697588879999873 -0.10465822214926807 -0.098432270833525237 -0.086215039065582366 -0.11030877525135044 -0.093687617530841719 -0.065885738240794856 -0.12932778565431466
leaf_weight=10.228356570005419 13.72096613049507 9.2304681241512281 10.976772904396059 9.9788844585418683 16.215687245130539 26.693515926599503 15.96621513366699 34.427151381969452 7.4841633439064017
leaf_count=41 55 37 44 40 65 107 64 138 30
internal_value=-0.0901966 -0.0860031 -0.105165 -0.0758245 -0.0939244 -0.101019 -0.0830173 -0.0702717 -0.118067
internal_weight=154.922 122.74 32.1819 53.6365 69.1038 42.9092 26.1946 43.6576 18.4609
internal_count=621 492 129 215 277 172 105 175 74
is_linear=0
shrinkage=1


Tree=1
num_leaves=10
num_cat=0
split_feature=40 20 38 16 23 36 20 9 0
split_gain=18.092 9.02213 13.3508 12.3534 19.2781 6.76718 6.3932 3.46398 3.42792
threshold=0.071066003635154154 0.014227490539439397 0.011758537406715957 6.5628941960476199 0.96330861239430632 0.0054101259058263402 0.017373619903216033 0.021075994663917505 0.0039850701018425702
decision_type=2 2 2 2 2 2 2 2 2
left_child=1 3 5 4 -1 -3 -4 -2 -5
right_child=7 2 6 8 -6 -7 -8 -9 -10
leaf_value=-0.010235324496078745 -0.0070806336127369291 0.010865509566664155 -0.019087609711612091 -0.025318973538543076 0.02722116456716726 0.040725810842524746 0.0090329392287321567 -0.032876792192436971 -0.0015435322595932376
leaf_weight=22.955467700958252 12.476311266422274 17.464273348450661 9.2297923713922518 15.213371455669405 22.204907983541489 15.475041449069975 18.461741238832474 10.961450040340422 10.481631204485891
leaf_count=92 50 70 37 61 89 62 74 44 42
internal_value=0.00171032 0.00619556 0.0145081 -0.000914582 0.00823697 0.0268515 -0.000489036 -0.0213711 -0.0169738
internal_weight=154.924 131.486 60.6308 70.8554 45.1604 32.9393 27.6915 23.4378 25.695
internal_count=621 527 243 284 181 132 111 94 103
is_linear=0
shrinkage=0.03


Tree=2
num_leaves=9
num_cat=0
split_feature=37 24 24 25 20 12 6 27
split_gain=9.94674 10.6609 7.82663 6.31313 6.03525 6.34945 5.7284 3.64171
threshold=0.047235387141791103 0.13900966183574884 0.75911803713527859 0.55789277736411036 0.012670537058352012 65.36493655545479 0.0031599536116304638 1.5000000000000002
decision_type=2 2 2 2 2 2 2 2
left_child=1 3 7 6 -2 -6 -1 -3
right_child=4 2 -4 -5 5 -7 -8 -9
leaf_value=0 -0.029367063472677781 0.0078176394879455827 -0.0064338972736984572 0.019606093429918509 0.0090828493693351792 -0.021520623966456074 -0.020000954540047654 0.027978847901152921
leaf_weight=44.898891791701317 10.457292199134825 17.729598119854927 9.9774873405694944 8.2344332933425886 13.965416282415392 7.7140790969133368 15.960570663213728 25.972721889615059
leaf_count=180 42 71 40 33 56 31 64 104
internal_value=0.00164707 0.00563674 0.0154422 -0.00199038 -0.0125927 -0.00207106 -0.0056819 0.0208279
internal_weight=154.91 122.774 53.6798 69.0939 32.1368 21.6795 60.8595 43.7023
internal_count=621 492 215 277 129 87 244 175
is_linear=0
shrinkage=0.03


Tree=3
num_leaves=9
num_cat=0
split_feature=40 24 19 10 26 38 14 20
split_gain=16.8416 8.77963 9.97135 7.60698 6.20722 4.28892 3.84898 2.61679
threshold=0.071066003635154154 0.13900966183574884 0.058136837675576432 -0.01803981693912687 0.22305140961857381 0.0086036551253023657 18.215335756927974 0.014227490539439397
decision_type=2 2 2 2 2 2 2 2
left_child=1 3 5 -1 -5 -3 -2 -4
right_child=6 2 7 4 -6 -7 -8 -9
leaf_value=0.018797759396980397 -0.0065457490856529726 0.011363021524764804 0.0097881898682834773 0.005882342494843075 -0.012869862662069688 -0.012309141837484595 -0.03320532260980822 0.031050583997822876
leaf_weight=12.231133773922918 12.968593910336496 11.488600268960001 13.225844517350195 23.699575364589691 37.634297654032707 11.98539751768112 10.425973281264303 21.23095990717411
leaf_count=49 52 46 53 95 151 48 42 85
internal_value=0.00159029 0.00591847 0.0144582 -0.000812556 -0.00543018 -0.000152194 -0.0206969 0.0242854
internal_weight=154.89 131.496 57.9308 73.565 61.3339 23.474 23.3946 34.4568
internal_count=621 527 232 295 246 94 94 138
is_linear=0
shrinkage=0.03


Tree=4
num_leaves=11
num_cat=0
split_feature=40 19 14 14 35 11 38 4 14 5
split_gain=16.104 7.32778 11.0615 9.76829 11.2084 9.55231 7.65712 6.15493 3.49782 2.61925
threshold=0.060500014671800779 0.056170198318519569 15.306840898048224 37.349468173605153 0.017418134699802915 -0.0062425079805872299 0.0094727372571745908 0.0041546563727575822 18.215335756927974 -0.020273338265400006
decision_type=2 2 2 2 2 2 2 2 2 2
left_child=1 2 5 6 -5 -1 -3 -4 9 -2
right_child=8 3 7 4 -6 -7 -8 -9 -10 -11
leaf_value=0.0008036923530690569 -0.016430272910088421 0.037061422286461948 0.03111628410277165 -0.016084634600613493 0.018015033130404888 -0.030750120275941383 0.0094896099052541871 0 -0.029112062839612679 0.0039301298803765417
leaf_weight=17.710530251264576 9.2274253517389315 15.983038336038588 8.2358599156141299 16.959577292203907 13.968839108943937 13.208821907639502 26.46838304400444 12.476715445518492 12.138788834214209 8.476221367716791
leaf_count=71 37 64 33 68 56 53 106 50 49 34
internal_value=0.00154731 0.00639789 -0.00199031 0.0123953 -6.92018e-05 -0.0132698 0.0214083 0.0138728 -0.0174266 -0.00651132
internal_weight=154.854 125.012 51.6319 73.3798 30.9284 30.9194 42.4514 20.7126 29.8424 17.7036
internal_count=621 501 207 294 124 124 170 83 120 71
is_linear=0
shrinkage=0.03


Tree=5
num_leaves=10
num_cat=0
split_feature=15 14 34 40 23 19 23 35 20
split_gain=10.1436 11.3907 9.46011 9.13893 6.9532 5.88788 7.09624 4.01679 2.35362
threshold=-3.7372492776053443 98.424335832954981 -0.02588141925849707 0.082343669013976176 0.7886802574458881 0.05480969031862349 0.80521039673088401 0.050128599643366807 0.014783957174822766
decision_type=2 2 2 2 2 2 2 2 2
left_child=3 2 8 5 -4 7 -7 -1 -2
right_child=1 -3 4 -5 -6 6 -8 -9 -10
leaf_value=-0.010578257787382479 -0.00012520316293856642 0.022397512655478399 0.0098432550633624494 -0.013629980206899758 -0.016888501292905776 -0.00035477304748419324 0.031034394814834304 0.014548661933850912 0.02026628659190443
leaf_weight=9.727426230907442 7.4882317930459958 9.4551304727792722 7.9694897681474677 9.9702327102422696 66.511041209101677 7.4883623570203808 22.48273877799511 8.9768604487180692 7.9918508529663086
leaf_count=39 30 38 32 40 267 30 90 36 32
internal_value=8.05268e-05 -0.00563069 -0.00916269 0.00987589 -0.0136494 0.0153345 0.023191 0.000997035 0.0106584
internal_weight=158.061 99.4157 89.9606 58.6456 74.4805 48.6754 29.9711 18.7043 15.4801
internal_count=634 399 361 235 299 195 120 75 62
is_linear=0
shrinkage=0.03


Tree=6
num_leaves=12
num_cat=0
split_feature=16 40 20 14 37 34 24 2 11 13 35
split_gain=9.27097 11.6271 11.5966 12.3671 11.032 8.38276 6.68453 4.96667 4.02343 4.01301 0.686567
threshold=3.6589828098415365 -0.0064652470423729449 0.01434211750743176 20.144122977601231 0.012522210872338959 -0.024322119049262955 0.24190177638453506 0.0043113284450363451 -0.0033624967154614045 3.9592254902118289 0.02858149872301308
decision_type=2 2 2 2 2 2 2 2 2 2 2
left_child=1 5 3 9 -3 -1 -4 -6 -7 -2 -5
right_child=2 4 6 10 7 8 -8 -9 -10 -11 -12
leaf_value=0.013525211699376505 -0.011076456067309089 0.037556061535843406 -0.0059613113740244082 -0.038488616675941056 -0.00032035817957928533 0 0.023149081035780072 0.019566682047737646 -0.025286395036877397 0.012495111981707697 -0.014267352000260367
leaf_weight=9.7432054281234723 13.207354038953783 12.482732489705084 12.711030423641207 13.663145378232004 30.380766361951828 8.2319405376911163 11.234346777200697 14.713682457804678 14.965568050742149 9.2281338423490507 7.4569139927625647
leaf_count=39 53 50 51 55 122 33 45 59 60 37 30
internal_value=9.63403e-05 0.00640606 -0.00808995 -0.0171423 0.0144447 -0.00723789 0.0078498 0.00640538 -0.0169353 -0.000538021 -0.0325595
internal_weight=158.019 90.5179 67.5009 43.5555 57.5772 32.9407 23.9454 45.0944 23.1975 22.4355 21.1201
internal_count=634 363 271 175 231 132 96 181 93 90 85
is_linear=0
shrinkage=0.03


Tree=7
num_leaves=11
num_cat=0
split_feature=15 24 14 34 9 15 9 40 20 19
split_gain=9.13001 12.0536 10.6597 8.61543 9.59342 5.36802 5.08132 4.86537 2.21046 2.18137
threshold=-3.7372492776053443 -0.088304093567251454 98.424335832954981 -0.02588141925849707 0.03442384059137988 -43.470952539291822 -0.024351373598784597 0.049130561826799209 0.014783957174822766 0.058136837675576432
decision_type=2 2 2 2 2 2 2 2 2 2
left_child=1 5 3 8 -5 -1 -7 9 -2 -3
right_child=2 7 -4 4 -6 6 -8 -9 -10 -11
leaf_value=-0.020022653444448729 -0.0002409576793524087 0.0109299933344113 0.021760689935852222 -0.0045305749966071665 -0.027442611086494685 0.020809518376018497 -0.0079837684532406659 0.00035191052414311502 0.019462918999792821 0.036809144992495449
leaf_weight=10.223895817995073 7.4863724261522275 8.9867635369300896 9.4645939320325834 49.044474795460701 25.33005778491497 7.9884245544672039 9.7256722003221494 8.4761252850294095 7.9930205941200256 13.242456406354902
leaf_count=41 30 36 38 197 102 32 39 34 32 53
internal_value=9.21105e-05 0.00938797 -0.00532562 -0.0087537 -0.0130445 -0.00435953 0.00503392 0.0218568 0.0101381 0.0287317
internal_weight=157.962 58.6433 99.3185 89.8539 74.3745 27.938 17.7141 30.7053 15.4794 22.2292
internal_count=634 235 399 361 299 112 71 123 62 89
is_linear=0
shrinkage=0.03


Tree=8
num_leaves=11
num_cat=0
split_feature=15 24 14 9 38 4 40 40 25 22
split_gain=8.64603 11.4678 10.1199 7.3819 11.2625 5.29011 4.60764 4.37276 3.22765 2.30818
threshold=-3.7372492776053443 -0.088304093567251454 98.424335832954981 0.039991986175854498 0.0091699295642991719 -0.022695605320739162 0.049130561826799209 -0.025691178558405133 0.20135135135135138 0.072384976314839214
decision_type=2 2 2 2 2 2 2 2 2 2
left_child=1 5 3 4 -2 -1 9 -5 -7 -3
right_child=2 6 -4 7 -6 8 -8 -9 -10 -11
leaf_value=0.011414672191011849 0.0082489355072431388 0.035758320371674347 0.02120727498058288 0 -0.016233981870578909 0 0.0003433647512374579 -0.028739776953200773 -0.024388578930048119 0.0096345407226095178
leaf_weight=9.7339833527803439 35.597302839159966 13.730755373835569 9.4722967743873578 7.4743335396051434 28.377888724207878 8.9700899869203585 8.4762341082096082 18.339108243584633 9.2244440466165525 8.4909866303205472
leaf_count=39 143 55 38 30 114 36 34 74 37 34
internal_value=0.000107964 0.00915676 -0.00516369 -0.0085106 -0.00254666 -0.00424466 0.0213218 -0.0215061 -0.0136659 0.0280154
internal_weight=157.887 58.6265 99.2609 89.7886 63.9752 27.9285 30.698 25.8134 18.1945 22.2217
internal_count=634 235 399 361 257 112 123 104 73 89
is_linear=0
shrinkage=0.03


Tree=9
num_leaves=9
num_cat=0
split_feature=40 15 15 34 19 23 16 33
split_gain=8.53005 10.8918 10.8412 7.06943 5.37065 6.25315 3.96801 3.22717
threshold=0.079869361274328213 -3.7372492776053443 100.05264182035226 -0.026885540229987955 0.05480969031862349 0.80521039673088401 -0.81581184160766529 0.57624266144814096
decision_type=2 2 2 2 2 2 2 2
left_child=1 4 3 -3 7 -6 -2 -1
right_child=6 2 -4 -5 5 -7 -8 -9
leaf_value=0.010622060822142147 -0.0014732134222955062 0.0103540706864916 0.026156133650374416 -0.01109390481333739 -0.00037470590657432475 0.028985891145432898 -0.029032233902302244 -0.012224921445907703
leaf_weight=11.225967034697534 10.192543759942057 14.973770931363104 7.9847026318311682 66.134213447570801 7.481785103678706 22.460025042295456 9.8814810961484891 7.4791772067546836
leaf_count=45 41 60 32 266 30 90 40 30
internal_value=0.000113719 0.00294177 -0.00317222 -0.00679991 0.0141183 0.0216156 -0.01712 0.000463886
internal_weight=157.814 137.74 89.0927 81.108 48.647 29.9418 20.074 18.7051
internal_count=634 553 358 326 195 120 81 75
is_linear=0
shrinkage=0.03


Tree=10
num_leaves=12
num_cat=0
split_feature=20 16 21 8 8 18 20 35 11 33 21
split_gain=11.717 9.9193 6.10999 7.23777 4.76849 4.87345 4.48033 5.26741 5.1961 5.02044 4.2914
threshold=0.014227490539439397 3.6589828098415365 0.01007706519709309 0.015585312674688405 0.0023789823283195495 0.22955502964357175 0.01507138503803236 -0.0078154842535687035 -0.008453357413985561 0.64852933424700876 0.0080906201655074547
decision_type=2 2 2 2 2 2 2 2 2 2 2
left_child=1 4 10 -4 5 -1 -2 9 -9 -8 -3
right_child=6 2 3 -5 -6 -7 7 8 -10 -11 -12
leaf_value=0.0094794199948901939 0.021686785848622572 -0.0096454867338208027 -0.023164305564915472 0.011969910287557721 0.015576061821848444 -0.014685844884374986 0.029393707460239532 0.012685361887823113 -0.0091442077988481835 -0.00038581839855618319 -0.039334521346456958
leaf_weight=9.9713147878646868 14.448659867048262 10.929682880640032 7.4397764801979092 9.6311998963356 12.951238289475439 16.943446204066277 9.2278158366680163 11.968244105577467 29.628654941916466 7.4753193557262412 12.903421550989149
leaf_count=40 58 44 30 39 52 68 37 48 119 30 52
internal_value=-0.000875446 -0.00872551 -0.0187715 -0.00337903 0.0016281 -0.00517796 0.00763977 0.00330588 -0.00222554 0.0166481 -0.0281008
internal_weight=153.519 80.7701 40.9041 17.071 39.866 26.9148 72.7487 58.3 41.5969 16.7031 23.8331
internal_count=617 325 165 69 160 108 292 234 167 67 96
is_linear=0
shrinkage=0.03


Tree=11
num_leaves=6
num_cat=0
split_feature=23 14 38 34 32
split_gain=15.036 6.98758 8.42746 7.41114 1.37991
threshold=1.3006994888580601 98.424335832954981 0.013679022589120944 -0.025411936753627736 0.00022634515153685533
decision_type=2 2 2 2 2
left_child=1 2 3 -1 -4
right_child=-2 -3 4 -5 -6
leaf_value=0.014908181755012529 0.028199475512775216 0.020131397232191893 -0.008631866461407631 -0.0057547459486045069 -0.033132890300836208
leaf_weight=16.216905772686005 12.457245647907255 7.9799510687589637 7.463358789682391 100.64840570092201 8.6891653984785062
leaf_count=65 50 32 30 405 35
internal_value=-0.000845176 -0.0038747 -0.00570283 -0.00255865 -0.0248367
internal_weight=153.455 140.998 133.018 116.865 16.1525
internal_count=617 567 535 470 65
is_linear=0
shrinkage=0.03


Tree=12
num_leaves=8
num_cat=0
split_feature=23 20 40 16 38 21 38
split_gain=14.2611 7.65283 9.73215 9.44206 7.79525 5.49048 5.40417
threshold=1.3006994888580601 0.014227490539439397 0.084788123245063143 3.6589828098415365 0.011992378817739196 0.01106656434882259 0.0073883918481200857
decision_type=2 2 2 2 2 2 2
left_child=1 3 4 6 -3 -5 -1
right_child=-2 2 -4 5 -6 -7 -8
leaf_value=0.016687927840201847 0.02747285941379779 0.017520215666553821 -0.023056304089501569 -0.025421733250423836 -0.0043793580883451878 0.00075993620654130501 -0.0065311898300452875
leaf_weight=10.97149710357189 12.456022664904593 33.132960110902786 8.2032381743192655 31.181366667151451 22.397677898406982 7.6676033586263648 27.388566106557846
leaf_count=44 50 133 33 126 90 31 110
internal_value=-0.00081124 -0.00376524 0.00370345 -0.0100576 0.00858136 -0.0201029 0.000236003
internal_weight=153.399 140.943 63.7339 77.209 55.5306 38.849 38.3601
internal_count=617 567 256 311 223 157 154
is_linear=0
shrinkage=0.03


Tree=13
num_leaves=7
num_cat=0
split_feature=23 40 19 32 16 16
split_gain=13.5355 7.13712 8.74157 6.44524 4.5652 1.57567
threshold=1.3006994888580601 0.079869361274328213 0.059146129212083572 -0.0048960268472463811 3.6589828098415365 -0.81581184160766529
decision_type=2 2 2 2 2 2
left_child=1 2 4 -4 -1 -3
right_child=-2 5 3 -5 -6 -7
leaf_value=-0.0019205667040806955 0.026773780576891056 -0.0063416193794133182 0.022831982208770047 0.00083255679689846413 -0.019464932511256913 -0.028889240235376805
leaf_weight=36.089801028370857 12.450118973851202 8.4446800053119677 14.446314036846159 50.724528536200523 22.065417259931564 9.0817699879407865
leaf_count=145 50 34 58 204 89 37
internal_value=-0.000783524 -0.00366509 -0.00085527 0.00646706 -0.00925249 -0.0205557
internal_weight=153.303 140.853 123.326 65.1708 58.1552 17.5264
internal_count=617 567 496 262 234 71
is_linear=0
shrinkage=0.03


Tree=14
num_leaves=7
num_cat=0
split_feature=23 38 21 16 36 26
split_gain=12.8623 5.67712 7.65393 7.27805 5.74723 3.04905
threshold=1.3151159678415152 0.013679022589120944 0.013317665455268517 3.3449144561651383 0.0064890285127842543 0.26847469967236992
decision_type=2 2 2 2 2 2
left_child=1 2 3 -1 -4 -3
right_child=-2 5 4 -5 -6 -7
leaf_value=0.0028796281303344754 0.027472639570699342 -0.002713541761265187 0 -0.012361948655270301 0.031822682289724832 -0.029629244701150598
leaf_weight=58.500376507639885 11.194851532578467 8.6826469153165835 8.46270599961281 49.475494623184204 8.228671655058859 8.6703248620033246
leaf_count=235 45 35 34 200 33 35
internal_value=-0.000762971 -0.00344342 -0.000953526 -0.00406561 0.0166568 -0.0186091
internal_weight=153.215 142.02 124.667 107.976 16.6914 17.353
internal_count=617 572 502 435 67 70
is_linear=0
shrinkage=0.03


Tree=15
num_leaves=10
num_cat=0
split_feature=3 40 35 17 20 35 22 13 36
split_gain=14.1911 8.09895 6.688 12.0764 7.02539 6.67892 5.38042 4.8959 5.14915
threshold=-0.019875716018928066 0.032568556016671642 0.02920128340237305 2.4992708364491993 0.013498977219993829 0.045262443192120923 -0.02262169711022682 -5.423172645101082 0.0075304849534079199
decision_type=2 2 2 2 2 2 2 2 2
left_child=5 7 3 -3 -4 6 -1 -2 -9
right_child=1 2 4 -5 -6 -7 -8 8 -10
leaf_value=0.040143176708925983 0.017344721678431135 -0.032851309773517745 -0.015969352763542475 0.0043506918941680125 0.01743474694611424 -0.0023293890921104927 0.0069044601690460058 -0.0063646218939177176 0.012439224073630089
leaf_weight=11.203063249588016 13.684306234121321 21.452002540230755 8.8978531956672686 10.179547056555746 9.6931258440017682 8.2147811651229841 9.9600839912891388 47.208622634410858 15.67773814499378
leaf_count=45 55 87 36 41 39 33 40 190 63
internal_value=0.000600205 -0.00371807 -0.0128796 -0.0208863 0.000720462 0.0187647 0.0270944 0.00227493 -0.00120668
internal_weight=156.171 126.793 50.2225 31.6315 18.591 29.3779 21.1631 76.5707 62.8864
internal_count=629 511 203 128 75 118 85 308 253
is_linear=0
shrinkage=0.03


Tree=16
num_leaves=9
num_cat=0
split_feature=3 40 21 35 3 22 28 21
split_gain=13.4577 7.67898 7.0124 6.37196 5.82426 5.09684 4.7977 7.17899
threshold=-0.019875716018928066 0.032568556016671642 0.010050885831086842 0.045262443192120923 0.0067152790008602201 -0.02262169711022682 11.500000000000002 0.011364090827782116
decision_type=2 2 2 2 2 2 2 2
left_child=3 6 -3 5 -4 -1 7 -2
right_child=1 2 4 -5 -6 -7 -8 -9
leaf_value=0.039154606222070489 -0.0089232244447473765 -0.030083778565725507 -0.017513913028052348 -0.0022732470583182629 0.0050264429815435477 0.0067315362184554558 0.01841781609960064 0.01085363368234398
leaf_weight=11.191982641816143 39.716407492756844 13.050818204879759 16.073951259255409 8.2145290374755842 21.016570657491684 9.9608322530984879 11.702678605914114 25.147919073700905
leaf_count=45 160 53 65 33 85 40 47 101
internal_value=0.00060075 -0.00360394 -0.0125359 0.0182936 -0.00475446 0.0264349 0.00222462 -0.000936094
internal_weight=156.076 126.708 50.1413 29.3673 37.0905 21.1528 76.567 64.8643
internal_count=629 511 203 118 150 85 308 261
is_linear=0
shrinkage=0.03


Tree=17
num_leaves=10
num_cat=0
split_feature=3 40 17 6 25 28 34 40 36
split_gain=12.7794 7.30296 6.255 5.04254 4.75902 4.32807 2.7632 2.74658 0.317228
threshold=-0.019875716018928066 0.032568556016671642 0.76183430147848175 -0.014645936018123341 0.51355311355311362 3.5000000000000004 0.012675188907158576 0.07815714545964593 0.0061508225952353109
decision_type=2 2 2 2 2 2 2 2 2
left_child=3 4 6 -1 5 -2 -3 -4 -5
right_child=1 2 7 8 -6 -7 -8 -9 -10
leaf_value=0.0031453534873755488 0.010701074225309391 -0.031352138144516289 0.0065938177896692303 0.013598782177027839 0.019654727561263404 -0.0056337872168671383 -0.0078006099465948503 -0.01202720986704402 0.036938589286593805
leaf_weight=14.447644576430323 18.415614917874336 13.306956112384798 14.890116691589357 7.4542401283979398 9.9566103965044004 48.182469502091408 11.776591926813124 10.106702253222464 7.4463356882333755
leaf_count=58 74 54 60 30 40 194 48 41 30
internal_value=0.000591066 -0.00350492 -0.0122236 0.0178394 0.00217372 -0.000717926 -0.0222412 -0.000712658 0.029141
internal_weight=155.983 126.635 50.0804 29.3482 76.5547 66.5981 25.0835 24.9968 14.9006
internal_count=629 511 203 118 308 268 102 101 60
is_linear=0
shrinkage=0.03


Tree=18
num_leaves=10
num_cat=0
split_feature=23 40 35 2 18 40 26 15 35
split_gain=12.1134 8.09818 9.29549 12.2308 7.20898 6.87029 4.51828 4.3162 4.20821
threshold=1.196843056305706 0.011053567231783081 0.02920128340237305 0.012529676550202875 0.7191314784737951 -0.0093211550304133067 0.48584529505582147 28.083703178756078 0.048125426868596784
decision_type=2 2 2 2 2 2 2 2 2
left_child=1 6 3 -3 5 -2 8 -4 -1
right_child=4 2 7 -5 -6 -7 -8 -9 -10
leaf_value=0.016220944918990322 0.0026661621572882711 -0.027859723347911081 -0.0033480786432123935 0.0041166728853914425 -0.0040114730225655698 0.04095433724286051 -0.01038034534216311 0.020325395122777652 -0.0021651337330711486
leaf_weight=28.632231146097183 7.9547161012888017 31.258931666612625 22.309186562895778 14.117121383547781 7.6944039165973654 11.156029865145682 10.413621649146078 7.4378876090049735 14.921654403209685
leaf_count=115 32 127 90 57 31 45 42 30 60
internal_value=0.000589255 -0.00319174 -0.00952757 -0.017841 0.0182762 0.0274901 0.00538506 0.00300625 0.00977405
internal_weight=155.896 129.091 75.1231 45.3761 26.8051 19.1107 53.9675 29.7471 43.5539
internal_count=629 521 304 184 108 77 217 120 175
is_linear=0
shrinkage=0.03


Tree=19
num_leaves=8
num_cat=0
split_feature=3 23 6 10 23 36 2
split_gain=11.9008 7.22824 5.85773 6.68023 8.78946 7.73134 5.82516
threshold=-0.017784934645706126 0.93403276230868393 0.018909929640623165 0.0068180447423226162 0.84447299606208537 0.0048146880519967508 -0.026489053850986873
decision_type=2 2 2 2 2 2 2
left_child=1 -1 3 4 -2 -5 -3
right_child=2 6 -4 5 -6 -7 -8
leaf_value=-0.0066312244725992625 0.020218960182960859 0.0019101120357797104 0.018500574309388985 0.0048877855227592573 -0.0050977101795062364 -0.020074217134617496 0.033554237614022042
leaf_weight=7.7090359181165686 14.177509441971777 9.2060168534517306 7.7003857791423789 13.32514715194702 49.387112036347389 38.182530462741852 16.09222424030304
leaf_count=31 57 37 31 54 199 155 65
internal_value=0.000582865 0.0161136 -0.00366369 -0.00556571 0.000764678 -0.0133948 0.0235721
internal_weight=155.78 33.0073 122.773 115.072 63.5646 51.5077 25.2982
internal_count=629 133 496 465 256 209 102
is_linear=0
shrinkage=0.03


Tree=20
num_leaves=6
num_cat=0
split_feature=23 1 37 23 21
split_gain=9.81341 6.75953 4.9645 5.34262 4.72946
threshold=1.3006994888580601 0.024290002176677542 0.039901789478247858 1.0399120517455633 0.010050885831086842
decision_type=2 2 2 2 2
left_child=1 2 3 -1 -4
right_child=-2 -3 4 -5 -6
leaf_value=0.0036520111113623791 0.021641682731839432 0.020314766253730399 -0.030292316051804546 -0.010725865694021928 -0.0061795977478746782
leaf_weight=64.067064642906189 13.593807056546209 7.9498477131128302 10.010417088866232 33.486529484391212 28.748719468712807
leaf_count=258 55 32 41 135 117
internal_value=-0.000866898 -0.00335735 -0.00512017 -0.00124904 -0.0139561
internal_weight=157.856 144.263 136.313 97.5536 38.7591
internal_count=638 583 551 393 158
is_linear=0
shrinkage=0.03


Tree=21
num_leaves=10
num_cat=0
split_feature=38 37 20 20 36 9 15 37 4
split_gain=10.5707 11.9122 7.59087 9.62242 14.6302 8.37449 10.3093 2.06375 1.12463
threshold=0.013103509527692006 -0.029377729635918889 0.014085673062014624 0.015772498621418756 0.006190981103895544 0.033359266247888195 -39.100832740056312 0.034944342301030613 0.02274236647103212
decision_type=2 2 2 2 2 2 2 2 2
left_child=2 -2 5 8 -5 6 -1 -7 -4
right_child=1 -3 3 4 -6 7 -8 -9 -10
leaf_value=-0.020682363411733747 0.0082942429919419646 -0.033858935397459426 0.030170865647544585 -0.015431352764388083 0.024465212591526859 -0.0043907475256112667 0.0083362440445691709 -0.027123124467494646 0.0085625077316846716
leaf_weight=11.872385859489439 7.6952795535326031 14.535709410905836 15.157368227839472 19.621281892061237 11.396724447607992 8.6317761093378085 50.043044418096542 11.366836905479429 7.4508041888475409
leaf_count=48 31 59 61 79 46 35 202 47 30
internal_value=-0.000839233 -0.0191683 0.00229301 0.0109244 0 -0.0033046 0.00206413 -0.0192845 0.0249338
internal_weight=157.771 22.231 135.54 53.6262 31.018 81.914 61.9154 19.9986 22.6082
internal_count=638 90 548 216 125 332 250 82 91
is_linear=0
shrinkage=0.03


Tree=22
num_leaves=10
num_cat=0
split_feature=38 37 20 20 36 10 8 25 4
split_gain=10.0063 11.3563 7.24808 9.13023 13.8816 7.82608 8.47378 6.29775 1.04101
threshold=0.013103509527692006 -0.029377729635918889 0.014085673062014624 0.015772498621418756 0.006190981103895544 0.0085078788855101912 0.0023789823283195495 0.097167584579071611 0.02274236647103212
decision_type=2 2 2 2 2 2 2 2 2
left_child=2 -2 5 8 -5 6 -1 -7 -4
right_child=1 -3 3 4 -6 7 -8 -9 -10
leaf_value=-0.0048445784041749916 0.0080979472262843882 -0.033052833334769278 0.029396314288183019 -0.015016771491270718 0.023856400942608894 0.0038869581204449091 0.020305650866868363 -0.021666828151528306 0.0083593835068393376
leaf_weight=29.539455533027649 7.6938615590333965 14.492918014526365 15.142943218350412 19.613425225019459 11.388103812932966 10.789467707276343 17.125455737113953 24.416591301560402 7.4514823704957953
leaf_count=119 31 59 61 79 46 44 69 100 30
internal_value=-0.000820234 -0.0186729 0.00222369 0.0106622 0 -0.00324418 0.00453221 -0.0136443 0.0243123
internal_weight=157.654 22.1868 135.467 53.596 31.0015 81.871 46.6649 35.2061 22.5944
internal_count=638 90 548 216 125 332 188 144 91
is_linear=0
shrinkage=0.03


Tree=23
num_leaves=6
num_cat=0
split_feature=23 14 14 6 23
split_gain=9.188 6.35447 4.68553 6.70724 3.6753
threshold=1.3006994888580601 98.424335832954981 45.301761565351633 0.0038210512021539978 0.86795005342843223
decision_type=2 2 2 2 2
left_child=1 2 3 -1 -4
right_child=-2 -3 4 -5 -6
leaf_value=-0.0082999592356072707 0.021023835781012811 0.019170132141850829 0 0.0060373177184132095 -0.027480277834488469
leaf_weight=69.935901820659637 13.554247021675108 8.430407375097273 7.3011571317911175 46.772613704204559 11.513984426856039
leaf_count=283 55 34 30 189 47
internal_value=-0.000780883 -0.00319667 -0.00495565 -0.00242282 -0.0182036
internal_weight=157.508 143.954 135.524 116.709 18.8151
internal_count=638 583 549 472 77
is_linear=0
shrinkage=0.03


Tree=24
num_leaves=6
num_cat=0
split_feature=23 1 40 23 23
split_gain=8.71898 6.2202 5.36221 5.88707 5.42811
threshold=1.3006994888580601 0.024290002176677542 0.047254976475725526 1.0399120517455633 0.97084436217183667
decision_type=2 2 2 2 2
left_child=1 2 3 -1 -4
right_child=-2 -3 4 -5 -6
leaf_value=0.0042367113484007299 0.020504856285918277 0.019610870228903569 -0.02135396590045514 -0.010955838178391755 0.0012924231774752552
leaf_weight=64.910283759236336 13.531352013349531 7.9337449222803107 26.081488102674484 32.692939817905426 12.276437208056448
leaf_count=262 55 32 107 132 50
internal_value=-0.00074977 -0.00310498 -0.00480433 -0.000819358 -0.0140295
internal_weight=157.426 143.895 135.961 97.6032 38.3579
internal_count=638 583 551 394 157
is_linear=0
shrinkage=0.03


Tree=25
num_leaves=9
num_cat=0
split_feature=40 18 21 41 23 36 34 1
split_gain=4.9574 5.60343 6.51657 5.60026 6.1708 6.15987 5.02306 0.192538
threshold=0.071066003635154154 0.84978071165711488 0.01106656434882259 1.0000000180025095e-35 1.2058739888609569 0.008138132147436021 0.025455770057296493 0.0028419338340197613
decision_type=2 2 2 2 2 2 2 2
left_child=1 3 -3 5 -5 -1 7 -2
right_child=6 2 -4 4 -6 -7 -8 -9
leaf_value=-0.018269494968411501 -0.026693055380457516 -0.022872324157448616 0.006557111458801319 0.0050591313112493142 0.028189838109718465 0.0099919523964746553 0.0046677761559270068 -0.0091394173926121879
leaf_weight=14.842809215188028 8.504402041435247 13.486412554979326 9.6859003752469999 73.28917783498764 11.084294870495794 9.4079674631357175 8.5250895172357541 7.5643759965896598
leaf_count=60 35 55 39 296 45 38 35 31
internal_value=-6.46687e-05 0.00219315 -0.0104315 0.0051618 0.0088539 -0.00680825 -0.0119832 -0.0211861
internal_weight=156.39 131.797 23.1723 108.624 84.3735 24.2508 24.5939 16.0688
internal_count=634 533 94 439 341 98 101 66
is_linear=0
shrinkage=0.03


Tree=26
num_leaves=7
num_cat=0
split_feature=3 40 38 23 20 28
split_gain=7.72324 5.35357 5.09884 5.0525 8.50978 6.21599
threshold=-0.024685752624293174 0.079869361274328213 0.011992378817739196 1.0931440240666601 0.014198045573815243 6.5000000000000009
decision_type=2 2 2 2 2 2
left_child=2 3 -1 4 -2 -5
right_child=1 -3 -4 5 -6 -7
leaf_value=0.025827552284610499 -0.0046357643110220498 -0.019035765359143926 -0.0022394203914950779 0.0033029251385630959 0.013377214591512475 -0.02267644684852204
leaf_weight=13.559173271059992 53.939680933952332 14.273597836494444 7.3733448386192313 12.895289838314058 38.200606793165207 16.042445540428162
leaf_count=55 219 59 30 52 154 65
internal_value=-6.57517e-05 -0.00284869 0.015954 -0.000540239 0.00279847 -0.0111495
internal_weight=156.284 135.352 20.9325 121.078 92.1403 28.9377
internal_count=634 549 85 490 373 117
is_linear=0
shrinkage=0.03


Tree=27
num_leaves=11
num_cat=0
split_feature=10 21 40 35 39 35 27 35 21 6
split_gain=7.62738 10.1262 8.82236 8.39865 6.77891 5.90488 7.07553 5.50507 3.3617 0.255073
threshold=0.0068180447423226162 0.01007706519709309 0.068286430987973615 1.0000000180025095e-35 1.0000000180025095e-35 0.01693753664138509 1.5000000000000002 0.017418134699802915 0.0086904529078066593 0.0012237536345729362
decision_type=2 2 2 2 2 2 2 2 2 2
left_child=3 8 7 4 -1 -5 -7 -3 -2 -6
right_child=1 2 -4 5 9 6 -8 -9 -10 -11
leaf_value=-0.0022322040950454522 -0.0088738806205180924 -0.0022920203662890972 -0.021212816212241102 -0.020303744609944639 0.014456931162343874 -0.0084223360002408688 0.011985404078310247 0.021966700190010058 -0.034150451015557734 0.035631212515317728
leaf_weight=7.8937619626522091 13.962768822908403 14.596833735704424 9.0676723271608335 9.3381466865539533 8.8559300601482409 24.0365110039711 33.964482396841049 14.390472292900084 10.901340454816816 9.1735407114028913
leaf_count=32 57 59 38 38 36 97 137 58 45 37
internal_value=-6.61985e-05 -0.00808715 0.00142873 0.00524382 0.0190875 -0.000266029 0.00327929 0.00990742 -0.0222318 0.0284616
internal_weight=156.181 62.9191 38.055 93.2624 25.9232 67.3391 58.001 28.9873 24.8641 18.0295
internal_count=634 257 155 377 105 272 234 117 102 73
is_linear=0
shrinkage=0.03


Tree=28
num_leaves=9
num_cat=0
split_feature=3 38 17 34 20 21 27 11
split_gain=7.27174 4.83163 4.51704 7.28739 6.0679 8.69388 5.47725 3.66087
threshold=-0.024685752624293174 0.011992378817739196 0.7217953420742137 0.025455770057296493 0.014227490539439397 0.011768915929308699 1.5000000000000002 -0.0089232801596405547
decision_type=2 2 2 2 2 2 2 2
left_child=1 -1 4 6 7 -6 -4 -2
right_child=2 -3 3 -5 5 -7 -8 -9
leaf_value=0.025107802023774502 0 -0.0021851921845404973 -0.0029687720340557861 -0.015795840748090286 0.021254895377415425 -0.010410150530398087 0.016157312791608969 -0.019466646516680661
leaf_weight=13.528267309069635 12.30106697976589 7.3698300719261161 20.558436259627342 12.327941149473189 11.405513733625414 16.285143479704857 29.650340184569359 32.621596425771713
leaf_count=55 50 30 83 50 46 66 120 134
internal_value=-7.53225e-05 0.0154775 -0.00278024 0.00291449 -0.00783241 0.00268036 0.00822493 -0.0144703
internal_weight=156.048 20.8981 135.15 62.5367 72.6133 27.6907 50.2088 44.9227
internal_count=634 85 549 253 296 112 203 184
is_linear=0
shrinkage=0.03


Tree=29
num_leaves=13
num_cat=0
split_feature=16 20 38 15 19 40 19 18 37 24 34 34
split_gain=5.64307 9.68794 7.83441 7.71582 5.68068 4.74222 4.58736 7.94868 5.47008 3.46112 2.49096 0.860784
threshold=3.3449144561651383 0.01434211750743176 0.0090564419027431339 7.8191060495025733 0.054116145747777046 0.060500014671800779 0.067776286053422272 0.39103681233167792 0.02606077123466977 0.24190177638453506 0.0093445617036196377 0.012675188907158576
decision_type=2 2 2 2 2 2 2 2 2 2 2 2
left_child=2 3 5 4 -2 10 7 -4 -8 -3 -1 -5
right_child=1 9 6 11 -6 -7 8 -9 -10 -11 -12 -13
leaf_value=0.030577703476825348 -0.01343796796101057 -0.002538121491917743 -0.024648577042905663 -0.032810755917485779 0.016170396654765475 0 0.016772282791760677 0.0034040841281187131 -0.011110230785761305 0.018085757055419264 0.0065664733005580591 -0.011687261879714108
leaf_weight=13.884991303086283 12.015751555562021 12.345538333058359 14.325957849621771 13.319886639714243 7.9036089926958075 10.565810739994047 16.272255912423137 17.838932514190674 7.3563138842582694 11.897848829627035 9.4016868323087674 8.7791150063276273
leaf_count=56 49 50 58 55 32 43 66 72 30 48 38 37
internal_value=-7.26227e-05 -0.00669322 0.00469659 -0.0152626 -0.000602113 0.0156972 -0.00203071 -0.00936278 0.0073167 0.00761877 0.0227628 -0.026708
internal_weight=155.908 66.2617 89.6459 42.0184 19.9194 33.8525 55.7935 32.1649 23.6286 24.2434 23.2867 22.099
internal_count=634 271 363 173 81 137 226 130 96 98 94 92
is_linear=0
shrinkage=0.03


Tree=30
num_leaves=7
num_cat=0
split_feature=23 10 40 38 23 15
split_gain=7.37084 8.65907 7.08993 5.74138 5.63237 5.0659
threshold=1.2098564631689215 -0.0035938481672928009 0.067432938915297905 0.013986124792280858 0.85960849661737126 10.893810757456675
decision_type=2 2 2 2 2 2
left_child=2 -2 3 4 -1 -4
right_child=1 -3 5 -5 -6 -7
leaf_value=0.015757026083212153 0.031643905453632507 -0.0022894344189731707 -0.0010494478402328438 -0.016736037505790415 -0.00046839132624423179 -0.029995362250332468
leaf_weight=23.745648756623268 11.739302650094034 11.359641611576079 11.74217773973942 12.049484148621557 69.540154933929443 10.742144420742987
leaf_count=96 48 46 48 49 282 45
internal_value=0.000553142 0.0155058 -0.00223074 0.000997187 0.00374837 -0.0168119
internal_weight=150.919 23.0989 127.82 105.335 93.2858 22.4843
internal_count=614 94 520 427 378 93
is_linear=0
shrinkage=0.03


Tree=31
num_leaves=9
num_cat=0
split_feature=28 15 28 28 4 38 15 24
split_gain=8.78754 9.02559 13.2929 9.83899 9.72751 5.50501 4.25888 4.22069
threshold=11.500000000000002 -3.7372492776053443 6.5000000000000009 5.5000000000000009 0.0041546563727575822 0.0091699295642991719 -39.564482293866753 -0.060661764705882346
decision_type=2 2 2 2 2 2 2 2
left_child=1 3 4 6 -3 -4 -1 -5
right_child=-2 2 5 7 -6 -7 -8 -9
leaf_value=-0.020726754173803378 0.021585265716070105 0.016535020074956788 -0.0057755847515883378 0.0045615717876849758 -0.0085515385213881245 -0.031687564553125068 0.004172975769004876 0.029298229914827757
leaf_weight=8.908139720559122 14.081322625279425 21.703129574656487 15.449360162019728 13.751931399106981 31.237025454640388 19.289219796657562 11.34273339807987 15.037371605634688
leaf_count=36 57 88 63 56 128 79 46 61
internal_value=0.000523866 -0.00181715 -0.0076125 0.00814274 0.00168736 -0.0215137 -0.00698451 0.0190332
internal_weight=150.8 136.719 87.6787 49.0402 52.9402 34.7386 20.2509 28.7893
internal_count=614 557 358 199 216 142 82 117
is_linear=0
shrinkage=0.03


Tree=32
num_leaves=9
num_cat=0
split_feature=28 15 28 28 36 11 6 25
split_gain=8.33271 8.56238 12.6303 9.34805 9.28062 6.68768 4.09951 3.95141
threshold=11.500000000000002 -3.7372492776053443 6.5000000000000009 5.5000000000000009 0.0056120213692363559 -0.012965983801540902 -0.00084998950380052864 0.11416040100250628
decision_type=2 2 2 2 2 2 2 2
left_child=1 3 4 5 -3 -1 -5 -4
right_child=-2 2 7 6 -6 -7 -8 -9
leaf_value=-0.019285059440143845 0.021026350088533301 -0.010909177186822439 -0.0046407441190056018 0.031233777099379627 0.013287033774520967 0.012754994814576237 0.0065881004063147088 -0.028180755962531751
leaf_weight=12.839595317840578 14.075208410620688 24.918508976697922 12.231710121035574 11.797318175435068 27.999672621488571 7.3992205411195746 16.971524447202682 22.42655935883522
leaf_count=52 57 102 50 48 114 30 69 92
internal_value=0.000512117 -0.00176661 -0.00741776 0.00793279 0.00163785 -0.00680322 0.0185554 -0.0209886
internal_weight=150.659 136.584 87.5765 49.0077 52.9182 20.2388 28.7688 34.6583
internal_count=614 557 358 199 216 82 117 142
is_linear=0
shrinkage=0.03


Tree=33
num_leaves=8
num_cat=0
split_feature=28 3 36 2 28 32 0
split_gain=7.89903 7.54699 5.18271 9.03825 8.54235 3.87026 4.26875
threshold=11.500000000000002 -0.017448838356249382 0.0055382943536720179 0.013108089520283752 6.5000000000000009 -0.0014150930804917581 0.00069951013910640747
decision_type=2 2 2 2 2 2 2
left_child=1 5 3 -3 -4 -1 -7
right_child=-2 2 4 -5 -6 6 -8
leaf_value=0.021156366503774952 0.02048566955436321 -0.021968866570709435 0.010203537189071916 0.005176308397768125 -0.011392302457971905 -0.014287516245992287 0.014376604793867822
leaf_weight=14.487200915813448 14.066213130950926 30.440331637859344 33.474376246333122 14.565613225102423 28.78023886680603 7.3879148662090284 7.3159947246313095
leaf_count=59 57 125 136 59 118 30 30
internal_value=0.000505623 -0.00171187 -0.00549716 -0.0130181 0 0.0111766 0
internal_weight=150.518 136.452 107.261 45.0059 62.2546 29.1911 14.7039
internal_count=614 557 438 184 254 119 60
is_linear=0
shrinkage=0.03


Tree=34
num_leaves=9
num_cat=0
split_feature=28 15 28 4 28 37 6 37
split_gain=7.48624 8.20663 11.7221 9.13447 8.96885 4.92839 3.79438 2.81404
threshold=11.500000000000002 -3.7372492776053443 6.5000000000000009 0.0041546563727575822 5.5000000000000009 0.0099318914984902768 -0.00084998950380052864 0.036645463385868278
decision_type=2 2 2 2 2 2 2 2
left_child=1 4 3 -3 5 -1 -6 -4
right_child=-2 2 7 -5 6 -7 -8 -9
leaf_value=0.0081138695784119703 0.019962282451325239 0.015927571603924658 -0.025053810192959634 -0.0084002138260813163 0.030517901753565186 -0.018750622451069274 0.0066379404890405738 -0.0025775538067671511
leaf_weight=8.8913488984107989 14.054571539163588 21.6695936024189 25.906374245882034 31.195124357938766 11.765258252620699 11.321248948574064 16.962308064103127 8.6186644583940488
leaf_count=36 57 88 106 128 48 46 69 36
internal_value=0.000503033 -0.00165424 -0.00719745 0.0015156 0.00784345 -0.00659134 0.0182558 -0.020302
internal_weight=150.384 136.33 87.3898 52.8647 48.9402 20.2126 28.7276 34.525
internal_count=614 557 358 216 199 82 117 142
is_linear=0
shrinkage=0.03


Tree=35
num_leaves=9
num_cat=0
split_feature=15 14 38 21 15 38 34 20
split_gain=7.19071 7.86327 6.39518 6.35052 10.3201 8.40001 6.04102 0.174148
threshold=-3.7372492776053443 98.424335832954981 0.013986124792280858 0.015677329316262385 -40.512739373663443 0.011802284168832796 -0.019337750235514924 0.013643258426966294
decision_type=2 2 2 2 2 2 2 2
left_child=3 2 6 4 7 -6 -2 -1
right_child=1 -3 -4 -5 5 -7 -8 -9
leaf_value=-0.0076658514666798861 0.0088561530100329591 0.017657439447067682 -0.030018096077586497 0.024517385802695992 0.018515811485337666 -0.011232465573378756 -0.010660226915282116 -0.024092950559545811
leaf_weight=7.3941720575094205 16.031718999147415 8.1518639028072339 10.862102493643759 10.987249881029127 25.679310262203217 10.111056655645369 60.353163152933121 7.399315670132637
leaf_count=30 65 33 45 45 104 41 248 30
internal_value=-0.00198426 -0.00715457 -0.00998469 0.00576378 0.000627498 0.00956508 -0.0062513 -0.0186663
internal_weight=156.97 95.3988 87.247 61.5711 50.5839 35.7904 76.3849 14.7935
internal_count=641 391 358 250 205 145 313 60
is_linear=0
shrinkage=0.03


Tree=36
num_leaves=7
num_cat=0
split_feature=28 36 23 15 25 34
split_gain=12.599 9.87268 8.49145 6.73274 6.04618 2.31115
threshold=10.500000000000002 0.0055382943536720179 1.3304008029687753 111.11108972212011 0.037386443046820407 -0.028886515994581859
decision_type=2 2 2 2 2 2
left_child=2 -2 3 4 -1 -3
right_child=1 5 -4 -5 -6 -7
leaf_value=-0.027524977397454877 0.037700519117506964 0.012357850996953152 0.018295808593905952 0.015562029884519426 -0.0070637395744007035 -0.0071985225405859351
leaf_weight=14.573631405830382 9.3691020905971545 7.608868911862376 9.6864414066076261 7.656641259789466 97.812767088413239 10.094544291496275
leaf_count=60 38 31 40 31 400 41
internal_value=-0.00193226 0.0158329 -0.00593755 -0.00828366 -0.010283 0.000846661
internal_weight=156.802 27.0725 129.729 120.043 112.386 17.7034
internal_count=641 110 531 491 460 72
is_linear=0
shrinkage=0.03


Tree=37
num_leaves=7
num_cat=0
split_feature=2 38 21 7 38 2
split_gain=4.68729 6.28283 7.11136 7.0529 5.94053 3.72104
threshold=0.034730243339800911 0.011802284168832796 0.014259640042116316 0.0038823516721315744 0.010716863155248817 -0.010802160510837986
decision_type=2 2 2 2 2 2
left_child=1 2 4 5 -1 -3
right_child=-2 3 -4 -5 -6 -7
leaf_value=-0.0050431096752455431 0.018289519568682959 -0.012625112547720412 0.025263792947020334 -0.030207298001608273 0.013726945299495367 0.0099696146840949421
leaf_weight=90.854627385735512 7.5934010148048392 12.673555359244345 7.4132265150547019 12.71323139965534 15.933462142944334 9.4665070027112979
leaf_count=372 31 52 30 52 65 39
internal_value=-0.00185453 -0.00320862 0.000135191 -0.0139848 -0.00190374 -0.00231725
internal_weight=156.648 149.055 114.201 34.8533 106.788 22.1401
internal_count=641 610 467 143 437 91
is_linear=0
shrinkage=0.03


Tree=38
num_leaves=9
num_cat=0
split_feature=2 38 36 35 10 8 11 22
split_gain=4.46291 5.98435 6.73386 11.4013 9.18656 4.73995 4.08064 0.00754024
threshold=0.034730243339800911 0.011802284168832796 0.0059465208567478891 0.036835562788739125 1.0000000180025095e-35 -0.0013972991175235123 0.0027764259926570394 -0.010155723282136929
decision_type=2 2 2 2 2 2 2 2
left_child=1 2 3 -1 -4 6 -3 -7
right_child=-2 5 4 -5 -6 7 -8 -9
leaf_value=-0.019205850845554925 0.01787536897647455 0.010510827898802892 0.02395879963425053 0.0056244477090658801 -0.001079515344761028 -0.011878175718332266 -0.014215499800103767 -0.031488860454542009
leaf_weight=29.810833141207695 7.5827491432428351 8.8537216484546679 18.446614637970924 32.130724981427193 33.767868131399155 7.2842298001050949 10.915838018059729 7.7530708461999875
leaf_count=123 31 36 75 131 138 30 45 32
internal_value=-0.00178715 -0.00311096 0.000148737 -0.00631808 0.00804701 -0.0136365 -0.00250457 -0.0253792
internal_weight=156.546 148.963 114.156 61.9416 52.2145 34.8069 19.7696 15.0373
internal_count=641 610 467 254 213 143 81 62
is_linear=0
shrinkage=0.03


Tree=39
num_leaves=7
num_cat=0
split_feature=23 40 19 25 23 12
split_gain=9.64324 5.51824 7.73518 7.34653 6.70991 0.543751
threshold=1.3304008029687753 0.079869361274328213 0.059448887436808713 0.41302521008403364 0.76097140081362236 53.024390243902452
decision_type=2 2 2 2 2 2
left_child=1 2 3 -1 -4 -3
right_child=-2 5 4 -5 -6 -7
leaf_value=-0.014658567875628832 0.022326280764768384 -0.0089488711686892784 -0.015838051363403112 0.0090520275668012785 0.00933105306465358 -0.026711402958229852
leaf_weight=48.177042439579964 11.55930085480213 10.239687889814379 9.1368651837110502 13.039493054151533 57.07883483171463 7.1629308611154547
leaf_count=197 48 42 37 53 233 31
internal_value=-0.00174288 -0.00404393 -0.00161864 -0.00924419 0.00527564 -0.0190328
internal_weight=156.394 144.835 127.432 61.2165 66.2157 17.4026
internal_count=641 593 520 250 270 73
is_linear=0
shrinkage=0.03


Tree=40
num_leaves=11
num_cat=0
split_feature=21 8 36 35 40 11 8 40 4 32
split_gain=9.14677 15.2802 10.3977 11.0555 10.6307 5.06251 5.81383 4.61294 4.66055 1.08707
threshold=0.010407638027056075 -0.015983515142628964 0.0053836867069834453 0.034758460435233014 -0.016518926330593871 -0.0052544673281029733 0.023270310203832027 0.042002686291530818 0.0041546563727575822 0.0018768442333767512
decision_type=2 2 2 2 2 2 2 2 2 2
left_child=1 -1 3 9 -5 -4 -7 8 -3 -2
right_child=2 7 5 4 -6 6 -8 -9 -10 -11
leaf_value=0.024957625374267316 -0.010274218700695814 0.0018409399856462447 -9.9353627413435315e-05 -0.016819500708193876 0.023611664451510698 0.027061608834026921 0 -0.029961186893496645 -0.017208859282507941 -0.031978505485035121
leaf_weight=7.8096414953470221 10.093179926276209 17.715733215212822 14.395451262593268 7.4301998764276531 12.961764171719549 25.22333388030529 10.193831875920294 13.792012497782705 24.265684649348259 7.5577310323715201
leaf_count=32 42 72 59 30 53 103 42 58 100 31
internal_value=-0.0010046 -0.00959133 0.00511806 -0.00624903 0.00802345 0.0139949 0.0198236 -0.0153852 -0.00911082 -0.0226397
internal_weight=151.439 63.5831 87.8555 38.0429 20.392 49.8126 35.4172 55.7734 41.9814 17.6509
internal_count=622 262 360 156 83 204 145 230 172 73
is_linear=0
shrinkage=0.03


Tree=41
num_leaves=11
num_cat=0
split_feature=21 8 36 24 13 11 8 3 37 16
split_gain=8.61653 14.564 9.88211 7.24999 8.40726 4.8043 5.58388 3.90623 3.76214 5.05694
threshold=0.010407638027056075 -0.015983515142628964 0.0053836867069834453 -0.080290010741138548 2.1307942968388081 -0.0052544673281029733 0.014513873466794436 -0.021135656028968827 -0.0024422586783672813 0.41558388926194573
decision_type=2 2 2 2 2 2 2 2 2 2
left_child=1 -1 3 7 -5 -4 -7 -2 -3 -10
right_child=2 8 5 4 -6 6 -8 -9 9 -11
leaf_value=0.024404641335218899 0 0 -9.6737023765037944e-05 0.02437425313025739 -0.012604472369408539 0.028713426249019514 0.003158238714468391 -0.026826216615591758 -0.00096960036554299067 -0.025309011812758186
leaf_weight=7.7925759851932517 7.3595116287469891 13.02020440995693 14.395407661795614 9.5367597192525881 8.3360290676355344 20.768698170781136 14.625497058033941 12.751709744334219 11.981360539793966 30.635415717959404
leaf_count=32 30 53 59 39 34 85 60 53 49 128
internal_value=-0.000989517 -0.0093379 0.00494998 -0.00613522 0.00683949 0.0136068 0.0192884 -0.0179199 -0.015007 -0.0191526
internal_weight=151.203 63.4296 87.7736 37.984 17.8728 49.7896 35.3942 20.1112 55.637 42.6168
internal_count=622 262 360 156 73 204 145 83 230 177
is_linear=0
shrinkage=0.03


Tree=42
num_leaves=8
num_cat=0
split_feature=23 34 11 20 23 16 19
split_gain=7.92803 6.18892 5.65719 5.95193 5.56078 8.19312 4.88595
threshold=1.3006994888580601 -0.0041759467612836878 -0.010609036597691855 0.013775728331247359 0.85387684616685 -15.009027629594501 0.05848075540129228
decision_type=2 2 2 2 2 2 2
left_child=1 2 -1 -4 6 -6 -3
right_child=-2 4 3 -5 5 -7 -8
leaf_value=-0.011364066472982591 0.019776364106182474 0.019789678342442104 -0.0031607464238091279 0.020090946547025274 0.0083665309808079111 -0.017134826346406808 -0.0059521626178116625
leaf_weight=11.467146351933478 12.828710675239561 8.8167421966791171 14.206370860338209 22.428886786103249 11.99374747276306 54.933611959218979 14.282522037625311
leaf_count=47 54 36 58 91 49 228 59
internal_value=-0.000957998 -0.00324552 0.00512019 0.0109893 -0.00789255 -0.0122371 0.00406959
internal_weight=150.958 138.129 48.1024 36.6353 90.0266 66.9274 23.0993
internal_count=622 568 196 149 372 277 95
is_linear=0
shrinkage=0.03


Tree=43
num_leaves=12
num_cat=0
split_feature=21 10 36 38 20 35 23 36 20 12 32
split_gain=7.97401 12.6002 9.14861 10.5251 13.7508 10.3321 7.3798 5.53749 3.72909 3.03766 1.05269
threshold=0.010407638027056075 -0.014367663121701844 0.0053836867069834453 0.011439351918062111 0.017144752507372924 0.034758460435233014 0.82959546928074457 0.0035209885025166078 0.013910965811330625 59.718987453791421 0.0018768442333767512
decision_type=2 2 2 2 2 2 2 2 2 2 2
left_child=1 -1 5 9 -5 10 -3 -7 -8 -4 -2
right_child=2 6 3 4 -6 7 8 -9 -10 -11 -12
leaf_value=0.022917785747965085 -0.0097098893879740324 0.0082062366629943144 0.035215263463053113 -0.026870925693162222 0.01585789792586079 -0.0099568650279482831 -0.022991332311169076 0.01909317224866296 -9.4314032991854778e-05 0.0098538323334462358 -0.030932474576437444
leaf_weight=7.509463667869567 10.035818323493006 8.9926881790161115 13.972950220108034 9.2171276062726992 15.045007660984991 7.4083405286073711 37.436879828572273 12.938071638345717 9.2471923232078534 11.463132187724112 7.5035543143749228
leaf_count=31 42 37 57 38 62 30 156 53 38 47 31
internal_value=-0.000915634 -0.0089685 0.00479707 0.0131347 -0.000613682 -0.00587421 -0.0141748 0.00790004 -0.0189542 0.025884 -0.0217937
internal_weight=150.77 63.1862 87.584 49.6982 24.2621 37.8858 55.6768 20.3464 46.6841 25.4361 17.5394
internal_count=622 262 360 204 100 156 231 83 194 104 73
is_linear=0
shrinkage=0.03


Tree=44
num_leaves=13
num_cat=0
split_feature=21 10 36 28 35 6 37 19 4 34 4 36
split_gain=7.50025 11.9957 8.72622 11.4075 9.85217 9.31559 7.49224 5.99092 3.44939 3.69857 3.47348 1.00989
threshold=0.010407638027056075 -0.014367663121701844 0.0053836867069834453 8.5000000000000018 0.034758460435233014 -0.00053116428652482815 0.0017947063522356645 0.12043058207984576 0.0041546563727575822 0.024283723119413628 -0.0068093071719589884 0.0047909640408616673
decision_type=2 2 2 2 2 2 2 2 2 2 2 2
left_child=1 -1 4 7 11 -5 -6 -4 10 -10 -3 -2
right_child=2 8 3 5 6 -7 -8 -9 9 -11 -12 -13
leaf_value=0.022422165844722747 -0.0084945727859540889 -0.015092396558839823 0.02899649837282605 0.013438415438489148 -0.013135763975686133 -0.028610995688160085 0.020764671047760135 0 -0.025951973282880698 -0.0019065845328345575 0.0063693195110616913 -0.029209727969260049
leaf_weight=7.4896959960460654 8.9510113447904605 10.508478775620462 25.459482997655869 7.2415127605199814 7.4056784212589291 7.4742556810379011 12.924107789993284 9.4382006376981717 23.320266649127007 9.7077736705541593 12.011483505368231 8.5424308478832227
leaf_count=31 37 43 104 30 30 31 53 39 98 41 49 36
internal_value=-0.000883054 -0.0087056 0.00465748 0.0128101 -0.00576604 -0.00788935 0.00767331 0.0218997 -0.0137967 -0.0198251 -0.00344777 -0.0213388
internal_weight=150.474 63.0377 87.4367 49.6135 37.8232 14.7158 20.3298 34.8977 55.548 33.028 22.52 17.4934
internal_count=622 262 360 204 156 61 83 143 231 139 92 73
is_linear=0
shrinkage=0.03


Tree=45
num_leaves=12
num_cat=0
split_feature=9 36 33 36 19 35 9 18 15 35 32
split_gain=7.29357 9.58173 8.48461 9.25474 6.66175 5.85046 5.84042 4.90183 3.66747 3.65085 1.65754
threshold=0.03442384059137988 0.0069202829666989612 0.56419704633990364 0.0047380979169800025 0.056170198318519569 0.02770366715020767 0.014812114414332287 0.2330795706347368 67.349559682401747 -0.053445262663690145 0.003246753421372373
decision_type=2 2 2 2 2 2 2 2 2 2 2
left_child=1 2 7 -4 6 8 -3 -1 10 -6 -2
right_child=5 4 3 -5 9 -7 -8 -9 -10 -11 -12
leaf_value=0 -0.033786143149070219 -0.012797213112436472 0.031978274299759225 -0.0022798563399214654 0.0029005719641587106 0.0060550895600144927 0.017443705415222895 -0.019081051427855319 -0.00061499875896971537 0.031130751840138342 -0.0093157239659056503
leaf_weight=20.105996251106262 10.272459760308271 10.945440620183946 8.5559180825948733 18.839205488562584 7.4233918488025692 10.149440854787825 8.3072617650032026 26.111230939626694 9.0345749109983426 16.931605294346809 8.3640145361423475
leaf_count=83 44 45 35 78 31 42 34 107 37 70 35
internal_value=-0.000340212 0.00327949 -0.00317195 0.00935698 0.0141603 -0.011537 0 -0.0109896 -0.0184683 0.0239684 -0.0254979
internal_weight=155.041 117.22 73.6124 27.3951 43.6077 37.8205 19.2527 46.2172 27.671 24.355 18.6365
internal_count=641 483 303 113 180 158 79 190 116 101 79
is_linear=0
shrinkage=0.03


Tree=46
num_leaves=9
num_cat=0
split_feature=38 37 7 4 21 32 37 7
split_gain=6.96508 8.79356 6.75667 5.61454 6.71405 5.56313 5.24384 0.613981
threshold=0.01228695431643533 -0.045766517735796423 -0.010806250988127318 -0.014796740607027513 0.010121051332825795 -0.00056900664295456138 0.0010416888743827182 -0.018295309681431938
decision_type=2 2 2 2 2 2 2 2
left_child=2 -2 6 -4 -5 -3 -1 -8
right_child=1 5 3 4 -6 -7 7 -9
leaf_value=-0.00069423464410440225 0.010201507294830449 0 -0.019732978260331657 -0.0065740886658650789 0.0095600581954076655 -0.033429241824606347 0.010020389117016399 0.031044124512688738
leaf_weight=9.9532656669616717 8.2096427679061907 7.2617321759462401 10.61652037501335 42.916798561811447 45.325613036751747 13.420163869857785 7.4906894266605404 9.6443859636783582
leaf_count=41 34 30 44 179 186 56 31 40
internal_value=-0.000324897 -0.0131892 0.0026689 -0.00091031 0.00157519 -0.0232163 0.0154114 0.0246453
internal_weight=154.839 28.8915 125.947 98.8589 88.2424 20.6819 27.0883 17.1351
internal_count=641 120 521 409 365 86 112 71
is_linear=0
shrinkage=0.03


Tree=47
num_leaves=11
num_cat=0
split_feature=9 38 36 2 38 23 38 23 36 36
split_gain=7.00829 10.836 7.69851 7.78191 5.84072 5.26823 4.11635 2.49932 2.1083 4.83213
threshold=0.03442384059137988 0.00863446973569457 0.0061508225952353109 0.0037370868415137486 0.0074405166114018739 1.2098564631689215 0.012942196461134351 0.9236267790219953 0.0066503530359515945 0.0054499378093461606
decision_type=2 2 2 2 2 2 2 2 2 2
left_child=1 2 3 -1 -2 6 -3 -4 9 -6
right_child=4 5 7 -5 8 -7 -8 -9 -10 -11
leaf_value=-0.0098138127118533296 -0.028306097880026096 -0.0021918418058753312 0.010195329697235909 0.022825248144276375 -0.0084634834720630579 0.012768116703916452 -0.01996474384118278 0.038403537557257825 -0.013888795613049619 0.019401176563152007
leaf_weight=14.898058071732523 10.650256127119063 47.358612880110741 8.540800094604494 8.6005171388387662 11.544578358531004 12.26332652568817 15.100932747125624 10.205118432641028 8.223438546061514 7.3066909909248343
leaf_count=61 46 195 35 35 48 52 63 42 34 30
internal_value=-0.000314749 0.00323471 0.0150824 0.0023972 -0.0113063 -0.00348639 -0.00720765 0.0284965 -0.00261618 0.00244237
internal_weight=154.692 116.967 42.2445 23.4986 37.725 74.7229 62.4595 18.7459 27.0747 18.8513
internal_count=641 483 173 96 158 310 258 77 112 78
is_linear=0
shrinkage=0.03


Tree=48
num_leaves=13
num_cat=0
split_feature=36 35 33 21 38 37 38 5 21 20 21 16
split_gain=6.71976 10.8394 10.537 10.4118 14.1427 7.92792 6.71483 6.39863 4.64724 4.27567 2.97739 8.43477
threshold=0.0060123903688491026 0.03718367911340726 0.61208067295023827 0.011079337861159866 0.011439351918062111 -0.010718964504350835 0.0090564419027431339 -0.039526388750183376 0.010121051332825795 0.012919695937653261 0.011079337861159866 4.1989619945291361
decision_type=2 2 2 2 2 2 2 2 2 2 2 2
left_child=1 10 6 9 -5 -3 -2 -8 -7 -4 11 -1
right_child=2 5 3 4 -6 8 7 -9 -10 -11 -12 -13
leaf_value=0.013063266846559188 0.031549828219059509 -0.019143067406474527 -0.0026925578192082181 0.032475500977452318 -0.015476807825682771 -4.7948803518163541e-05 0.02569838294769897 -0.0038701492058965314 0.022024221920369354 -0.03111934847392565 -0.02525277643112225 -0.024231094217445851
leaf_weight=8.3111042678356188 14.308883786201475 7.62829566001892 10.498022705316545 9.8326478898525256 8.2544465810060483 14.132123067975046 7.5043793618679038 18.23718032240868 15.627045214176176 10.367413014173506 20.550641223788261 9.2454239130020124
leaf_count=34 59 31 44 40 34 59 32 75 64 43 86 40
internal_value=-0.000297825 -0.00669885 0.00564814 -0.00507789 0.0104826 0.00439565 0.0161822 0.00544044 0.0117273 -0.0189595 -0.0176342 -0.00627884
internal_weight=154.498 75.4946 79.003 38.9525 18.0871 37.3875 40.0504 25.7416 29.7592 20.8654 38.1072 17.5565
internal_count=641 314 327 161 74 154 166 107 123 87 160 74
is_linear=0
shrinkage=0.03


Tree=49
num_leaves=12
num_cat=0
split_feature=9 38 36 2 34 2 38 37 38 26 33
split_gain=6.42938 10.0586 7.12723 7.3082 5.78517 6.49138 5.54384 5.05405 3.2521 2.94385 0.880992
threshold=0.03442384059137988 0.00863446973569457 0.0061508225952353109 0.0037370868415137486 0.026408176255276809 -0.0048316994030496154 0.0086036551253023657 0.020428219173982968 0.011439351918062111 0.3615900383141763 0.60001596140886049
decision_type=2 2 2 2 2 2 2 2 2 2 2
left_child=1 2 3 -1 7 -6 9 -3 -8 -2 -4
right_child=6 4 10 -5 5 -7 8 -9 -10 -11 -12
leaf_value=-0.0095256914247504633 -0.031956528689419346 0.0086336069994645947 0.035694205496865514 0.022097772844997483 0.0019993179627640053 -0.032068520715412094 0.0091443647995499647 -0.008643278620737228 -0.01314213599101147 -0.0036790453472608162 0.013014324183968898
leaf_weight=14.86872184276581 9.9185690879821795 33.382061541080475 9.3682744950056094 8.613340348005293 7.1891885995864895 9.4937232285737974 12.410241588950159 24.442221716046333 7.9696617573499671 7.2347206324338904 9.2806520760059339
leaf_count=61 43 138 39 35 30 40 51 102 33 31 38
internal_value=-0.00029424 0.00310313 0.0145348 0.00230927 -0.00337599 -0.0179423 -0.0108542 0.00103515 0 -0.0224427 0.0274877
internal_weight=154.171 116.638 42.131 23.4821 74.5072 16.6829 37.5332 57.8243 20.3799 17.1533 18.6489
internal_count=641 483 173 96 310 70 158 240 84 74 77
is_linear=0
shrinkage=0.03


end of trees

feature_importances:
vol_ratio=30
macro_topix_vol_20=30
macro_nikkei_ret_20=26
macro_usdjpy_vol_20=25
atr_pct=23
volatility=21
macd_signal=19
macro_usdjpy_ret_60=19
month=17
macro_usdjpy_ret_20=17
macro_topix_ret_20=17
macd=12
macd_hist=12
bb_bandwidth=12
candle_body_pct=11
return_3d=10
return_10d=10
div_ma_60=10
return_5d=9
ma_20_60_cross=9
div_ma_5=8
div_ma_20=8
ma_5_20_cross=8
upper_shadow_pct=7
gap=7
bb_pct_b=5
price_position_20d=5
vol_change=4
lower_shadow_pct=4
return_2d=3
div_ma_10=3
rsi=3
rsi_change=3
macd_hist_change=3
day_of_week=3
return_1d=2
return_20d=2
macro_topix_above_200dma=1
macro_nikkei_above_200dma=1

parameters:
[boosting: gbdt]
[objective: binary]
[metric: binary_logloss]
[tree_learner: serial]
[device_type: cpu]
[data_sample_strategy: bagging]
[data: ]
[valid: ]
[num_iterations: 50]
[learning_rate: 0.03]
[num_leaves: 15]
[num_threads: 0]
[seed: 42]
[deterministic: 0]
[force_col_wise: 0]
[force_row_wise: 0]
[histogram_pool_size: -1]
[max_depth: 4]
[min_data_in_leaf: 30]
[min_sum_hessian_in_leaf: 0.001]
[bagging_fraction: 0.7]
[pos_bagging_fraction: 1]
[neg_bagging_fraction: 1]
[bagging_freq: 5]
[bagging_seed: 400]
[bagging_by_query: 0]
[feature_fraction: 0.6]
[feature_fraction_bynode: 1]
[feature_fraction_seed: 30056]
[extra_trees: 0]
[extra_seed: 12879]
[early_stopping_round: 0]
[early_stopping_min_delta: 0]
[first_metric_only: 0]
[max_delta_step: 0]
[lambda_l1: 0.5]
[lambda_l2: 2]
[linear_lambda: 0]
[min_gain_to_split: 0]
[drop_rate: 0.1]
[max_drop: 50]
[skip_drop: 0.5]
[xgboost_dart_mode: 0]
[uniform_drop: 0]
[drop_seed: 17869]
[top_rate: 0.2]
[other_rate: 0.1]
[min_data_per_group: 100]
[max_cat_threshold: 32]
[cat_l2: 10]
[cat_smooth: 10]
[max_cat_to_onehot: 4]
[top_k: 20]
[monotone_constraints: ]
[monotone_constraints_method: basic]
[monotone_penalty: 0]
[feature_contri: ]
[forcedsplits_filename: ]
[refit_decay_rate: 0.9]
[cegb_tradeoff: 1]
[cegb_penalty_split: 0]
[cegb_penalty_feature_lazy: ]
[cegb_penalty_feature_coupled: ]
[path_smooth: 0]
[interaction_constraints: ]
[verbosity: -1]
[saved_feature_importance_type: 0]
[use_quantized_grad: 0]
[num_grad_quant_bins: 4]
[quant_train_renew_leaf: 0]
[stochastic_rounding: 1]
[linear_tree: 0]
[max_bin: 255]
[max_bin_by_feature: ]
[min_data_in_bin: 5]
[bin_construct_sample_cnt: 200000]
[data_random_seed: 175]
[is_enable_sparse: 1]
[enable_bundle: 1]
[use_missing: 1]
[zero_as_missing: 0]
[feature_pre_filter: 1]
[pre_partition: 0]
[two_round: 0]
[header: 0]
[label_column: ]
[weight_column: ]
[group_column: ]
[ignore_column: ]
[categorical_feature: ]
[forcedbins_filename: ]
[precise_float_parser: 0]
[parser_config_file: ]
[objective_seed: 16083]
[num_class: 1]
[is_unbalance: 0]
[scale_pos_weight: 1]
[sigmoid: 1]
[boost_from_average: 1]
[reg_sqrt: 0]
[alpha: 0.9]
[fair_c: 1]
[poisson_max_delta_step: 0.7]
[tweedie_variance_power: 1.5]
[lambdarank_truncation_level: 30]
[lambdarank_norm: 1]
[label_gain: ]
[lambdarank_position_bias_regularization: 0]
[eval_at: ]
[multi_error_top_k: 1]
[auc_mu_weights: ]
[num_machines: 1]
[local_listen_port: 12400]
[time_out: 120]
[machine_list_filename: ]
[machines: ]
[gpu_platform_id: -1]
[gpu_device_id: -1]
[gpu_use_dp: 0]
[num_gpu: 1]

end of parameters

pandas_categorical:[]
