tree
version=v4
num_class=1
num_tree_per_iteration=1
label_index=0
max_feature_idx=44
objective=binary sigmoid:1
feature_names=return_1d return_2d return_3d return_5d return_10d return_20d div_ma_5 div_ma_10 div_ma_20 div_ma_60 ma_5_20_cross ma_20_60_cross rsi rsi_change macd macd_signal macd_hist macd_hist_change bb_pct_b bb_bandwidth atr_pct volatility vol_change vol_ratio candle_body_pct upper_shadow_pct lower_shadow_pct day_of_week month is_month_end is_month_start streak gap price_position_20d macro_usdjpy_ret_20 macro_usdjpy_ret_60 macro_usdjpy_vol_20 macro_topix_ret_20 macro_topix_vol_20 macro_topix_above_200dma macro_nikkei_ret_20 macro_nikkei_above_200dma macro_nikkei_vi macro_jgb10y macro_bias_score
feature_infos=[-0.08998342410608573:0.098630136986301409] [-0.12659090909090909:0.1462399167317201] [-0.18958245466048085:0.15846994535519121] [-0.1956885726245291:0.19698152485037723] [-0.1721649484536083:0.25631017434296122] [-0.18907392363931763:0.32500650533437425] [-0.12312326016519881:0.065407798078734272] [-0.13665670702940719:0.071963427130133234] [-0.15452697552299485:0.10344227905611782] [-0.18837889202437783:0.19571724791810657] [-0.10060494052671742:0.084427362238728598] [-0.096776128249273285:0.10469874453048633] [8.9709762532981472:91.891891891891888] [-21.361363058404677:34.541519195188734] [-214.17157527709151:160.01799357818618] [-174.87759164473817:141.66388464243769] [-79.353853718466553:68.581447762036646] [-39.672322527598858:27.29331678903651] [-0.4506449203614159:1.401901282826606] [0.028043880450589889:0.30805203127185676] [0.0094208922139096696:0.052406832298136648] [0.0058160750964768235:0.042906960731702255] [-0.90090628423463803:4.8037400985382588] [0.51147786911122772:2.1065748981165942] [-1:1] [0:0.92000000000000004] [0:0.92957746478873238] [0:4] [1:12] none [0:1] [-7:7] [-0.081699346405228801:0.098879202988791937] [0:1] [-0.10288784967882303:0.08505611680078462] [-0.13986255140503889:0.13160084488587853] [0.0024251968629527628:0.011841457708833433] [-0.21871130063915301:0.21255316252998058] [0.0039190735527243814:0.040640975235326553] [0:1] [-0.22859537662338159:0.23022297972565586] [0:1] none none none
tree_sizes=1301 1285 987 1412 1206 994 971 1090 874 972 871 871 1099 993 1106 893 885 946 1306 960 989 779 786 1094 1100 1306 1295 1092 1082 1181 771 1203 1187 1186 1201 1313 1495 991 1394 1206 993 995 997 999 977 1588 950 1523 1295 1413 1081 894 1098 780

Tree=0
num_leaves=11
num_cat=0
split_feature=15 24 14 15 15 16 14 9 4 24
split_gain=9.69836 16.1655 15.5113 14.6649 15.9557 14.2297 9.47899 4.4148 3.42514 1.51893
threshold=21.771133359222507 -0.61769230769230765 92.839426760111124 -17.612858854976349 -65.65928008871721 8.1468638939097282 -47.304957325670323 1.0000000180025095e-35 -0.0031783760962725278 -0.1194295900178253
decision_type=2 2 2 2 2 2 2 2 2 2
left_child=3 -2 8 4 -1 7 -6 -5 -3 -7
right_child=1 2 -4 5 6 9 -8 -9 -10 -11
leaf_value=-0.052999092804598733 -0.050263088290882468 -0.083050469644114791 -0.062517259905654585 -0.041737578941717937 -0.11731535570703208 -0.074249277377303274 -0.079835230850668848 -0.063184878986456167 -0.10629569032379643 -0.090214701859953547
leaf_weight=9.4868540763854963 8.7378919124603254 12.233048677444453 11.484086513519285 22.968173027038574 8.7378919124603254 7.4896216392517081 18.224745988845829 22.468864917755127 24.965405464172367 8.2385838031768781
leaf_count=38 35 49 46 92 35 30 73 90 100 33
internal_value=-0.0741364 -0.0836325 -0.0906353 -0.0683273 -0.0828471 -0.0594448 -0.094622 -0.0511058 -0.0998637 -0.082603
internal_weight=155.035 57.4204 48.6825 97.6147 36.4495 61.1652 26.9626 45.437 37.1985 15.7282
internal_count=621 230 195 391 146 245 108 182 149 63
is_linear=0
shrinkage=1


Tree=1
num_leaves=11
num_cat=0
split_feature=20 17 16 3 12 20 5 34 13 23
split_gain=13.4361 8.66272 9.17083 7.4587 6.31666 6.09436 6.94224 5.18982 4.73531 3.48408
threshold=0.021054176936996884 0.10780762891798547 1.9604361421612857 -0.029554355186742317 58.401738759193499 0.016790421652797378 0.013861708907858096 0.022875236055272644 -2.2192692505995164 0.89539987033900947
decision_type=2 2 2 2 2 2 2 2 2 2
left_child=1 2 3 -1 9 7 -7 -3 -4 -2
right_child=4 5 8 -5 -6 6 -8 -9 -10 -11
leaf_value=0.013398343279753058 0.0048797945492931143 -0.028314617241776883 0.026916281996519579 -0.013933022566629231 -0.0022004152129745246 0.010569198775694419 -0.017518869792288953 -0.0015476785417988474 0 0.033522640413259794
leaf_weight=10.73723855614662 7.7378887534141603 21.957157835364342 14.730956986546518 26.956508979201317 8.9857961982488614 16.482842430472378 11.728560522198675 10.983496770262716 10.231855913996695 14.484060302376745
leaf_count=43 31 88 59 108 36 66 47 44 41 58
internal_value=0.00028591 -0.0041018 0.00351936 -0.00548685 0.0173434 -0.0120122 -0.0009983 -0.0204184 0.0170733 0.0253947
internal_weight=155.016 123.809 62.6566 37.6937 31.2077 61.1521 28.2114 32.9407 24.9628 22.2219
internal_count=621 496 251 151 125 245 113 132 100 89
is_linear=0
shrinkage=0.03


Tree=2
num_leaves=8
num_cat=0
split_feature=20 14 24 15 15 11 33
split_gain=12.7223 12.4599 11.1654 7.51398 14.0491 10.1066 3.071
threshold=0.021054176936996884 11.382788032802184 -0.62846961740435103 21.771133359222507 -17.612858854976349 0.029662690461003564 0.4658353808353809
decision_type=2 2 2 2 2 2 2
left_child=2 -2 6 4 -4 -5 -1
right_child=1 -3 3 5 -6 -7 -8
leaf_value=0.002803545102535623 0.033122698254430878 -0.0027237096150166244 -0.018839783936637093 -0.031926855268143234 0.0090198203999464419 -0.0015195615830176439 0.028746968060999346
leaf_weight=10.486685812473299 16.73969075083733 14.479990929365156 23.943639248609543 19.940254777669907 41.452557966113091 20.203526064753532 7.7451352775096884
leaf_count=42 67 58 96 80 166 81 31
internal_value=0.000286074 0.0168822 -0.0039827 -0.00786741 -0.00121429 -0.0177778 0.0163184
internal_weight=154.991 31.2197 123.772 105.54 65.3962 40.1438 18.2318
internal_count=621 125 496 423 262 161 73
is_linear=0
shrinkage=0.03


Tree=3
num_leaves=12
num_cat=0
split_feature=38 14 17 19 19 11 11 22 14 8 36
split_gain=12.1469 16.6943 14.0034 6.36577 6.90866 6.29032 5.76536 5.49966 5.29998 3.67918 1.15361
threshold=0.010408187622297513 3.7597394628237457 0.10780762891798547 0.071297366573601154 0.093662566707162706 0.030143634725794625 0.011688755734422964 -0.059468512790612375 5.0091179446881151 -0.015508881788164631 0.005796328881898659
decision_type=2 2 2 2 2 2 2 2 2 2 2
left_child=2 9 5 10 -5 8 -3 -8 -1 -2 -4
right_child=1 6 3 4 -6 -7 7 -9 -10 -11 -12
leaf_value=0.0096369465348876658 0.010273102970621322 0.012553661626010945 -0.036622979600767602 0.0099342472597576895 -0.019312803995049938 0.021554029990016547 0.0021272967960667337 -0.026598927611356463 -0.011172958466752715 0.038222532052071656 -0.014168464901987103
leaf_weight=18.472870126366615 10.73816464841366 10.483422189950945 11.712742745876314 11.475323349237444 13.217372417449949 12.479844361543654 9.7268902510404605 9.9760972559452039 21.4521773904562 14.491445079445837 10.721927925944327
leaf_count=74 43 42 47 46 53 50 39 40 86 58 43
internal_value=0.000281642 0.011396 -0.00586129 -0.0174541 -0.00543306 0.00454674 -0.00332103 -0.0128372 -0.00118627 0.0285059 -0.0285435
internal_weight=154.948 55.416 99.5323 47.1274 24.6927 52.4049 30.1864 19.703 39.925 25.2296 22.4347
internal_count=621 222 399 189 99 210 121 79 160 101 90
is_linear=0
shrinkage=0.03


Tree=4
num_leaves=10
num_cat=0
split_feature=21 1 38 1 35 14 21 28 20
split_gain=16.2357 10.4111 9.01214 7.02504 10.2101 6.98786 6.87162 6.36047 5.17731
threshold=0.018752165658725096 -0.0033567986349771202 0.010408187622297513 -0.015036295453608848 -0.0014081143326124532 11.382788032802184 0.014463214062718511 8.5000000000000018 0.013808399647630341
decision_type=2 2 2 2 2 2 2 2 2
left_child=1 3 8 7 -5 -2 -4 -1 -3
right_child=5 2 6 4 -6 -7 -8 -9 -10
leaf_value=-0.017666796352269611 0.036963883560320529 -0.00012724237153478388 -0.0072555501261873075 -0.0080891854016567691 0.028405222407372963 0.0033867953896082287 0.022439870119701239 0.012212533687074215 -0.02188488260855307
leaf_weight=13.221860557794573 11.74623925983906 14.456786781549452 15.964926168322565 8.4800667017698306 18.479175850749016 11.969919145107268 9.2363262325525266 8.7417387217283231 42.608637154102325
leaf_count=53 47 58 64 34 74 48 37 35 171
internal_value=0.000274546 -0.00384677 -0.0103428 0.0067593 0.016642 0.0221817 0.00392615 -0.00512184 -0.0168178
internal_weight=154.906 131.19 82.2667 48.9228 26.9592 23.7162 25.2013 21.9636 57.0654
internal_count=621 526 330 196 108 95 101 88 229
is_linear=0
shrinkage=0.03


Tree=5
num_leaves=8
num_cat=0
split_feature=21 15 14 4 36 21 15
split_gain=26.4354 8.51632 16.5282 11.6245 5.73582 4.22197 4.0849
threshold=0.019177465179409745 -23.725721394882431 -6.7731787454270025 -0.027472082894288982 0.0063686658033927151 0.011929770623447545 23.981156129923445
decision_type=2 2 2 2 2 2 2
left_child=1 5 4 -4 -3 -1 -2
right_child=6 2 3 -5 -6 -7 -8
leaf_value=-0.031015758851249766 0.03619676231228245 0.031978998882772135 0.020778916930803529 -0.012382836280775555 0.0030723100484525514 -0.0041743231066498476 0.0063422946293270437
leaf_weight=13.680897414684297 15.486385926604273 11.987776249647142 8.7376531660556775 74.263696581125259 14.233814060688017 11.215309605002401 8.4800019562244398
leaf_count=55 62 48 35 298 57 45 34
internal_value=-0.000132153 -0.00551409 -0.00160986 -0.00830862 0.0181489 -0.0206914 0.0275132
internal_weight=158.086 134.119 109.223 83.0013 26.2216 24.8962 23.9664
internal_count=634 538 438 333 105 100 96
is_linear=0
shrinkage=0.03


Tree=6
num_leaves=8
num_cat=0
split_feature=21 3 14 14 3 13 37
split_gain=25.0524 12.5469 9.95024 12.5735 7.82563 5.83749 3.09806
threshold=0.019177465179409745 0.011285076630146331 -47.304957325670323 2.4611000797426645 0.05168297558922564 -1.6763077566711073 0.043273872515562146
decision_type=2 2 2 2 2 2 2
left_child=1 2 -1 -4 5 -3 -2
right_child=6 4 3 -5 -6 -7 -8
leaf_value=-0.023410286711331614 0.033809236140483673 0 0.017986809786723984 -0.005123358186090137 0.0057560743931666216 -0.031319794247944031 0.0059548207719357484
leaf_weight=11.174078240990637 16.471712797880176 7.476742595434188 34.446455702185631 47.596797630190849 7.715025767683982 25.638787239789963 7.4845314919948569
leaf_count=45 66 30 138 191 31 103 30
internal_value=-0.000100894 -0.00534471 0.00066211 0.00459827 -0.0187992 -0.0249491 0.0268141
internal_weight=158.004 134.048 93.2173 82.0433 40.8306 33.1155 23.9562
internal_count=634 538 374 329 164 133 96
is_linear=0
shrinkage=0.03


Tree=7
num_leaves=9
num_cat=0
split_feature=20 14 17 23 16 14 3 15
split_gain=12.918 11.6223 10.6561 4.48172 6.55244 5.42451 2.4052 1.92051
threshold=0.021320091838714784 27.283870436612236 3.7870328100522177 1.1234165029459302 3.1802527376797731 3.7597394628237457 0.013014946798463713 -13.969659504746362
decision_type=2 2 2 2 2 2 2 2
left_child=2 6 3 4 -1 -5 -2 -4
right_child=1 -3 7 5 -6 -7 -8 -9
leaf_value=-0.0037409262110799221 0.038921711122918527 -0.0067222739656536204 -0.034343748875065916 0.0053390960487473809 0.012849889243763884 -0.022222294572325104 0.010692137574297534 -0.011323695290491475
leaf_weight=49.560502141714096 11.216299697756773 10.479318872094153 7.9541451483964947 8.4744347631931323 33.893436565995216 13.932537347078322 8.2300367355346662 14.171548068523405
leaf_count=199 45 42 32 34 136 56 33 57
internal_value=-9.30677e-05 0.0169109 -0.00438334 -0.000137129 0.00296467 -0.0116005 0.0297851 -0.0223821
internal_weight=157.912 29.9257 127.987 105.861 83.4539 22.407 19.4463 22.1257
internal_count=634 120 514 425 335 90 78 89
is_linear=0
shrinkage=0.03


Tree=8
num_leaves=7
num_cat=0
split_feature=18 38 37 9 28 40
split_gain=8.71736 6.83524 7.71831 6.61008 8.33974 7.25362
threshold=0.023132136602668395 0.0070408763820154017 0.03424496396326638 0.036766786036860725 8.5000000000000018 -0.031625976312049657
decision_type=2 2 2 2 2 2
left_child=-1 2 -2 5 -5 -3
right_child=1 3 -4 4 -6 -7
leaf_value=0.025627360784984187 -0.031332685925216264 -0.010323257694631218 0.0022549849036116927 0 -0.029765090371919309 0.0093388947331146388
leaf_weight=8.9705431759357435 11.900318160653116 19.407301157712936 9.2182198315858823 25.147670596837997 10.686558917164801 72.512886062264442
leaf_count=36 48 78 37 101 43 291
internal_value=-9.43468e-05 -0.00206284 -0.0170961 0.000531855 -0.0099345 0.00489644
internal_weight=157.843 148.873 21.1185 127.754 35.8342 91.9202
internal_count=634 598 85 513 144 369
is_linear=0
shrinkage=0.03


Tree=9
num_leaves=8
num_cat=0
split_feature=21 3 15 15 3 13 15
split_gain=23.1059 11.5017 8.96735 9.02268 7.45777 5.50748 3.54219
threshold=0.019177465179409745 0.011285076630146331 -36.742415913383944 -4.1196271467405117 0.05168297558922564 -1.6763077566711073 23.981156129923445
decision_type=2 2 2 2 2 2 2
left_child=1 2 -1 -4 5 -3 -2
right_child=6 4 3 -5 -6 -7 -8
leaf_value=-0.021785923463121575 0.033899044100893685 0 0.019586265205796104 -0.0017252515350764572 0.0058657744099712686 -0.03026832486704634 0.0059034690211555276
leaf_weight=11.635897740721701 15.426476135849954 7.4726102650165549 22.954901903867722 58.556695848703384 7.7103259563446036 25.555635780096054 8.4836826026439649
leaf_count=47 62 30 92 235 31 103 34
internal_value=-0.000101414 -0.00514281 0.000601457 0.00442211 -0.0180414 -0.0240669 0.0257672
internal_weight=157.796 133.886 93.1475 81.5116 40.7386 33.0282 23.9102
internal_count=634 538 374 327 164 133 96
is_linear=0
shrinkage=0.03


Tree=10
num_leaves=7
num_cat=0
split_feature=21 14 8 14 20 0
split_gain=14.9822 10.9542 16.832 8.93916 7.19517 1.08726
threshold=0.019870035395129725 -44.670984680938538 -0.022204844043256806 11.382788032802184 0.012486307145693912 -0.0088226167966309315
decision_type=2 2 2 2 2 2
left_child=1 -1 5 -2 -4 -3
right_child=3 2 4 -5 -6 -7
leaf_value=-0.027241323473134415 0.038551218829479796 0.0099929717903557338 0.016570788337918856 0 -0.0083766372588254742 0.033237659018680164
leaf_weight=14.343360602855681 10.912342831492426 7.9924274086952236 9.4665040522813779 8.7394419908523542 93.267351776361465 8.7397353798150998
leaf_count=58 44 32 38 35 375 35
internal_value=-0.000387074 -0.00417061 -0.000874264 0.0226879 -0.00566208 0.0251876
internal_weight=153.461 133.809 119.466 19.6518 102.734 16.7322
internal_count=617 538 480 79 413 67
is_linear=0
shrinkage=0.03


Tree=11
num_leaves=7
num_cat=0
split_feature=21 14 5 7 14 12
split_gain=14.2081 10.4452 19.4213 10.8866 8.54215 8.42579
threshold=0.019870035395129725 -44.670984680938538 -0.020163195491521565 -0.0086421433685209218 11.382788032802184 40.201745509739446
decision_type=2 2 2 2 2 2
left_child=1 -1 3 -3 -2 -4
right_child=4 2 5 -5 -6 -7
leaf_value=-0.026587310951918217 0.037693435681550973 0.037436155664996452 -0.033178589455527784 -0.0002736694346822895 0 -0.0038302272050436603
leaf_weight=14.30507533252239 10.871966093778612 13.975846722722055 8.2206384986639005 10.701215863227842 8.7394419908523542 86.524611607193947
leaf_count=58 44 56 33 43 35 348
internal_value=-0.000344089 -0.00403077 -0.000811856 0.0217265 0.0221473 -0.00716496
internal_weight=153.339 133.727 119.422 24.6771 19.6114 94.7453
internal_count=617 538 480 99 79 381
is_linear=0
shrinkage=0.03


Tree=12
num_leaves=9
num_cat=0
split_feature=20 38 2 38 9 38 9 18
split_gain=13.9928 9.02311 8.01782 8.96848 5.62278 4.94383 4.87867 4.04612
threshold=0.021320091838714784 0.011948299491646502 0.013855008799615766 0.007143956393719726 0.049741843095919967 0.010592461027493253 0.021028690910498943 0.58019108479641324
decision_type=2 2 2 2 2 2 2 2
left_child=1 2 3 -1 -4 -2 -7 -3
right_child=5 7 4 -5 -6 6 -8 -9
leaf_value=-0.01261515835420551 -0.00039098124145782058 -0.004102178847028317 -0.025035845253454307 0.0096774830831471686 0.0017212256542376784 0.03586992870439544 0.003013137624467963 -0.033030207030738015
leaf_weight=19.791941791772842 7.9665996134281185 9.4430665075778979 15.862327337265016 59.220663368701935 9.6647581309080106 12.350702911615373 7.7174397557973853 11.183118924498556
leaf_count=80 32 38 64 238 39 50 31 45
internal_value=-0.000333816 -0.0047729 -0.000887628 0.00373464 -0.0149715 0.0179839 0.0253324 -0.0219826
internal_weight=153.201 125.166 104.54 79.0126 25.5271 28.0347 20.0681 20.6262
internal_count=617 504 421 318 103 113 81 83
is_linear=0
shrinkage=0.03


Tree=13
num_leaves=8
num_cat=0
split_feature=23 34 5 9 23 5 36
split_gain=7.72316 6.83151 8.65277 11.3758 4.89831 6.83874 5.72611
threshold=1.45575959583092 -0.0039735435297838509 0.08893994938730522 0.031946844136110993 0.960101832967032 -0.020163195491521565 0.0070693433510855509
decision_type=2 2 2 2 2 2 2
left_child=1 4 3 -3 5 -1 -6
right_child=-2 2 -4 -5 6 -7 -8
leaf_value=0.015292098106901623 0.023082306103795532 -0.0037507392455139333 0.01587707233740112 -0.029641882409204887 -0.00051116543763348289 -0.012629483036461896 0.02749986041754578
leaf_weight=10.622238948941233 9.6288780719041807 61.385147124528885 10.454178586602209 19.537067949771881 9.6687794178724307 18.637466326355934 13.156844928860663
leaf_count=43 39 247 42 79 39 75 53
internal_value=-0.000333719 -0.00230424 -0.00726527 -0.0107467 0.00606868 -0.00168332 0.0159451
internal_weight=153.091 143.462 91.3764 80.9222 52.0853 29.2597 22.8256
internal_count=617 578 368 326 210 118 92
is_linear=0
shrinkage=0.03


Tree=14
num_leaves=9
num_cat=0
split_feature=21 3 3 35 34 35 34 11
split_gain=12.7201 8.63061 11.7416 5.07158 10.5248 5.43483 4.8305 4.28168
threshold=0.019870035395129725 0.011285076630146331 0.049677123463584667 -0.0098409722541758487 -0.0034771561413953207 -0.056255757477277006 0.01546686452452928 0.0023221788931634406
decision_type=2 2 2 2 2 2 2 2
left_child=1 3 6 5 -5 -1 -3 -2
right_child=7 2 -4 4 -6 -7 -8 -9
leaf_value=0.009182357209888652 0.030828602783514229 -0.031245541585117994 0.015109919385549073 0.025517163843863867 -0.001013923806071124 -0.01747783977463846 -0.0066380939665296916 0.00039686650927486648
leaf_weight=7.9397054314613369 12.056453898549082 20.005852371454239 7.7095252424478522 16.195824652910233 47.46740834414959 18.832998380064964 15.351900175213812 7.4411316663026801
leaf_count=32 49 81 31 65 191 76 62 30
internal_value=-0.000307526 -0.00379884 -0.0145573 0.00136639 0.00607874 -0.00896148 -0.0218902 0.0210297
internal_weight=153.001 133.503 43.0673 90.4359 63.6632 26.7727 35.3578 19.4976
internal_count=617 538 174 364 256 108 143 79
is_linear=0
shrinkage=0.03


Tree=15
num_leaves=7
num_cat=0
split_feature=3 11 11 38 20 37
split_gain=12.1447 7.73413 9.32858 12.9351 5.02026 0.232961
threshold=-0.030104040537576589 -0.036016155085333394 0.032736265444986763 0.0093915293705995068 0.012207660559584792 -0.013420395071240819
decision_type=2 2 2 2 2 2
left_child=5 -2 4 -4 -3 -1
right_child=1 2 3 -5 -6 -7
leaf_value=0.0086432071619956825 0.015785040453034263 0.0091828823229631543 0.030209031160976847 -0.012736652892890414 -0.012448694807672302 0.025850014863834592
leaf_weight=7.397466033697131 13.305788815021513 8.4666174501180631 11.462314188480379 9.7007749825716001 95.380795657634735 10.190937638282774
leaf_count=30 54 34 46 39 385 41
internal_value=-0.00101664 -0.00418264 -0.00664115 0.0104759 -0.0104032 0.0210002
internal_weight=155.905 138.316 125.011 21.1631 103.847 17.5884
internal_count=629 558 504 85 419 71
is_linear=0
shrinkage=0.03


Tree=16
num_leaves=7
num_cat=0
split_feature=3 14 14 21 38 14
split_gain=11.5359 10.3802 10.4897 10.0559 7.66338 0.672917
threshold=-0.030104040537576589 79.335529321006348 56.22486161657708 0.013757864894143348 0.0088110107853486934 -14.609881218569852
decision_type=2 2 2 2 2 2
left_child=5 2 3 -2 -3 -1
right_child=1 4 -4 -5 -6 -7
leaf_value=0.02625160874051146 -0.01049457956362721 0.035332410215035803 -0.033257551385978364 0.00793522805318711 -0.0022494950412657358 0.0072585422598368176
leaf_weight=10.105719178915026 73.296947568655014 7.7302820682525617 10.631232574582098 38.620250925421715 7.9759770631790161 7.4712777435779563
leaf_count=41 296 31 43 156 32 30
internal_value=-0.000950804 -0.00403986 -0.00712946 -0.00397551 0.017302 0.0205109
internal_weight=155.832 138.255 122.548 111.917 15.7063 17.577
internal_count=629 558 495 452 63 71
is_linear=0
shrinkage=0.03


Tree=17
num_leaves=8
num_cat=0
split_feature=3 12 4 16 33 13 18
split_gain=10.9813 9.69576 10.5885 8.97077 8.18462 3.47749 0.29177
threshold=-0.030104040537576589 39.811196465629543 -0.0040685452451986173 -0.73067561145616355 0.18006416606295375 -0.63541349534154168 0.091339998276418297
decision_type=2 2 2 2 2 2 2
left_child=6 4 5 -4 -2 -3 -1
right_child=1 2 3 -5 -6 -7 -8
leaf_value=0.025089153375434613 0 0.02757840966437029 -0.022971651391852477 0 -0.034273956181891156 0.0035965678046686778 0.0081718882731608572
leaf_weight=9.8699066787958163 11.143232926726343 11.443665295839311 17.542493611574173 71.372987523674965 13.534912675619124 13.131611853837965 7.6866583079099646
leaf_count=40 45 46 71 288 55 53 31
internal_value=-0.000905633 -0.00392245 0 -0.00496239 -0.0201972 0.0165634 0.0200426
internal_weight=155.725 138.169 113.491 88.9155 24.6781 24.5753 17.5566
internal_count=629 558 458 359 100 99 71
is_linear=0
shrinkage=0.03


Tree=18
num_leaves=11
num_cat=0
split_feature=17 1 20 14 18 17 16 15 36 36
split_gain=9.03822 7.73024 7.17565 6.14071 11.5 6.80629 5.24809 7.11481 4.77565 2.26898
threshold=0.10780762891798547 0.022028569406674196 0.019012772841027089 3.0979486486658065 0.76395826139764378 -2.6842923258740323 -2.1294721496338869 -12.436222455825858 0.00452127651180798 0.0075713970907196277
decision_type=2 2 2 2 2 2 2 2 2 2
left_child=3 8 -3 6 5 -5 7 -1 -2 -10
right_child=1 2 -4 4 -6 -7 -8 -9 9 -11
leaf_value=-0.010249244695208239 0.0030774085064075784 -0.0088643840974933497 0.026968267399328817 -0.01860851784858852 0.02401843248361047 0.0057248717038744946 0.033401993173627187 0.021807240883172846 -0.020953416545040453 -0.0045139782755806834
leaf_weight=10.113691240549089 11.367443799972532 7.8971146494150144 7.8879128992557526 22.376414746046063 10.943967327475546 15.417283087968828 9.1982855796813947 10.396590217947962 35.74006399512291 14.29728379845619
leaf_count=41 46 32 32 90 44 62 37 42 145 58
internal_value=-0.000869489 -0.00813594 0.00921719 0.00611863 -0.000256288 -0.00851635 0.0164064 0.00582753 -0.0129834 -0.0168984
internal_weight=155.636 77.1898 15.785 78.4462 48.7377 37.7937 29.7086 20.5103 61.4048 50.0373
internal_count=629 313 64 316 196 152 120 83 249 203
is_linear=0
shrinkage=0.03


Tree=19
num_leaves=8
num_cat=0
split_feature=3 12 4 19 33 22 23
split_gain=10.2612 9.09873 10.073 13.2406 7.7104 3.51978 0.555577
threshold=-0.030104040537576589 39.811196465629543 -0.0040685452451986173 0.057686738869381839 0.18006416606295375 -0.13617364727581829 1.1253796014322848
decision_type=2 2 2 2 2 2 2
left_child=6 4 5 -4 -2 -3 -1
right_child=1 2 3 -5 -6 -7 -8
leaf_value=0.025906379558522281 0 0.030333593865147647 -0.022259758752935479 0.0024665030256819853 -0.0332327350441744 0.0054571143638462855 0.0080991682819392032
leaf_weight=8.6877888441085833 11.1358709782362 8.4470598846673983 25.447187036275864 63.367587864398956 13.470559775829313 16.125016286969185 8.8242052942514402
leaf_count=35 45 34 103 256 55 65 36
internal_value=-0.000818782 -0.00373955 0 -0.00478709 -0.0195284 0.0162128 0.0194521
internal_weight=155.505 137.993 113.387 88.8148 24.6064 24.5721 17.512
internal_count=629 558 458 359 100 99 71
is_linear=0
shrinkage=0.03


Tree=20
num_leaves=8
num_cat=0
split_feature=21 7 33 19 19 14 17
split_gain=12.3824 8.60129 10.5188 9.12404 5.47568 2.87339 2.49772
threshold=0.019177465179409745 0.015349025738591973 0.80898128898128907 0.095343669738033432 0.077686530819097446 11.382788032802184 3.0118732539567046
decision_type=2 2 2 2 2 2 2
left_child=1 2 3 -1 -3 -2 -6
right_child=5 4 -4 -5 6 -7 -8
leaf_value=0.0030763891776412408 0.028289573049519515 -0.032166167466295074 0.028615229590423851 -0.01673430721492775 -0.0148217775025648 0.0034608368874767823 0.006304948360441329
leaf_weight=73.274978637695312 13.342579528689386 11.245700582861902 8.9547823816537839 26.689145967364311 7.6692954748868924 8.7212825715541822 7.6789380609989166
leaf_count=296 55 46 36 108 31 35 31
internal_value=0.00026784 -0.00311534 0.000585615 -0.0022902 -0.0177784 0.0202021 -0.00387884
internal_weight=157.577 135.513 108.919 99.9641 26.5939 22.0639 15.3482
internal_count=638 548 440 404 108 90 62
is_linear=0
shrinkage=0.03


Tree=21
num_leaves=6
num_cat=0
split_feature=21 16 5 9 14
split_gain=11.7901 9.57651 8.84498 8.28757 2.73338
threshold=0.019177465179409745 21.809839458277263 0.086013233517196488 0.032988131182911967 11.382788032802184
decision_type=2 2 2 2 2
left_child=1 2 3 -1 -2
right_child=4 -3 -4 -5 -6
leaf_value=0.00075208422995041589 0.027669391563042444 -0.03193334121959221 0.02557464642962148 -0.018401145260032451 0.0033762572487622223
leaf_weight=96.009740665555 13.278193816542627 7.6235239058732978 8.4809150248765928 23.331447660923004 8.7216641902923566
leaf_count=388 55 31 34 95 35
internal_value=0.000265017 -0.00303161 -0.000726921 -0.00311037 0.0197475
internal_weight=157.445 135.446 127.822 119.341 21.9999
internal_count=638 548 517 483 90
is_linear=0
shrinkage=0.03


Tree=22
num_leaves=6
num_cat=0
split_feature=20 18 40 20 26
split_gain=6.55209 8.00068 6.9581 11.749 7.19263
threshold=0.024487047714490975 0.035913494531943278 0.040631213741467061 0.01510018788278729 1.0000000180025095e-35
decision_type=2 2 2 2 2
left_child=1 -1 4 -4 -3
right_child=-2 2 3 -5 -6
leaf_value=0.024824998944183971 0.020421027380891552 0.013329795568722122 0.026110585183119102 -0.0041514919846896035 -0.0114267948405184
leaf_weight=7.6334587186574927 11.404374927282332 9.8873800635337812 14.826514005661009 33.66069982945919 79.893863573670387
leaf_count=31 47 40 60 136 324
internal_value=0.000262756 -0.00146633 -0.00335801 0.00547277 -0.00830592
internal_weight=157.306 145.902 138.268 48.4872 89.7812
internal_count=638 591 560 196 364
is_linear=0
shrinkage=0.03


Tree=23
num_leaves=9
num_cat=0
split_feature=21 7 40 7 14 6 14 5
split_gain=11.019 8.07913 8.07991 6.94145 6.05359 5.21472 2.54109 2.25488
threshold=0.019177465179409745 0.015349025738591973 0.03971372625018222 -0.0031053711273261076 9.6241405374098594 0.020882320215342424 11.382788032802184 0.060866192980376772
decision_type=2 2 2 2 2 2 2 2
left_child=1 2 4 -4 -1 7 -2 -3
right_child=6 5 3 -5 -6 -7 -8 -9
leaf_value=0.0019174858570018371 0.026855505080262465 -0.032700238498612547 -0.0046740136810512192 0.023102858755281015 -0.014725758217030928 0.0021925968584029284 0.0032988544653935127 -0.0064823043934998763
leaf_weight=48.943189457058907 13.179408475756647 11.705568000674253 10.622293874621393 20.106221556663513 29.159535497426987 7.4011046886444083 8.7206368744373304 7.3822533041238776
leaf_count=198 55 48 43 81 118 30 35 30
internal_value=0.000283824 -0.00289707 0.000681714 0.0133437 -0.00432151 -0.0171428 0.0191638 -0.0248482
internal_weight=157.22 135.32 108.831 30.7285 78.1027 26.4889 21.9 19.0878
internal_count=638 548 440 124 316 108 90 78
is_linear=0
shrinkage=0.03


Tree=24
num_leaves=9
num_cat=0
split_feature=35 35 11 40 9 20 15 20
split_gain=6.68603 10.675 7.82321 6.81811 10.4725 9.25205 6.20369 3.79102
threshold=-0.056255757477277006 -0.0028213129801106236 -0.0015895061571679079 0.040631213741467061 0.025058309164391036 0.01510018788278729 23.981156129923445 0.023005450665101197
decision_type=2 2 2 2 2 2 2 2
left_child=7 2 -2 4 -3 -5 -4 -1
right_child=1 3 6 5 -6 -7 -8 -9
leaf_value=0.00041503410791459214 -0.030929713526721764 0.004395846850117101 0.015822707757743106 0.035287630718609887 -0.019590757580696016 0.0020655761609117023 -0.017901841253392416 0.029323234508939804
leaf_weight=8.6178247928619403 15.207412481307985 53.339534774422646 7.6844576150178892 9.675010681152342 21.045025870203972 25.230642274022102 7.8690566867589951 8.4004073739051801
leaf_count=35 62 216 31 39 86 102 32 35
internal_value=0.000275006 -0.00187 -0.0169611 0.00247124 -0.00252938 0.0130937 -0.000480812 0.0170563
internal_weight=157.069 140.051 30.7609 109.29 74.3846 34.9057 15.5535 17.0182
internal_count=638 568 125 443 302 141 63 70
is_linear=0
shrinkage=0.03


Tree=25
num_leaves=11
num_cat=0
split_feature=15 14 23 11 23 24 37 36 25 1
split_gain=6.97014 12.3363 8.86829 8.02682 7.67835 7.36072 4.73161 3.75853 1.89748 0.376562
threshold=-16.04148810843467 2.4611000797426645 1.138145520579503 -0.036016155085333394 1.0703649249883576 -0.43288288288288285 0.06675489107245193 0.0068094986502908574 0.25590697674418611 0.001725840533710721
decision_type=2 2 2 2 2 2 2 2 2 2
left_child=3 5 6 -1 9 -2 -3 -7 -4 -5
right_child=1 2 8 4 -6 7 -8 -9 -10 -11
leaf_value=0.0066455748015793329 -0.0029156662745721128 0.0063296993993395495 -0.026998311496150264 -0.014185195337036332 0.000708484409613962 0.03741463687308532 -0.014975292600079314 0.0075806949824134846 -0.0042976509836627572 -0.037259509954135017
leaf_weight=13.830934211611746 8.1552387326955813 57.14499543607235 10.864910468459131 7.6429166346788469 9.5539323538541776 13.315354675054552 8.9305729717016202 8.6328611969947797 8.0829373002052289 9.9876479208469373
leaf_count=57 33 231 44 31 39 54 36 35 33 41
internal_value=-0.000164521 0.0035349 -0.00224057 -0.0105787 -0.019711 0.0194376 0.00287447 0.0279195 -0.0193654 -0.0304851
internal_weight=156.142 115.127 85.0234 41.0154 27.1845 30.1035 66.0756 21.9482 18.9478 17.6306
internal_count=634 466 344 168 111 122 267 89 77 72
is_linear=0
shrinkage=0.03


Tree=26
num_leaves=11
num_cat=0
split_feature=20 23 20 25 24 38 9 20 40 22
split_gain=7.25706 6.69911 8.44867 8.08132 5.62106 4.66417 3.80283 2.77812 0.475143 0.208603
threshold=0.020581023081711978 1.1234165029459302 0.01866490224380828 0.2909799051704674 -1.0000000180025095e-35 0.010592461027493253 0.021028690910498943 0.018193789671014815 -0.028839116088944902 0.069901382389080405
decision_type=2 2 2 2 2 2 2 2 2 2
left_child=1 2 3 -1 -4 -2 8 9 -7 -3
right_child=5 7 4 -5 -6 6 -8 -9 -10 -11
leaf_value=-0.0026993388933667221 -0.0026006236937019529 -0.025270151737336592 -0.03001511667311749 0.01701456299748107 0.00060339562911353661 0.011693109230416988 0.0006326913488706817 0 0.034674273572023122 -0.0088492732784577737
leaf_weight=46.105882003903389 12.085421249270437 13.233134075999265 10.109266579151155 27.959282442927361 7.9261077791452399 7.108274430036543 8.6872391551732999 7.6475232839584342 7.5429605245590245 7.6385838091373435
leaf_count=187 49 54 41 113 32 30 35 31 31 31
internal_value=-0.00017576 -0.00379472 7.88342e-05 0.00479707 -0.0170934 0.0112904 0.0187131 -0.0159809 0.0271691 -0.0212156
internal_weight=156.044 120.62 92.1005 74.0652 18.0354 35.4239 23.3385 28.5192 14.6512 20.8717
internal_count=634 489 373 300 73 145 96 116 61 85
is_linear=0
shrinkage=0.03


Tree=27
num_leaves=9
num_cat=0
split_feature=37 40 27 16 21 16 0 34
split_gain=6.50331 9.32441 8.96761 5.04656 6.52262 4.88035 4.33514 4.19534
threshold=0.069811352071529123 0.040631213741467061 1.5000000000000002 6.5199164954133053 0.014463214062718511 -2.1294721496338869 0.01354227157164223 0.0096596483548980778
decision_type=2 2 2 2 2 2 2 2
left_child=1 2 7 5 -5 -3 -4 -1
right_child=-2 3 6 4 -6 -7 -8 -9
leaf_value=-0.021448226170854272 -0.020927694385010884 0.006468636955882465 0.0003113694139093381 -0.015594411112835205 0.017545803597741386 0.036697912071010232 0.02223113442435427 -0.0013982205309843272
leaf_weight=23.77495288848877 10.610327824950216 12.306341096758844 56.27252259850502 8.6401334106922167 8.6702062636613828 9.9208811968564969 7.8181689232587805 17.922764807939529
leaf_count=97 43 50 229 35 35 40 32 73
internal_value=-0.000170135 0.0015071 -0.00305478 0.0136336 0.00032577 0.0224959 0.00380407 -0.0136319
internal_weight=155.936 145.326 105.788 39.5376 17.3103 22.2272 64.0907 41.6977
internal_count=634 591 431 160 70 90 261 170
is_linear=0
shrinkage=0.03


Tree=28
num_leaves=9
num_cat=0
split_feature=20 14 11 20 11 1 28 14
split_gain=6.99416 6.35247 5.61592 9.87701 9.74761 6.53787 5.14445 4.99926
threshold=0.020581023081711978 27.283870436612236 -0.015919155110185986 0.015043171727538432 -0.00095406059440661373 0.0026900230082433922 6.5000000000000009 -47.304957325670323
decision_type=2 2 2 2 2 2 2 2
left_child=2 7 5 6 -5 -1 -4 -2
right_child=1 -3 3 4 -6 -7 -8 -9
leaf_value=0.00023716149030404289 0 -0.0047979484083133994 0.023979046568288517 0.016867977022454773 -0.011057338175159437 -0.028378995487899461 -0.0029723978484205546 0.028526120627089833
leaf_weight=11.337044820189478 7.1258079707622519 12.419890910387037 16.844285979866985 11.563736230134962 59.456274166703224 13.668248295783995 7.6443098187446585 15.819297239184381
leaf_count=46 30 50 68 47 241 56 31 65
internal_value=-0.00015041 0.0111144 -0.00370599 -0.000128694 -0.00596754 -0.0157927 0.0154105 0.0200229
internal_weight=155.879 35.365 120.514 95.5086 71.02 25.0053 24.4886 22.9451
internal_count=634 145 489 387 288 102 99 95
is_linear=0
shrinkage=0.03


Tree=29
num_leaves=10
num_cat=0
split_feature=20 15 20 11 14 15 37 6 38
split_gain=6.60526 6.95131 8.17076 12.2399 6.04275 5.69717 4.8666 3.46139 2.05508
threshold=0.020581023081711978 -16.04148810843467 0.015043171727538432 -0.0013435563854075625 27.283870436612236 -15.579775189809036 0.038060171056649168 0.003980561158677628 0.0083304277857696365
decision_type=2 2 2 2 2 2 2 2 2
left_child=1 7 6 -4 5 -2 -3 8 -1
right_child=4 2 3 -5 -6 -7 -8 -9 -10
leaf_value=0.0014363213024348206 0.003247402517081774 0 0.026044443662535059 -0.01015346620839278 -0.0046749263249734338 0.034112689614295935 0.025842441874099224 -0.029252737311525698 -0.016486002823251553
leaf_weight=10.79896810650826 12.457228913903235 13.075831994414331 7.6557501703500739 58.659534245729446 12.416997194290159 10.429752334952356 12.908360868692396 9.932773292064665 7.4020535498857489
leaf_count=44 52 53 31 238 50 43 52 41 30
internal_value=-0.000136417 -0.00359445 0.000324549 -0.0051149 0.0108182 0.0195267 0.0141162 -0.0161176 -0.00602043
internal_weight=155.737 120.433 92.2995 66.3153 35.304 22.887 25.9842 28.1338 18.201
internal_count=634 489 374 269 145 95 105 115 74
is_linear=0
shrinkage=0.03


Tree=30
num_leaves=6
num_cat=0
split_feature=20 37 40 11 37
split_gain=6.8198 5.84803 10.6521 10.5835 3.51998
threshold=0.012207660559584792 0.069811352071529123 0.040631213741467061 -0.034785613481459358 0.050905932289726626
decision_type=2 2 2 2 2
left_child=-1 2 3 -2 -4
right_child=1 -3 4 -5 -6
leaf_value=0.023521648608280391 0.023197169649317693 -0.02307510731527267 0.018491962448513734 -0.0092389289618198898 0
leaf_weight=7.9438313394784918 7.9668940901756278 9.1043500155210477 25.573712557554245 85.848232701420784 14.368511989712713
leaf_count=32 33 37 104 350 58
internal_value=-0.000394726 -0.00213453 -0.000279746 -0.00590115 0.0122178
internal_weight=150.806 142.862 133.757 93.8151 39.9422
internal_count=614 582 545 383 162
is_linear=0
shrinkage=0.03


Tree=31
num_leaves=10
num_cat=0
split_feature=28 32 32 38 5 24 21 8 8
split_gain=9.49113 7.23769 7.77549 6.64767 7.79799 5.06601 4.04559 3.40183 0.312167
threshold=2.5000000000000004 0.00022790225839297576 -0.0017993027777609136 0.010272402367195659 0.052805662835060836 0.22673160173160176 0.014904425763441946 0.013044679819481899 0.007240449952509948
decision_type=2 2 2 2 2 2 2 2 2
left_child=7 2 5 4 -3 -2 -5 -1 -4
right_child=1 3 8 6 -6 -7 -8 -9 -10
leaf_value=0.024537566387559346 0.0047116520377188898 -0.027680859635890204 0.025785479877526402 -0.0098605181002071485 0.0013328629241522083 -0.014244274402162084 0.012144275879567514 0.0011526608203686684 0.0088077719552687242
leaf_weight=14.083220496773722 27.618497058749199 25.181767210364342 7.8577073812484768 14.01185415685177 10.391965880990027 19.564953476190567 12.131759718060492 11.087371617555617 8.8201811760663968
leaf_count=57 112 103 32 57 42 80 50 45 36
internal_value=-0.000363814 -0.00388232 0.00298904 -0.0110984 -0.0191862 -0.00310318 0 0.0156319 0.0195144
internal_weight=150.749 125.579 63.8613 61.7173 35.5737 47.1835 26.1436 25.1706 16.6779
internal_count=614 512 260 252 145 192 107 102 68
is_linear=0
shrinkage=0.03


Tree=32
num_leaves=10
num_cat=0
split_feature=28 35 20 13 23 6 21 9 36
split_gain=8.98733 10.329 12.9742 9.98813 10.1158 9.85623 3.93673 3.2274 4.45351
threshold=2.5000000000000004 0.0046911314008757374 0.024201928835804434 -2.4948847370379705 0.82133766820898646 -0.0085838880493332402 0.014961077729295079 1.0000000180025095e-35 0.0052631408075884435
decision_type=2 2 2 2 2 2 2 2 2
left_child=7 2 5 4 -3 -2 -5 -1 -9
right_child=1 3 -4 6 -6 -7 -8 8 -10
leaf_value=0.026892713482632953 0 -0.0097262675676461716 0.013568044103656939 -0.0098471584846575727 0.026312371559651288 -0.037788194091864097 0.0063635677986671893 0.018704350416394702 -0.010161149652581868
leaf_weight=10.372521728277208 9.8858271688222903 8.1517530530691165 7.913811817765235 43.685840398073196 20.759093746542931 18.704401180148125 16.358577087521553 7.4362141638994199 7.3744900524616241
leaf_count=42 40 33 33 178 84 77 67 30 30
internal_value=-0.000328194 -0.00375861 -0.0167808 0.00167178 0.0156937 -0.0260096 -0.00512616 0.015229 0.0039405
internal_weight=150.643 125.459 36.504 88.9553 28.9108 28.5902 60.0444 25.1832 14.8107
internal_count=614 512 150 362 117 117 245 102 60
is_linear=0
shrinkage=0.03


Tree=33
num_leaves=10
num_cat=0
split_feature=28 35 20 13 6 37 35 21 10
split_gain=8.53457 9.79765 12.3696 9.41373 9.38596 5.58261 4.01624 3.72767 2.58377
threshold=2.5000000000000004 0.0046911314008757374 0.024201928835804434 -2.4948847370379705 -0.0085838880493332402 0.049985708171827577 0.0512953677393252 0.014961077729295079 0.0040600718099175212
decision_type=2 2 2 2 2 2 2 2 2
left_child=5 2 4 6 -2 8 -3 -5 -1
right_child=1 3 -4 7 -6 -7 -8 -9 -10
leaf_value=0.033407565306576979 0 0.022127622160025597 0.013265098043135963 -0.0095734949699813054 -0.03693637045973773 -0.0046735417066977626 -0.00015879783455450882 0.0061935398697613876 0.006471100463640563
leaf_weight=9.3818934410810524 9.8858271688222903 20.045849546790127 7.8976323008537284 43.644391894340515 18.609240993857384 7.3959492444992057 8.8639335483312589 16.358339339494705 8.4073222726583463
leaf_count=38 40 81 33 178 77 30 36 67 34
internal_value=-0.00030621 -0.00365554 -0.0163623 0.001626 -0.0253971 0.0148491 0.015241 -0.00497193 0.0233758
internal_weight=150.49 125.305 36.3927 88.9125 28.4951 25.1852 28.9098 60.0027 17.7892
internal_count=614 512 150 362 117 102 117 245 72
is_linear=0
shrinkage=0.03


Tree=34
num_leaves=10
num_cat=0
split_feature=28 35 13 23 37 14 37 2 14
split_gain=8.10407 9.30064 8.8819 9.5885 6.26489 5.93526 5.33 2.78257 0.876628
threshold=2.5000000000000004 0.0046911314008757374 -2.4948847370379705 0.82133766820898646 -0.010333225840623515 3.7597394628237457 0.049985708171827577 -0.012320446327685751 -7.0095290056781314
decision_type=2 2 2 2 2 2 2 2 2
left_child=6 4 3 -3 -2 -4 8 -6 -1
right_child=1 2 5 -5 7 -7 -8 -9 -10
leaf_value=0.029969197030450558 0.00082995338193016569 -0.009864699288846859 0.0060388452763222647 0.025173335559368779 -0.0044337427136444257 -0.012395811574755155 -0.0045643566277292075 -0.030468138741190039 0.009199370477162374
leaf_weight=9.3665500432252919 11.859340921044348 8.149748697876932 23.986499667167664 20.760436072945595 7.3491071760654476 35.973492696881294 7.3935616314411154 17.063212707638741 8.4252837151288986
leaf_count=38 49 33 98 84 30 147 30 71 34
internal_value=-0.00028258 -0.00355289 0.00158521 0.0148117 -0.0159588 -0.00482221 0.0144812 -0.0241278 0.0228151
internal_weight=150.327 125.142 88.8702 28.9102 36.2717 59.96 25.1854 24.4123 17.7918
internal_count=614 512 362 117 150 245 102 101 72
is_linear=0
shrinkage=0.03


Tree=35
num_leaves=11
num_cat=0
split_feature=17 20 14 20 18 24 35 14 18 38
split_gain=8.5637 10.1684 5.8794 11.8715 7.80465 4.85225 4.82538 4.81107 3.7774 3.77443
threshold=0.25787967053112842 0.024487047714490975 4.2712764175885249 0.01510018788278729 0.76395826139764378 0.41663807890222987 0.0046911314008757374 -44.670984680938538 0.31440371948191864 0.0088523127307515246
decision_type=2 2 2 2 2 2 2 2 2 2
left_child=2 5 7 -4 -5 8 -7 -1 -2 -9
right_child=1 -3 3 4 -6 6 -8 9 -10 -11
leaf_value=-0.0031779104197584445 -0.00089184823505171539 0.020169297243399838 0.020556628101774842 -0.015950267650626661 0.013735557191598108 -0.020894309439566525 0.0044381564231608479 0.0052653974116581856 -0.025518329949846964 0.032268353000427089
leaf_weight=7.7416709065437344 8.759202688932417 7.3716081678867331 14.621955454349516 32.577143579721451 8.1556402742862684 7.4482445418834713 20.546218946576118 10.634301811456682 26.660874307155609 12.122025117278097
leaf_count=32 36 31 59 132 33 31 84 43 110 50
internal_value=-0.00125048 -0.00892073 0.00496207 -0.000703167 -0.00929079 -0.0130449 -0.00274554 0.0151167 -0.0202023 0.0217003
internal_weight=156.639 70.7861 85.8527 55.3547 40.7328 63.4145 27.9945 30.498 35.4201 22.7563
internal_count=641 292 349 224 165 261 115 125 146 93
is_linear=0
shrinkage=0.03


Tree=36
num_leaves=13
num_cat=0
split_feature=17 20 37 8 27 20 37 24 0 21 7 33
split_gain=8.14403 9.69962 7.03698 7.46023 7.39423 7.29799 6.21086 4.59253 4.5767 4.41988 3.42454 0.853616
threshold=0.25787967053112842 0.024487047714490975 0.02745248738151174 -0.029451053627669924 1.5000000000000002 0.01866490224380828 0.045036213544031097 0.41663807890222987 -0.01145039610918208 0.013533652487407255 0.0017919841299353283 0.69115895315839271
decision_type=2 2 2 2 2 2 2 2 2 2 2 2
left_child=2 7 3 8 -5 11 -7 10 -1 -9 -2 -4
right_child=1 -3 5 4 -6 6 -8 9 -10 -11 -12 -13
leaf_value=-0.0016187679211465973 -0.0027949598374262777 0.019748508563556859 0.010832690946648359 -0.027956173453153703 0 0.015711248282522825 -0.017535276680488095 -0.013060270789373015 0.02740324345046773 0.0091479628234922786 -0.025482094825615548 0.031347837336589073
leaf_weight=7.7499285340309143 10.421071305871008 7.3458240926265708 8.9008753597736376 11.537599608302115 21.429054901003838 8.0577125698328036 8.1080395579338056 15.468380227684976 7.5718113929033262 12.507716059684752 24.90699565410614 12.405847772955893
leaf_count=32 43 31 36 47 87 33 33 64 31 51 103 50
internal_value=-0.0011978 -0.00868854 0.00485956 -0.0024652 -0.0105954 0.0143252 -0.000232748 -0.0127218 0.0133656 -0.002683 -0.0197 0.0250862
internal_weight=156.411 70.65 85.7609 48.2884 32.9667 37.4725 16.1658 63.3042 15.3217 27.9761 35.3281 21.3067
internal_count=641 292 349 197 134 152 66 261 63 115 146 86
is_linear=0
shrinkage=0.03


Tree=37
num_leaves=8
num_cat=0
split_feature=17 20 18 8 27 24 19
split_gain=7.72295 9.24938 4.99331 8.36866 5.32977 4.39839 5.3553
threshold=0.25787967053112842 0.024487047714490975 0.76395826139764378 0.015283606151497783 1.5000000000000002 -0.36894586894586889 0.071297366573601154
decision_type=2 2 2 2 2 2 2
left_child=2 5 3 4 -1 -2 -7
right_child=1 -3 -4 -5 -6 6 -8
leaf_value=-0.0050028303900523331 -0.028104066014607115 0.019338452488953366 0.0200670364699496 -0.021828037386802585 0.012313593062299908 -0.01769168926950726 0.00082530020908978146
leaf_weight=23.476737082004547 11.806072682142256 7.3193494379520407 13.831490308046339 9.8325258791446668 38.54508975148201 23.165041118860245 28.209336891770363
leaf_count=96 49 31 56 40 157 96 116
internal_value=-0.00114963 -0.0084561 0.00474661 0.00113086 0.0055731 -0.0124008 -0.00759316
internal_weight=156.186 70.4998 85.6858 71.8544 62.0218 63.1805 51.3744
internal_count=641 292 349 293 253 261 212
is_linear=0
shrinkage=0.03


Tree=38
num_leaves=12
num_cat=0
split_feature=17 37 14 35 36 24 10 36 38 12 26
split_gain=7.29542 6.6356 7.88061 6.29303 6.68763 5.52847 5.74731 5.61138 4.7405 4.28459 3.03826
threshold=0.25787967053112842 0.02745248738151174 11.382788032802184 0.034758460435233014 0.0051865800687811939 -0.44782214156079853 -0.013716251989640769 0.0075882043761646032 0.010213638278278122 40.201745509739446 0.30930735930735936
decision_type=2 2 2 2 2 2 2 2 2 2 2
left_child=1 2 10 4 -3 -2 9 -8 -4 -7 -1
right_child=5 3 8 -5 -6 6 7 -9 -10 -11 -12
leaf_value=0.014541773981873864 -0.026419604840229115 0.037991255599430916 -0.02708042812246246 -0.0043789131599169823 0.006485128912038055 -0.004258815381946628 -0.016035993008188205 0.0083867692759926442 0 0.021581294715116297 -0.0049296390786259395
leaf_weight=18.042143449187282 10.782349884510039 10.598412588238718 11.51844558119774 10.353802055120466 16.482585191726685 9.1061368882656115 32.149777352809906 8.9684303700923902 10.09627293050289 9.3452477455139142 8.5602602213621122
leaf_count=74 45 43 47 42 67 38 133 37 41 39 35
internal_value=-0.00112145 0.00460459 -0.002505 0.0138049 0.021096 -0.00823467 -0.00394821 -0.0102193 -0.0154642 0.00892586 0.00784515
internal_weight=156.004 85.6519 48.2171 37.4348 27.081 70.3519 59.5696 41.1182 21.6147 18.4514 26.6024
internal_count=641 349 197 152 110 292 247 170 88 77 109
is_linear=0
shrinkage=0.03


Tree=39
num_leaves=10
num_cat=0
split_feature=21 17 35 23 23 22 2 33 36
split_gain=7.03271 7.20262 5.14503 7.7195 4.52789 4.23387 3.80063 4.09486 1.58201
threshold=0.018752165658725096 0.25787967053112842 0.04626739834118055 0.89411868035627518 1.1234165029459302 0.063638746667157201 0.033865610364960504 0.48986286391179557 0.0069995519183116096
decision_type=2 2 2 2 2 2 2 2 2
left_child=1 2 4 -4 -1 8 7 -3 -2
right_child=5 6 3 -5 -6 -7 -8 -9 -10
leaf_value=0.011987760315839237 0.031319494038175362 -0.0036440396506192342 -0.028897368676034315 0.0048462302990023975 -0.0081686828072312558 -0.0029038521077148394 0.0058070979965062714 -0.02168333268622279 0.0074870116420914772
leaf_weight=41.121143370866776 7.1778794080019024 22.922497004270554 8.3721987605094927 12.286815270781515 10.604253157973288 7.9008600413799277 7.5931186974048606 29.083302065730095 8.7385560870170575
leaf_count=167 30 95 34 50 43 33 31 121 37
internal_value=-0.00108701 -0.00392307 0.00226491 -0.00951021 0.00742602 0.0131344 -0.0115116 -0.0144393 0.0213684
internal_weight=155.801 131.983 72.3844 20.659 51.7254 23.8173 59.5989 52.0058 15.9164
internal_count=641 541 294 84 210 100 247 216 67
is_linear=0
shrinkage=0.03


Tree=40
num_leaves=8
num_cat=0
split_feature=18 12 35 35 15 4 3
split_gain=7.46979 6.28148 8.06813 7.94539 10.3198 8.65527 1.83653
threshold=0.023132136602668395 39.538657922584513 0.022654169317728793 0.049167673620213688 -1.0796263913411741 -0.0023066543957072634 -0.011148980349153235
decision_type=2 2 2 2 2 2 2
left_child=-1 2 6 5 -5 -3 -2
right_child=1 3 -4 4 -6 -7 -8
leaf_value=0.027420903744604284 -0.0084409653644595753 0.022087344907625921 0.0069984908689456867 0.012789031468738008 -0.021735687744099997 0.0013546289768286918 -0.033709585785067421
leaf_weight=7.6259672045707694 8.4403422474861163 24.88527923822403 10.113789483904837 9.9532064348459262 19.676390022039413 61.96875362098217 8.5862468928098696
leaf_count=32 35 102 41 41 81 254 36
internal_value=0.00183324 1.36703e-05 -0.0123611 0.00318354 -0.00958853 0.0078272 -0.0241759
internal_weight=151.25 143.624 27.1404 116.484 29.6296 86.854 17.0266
internal_count=622 590 112 478 122 356 71
is_linear=0
shrinkage=0.03


Tree=41
num_leaves=8
num_cat=0
split_feature=18 12 4 16 34 10 19
split_gain=7.15132 5.98402 7.14118 6.62466 6.18426 5.38869 7.14677
threshold=0.023132136602668395 39.538657922584513 -0.0023066543957072634 -5.7370050879859944 0.0041302702113563692 -0.018198448993380075 0.11012676891638522
decision_type=2 2 2 2 2 2 2
left_child=-1 5 4 -4 -3 6 -2
right_child=1 2 3 -5 -6 -7 -8
leaf_value=0.026869685027867497 0.015183542753431485 0.027443675805138422 -0.025270182161950847 0.0011945780061639823 0.0014839672869825721 -0.029506023583575815 -0.018375492324442643
leaf_weight=7.5905035138130179 9.0960375368595177 15.094551578164099 7.4940509647130957 74.834604576230049 19.008431434631348 8.4002687782049161 9.5990496128797513
leaf_count=32 37 62 31 307 78 35 40
internal_value=0.00178519 4.4667e-06 0.00310037 -0.00157872 0.0142734 -0.0120821 -0.00143324
internal_weight=151.117 143.527 116.432 82.3287 34.103 27.0954 18.6951
internal_count=622 590 478 338 140 112 77
is_linear=0
shrinkage=0.03


Tree=42
num_leaves=8
num_cat=0
split_feature=3 38 10 16 16 38 15
split_gain=6.3841 5.77216 9.39131 9.00495 10.164 5.92785 5.38375
threshold=-0.035140706187928632 0.010272402367195659 0.017124187272825279 1.9604361421612857 6.694620745070055 0.0091284605836036512 -24.503977205489736
decision_type=2 2 2 2 2 2 2
left_child=-1 3 6 5 -5 -2 -3
right_child=1 2 -4 4 -6 -7 -8
leaf_value=0.021481016132408336 -0.0053807843953883969 -0.0039686554706583705 -0.011484115252658961 0.026459048896180427 -0.0040022624190388361 -0.028666513252928346 0.021964542085249183
leaf_weight=11.449254423379896 34.801444709300995 7.5854873657226554 13.582445576786993 12.042182505130766 29.876677259802818 14.008863434195517 27.665153250098228
leaf_count=48 143 32 56 49 122 58 114
internal_value=0.00173528 -5.92358e-05 0.00795917 -0.00461532 0.00521334 -0.0132245 0.0160679
internal_weight=151.012 139.562 48.8331 90.7292 41.9189 48.8103 35.2506
internal_count=622 574 202 372 171 201 146
is_linear=0
shrinkage=0.03


Tree=43
num_leaves=8
num_cat=0
split_feature=3 21 35 1 36 36 36
split_gain=6.08763 5.45681 6.17616 6.29573 4.13893 2.36808 4.76687
threshold=-0.035140706187928632 0.018752165658725096 -0.012286424978227016 -0.017106537324589718 0.0072557522972992684 0.0069995519183116096 0.0082830220519992514
decision_type=2 2 2 2 2 2 2
left_child=-1 2 4 -4 -2 -3 -7
right_child=1 5 3 -5 -6 6 -8
leaf_value=0.020994826921344207 -0.027792126092747366 0.024685104876843774 -0.020265730864172656 0.0037330712699999062 -0.0028642164062653314 -0.011219668189043507 0.019043091627644299
leaf_weight=11.409873306751249 10.97043687105179 7.726040348410609 9.0826976895332319 82.311364769935608 14.997513100504873 7.269135043025015 7.1139653325080872
leaf_count=48 46 32 37 337 62 30 30
internal_value=0.00168215 -6.62285e-05 -0.00279837 0.000804563 -0.015166 0.0128437 0.00333035
internal_weight=150.881 139.471 117.362 91.3941 25.9679 22.1091 14.3831
internal_count=622 574 482 374 108 92 60
is_linear=0
shrinkage=0.03


Tree=44
num_leaves=8
num_cat=0
split_feature=18 21 19 38 9 37 17
split_gain=6.62488 5.767 7.14042 8.58219 7.02916 4.40547 0.0901413
threshold=0.023132136602668395 0.018752165658725096 0.093662566707162706 0.007143956393719726 0.078127940308226673 0.049985708171827577 3.118678428097525
decision_type=2 2 2 2 2 2 2
left_child=-1 2 3 -2 -4 6 -3
right_child=1 5 4 -5 -6 -7 -8
leaf_value=0.025903280417238068 -0.015199172462179632 0.0275093445105195 -0.022384680299207219 0.0068941464173896544 0.0054429066082312648 -0.0038145089845362527 0.010278377626391503
leaf_weight=7.4928565025329581 18.280311599373817 7.4155674427747753 23.921980351209641 67.980378776788712 9.8400622904300672 7.4186294823884955 8.4101080596446973
leaf_count=32 76 31 99 278 40 30 36
internal_value=0.00163252 0 -0.00267655 0.00180387 -0.014004 0.0130757 0.0213745
internal_weight=150.76 143.267 120.023 86.2607 33.762 23.2443 15.8257
internal_count=622 590 493 354 139 97 67
is_linear=0
shrinkage=0.03


Tree=45
num_leaves=14
num_cat=0
split_feature=15 11 15 11 21 21 37 21 5 15 2 21 2
split_gain=9.36584 14.0262 12.951 12.8837 7.99701 15.2802 5.31839 4.99064 3.66837 3.54656 3.39485 2.7019 0.0942245
threshold=21.771133359222507 0.030432260661703795 -16.04148810843467 -0.036016155085333394 0.013757864894143348 0.011358908462587079 0.023922976622259177 0.012092205838341624 0.010109173736433831 105.18542328062287 0.0052013884780810491 0.014463214062718511 -0.0043287809973719385
decision_type=2 2 2 2 2 2 2 2 2 2 2 2 2
left_child=2 11 3 10 5 -4 -3 -5 -6 -8 -1 12 -2
right_child=1 6 4 7 8 -7 9 -9 -10 -11 -12 -13 -14
leaf_value=0.025829442952270468 -0.014054088017563164 -0.0087183229591919417 0.020110646960133781 -0.030144586793634798 0.039396788336189661 -0.018485196830517164 0.028121978707672707 -0.0024723496999781501 0.010170746051113514 0 0 -0.0078219451688908877 -0.035427854550861573
leaf_weight=7.9198561906814557 7.6003498882055327 9.5247123092412966 22.46819843351841 13.307002052664759 12.680568397045137 12.644023746252058 8.7722234129905718 12.230734765529631 10.034455224871634 7.8899265676736823 7.1048192381858826 12.983778998255728 9.9655445218086243
leaf_count=33 31 39 92 56 53 52 36 51 41 32 30 53 42
internal_value=0.00105397 -0.00836293 0.00669208 -0.00588135 0.0156641 0.0055608 0.00708949 -0.0185784 0.0289608 0.0168955 0.0144662 -0.0216912 -0.0293285
internal_weight=155.126 56.7365 98.3897 40.5624 57.8272 35.1122 26.1869 25.5377 22.715 16.6621 15.0247 30.5497 17.5659
internal_count=641 233 408 170 238 144 107 107 94 68 63 126 73
is_linear=0
shrinkage=0.03


Tree=46
num_leaves=8
num_cat=0
split_feature=19 18 19 33 21 37 20
split_gain=6.62936 8.02598 8.7092 7.57178 7.11497 5.22902 2.87332
threshold=0.045444325921355271 0.89546254033739758 0.091331105508396043 0.84280125942181094 0.013968996503306332 0.025678686858920722 0.017818315019159186
decision_type=2 2 2 2 2 2 2
left_child=5 2 4 -4 -2 -1 -3
right_child=1 6 3 -5 -6 -7 -8
leaf_value=-0.030357932403623469 0.0058276299090701559 -0.021975736040490943 -0.0085374420192679025 0.019148830371492665 0.027094651392003198 0 0
leaf_weight=7.99336148798466 46.404413729906082 11.376166597008707 41.292826533317566 9.0459197759628278 21.404172420501709 10.030266419053076 7.3128132075071326
leaf_count=33 191 48 173 37 88 41 30
internal_value=0.0010182 0.00342143 0.00643474 -0.00273399 0.0133395 -0.0149975 -0.0136836
internal_weight=154.86 136.836 118.147 50.3387 67.8086 18.0236 18.689
internal_count=641 567 489 210 279 74 78
is_linear=0
shrinkage=0.03


Tree=47
num_leaves=13
num_cat=0
split_feature=15 11 15 11 38 21 21 1 21 12 24 21
split_gain=8.82755 13.2536 12.1767 12.2305 9.22371 7.34662 14.4449 5.98035 4.77134 2.98655 2.94449 2.6697
threshold=21.771133359222507 0.030432260661703795 -16.04148810843467 -0.036016155085333394 0.0091592832311231283 0.013757864894143348 0.011358908462587079 0.0050365037395320176 0.012092205838341624 57.051006262249636 -0.49528301886792447 0.014872734771764559
decision_type=2 2 2 2 2 2 2 2 2 2 2 2
left_child=2 10 3 7 -3 6 -4 -1 -5 -7 -2 -12
right_child=1 4 5 8 -6 9 -8 -9 -10 -11 11 -13
leaf_value=0.03024623916642483 -0.0025814818854406011 0.023999445901765688 0.019613273908639962 -0.029482112157689248 -0.0089704296231383814 0.035692716213600255 -0.017930425084666482 -0.0032974175163959282 -0.0023735719828459189 0.0075742641479209999 -0.035831128970252347 -0.0097938354836059217
leaf_weight=7.4583462029695493 8.0896316319704074 12.507177799940111 22.45374122262001 13.233544811606409 13.674406275153158 14.785703346133234 12.618101254105566 7.5521054118871689 12.228131890296934 7.8333307057619086 12.293565154075624 10.03062868118286
leaf_count=31 33 51 92 56 56 62 52 32 51 32 52 41
internal_value=0.000984582 -0.00816563 0.00646756 -0.00572861 0.00683276 0.0151802 0.00546261 0.0140844 -0.0181303 0.0279705 -0.0211646 -0.026516
internal_weight=154.758 56.5954 98.163 40.4721 26.1816 57.6909 35.0718 15.0105 25.4617 22.619 30.4138 22.3242
internal_count=641 233 408 170 107 238 144 63 107 94 126 93
is_linear=0
shrinkage=0.03


Tree=48
num_leaves=11
num_cat=0
split_feature=27 20 37 20 10 18 38 12 14 33
split_gain=5.36995 5.0336 3.96012 7.02784 6.10571 3.95509 6.7898 4.32086 1.35215 0.773163
threshold=2.5000000000000004 0.022005266333210011 0.039437433399033946 0.015502995582895399 -0.017194744203571807 0.71064740400361437 0.0077580241257801186 40.201745509739446 9.1846210092912788 0.16960788616191427
decision_type=2 2 2 2 2 2 2 2 2 2
left_child=1 2 4 -4 -1 7 -7 9 -9 -2
right_child=5 -3 3 -5 -6 6 -8 8 -10 -11
leaf_value=0.0052976549066526277 0.005338643491034939 0.012164456512131423 0.021445975949908349 -0.0094753931687602787 -0.01654409303502254 0.016508782664649807 -0.015468568161455245 0.025451258373480275 0.0081988992477321047 -0.0068705179051062942
leaf_weight=13.31884256005287 7.2188473343849164 12.896120086312292 9.2451057434082049 13.5971073359251 41.539606735110283 7.7508189529180553 13.013586536049841 15.385830849409105 13.303430557250975 7.1750556975603104
leaf_count=55 30 55 38 56 173 32 54 64 54 30
internal_value=0.00094784 -0.00361344 -0.00665987 0.00315485 -0.0109776 0.00756105 -0.0024716 0.0126243 0.0189957 0
internal_weight=154.444 90.5968 77.7007 22.8422 54.8584 63.8476 20.7644 43.0832 28.6893 14.3939
internal_count=641 377 322 94 228 264 86 178 118 60
is_linear=0
shrinkage=0.03


Tree=49
num_leaves=12
num_cat=0
split_feature=15 15 37 38 32 18 4 15 20 20 15
split_gain=8.2573 11.589 10.4914 10.3325 7.05777 6.2399 4.8912 4.22706 2.56527 2.32535 1.04552
threshold=21.771133359222507 -16.04148810843467 0.035945235008034156 0.0091284605836036512 0.0021971574097723327 0.87964448980916166 -0.020912114857316474 -4.1196271467405117 0.019917749128527517 0.015852934718714306 39.964656852365344
decision_type=2 2 2 2 2 2 2 2 2 2 2
left_child=1 4 6 -4 9 7 -2 -3 -6 -1 -8
right_child=2 5 3 -5 8 -7 10 -9 -10 -11 -12
leaf_value=-0.0044653859483251629 0.00040230483233385812 0.031482582493932584 0.023969465687372155 -0.012162940202937688 -0.025670614412448112 -0.0066139168540340137 -0.033164802168810743 0.010907172364156014 -0.00081274766779562896 0.013460790643525357 -0.013397057274214648
leaf_weight=8.8657605797052401 7.6558764725923529 15.923572853207586 12.470721140503885 11.704814448952673 12.088616460561754 8.4128742665052396 11.33387327194214 33.192098304629326 7.0333791673183432 12.349866196513174 13.245085582137106
leaf_count=37 31 66 51 48 51 35 48 137 30 52 55
internal_value=0.000943756 0.0062573 -0.00791649 0.00630988 -0.00565371 0.0147703 -0.0187695 0.0188421 -0.0181804 0.0055842 -0.0248864
internal_weight=154.277 97.8662 56.4104 24.1755 40.3376 57.5285 32.2348 49.1157 19.122 21.2156 24.579
internal_count=641 408 233 99 170 238 134 203 81 89 103
is_linear=0
shrinkage=0.03


Tree=50
num_leaves=9
num_cat=0
split_feature=21 19 5 38 19 22 33 34
split_gain=5.36965 5.80658 10.2529 6.04684 7.43441 5.68521 5.53748 2.21551
threshold=0.019177465179409745 0.090369444484638059 0.086013233517196488 0.010592461027493253 0.057979563716867334 -0.06911157714940773 0.21303566675538996 0.0093507739926536066
decision_type=2 2 2 2 2 2 2 2
left_child=1 3 6 5 -5 -1 -3 -2
right_child=7 2 -4 4 -6 -7 -8 -9
leaf_value=-0.01428725575086667 0.0029268320754556611 0 0.013218455728399714 -0.010096261418275033 0.020919926632028449 0.0036450340059861774 -0.026650179875084123 0.024382027149348985
leaf_weight=23.229152500629425 11.672015637159349 9.6753640174865705 9.7889520078897458 7.4854493588209179 23.209058567881584 39.453585043549538 22.520262449979782 8.4796929508447629
leaf_count=97 50 40 40 31 96 162 94 36
internal_value=0.000232469 -0.00188491 -0.0109394 0.00217293 0.0127423 -0.00300475 -0.0190666 0.0140184
internal_weight=155.514 135.362 41.9846 93.3772 30.6945 62.6827 32.1956 20.1517
internal_count=646 560 174 386 127 259 134 86
is_linear=0
shrinkage=0.03


Tree=51
num_leaves=7
num_cat=0
split_feature=38 38 36 15 13 12
split_gain=4.05554 5.69825 5.99175 8.83851 7.97542 2.30936
threshold=0.0059336548644193894 0.007143956393719726 0.0062086792255458163 22.20552317786041 -0.39242712877984681 54.73885064351991
decision_type=2 2 2 2 2 2
left_child=-1 5 4 -4 -3 -2
right_child=1 2 3 -5 -6 -7
leaf_value=0.018947100222632535 -0.026387480640940014 0.017267716354288112 0.0022017931906129994 -0.021730691372320324 -0.0019811564365672723 -0.0026994841370467115
leaf_weight=7.8524047434329978 8.1212354302406329 33.678593084216118 38.92618365585804 18.598448678851128 38.967867687344551 9.1864571422338468
leaf_count=32 35 139 163 77 162 38
internal_value=0.000234025 -0.000902168 0.00122884 -0.00575405 0.00696515 -0.0161734
internal_weight=155.331 147.479 130.171 57.5246 72.6465 17.3077
internal_count=646 614 541 240 301 73
is_linear=0
shrinkage=0.03


Tree=52
num_leaves=9
num_cat=0
split_feature=21 11 20 37 17 28 34 34
split_gain=5.1942 4.35821 5.34366 7.24233 7.20243 4.32045 2.07188 1.60498
threshold=0.019177465179409745 -0.015742853022949917 0.01510018788278729 0.052719686720947186 1.3426242983322674 4.5000000000000009 0.0093507739926536066 0.006807726870105558
decision_type=2 2 2 2 2 2 2 2
left_child=1 5 4 -4 -3 -1 -2 -7
right_child=6 2 3 -5 -6 7 -8 -9
leaf_value=0.0022243035724751783 0.002972938662350896 0.020476965248264825 0.00032182196485545846 -0.025250085826209231 -0.0097710613295270039 -0.028652966405307422 0.023871902055990532 -0.0063112080604606257
leaf_weight=10.17745576798916 11.654445171356203 20.93066276609898 68.59699048101902 9.4503371417522413 8.0645789504051191 9.171146824955942 8.4386354535818082 8.7226917147636396
leaf_count=42 50 86 284 39 34 39 36 36
internal_value=0.000215748 -0.00186609 0.000823591 -0.00314067 0.0114924 -0.0119939 0.0137954 -0.0202454
internal_weight=155.207 135.114 107.043 78.0473 28.9952 28.0713 20.0931 17.8938
internal_count=646 560 443 323 120 117 86 75
is_linear=0
shrinkage=0.03


Tree=53
num_leaves=6
num_cat=0
split_feature=21 14 16 8 34
split_gain=4.96968 5.36121 5.89008 3.6884 1.9763
threshold=0.019177465179409745 -44.670984680938538 22.824763017930632 -0.019909316664516064 0.0093507739926536066
decision_type=2 2 2 2 2
left_child=1 -1 3 -3 -2
right_child=4 2 -4 -5 -6
leaf_value=-0.018847003796582159 0.0028979640917859415 0.013898779037471347 -0.022394950633865023 -0.00017014576785644506 0.023372277181483946
leaf_weight=12.874067053198813 11.649109229445459 17.799728035926819 7.5598327517509452 96.776573330163956 8.403738930821417
leaf_count=55 50 73 32 400 36
internal_value=0.000201675 -0.00183226 0.000115145 0.00208778 0.0135
internal_weight=155.063 135.01 122.136 114.576 20.0528
internal_count=646 560 505 473 86
is_linear=0
shrinkage=0.03


end of trees

feature_importances:
macd=34
atr_pct=34
volatility=33
macd_signal=28
macro_topix_vol_20=22
macro_topix_ret_20=20
ma_20_60_cross=17
return_5d=15
macro_usdjpy_ret_60=15
bb_pct_b=14
macro_usdjpy_vol_20=14
macd_hist_change=13
macd_hist=12
bb_bandwidth=12
vol_ratio=12
candle_body_pct=11
div_ma_60=10
rsi=10
macro_usdjpy_ret_20=10
return_20d=9
price_position_20d=9
rsi_change=8
month=8
return_2d=7
return_10d=7
div_ma_20=7
macro_nikkei_ret_20=7
return_3d=5
div_ma_10=5
ma_5_20_cross=5
vol_change=5
div_ma_5=4
day_of_week=4
return_1d=3
gap=3
upper_shadow_pct=2
lower_shadow_pct=2

parameters:
[boosting: gbdt]
[objective: binary]
[metric: binary_logloss]
[tree_learner: serial]
[device_type: cpu]
[data_sample_strategy: bagging]
[data: ]
[valid: ]
[num_iterations: 54]
[learning_rate: 0.03]
[num_leaves: 15]
[num_threads: 0]
[seed: 42]
[deterministic: 0]
[force_col_wise: 0]
[force_row_wise: 0]
[histogram_pool_size: -1]
[max_depth: 4]
[min_data_in_leaf: 30]
[min_sum_hessian_in_leaf: 0.001]
[bagging_fraction: 0.7]
[pos_bagging_fraction: 1]
[neg_bagging_fraction: 1]
[bagging_freq: 5]
[bagging_seed: 400]
[bagging_by_query: 0]
[feature_fraction: 0.6]
[feature_fraction_bynode: 1]
[feature_fraction_seed: 30056]
[extra_trees: 0]
[extra_seed: 12879]
[early_stopping_round: 0]
[early_stopping_min_delta: 0]
[first_metric_only: 0]
[max_delta_step: 0]
[lambda_l1: 0.5]
[lambda_l2: 2]
[linear_lambda: 0]
[min_gain_to_split: 0]
[drop_rate: 0.1]
[max_drop: 50]
[skip_drop: 0.5]
[xgboost_dart_mode: 0]
[uniform_drop: 0]
[drop_seed: 17869]
[top_rate: 0.2]
[other_rate: 0.1]
[min_data_per_group: 100]
[max_cat_threshold: 32]
[cat_l2: 10]
[cat_smooth: 10]
[max_cat_to_onehot: 4]
[top_k: 20]
[monotone_constraints: ]
[monotone_constraints_method: basic]
[monotone_penalty: 0]
[feature_contri: ]
[forcedsplits_filename: ]
[refit_decay_rate: 0.9]
[cegb_tradeoff: 1]
[cegb_penalty_split: 0]
[cegb_penalty_feature_lazy: ]
[cegb_penalty_feature_coupled: ]
[path_smooth: 0]
[interaction_constraints: ]
[verbosity: -1]
[saved_feature_importance_type: 0]
[use_quantized_grad: 0]
[num_grad_quant_bins: 4]
[quant_train_renew_leaf: 0]
[stochastic_rounding: 1]
[linear_tree: 0]
[max_bin: 255]
[max_bin_by_feature: ]
[min_data_in_bin: 5]
[bin_construct_sample_cnt: 200000]
[data_random_seed: 175]
[is_enable_sparse: 1]
[enable_bundle: 1]
[use_missing: 1]
[zero_as_missing: 0]
[feature_pre_filter: 1]
[pre_partition: 0]
[two_round: 0]
[header: 0]
[label_column: ]
[weight_column: ]
[group_column: ]
[ignore_column: ]
[categorical_feature: ]
[forcedbins_filename: ]
[precise_float_parser: 0]
[parser_config_file: ]
[objective_seed: 16083]
[num_class: 1]
[is_unbalance: 0]
[scale_pos_weight: 1]
[sigmoid: 1]
[boost_from_average: 1]
[reg_sqrt: 0]
[alpha: 0.9]
[fair_c: 1]
[poisson_max_delta_step: 0.7]
[tweedie_variance_power: 1.5]
[lambdarank_truncation_level: 30]
[lambdarank_norm: 1]
[label_gain: ]
[lambdarank_position_bias_regularization: 0]
[eval_at: ]
[multi_error_top_k: 1]
[auc_mu_weights: ]
[num_machines: 1]
[local_listen_port: 12400]
[time_out: 120]
[machine_list_filename: ]
[machines: ]
[gpu_platform_id: -1]
[gpu_device_id: -1]
[gpu_use_dp: 0]
[num_gpu: 1]

end of parameters

pandas_categorical:[]
