tree
version=v4
num_class=1
num_tree_per_iteration=1
label_index=0
max_feature_idx=44
objective=binary sigmoid:1
feature_names=return_1d return_2d return_3d return_5d return_10d return_20d div_ma_5 div_ma_10 div_ma_20 div_ma_60 ma_5_20_cross ma_20_60_cross rsi rsi_change macd macd_signal macd_hist macd_hist_change bb_pct_b bb_bandwidth atr_pct volatility vol_change vol_ratio candle_body_pct upper_shadow_pct lower_shadow_pct day_of_week month is_month_end is_month_start streak gap price_position_20d macro_usdjpy_ret_20 macro_usdjpy_ret_60 macro_usdjpy_vol_20 macro_topix_ret_20 macro_topix_vol_20 macro_topix_above_200dma macro_nikkei_ret_20 macro_nikkei_above_200dma macro_nikkei_vi macro_jgb10y macro_bias_score
feature_infos=[-0.13655705996131529:0.14340076106549171] [-0.17302704705446459:0.13939515321450036] [-0.24313326551373349:0.13251339020035702] [-0.24772497472194133:0.15508021390374327] [-0.27766990291262139:0.21037463976945237] [-0.32750828562820122:0.26342537692698631] [-0.1709690599115998:0.10665270993254242] [-0.21866521975040698:0.12251518905208526] [-0.26648317791562254:0.15650762268394663] [-0.30432433696010724:0.25280113014694672] [-0.15962449342521501:0.10857407429970878] [-0.12910427792581369:0.16194909857484796] [8.1632653061224403:96.875] [-25.201612903225808:23.316276844748934] [-210.42507191545383:184.00380699638936] [-173.97589317650653:173.50109370230982] [-78.411342885952351:52.014143279971329] [-27.233339646953127:21.410470343030575] [-0.23964468033716274:1.5077731535436663] [0.024762768320547853:0.44524114931100872] [0.010177501581513043:0.063096454107690061] [0.0077007658256716804:0.052397898686469782] [-0.85759104690774146:7.3141979768786118] [0.53504839685636885:2.0088397259980812] [-1:1] [0:0.92307692307692313] [0:0.97727272727272729] [0:4] [1:12] none [0:1] [-7:7] [-0.065420560747663559:0.13440860215053774] [0:1] [-0.10288784967882303:0.08505611680078462] [-0.13986255140503889:0.13160084488587853] [0.0023506467301043195:0.011841457708833433] [-0.21871130063915301:0.21255316252998058] [0.0039190494364641443:0.040640975235326525] [0:1] [-0.22859537662338159:0.23022297972565586] [0:1] none none none
tree_sizes=1285 1284 993 1283 1284 990 1107 985 776 784 1187 1502 1424 1112 1218 1191 1057 1211 789 989 1397 1101 1100 992 1424 1287 975 1290 1164 1140 995 1509 1491 1097 1270 875 870 884 1100 895 989 997 775 990 1166 1091 1210 995 879 957

Tree=0
num_leaves=11
num_cat=0
split_feature=26 18 0 28 15 34 4 16 2 14
split_gain=12.5112 13.7874 12.9394 9.73728 8.12816 9.94708 4.90984 5.46054 3.57005 3.39558
threshold=0.16164226241745625 0.64877260623552724 0.020805289632967242 2.5000000000000004 42.82998754838264 -0.027834690499184352 -0.0072345134289599202 7.4263517591849224 0.0082849207359776428 -6.7272559276731263
decision_type=2 2 2 2 2 2 2 2 2 2
left_child=2 4 6 -3 5 -2 9 -8 -5 -1
right_child=1 3 -4 8 -6 -7 7 -9 -10 -11
leaf_value=-0.22621217326000309 -0.18340541000166366 -0.19452209701959036 -0.19598721342418007 -0.21329125487119807 -0.17300940687277241 -0.21230216484387937 -0.25026617970928267 -0.22140620351158147 -0.23626472876341278 -0.20343400248179008
leaf_weight=12.606082722544672 14.089151278138159 7.9096989631652823 10.628657981753348 10.134301796555521 9.1455894261598569 36.088001519441605 13.841973185539247 14.336329370737074 17.302466481924057 7.4153427779674521
leaf_count=51 57 32 43 41 37 146 56 58 70 30
internal_value=-0.212522 -0.205736 -0.223085 -0.220042 -0.197025 -0.203066 -0.22981 -0.237591 -0.228684 -0.216966
internal_weight=153.498 94.6692 58.8284 35.3465 59.3227 50.1772 48.1997 28.1783 27.4368 20.0214
internal_count=621 383 238 143 240 203 195 114 111 81
is_linear=0
shrinkage=1


Tree=1
num_leaves=11
num_cat=0
split_feature=26 0 0 34 20 4 27 40 7 13
split_gain=11.886 12.49 12.305 9.67001 5.01142 5.02676 4.96255 5.91991 4.56599 2.38697
threshold=0.16164226241745625 0.0022560184437214752 0.020805289632967242 0.02489034192042228 0.029401797690907353 -0.0072345134289599202 1.5000000000000002 0.03599414539817581 0.010615740962970688 -2.7941135315225369
decision_type=2 2 2 2 2 2 2 2 2 2
left_child=2 3 4 9 5 -1 8 -8 -3 -2
right_child=1 6 -4 -5 -6 -7 7 -9 -10 -11
leaf_value=-0.0047254399352988745 0.012488814793788617 0 0.016841713603188122 -0.0051409248480827497 0.0026401416895768886 -0.028598881913113834 0.015566142583830437 -0.011875577904799615 -0.028979082385957158 0.031061260804742752
leaf_weight=15.069809898734087 19.548633545637131 8.1624233126640338 10.647427469491957 12.113318681716917 8.6424707621335966 24.405719086527828 14.345296114683153 10.131346747279165 8.8903268575668317 21.529538542032242
leaf_count=61 79 33 43 49 35 99 58 41 36 87
internal_value=0.000760761 0.00737196 -0.00954053 0.0168037 -0.0161167 -0.0205142 -0.00458072 0.00360191 -0.0162582 0.0235612
internal_weight=153.486 94.7209 58.7654 53.1915 48.118 39.4755 41.5294 24.4766 17.0528 41.0782
internal_count=621 383 238 215 195 160 168 99 69 166
is_linear=0
shrinkage=0.03


Tree=2
num_leaves=8
num_cat=0
split_feature=15 11 35 24 33 6 22
split_gain=11.4188 12.8496 11.2685 10.2903 11.897 5.80459 4.965
threshold=-65.686837942246498 -0.015308012063252883 -0.015157193110803433 -0.53752345215759834 0.61041044071752359 -0.0109269380459839 -0.037612054280400702
decision_type=2 2 2 2 2 2 2
left_child=-1 2 6 5 -5 -3 -2
right_child=1 3 -4 4 -6 -7 -8
leaf_value=0.024928008004969627 -0.014470246101192814 0.0041604421444092019 -0.031382438647859418 0.020458273040709022 -0.0023331773029782884 -0.02281529602014673 0.014506371207190678
leaf_weight=13.867985650897024 7.9050039052963283 9.8812465965747851 19.263870894908905 38.375059008598328 39.252173945307732 15.532798901200293 9.3906118571758253
leaf_count=56 32 40 78 155 159 63 38
internal_value=0.000735353 -0.00188017 -0.0167379 0.00346693 0.00897627 -0.0122413 0.00035804
internal_weight=153.469 139.601 36.5595 103.041 77.6272 25.414 17.2956
internal_count=621 565 148 417 314 103 70
is_linear=0
shrinkage=0.03


Tree=3
num_leaves=11
num_cat=0
split_feature=26 18 0 22 23 40 20 4 22 2
split_gain=11.0485 12.1668 11.5601 6.28094 7.66703 5.76546 4.67154 4.75466 3.15131 2.70252
threshold=0.16164226241745625 0.64877260623552724 0.020805289632967242 -0.19851868678169191 1.0639132511299758 0.062383162973826518 0.029401797690907353 -0.0072345134289599202 -0.12038620472812316 -0.0082503086316773038
decision_type=2 2 2 2 2 2 2 2 2 2
left_child=2 3 6 9 -5 8 7 -1 -3 -2
right_child=1 5 -4 4 -6 -7 -8 -9 -10 -11
leaf_value=-0.0045131090968135099 0.010134319588158754 -0.024216960573851334 0.016290096885670659 0.027794747431104799 0 0.0089841174616199435 0.0024326630369114386 -0.027773945770815173 -0.0011340391617152218 -0.011821983645089266
leaf_weight=15.054041609168047 8.1853731721639651 12.324774742126465 10.66744042932987 32.745035022497177 10.650463700294493 11.851232200860975 8.6496297568082792 24.299927070736889 11.107603713870049 7.9183818250894538
leaf_count=61 33 50 43 132 43 48 35 99 45 32
internal_value=0.000707218 0.00707872 -0.00923272 0.0152429 0.0209593 -0.00636542 -0.0156291 -0.0198873 -0.0148145 0
internal_weight=153.454 94.7829 58.671 59.4993 43.3955 35.2836 48.0036 39.354 23.4324 16.1038
internal_count=621 383 238 240 175 143 195 160 95 65
is_linear=0
shrinkage=0.03


Tree=4
num_leaves=11
num_cat=0
split_feature=4 14 5 21 28 19 38 13 33 14
split_gain=8.67211 9.03254 10.4597 7.4611 11.6542 10.621 3.99812 3.84406 2.77528 4.93801
threshold=-0.0068203156621154384 -11.197136935188039 -0.067151974364912811 0.012649241552024128 2.5000000000000004 0.078147972512184125 0.013986124792280858 -0.066708820328305038 0.35811451942740291 28.439259042537973
decision_type=2 2 2 2 2 2 2 2 2 2
left_child=1 2 6 -2 -5 -6 -1 -4 -3 -10
right_child=3 8 7 4 5 -7 -8 -9 9 -11
leaf_value=0.022883157691409743 -0.024854496149898528 0.0307580521136901 -0.02902612049944063 0.02115097607182951 0.017950556629430563 -0.012997985738240169 -0.0020309822550869817 0 -0.0066070674683564989 0.023318364827158218
leaf_weight=11.901320099830629 12.783894196152685 13.398081272840502 8.8899386078119296 14.333260759711264 10.117252096533774 51.006544262170792 7.688051924109458 7.9147868156433097 7.4293582886457425 7.9483688920736313
leaf_count=48 52 54 36 58 41 207 31 32 30 32
internal_value=0.000678475 0.00891606 -0.000765826 -0.0053019 -0.00123943 -0.0072313 0.0131282 -0.0174335 0.0209026 0.00890101
internal_weight=153.411 65.1699 36.3941 88.241 75.4571 61.1238 19.5894 16.8047 28.7758 15.3777
internal_count=621 263 147 358 306 248 79 68 116 62
is_linear=0
shrinkage=0.03


Tree=5
num_leaves=8
num_cat=0
split_feature=15 28 19 15 23 23 36
split_gain=12.5693 12.6152 13.4728 11.0215 9.32489 6.52911 0.465898
threshold=-67.65502627894881 2.5000000000000004 0.07704784072800476 8.7260868248229588 1.0466198725530464 1.0400516277098499 0.0072104431564550984
decision_type=2 2 2 2 2 2 2
left_child=-1 5 4 -4 -3 6 -2
right_child=1 2 3 -5 -6 -7 -8
leaf_value=0.025694672224840558 0.029092660687001882 0.018873629302676765 -0.024945273969969466 -0.0031274578639691108 -0.015177852297292226 -0.0058482057871247226 0.0096024783083532642
leaf_weight=12.895883589982985 11.170568987727171 22.225661486387256 39.460409313440323 46.878472074866295 8.1321091055870038 7.9174136072397223 7.4128122776746741
leaf_count=52 45 90 160 190 33 32 30
internal_value=-0.000445086 -0.00322395 -0.0075711 -0.0136079 0.00891416 0.0145804 0.0237353
internal_weight=156.093 143.197 116.697 86.3389 30.3578 26.5008 18.5834
internal_count=632 580 473 350 123 107 75
is_linear=0
shrinkage=0.03


Tree=6
num_leaves=9
num_cat=0
split_feature=5 11 38 20 35 21 34 21
split_gain=10.3344 8.57746 10.8012 13.5053 9.18395 4.66542 3.9124 2.88113
threshold=-0.10229177869773985 -0.015308012063252883 0.0071439563937195751 0.02028274466132975 -0.013338560249196661 0.015378859271585877 0.0079954634262784392 0.019431057886072089
decision_type=2 2 2 2 2 2 2 2
left_child=-1 4 5 -4 7 -3 -6 -2
right_child=1 2 3 -5 6 -7 -8 -9
leaf_value=0.026033956409431954 0.013391214318609306 -0.00094239500119086626 0.026841879235025252 -5.7371857990324523e-05 -0.038484577516522213 -0.029994107407215906 -0.010791555225392432 -0.0078998928772378088
leaf_weight=10.182681947946547 8.6505704075098055 11.08852554857731 20.516967326402664 61.808856323361397 10.313684001564981 9.3715374767780286 14.257750049233435 9.8499291241168958
leaf_count=41 35 45 83 250 42 38 58 40
internal_value=-0.000416576 -0.00269177 0.00193082 0.00694612 -0.013652 -0.0164031 -0.0250018 0.00165903
internal_weight=156.041 145.858 102.786 82.3258 43.0719 20.4601 24.5714 18.5005
internal_count=632 591 416 333 175 83 100 75
is_linear=0
shrinkage=0.03


Tree=7
num_leaves=8
num_cat=0
split_feature=15 28 19 15 23 23 32
split_gain=11.7545 11.861 12.4168 10.2186 8.7974 6.15603 0.933844
threshold=-67.65502627894881 2.5000000000000004 0.07704784072800476 8.7260868248229588 1.0466198725530464 1.0400516277098499 0.0033819600059474824
decision_type=2 2 2 2 2 2 2
left_child=-1 5 4 -4 -3 6 -2
right_child=1 2 3 -5 -6 -7 -8
leaf_value=0.024829669681032437 0.030791589784803626 0.018131106155222135 -0.024100168495617958 -0.0030481142424834029 -0.014929548252176085 -0.0056789560028168758 0.010080209264613877
leaf_weight=12.92336469888687 9.176512643694883 22.278986722230915 39.289432302117348 46.861338630318642 8.1196784973144513 7.9113348573446265 9.4422330409288389
leaf_count=52 37 90 160 190 33 32 38
internal_value=-0.000418699 -0.00311345 -0.00733782 -0.0131481 0.00846092 0.0141323 0.0230122
internal_weight=156.003 143.08 116.549 86.1508 30.3987 26.5301 18.6187
internal_count=632 580 473 350 123 107 75
is_linear=0
shrinkage=0.03


Tree=8
num_leaves=6
num_cat=0
split_feature=15 15 28 23 23
split_gain=11.125 11.323 8.4192 7.27509 5.86598
threshold=-67.65502627894881 -44.82573034108502 2.5000000000000004 0.76555664892387276 1.0400516277098499
decision_type=2 2 2 2 2
left_child=-1 -2 4 -4 -3
right_child=1 2 3 -5 -6
leaf_value=0.02415033102777733 -0.034146728248728372 0.022432977965651652 0.011999106745208609 -0.0079982767619807514 -0.0055455873502520316
leaf_weight=12.944214403629301 7.8249840736389151 18.645490780472759 17.52099198102951 91.08094833791256 7.9067211598157874
leaf_count=52 32 75 71 370 32
internal_value=-0.000390283 -0.00301797 -0.000634698 -0.00447779 0.0137713
internal_weight=155.923 142.979 135.154 108.602 26.5522
internal_count=632 580 548 441 107
is_linear=0
shrinkage=0.03


Tree=9
num_leaves=6
num_cat=0
split_feature=15 15 23 4 0
split_gain=10.5398 10.8486 6.86496 7.28921 4.36278
threshold=-67.65502627894881 -44.82573034108502 1.0544829236371041 -0.0072345134289599202 0.018846506371241415
decision_type=2 2 2 2 2
left_child=-1 -2 3 -3 -4
right_child=1 2 4 -5 -6
leaf_value=0.023496424145805359 -0.033471732603304792 0.014025263284188488 -0.014461881288458005 -0.0028569416784525532 0.00674955772374087
leaf_weight=12.960715368390082 7.7842452079057685 36.918192401528358 36.820033773779869 52.485575646162033 8.8859027773141843
leaf_count=52 32 149 150 213 36
internal_value=-0.000372065 -0.00293494 -0.000603604 0.0041046 -0.00991356
internal_weight=155.855 142.894 135.11 89.4038 45.7059
internal_count=632 580 548 362 186
is_linear=0
shrinkage=0.03


Tree=10
num_leaves=10
num_cat=0
split_feature=4 11 17 33 0 0 16 3 35
split_gain=8.93688 7.56938 9.68053 8.55984 5.50558 7.96474 9.0978 4.31535 4.17968
threshold=-0.0095508760455750279 0.043604353157088112 -1.2228650536547432 0.23866347505964516 0.020805289632967242 0.0020148198203682193 5.251124367806864 -0.0017269338899301709 0.017418134699802915
decision_type=2 2 2 2 2 2 2 2 2
left_child=1 2 8 -4 5 6 -2 -7 -1
right_child=4 -3 3 -5 -6 7 -8 -9 -10
leaf_value=-0.022234196147868816 -0.015172195542043212 0.029666754273732904 0.02704872680414476 -0.0031007498328155607 0.0095962248007237638 0 0.011019474617791295 -0.026216693063170624 0.0024367142945652602
leaf_weight=12.08960096538067 19.905689418315887 10.211162984371184 16.309783592820171 13.611488699913023 13.859575092792509 8.6136267930269224 24.066026717424393 24.56208099424839 8.6227930784225446
leaf_count=49 81 41 66 55 56 35 98 100 35
internal_value=-0.000339532 0.00830185 0.00274468 0.0135286 -0.00633249 -0.00955379 -0.000655261 -0.0202138 -0.0119928
internal_weight=151.852 60.8448 50.6337 29.9213 91.007 77.1474 43.9717 33.1757 20.7124
internal_count=616 246 205 121 370 314 179 135 84
is_linear=0
shrinkage=0.03


Tree=11
num_leaves=13
num_cat=0
split_feature=7 17 26 38 16 26 1 5 24 19 24 16
split_gain=6.73586 10.1824 8.19873 5.779 5.68911 5.63724 5.33857 5.04789 4.51564 3.55957 2.99842 2.0149
threshold=-1.0000000180025095e-35 -1.3084807427512091 0.025015634771732336 0.012078047897137741 9.6879307266209516 0.21525096525096529 0.02275255042998359 -0.024890748439938878 0.071946169772256749 0.10295742688660067 -0.49561403508771923 -10.426720548274794
decision_type=2 2 2 2 2 2 2 2 2 2 2 2
left_child=1 5 -2 6 -5 11 -4 -7 10 -10 -3 -1
right_child=2 8 3 4 -6 7 -8 -9 9 -11 -12 -13
leaf_value=-0.00025810093049366816 0.019704721809603094 0.0073720940024354156 -0.019915763191287694 0.02204752529525272 -0.010417064083928361 -0.0080124565854243299 0 0.018672994121782006 -0.0087124591458109888 0.016385645454411402 0.037588840284864963 -0.021977458623067384
leaf_weight=7.4093201905488995 7.3867767602205268 7.3725222498178473 39.830810457468033 7.4087890088558179 7.6289509683847427 9.6304030567407626 15.995815664529799 11.400151774287222 7.3768662810325614 8.4349822700023633 10.181487873196604 11.736421048641203
leaf_count=30 30 30 162 30 31 39 65 46 30 34 41 48
internal_value=-0.000321911 0.00600968 -0.00646087 -0.00986018 0.00540771 -0.00384783 -0.014277 0.00616715 0.0178497 0.00417073 0.0277172 -0.0151009
internal_weight=151.793 73.5422 78.2511 70.8644 15.0377 40.1763 55.8266 21.0306 33.3659 15.8118 17.554 19.1457
internal_count=616 298 318 288 61 163 227 85 135 64 71 78
is_linear=0
shrinkage=0.03


Tree=12
num_leaves=12
num_cat=0
split_feature=37 37 28 19 21 37 26 18 2 14 40
split_gain=9.79241 6.79452 6.15815 7.52282 8.98277 4.52808 7.20202 4.30601 3.86819 3.81259 3.16531
threshold=0.016133926164737415 -0.029377729635918889 2.5000000000000004 0.078889970839605583 0.021861947185667724 -0.0011125170540278171 0.29469617140850024 0.49797550989362399 0.0035036416397685737 2.0580400604685569 -0.060456056885456404
decision_type=2 2 2 2 2 2 2 2 2 2 2
left_child=1 10 8 9 -5 7 -7 -3 -2 -4 -1
right_child=2 5 3 4 -6 6 -8 -9 -10 -11 -12
leaf_value=0.0036170376458496737 -0.0053020550939176202 0.028276023266959979 0.017326002480094534 -0.026317413226858148 0.00069309369917960482 0.014347120606132293 -0.015250886974658293 0.0002251812021173389 0.020925080582149272 -0.0078927590466518031 -0.01866185349298163
leaf_weight=9.1618055552244204 7.6743408888578397 19.080936416983608 8.4053125232458132 32.023890510201454 14.713426768779753 17.740651607513431 9.6134686172008497 7.8985665887594214 7.9220862835645676 8.5861687958240491 8.8929780423641187
leaf_count=37 31 77 34 131 60 72 39 32 32 35 36
internal_value=-0.000288019 0.00748113 -0.00757184 -0.0117469 -0.0178269 0.0127707 0.00310368 0.0211637 0.00803155 0.00430342 -0.00737532
internal_weight=151.714 72.3884 79.3252 63.7288 46.7373 54.3336 27.3541 26.9795 15.5964 16.9915 18.0548
internal_count=616 293 323 260 191 220 111 109 63 69 73
is_linear=0
shrinkage=0.03


Tree=13
num_leaves=9
num_cat=0
split_feature=10 40 36 27 38 9 28 13
split_gain=8.87861 7.42568 6.48443 6.04582 4.75141 5.34952 4.42077 3.73876
threshold=-0.0050726725140128317 -0.033754321694745841 0.0039621565038976949 1.0000000180025095e-35 0.0072506204181304289 -0.050549298517395057 2.5000000000000004 -0.70824815631635818
decision_type=2 2 2 2 2 2 2 2
left_child=1 7 -2 -4 -3 -6 -5 -1
right_child=2 4 3 6 5 -7 -8 -9
leaf_value=0.0053821898117779954 -0.029168621962689937 -0.0027669963500386485 -0.019723810648793614 0.014604654487314512 5.5447562153203876e-05 0.026766451153950203 -0.0034000377859801797 -0.017895648116416384
leaf_weight=9.8960731625556964 8.2919300198554975 9.1150897890329343 14.212944954633711 13.876557096838949 10.585926279425619 24.544272631406784 50.980663552880287 10.135923787951468
leaf_count=40 34 37 58 56 43 99 208 41
internal_value=-0.000266611 0.00795574 -0.00652678 -0.00330634 0.0147137 0.019558 0.00054946 -0.00627058
internal_weight=151.639 64.2773 87.3621 79.0702 44.2453 35.1302 64.8572 20.032
internal_count=616 260 356 322 179 142 264 81
is_linear=0
shrinkage=0.03


Tree=14
num_leaves=10
num_cat=0
split_feature=10 36 7 0 11 35 34 33 7
split_gain=8.40484 6.20779 6.00785 7.04655 5.01484 6.40073 4.32555 4.277 3.28446
threshold=-0.0050726725140128317 0.0039621565038976949 -0.040684720338063404 0.0059331857714962641 0.011581639660070754 0.022926755600788388 -0.023919479422394137 0.3250910160125336 -1.0000000180025095e-35
decision_type=2 2 2 2 2 2 2 2 2
left_child=2 -2 -1 8 6 -6 -3 -5 -4
right_child=1 4 3 7 5 -7 -8 -9 -10
leaf_value=-0.011014514555201152 -0.028567534209986783 0.0063437224195371832 0.024603923031880491 -0.016445864953705439 0.018585199222192504 -0.0044101663831924431 -0.016738839489878782 0.0088570013205243117 9.5419226863802737e-07
leaf_weight=10.359480887651442 8.2550464719533903 7.3987881988286963 26.271467998623844 8.3703619837760943 14.33500202000141 29.406058430671692 27.884857505559921 11.912293970584868 7.393335863947871
leaf_count=42 34 30 106 34 58 120 114 48 30
internal_value=-0.000269272 -0.00636754 0.00772372 0.0118552 -0.00321545 0.00328115 -0.0114156 -0.00145083 0.0199243
internal_weight=151.587 87.2798 64.3069 53.9475 79.0247 43.7411 35.2836 20.2827 33.6648
internal_count=616 356 260 218 322 178 144 82 136
is_linear=0
shrinkage=0.03


Tree=15
num_leaves=10
num_cat=0
split_feature=5 11 26 35 22 22 10 25 35
split_gain=8.64332 14.9086 8.63314 7.30969 6.24296 9.47995 5.63944 5.59942 1.05335
threshold=-0.014862665098398562 0.0016928747350763997 0.052830940988835735 -0.041501841254739706 0.20244086839559475 -0.026779531404999776 -0.0036300626777249208 0.075637463223275594 0.03816359954750282
decision_type=2 2 2 2 2 2 2 2 2
left_child=2 6 -1 -4 5 -3 -2 -5 -6
right_child=1 4 3 7 8 -7 -8 -9 -10
leaf_value=-0.013049014432720359 0 0.0083344999530852587 0.033602789625909908 -0.0091553109195645719 0.0065409195049474841 -0.017816413098711816 -0.028284220456605925 0.014450238232610093 0.027086469636879416
leaf_weight=9.6155444383621198 7.3955642133951214 30.912326127290726 12.924132838845251 10.596836611628531 8.3721801489591616 17.946698427200317 21.699506878852844 27.664153978228569 7.6361097693443289
leaf_count=39 30 126 52 43 34 73 89 112 31
internal_value=0.00162009 -0.00395235 0.0103223 0.0153204 0.00392989 -0.0012991 -0.0211306 0.00740981 0.0190941
internal_weight=154.763 93.9624 60.8007 51.1851 64.8673 48.859 29.0951 38.261 16.0083
internal_count=629 383 246 207 264 199 119 155 65
is_linear=0
shrinkage=0.03


Tree=16
num_leaves=9
num_cat=0
split_feature=33 16 7 38 15 22 10 14
split_gain=8.30513 8.13856 7.66856 7.56302 6.28589 6.03738 5.47581 4.74613
threshold=0.55219412382672239 -2.9840642770733541 -0.040684720338063404 0.0072752702983817641 4.3287024614569773 -0.19851868678169191 0.033474570406820676 -5.1590279228582849
decision_type=2 2 2 2 2 2 2 2
left_child=2 -2 -1 -4 7 -5 -6 -3
right_child=1 4 3 5 6 -7 -8 -9
leaf_value=-0.012215679136181577 -0.028371440087836253 0 -0.0083495154174089131 0 0.019449208393702764 0.021594060734331171 -0.0024580392911226498 -0.025940098217042754
leaf_weight=12.076696693897246 10.055960536003111 11.532767012715341 11.804973483085631 16.263615027070045 14.481248721480368 44.109736502170563 23.708085238933563 10.680654019117354
leaf_count=49 41 47 48 66 59 178 97 44
internal_value=0.0015823 -0.00580884 0.00792846 0.0117396 -0.00102329 0.01605 0.00603035 -0.0132659
internal_weight=154.714 70.4587 84.255 72.1783 60.4028 60.3734 38.1893 22.2134
internal_count=629 288 341 292 247 244 156 91
is_linear=0
shrinkage=0.03


Tree=17
num_leaves=10
num_cat=0
split_feature=18 17 24 38 27 3 8 1 10
split_gain=8.01304 8.38504 8.11148 7.65862 6.40762 5.9708 5.96571 5.42336 3.33612
threshold=0.42068119713601665 -5.4949688754491612 0.10920111287758348 0.0070408709042721488 1.0000000180025095e-35 0.04427225572629246 0.041404856843281442 -0.0083853854422585843 -0.046719874544569599
decision_type=2 2 2 2 2 2 2 2 2
left_child=1 -1 6 -4 -3 -5 7 -2 -6
right_child=2 4 3 5 8 -7 -8 -9 -10
leaf_value=-0.014340995488911277 -0.0025524282639776013 -0.0050695292593894549 -0.017456730047184434 0.018668980143964616 0.0012318409781375812 -0.0067160215325404353 0.0034407435869634527 -0.027317680683277598 0.024001713585418444
leaf_weight=8.5855489671230298 14.963140636682509 9.8951956182718259 8.2872492820024473 26.333254247903824 8.9292498379945737 9.563547879457472 14.138830468058584 21.290750369429588 32.698922172188759
leaf_count=35 61 40 34 107 36 39 58 87 132
internal_value=0.00151181 0.00996936 -0.00380326 0.00523363 0.0146851 0.0115126 -0.0119104 -0.0181562 0.0197418
internal_weight=154.686 60.1089 94.5768 44.1841 51.5234 35.8968 50.3927 36.2539 41.6282
internal_count=629 243 386 180 208 146 206 148 168
is_linear=0
shrinkage=0.03


Tree=18
num_leaves=6
num_cat=0
split_feature=5 40 27 18 1
split_gain=7.77939 5.15513 5.96818 6.46504 4.90441
threshold=-0.10027644742541951 0.089284193987570384 1.0000000180025095e-35 0.37230681505200452 -0.00865359756804218
decision_type=2 2 2 2 2
left_child=-1 2 4 -4 -2
right_child=1 -3 3 -5 -6
leaf_value=0.023073327977945007 -0.028543272924468562 -0.018855160992085819 0.014725811785733922 -0.00058518238991904319 -0.00032531830977038573
leaf_weight=11.69651775062084 7.8154090493917492 10.68620055913925 33.721685215830803 75.304321900010109 15.431390330195425
leaf_count=47 32 44 136 307 63
internal_value=0.00144765 -0.000512154 0.00111682 0.00419536 -0.0119158
internal_weight=154.656 142.959 132.273 109.026 23.2468
internal_count=629 582 538 443 95
is_linear=0
shrinkage=0.03


Tree=19
num_leaves=8
num_cat=0
split_feature=37 15 15 7 24 26 26
split_gain=7.76089 9.73984 8.33886 6.56662 7.47043 3.82325 0.449726
threshold=0.044959275750411372 -65.686837942246498 27.712748232021415 -0.040684720338063404 -0.61492122335495825 0.2417422867513612 0.19824654221147309
decision_type=2 2 2 2 2 2 2
left_child=1 -1 6 -3 -5 -4 -2
right_child=2 3 5 4 -6 -7 -8
leaf_value=0.026262151254981783 -0.031816119260992572 -0.020460525861648756 -0.0080578257469190034 -0.012900094954376266 0.0080184652386989224 0.016687451253542315 -0.011188392655416169
leaf_weight=14.95279014110565 8.4782913923263568 8.8386778086423856 10.031055286526682 16.62526348233223 79.502276346087456 8.1329527795314771 8.0558847039937955
leaf_count=60 35 36 41 68 323 33 33
internal_value=0.00139173 0.00509935 -0.0105929 0.00150973 0.00405855 0.00283421 -0.0248669
internal_weight=154.617 119.919 34.6982 104.966 96.1275 18.164 16.5342
internal_count=629 487 142 427 391 74 68
is_linear=0
shrinkage=0.03


Tree=20
num_leaves=12
num_cat=0
split_feature=35 19 19 1 4 9 0 10 8 21 14
split_gain=9.80051 13.1301 8.531 8.40502 14.2993 6.84651 6.23886 3.40649 4.70134 2.94112 1.66986
threshold=0.013356826289609993 0.11046747436358836 0.090543982762588168 0.016422200483251718 -0.015093343273382407 -0.016897169972407637 0.010979751062625722 0.0077005797602762724 -0.047795923420941293 0.014714102176384075 40.832474548462081
decision_type=2 2 2 2 2 2 2 2 2 2 2
left_child=1 5 6 4 -4 -1 9 8 -3 -2 -5
right_child=2 7 3 10 -6 -7 -8 -9 -10 -11 -12
leaf_value=-0.0055114326117747837 0.008067176472242775 -0.0055514211696889824 0.012478319797417731 0 -0.022532224855030817 -0.036915658449603449 -0.0053841745452583942 -0.0096803088898462144 0.021373872013201699 0.031981006457576261 0.019046945042106158
leaf_weight=12.050517156720163 12.790334865450861 8.6705719679594022 13.602201640605925 7.4021196514368084 29.439019396901131 18.106912240386009 8.5724731683731061 13.192108273506163 10.173435077071192 12.106704443693159 10.334573745727537
leaf_count=49 52 35 55 30 121 74 35 54 41 49 42
internal_value=-0.00330583 -0.012397 0.00267049 -0.00384707 -0.0110721 -0.0259566 0.0144783 0.000701969 0.00892135 0.0217668 0.0122711
internal_weight=156.441 62.1935 94.2474 60.7779 43.0412 30.1574 33.4695 32.0361 18.844 24.897 17.7367
internal_count=637 253 384 248 176 123 136 130 76 101 72
is_linear=0
shrinkage=0.03


Tree=21
num_leaves=9
num_cat=0
split_feature=36 36 37 38 5 2 25 12
split_gain=7.94435 9.86636 10.5895 5.96999 8.83583 4.09529 3.80131 2.75475
threshold=0.003347908353275867 0.0068240004911848404 0.018614615779317781 0.0091393199057857501 0.035372331380050699 0.014898272334621489 0.2487113402061856 48.750923511033179
decision_type=2 2 2 2 2 2 2 2
left_child=-1 3 5 6 -5 -3 -2 -4
right_child=1 2 7 4 -6 -7 -8 -9
leaf_value=-0.026286882250362999 0.019056952676220668 -0.0062180446149415185 -0.0051005870894028906 0.0081107985518626378 -0.0170073417758702 0.016386324739046384 0.00091591183903223013 -0.031436330585404258
leaf_weight=10.433478012681006 26.826059505343437 19.766125127673153 7.3240540474653271 26.676095694303513 20.151940375566483 8.6654433310031873 19.44035992026329 17.002296134829521
leaf_count=43 109 80 30 108 83 35 79 70
internal_value=-0.00320634 -0.00112059 -0.0113316 0.00462503 -0.00264519 0.00080261 0.012099 -0.0250669
internal_weight=156.286 145.852 52.7579 93.0945 46.828 28.4316 46.2664 24.3264
internal_count=637 594 215 379 191 115 188 100
is_linear=0
shrinkage=0.03


Tree=22
num_leaves=9
num_cat=0
split_feature=36 36 37 38 5 13 2 12
split_gain=7.57716 9.35632 10.1075 5.64264 8.3746 4.61949 3.89145 2.61153
threshold=0.003347908353275867 0.0068240004911848404 0.018614615779317781 0.0091393199057857501 0.035372331380050699 -3.941249717139772 0.014898272334621489 48.750923511033179
decision_type=2 2 2 2 2 2 2 2
left_child=-1 3 6 5 -5 -2 -3 -4
right_child=1 2 7 4 -6 -7 -8 -9
leaf_value=-0.025710259752501661 -0.0020559631664366744 -0.0060512584239594183 -0.0049829694977515313 0.007879862050641926 -0.016584313786716424 0.017531464949200503 0.015977789010676514 -0.030738182578582445
leaf_weight=10.392921984195707 13.265203326940535 19.756863698363308 7.3193033635616329 26.69251760840416 20.097832605242729 33.04980880022049 8.671442434191702 16.913577660918236
leaf_count=43 54 80 30 108 83 134 35 70
internal_value=-0.00312897 -0.00109126 -0.0110491 0.00449718 -0.00256986 0.011758 0.000783798 -0.0245039
internal_weight=156.159 145.767 52.6612 93.1054 46.7904 46.315 28.4283 24.2329
internal_count=637 594 215 379 191 188 115 100
is_linear=0
shrinkage=0.03


Tree=23
num_leaves=8
num_cat=0
split_feature=36 36 5 5 28 28 28
split_gain=7.22368 8.86051 9.76613 4.44042 7.50189 6.56205 2.9912
threshold=0.003347908353275867 0.0068240004911848404 -0.06978652271075951 0.077713323069878007 2.5000000000000004 5.5000000000000009 9.5000000000000018
decision_type=2 2 2 2 2 2 2
left_child=-1 3 -3 5 -5 -2 -4
right_child=1 2 6 4 -6 -7 -8
leaf_value=-0.025151613867882353 -0.0017483636438658332 0.011582350259836831 -0.022074097408511208 0.01447922861049381 -0.017830349347120463 0.016131946579747956 -0.0015360678958972189
leaf_weight=10.35011839866638 30.554107025265694 11.412321150302885 30.811372444033623 7.9188346117734936 15.750680804252623 38.887948483228683 10.334134861826895
leaf_count=43 124 46 127 32 65 158 42
internal_value=-0.00306104 -0.00107049 -0.0107754 0.00436122 -0.00615063 0.00822605 -0.0175737
internal_weight=156.02 145.669 52.5578 93.1116 23.6695 69.4421 41.1455
internal_count=637 594 215 379 97 282 169
is_linear=0
shrinkage=0.03


Tree=24
num_leaves=12
num_cat=0
split_feature=35 15 15 37 37 10 11 37 8 1 10
split_gain=9.19785 9.40955 7.3769 7.02311 7.76489 7.13858 6.51151 5.79431 4.32234 2.67304 1.46344
threshold=0.013356826289609993 -17.799483962253635 35.711927898408121 0.041194845895963457 -0.020907278287013106 0.020608194351664503 0.027113020018255111 0.0059754320089030486 -0.047795923420941293 0.016190129439972226 -0.0070043593653894556
decision_type=2 2 2 2 2 2 2 2 2 2 2
left_child=1 7 10 4 -2 -6 -5 8 -1 -8 -3
right_child=3 2 -4 6 5 -7 9 -9 -10 -11 -12
leaf_value=-0.0037983662704771373 -0.015140351003385051 -0.012866908802345315 0.0024320237526343253 -0.027296477276916437 0.018133419674673076 -0.0047437857091411351 -0.0075458062932107425 -0.015163942588389955 0.02288601323419976 0.013605425204914064 -0.035168373517582389
leaf_weight=7.6869460642337826 8.8429363667964918 10.120118692517282 7.4133275747299185 9.3050050735473651 43.758821859955788 14.529372900724409 10.180525824427606 9.9556930214166623 9.9064245671033877 7.3660332709550849 16.816784739494324
leaf_count=31 36 41 30 39 177 60 42 41 40 30 70
internal_value=-0.0029851 -0.0118219 -0.0218654 0.0028038 0.00805985 0.0122139 -0.00946465 0.000825765 0.0112638 0.00104965 -0.0287765
internal_weight=155.882 61.8993 34.3502 93.9827 67.1311 58.2882 26.8516 27.5491 17.5934 17.5466 26.9369
internal_count=637 253 141 384 273 237 111 112 71 72 111
is_linear=0
shrinkage=0.03


Tree=25
num_leaves=11
num_cat=0
split_feature=37 15 40 11 14 23 21 21 32 37
split_gain=7.91877 7.28435 6.62668 6.11677 6.64065 4.75035 4.57559 3.6863 3.55582 0.785346
threshold=0.027165602835049655 -67.65502627894881 -0.033754321694745841 0.0052889528139673523 78.823458232454655 1.0639132511299758 0.020126268042312673 0.012175782279844172 0.00021555092121083866 0.044959275750411372
decision_type=2 2 2 2 2 2 2 2 2 2
left_child=1 -1 8 7 6 -4 -5 -2 -3 -9
right_child=3 2 5 4 -6 -7 -8 9 -10 -11
leaf_value=0.024646677887384952 0 -0.0012965654772934421 0.011220159530771085 -0.00097518763067746801 -0.015894829026403788 -0.0057467102832810231 0.024606465300377217 -0.012067772956491606 -0.028411375387394324 -0.031191226717776872
leaf_weight=10.720067054033278 7.4899638593196896 10.85419422388077 38.489099755883217 14.135861054062845 14.338837534189222 20.590770527720451 7.8745303601026526 10.830378323793413 7.3837869614362708 12.732538700103758
leaf_count=43 31 44 156 58 59 84 32 45 30 54
internal_value=-0.00217338 0.00360633 0 -0.00982511 -0.000846464 0.00506667 0.00883958 -0.0191942 -0.0147383 -0.02462
internal_weight=155.44 88.0379 77.3179 67.4021 36.3492 59.0799 22.0104 31.0529 18.238 23.5629
internal_count=636 357 314 279 149 240 90 130 74 99
is_linear=0
shrinkage=0.03


Tree=26
num_leaves=8
num_cat=0
split_feature=28 35 35 5 9 38 3
split_gain=6.02945 8.02099 7.02236 6.54541 5.85745 4.52553 1.07622
threshold=11.500000000000002 0.05644054507769914 0.044156441153378807 -0.064468391308600811 -0.043690626203048456 0.011218213690268221 0.0098131376819902156
decision_type=2 2 2 2 2 2 2
left_child=1 3 -2 5 -5 -1 -3
right_child=2 6 -4 4 -6 -7 -8
leaf_value=0.025453080129073442 -0.0040367468524812825 -0.0087063341134115107 0.030922448501525548 -0.022669335718965976 -0.0016517773429626475 0 -0.031016037788275622
leaf_weight=10.163580283522608 8.4332812726497668 8.0945758521556872 8.1223772615194303 12.299355715513228 88.402921125292778 11.58927461504936 8.1831808537244779
leaf_count=41 34 33 33 51 363 47 34
internal_value=-0.00213363 -0.00430949 0.0137905 -0.00138812 -0.0047563 0.0126605 -0.0229092
internal_weight=155.289 138.733 16.5557 122.455 100.702 21.7529 16.2778
internal_count=636 569 67 502 414 88 67
is_linear=0
shrinkage=0.03


Tree=27
num_leaves=11
num_cat=0
split_feature=37 16 14 40 35 1 19 16 38 12
split_gain=7.36925 6.27181 5.15937 6.41703 8.52368 4.77428 4.8882 2.94958 2.82273 1.334
threshold=0.027165602835049655 1.0000000180025095e-35 -46.437161087879296 -0.033754321694745841 -0.01710574525377306 0.03125229219173143 0.17469632252457568 -2.9840642770733541 0.010545526523919513 41.461467670328709
decision_type=2 2 2 2 2 2 2 2 2 2
left_child=2 7 8 9 -5 6 -3 -2 -1 -4
right_child=1 5 3 4 -6 -7 -8 -9 -10 -11
leaf_value=0.027924330553633667 -0.0044745089594411692 -0.025953510786031538 -0.024829081547242053 -0.017310462939821213 0.010474467533672833 0.0038883255721061192 0 0.016020853029910288 0.0032654194260344207 -0.0034710471241265043
leaf_weight=8.4354475587606448 14.38991053402424 28.02213379740715 7.3854608535766584 10.505350992083548 43.630110889673233 7.360452637076377 9.5956628769636136 7.8349152058362952 10.662996158003805 7.3666410148143768
leaf_count=34 59 118 30 43 177 30 40 32 43 30
internal_value=-0.00208313 -0.00948124 0.00348594 -0.000268971 0.00439077 -0.0157596 -0.0199848 0.00285769 0.0164824 -0.0167468
internal_weight=155.189 67.2031 87.986 68.8876 54.1355 44.9782 37.6178 22.2248 19.0984 14.7521
internal_count=636 279 357 280 220 188 158 91 77 60
is_linear=0
shrinkage=0.03


Tree=28
num_leaves=10
num_cat=0
split_feature=37 14 9 22 6 28 6 34 38
split_gain=7.01245 6.43065 5.98585 4.79089 6.01507 4.67418 3.32591 2.55249 0.669107
threshold=0.044959275750411372 27.067288055046678 0.10754519534163577 -0.30382434612762516 -0.015931878048894732 11.500000000000002 -0.024540439599187103 -0.011165414823275042 0.008737484407025391
decision_type=2 2 2 2 2 2 2 2 2
left_child=3 8 -3 7 6 -6 -5 -1 -2
right_child=1 2 -4 4 5 -7 -8 -9 -10
leaf_value=0 -0.011632048187755832 0.010893712184585026 -0.018151674897383945 0 0.004359619371645267 0.025201657623478327 -0.022275849419371448 -0.021828898526149387 -0.035845012253026068
leaf_weight=7.3653367012739208 7.1347364038228971 12.132762879133226 9.4558640718460065 11.55203650891781 72.807762056589127 10.151732027530668 8.3320741057395917 8.9081186354160291 7.1877144128084183
leaf_count=30 30 50 39 47 297 41 34 37 31
internal_value=-0.00202831 -0.0133094 -0.0016527 0.00141246 0.00397062 0.00761983 -0.00987397 -0.0125987 -0.0276055
internal_weight=155.028 35.9111 21.5886 119.117 102.844 82.9595 19.8841 16.2735 14.3225
internal_count=636 150 89 486 419 338 81 67 61
is_linear=0
shrinkage=0.03


Tree=29
num_leaves=10
num_cat=0
split_feature=37 15 20 16 16 13 7 19 24
split_gain=6.71664 6.79739 6.42129 6.42259 5.90928 4.43905 4.15406 5.3684 3.93743
threshold=0.027165602835049655 -67.65502627894881 0.021780603548065845 3.1476624906961841 1.0000000180025095e-35 -2.1536963504968187 0.044967309347789461 0.17469632252457568 -0.33887362637362634
decision_type=2 2 2 2 2 2 2 2 2
left_child=1 -1 3 -3 8 -4 7 -6 -2
right_child=4 2 5 -5 6 -7 -8 -9 -10
leaf_value=0.023654618808432372 -0.0095647800414378741 0 0.0038776928591459231 0.027087868362358467 -0.026473091495688262 -0.015077445252698402 0 0 0.013578520000908565
leaf_weight=10.697343766689299 9.7233772128820437 25.431751802563667 15.505551189184187 10.090441957116125 25.639827400445938 26.241071686148643 11.189680323004721 7.9169786423444739 12.487769186496733
leaf_count=43 40 103 63 41 109 107 46 33 51
internal_value=-0.0019944 0.00331227 0 0.00907631 -0.00907747 -0.00783882 -0.0152001 -0.0202212 0.00287433
internal_weight=154.924 87.9662 77.2688 35.5222 66.9576 41.7466 44.7465 33.5568 22.2111
internal_count=636 357 314 144 279 170 188 142 91
is_linear=0
shrinkage=0.03


Tree=30
num_leaves=8
num_cat=0
split_feature=37 22 37 38 15 26 4
split_gain=9.16889 8.8684 7.42875 5.73006 4.8296 4.45164 0.0385686
threshold=-0.0035079835525715359 0.40876421358284293 -0.016876928156919654 0.012470722542461191 -30.014145348282948 0.029944414559799178 -0.015872239625368764
decision_type=2 2 2 2 2 2 2
left_child=2 3 4 5 -1 -2 -4
right_child=1 -3 6 -5 -6 -7 -8
leaf_value=0.014382008528248775 0.013876845209593626 0.016957854680318216 0.03537823711732975 -0.024573232012304869 -0.0093039629820440943 -0.0063467144199141875 0.013696694798884296
leaf_weight=13.095372498035429 9.0201981365680677 13.958720639348028 7.4500284492969513 12.653879463672636 13.497982874512674 72.026672050356865 7.4349349141120893
leaf_count=53 37 57 30 53 55 297 30
internal_value=0.00096001 -0.00356894 0.0126836 -0.00707407 0.00202526 -0.0036353 0.0283419
internal_weight=149.138 107.659 41.4783 93.7007 26.5934 81.0469 14.885
internal_count=612 444 168 387 108 334 60
is_linear=0
shrinkage=0.03


Tree=31
num_leaves=13
num_cat=0
split_feature=21 38 33 23 36 4 38 9 23 23 17 33
split_gain=6.24939 9.48813 8.39434 9.40297 5.82585 4.56249 4.2769 4.07853 3.51183 3.18316 2.80773 1.23805
threshold=0.018577354330741459 0.011173481269675734 0.64497354497354509 0.87867762011365536 0.0055173634771088402 -0.033117828611550985 0.0077937239225504343 0.072379715467315184 1.1527026591617155 0.90275184537417408 -0.066988481226478477 0.77121461688628612
decision_type=2 2 2 2 2 2 2 2 2 2 2 2
left_child=2 5 3 10 -5 -2 -4 -7 9 -3 -1 -8
right_child=1 8 6 4 -6 7 11 -9 -10 -11 -12 -13
leaf_value=0.0040214293390640494 0.036273375734773843 0.00079736802592352614 -0.0011037974817638559 0.0099903291782381283 -0.01397169481917656 0 -0.008812950743729701 0.022269830396900902 0.011727028084263215 -0.018483183038958295 0.032503755379536793 -0.031670311649218297
leaf_weight=7.5823415666818619 8.4332324266433698 12.932813584804537 12.752836093306543 11.856979385018347 23.279764547944069 14.594527930021288 7.6963465064764049 10.736839666962622 7.8608953207731238 12.721954718232153 7.6598273962736112 10.927742451429365
leaf_count=31 34 53 53 48 95 60 32 44 32 53 31 46
internal_value=0.000956059 0.00769068 -0.00445835 0.00291625 -0.00537918 0.0185204 -0.0162137 0.00983949 -0.00322569 -0.00886652 0.0213149 -0.0247225
internal_weight=149.036 67.2803 81.7558 50.3789 35.1367 33.7646 31.3769 25.3314 33.5157 25.6548 15.2422 18.6241
internal_count=612 276 336 205 143 138 131 104 138 106 62 78
is_linear=0
shrinkage=0.03


Tree=32
num_leaves=13
num_cat=0
split_feature=21 33 35 11 20 20 19 27 21 21 15 7
split_gain=5.94219 8.05048 9.86096 8.92774 7.3374 6.26141 10.7048 7.18616 7.00324 5.60301 5.51153 3.31867
threshold=0.018577354330741459 0.64497354497354509 0.0044793380557959237 -0.015308012063252883 0.0200558923171992 0.026696418039945258 0.16429365260827331 2.5000000000000004 0.020187512697336544 0.01278199615019482 -13.190791176162307 0.019392907605994783
decision_type=2 2 2 2 2 2 2 2 2 2 2 2
left_child=1 2 10 -4 9 8 7 -7 -2 -3 -1 -8
right_child=5 4 3 -5 -6 6 11 -9 -10 -11 -12 -13
leaf_value=0.001043678658134318 0.030091932030316553 -0.016620188591765579 -0.0052042879770181818 0.024717674307177234 -0.028180601843317134 -0.025958514500471614 0.024819463928281847 0.0047343801987846622 -0.00066354901315261229 0.016479033571526958 -0.029154787571006969 0
leaf_weight=9.3757816404104251 15.495228573679926 7.0600803494453448 13.185336276888846 19.52613639831543 16.875305593013763 13.315862312912943 11.789038449525835 10.227944269776343 9.1276854276657087 7.3535607606172562 8.2679879516363126 7.3278400599956504
leaf_count=38 63 30 54 79 71 55 48 42 38 30 34 30
internal_value=0.00094495 -0.00433744 0.00287572 0.0126197 -0.0158719 0.00751145 2.99804e-05 -0.0127109 0.0189341 0 -0.0138715 0.0161494
internal_weight=148.928 81.6442 50.3552 32.7115 31.2889 67.2836 42.6607 23.5438 24.6229 14.4136 17.6438 19.1169
internal_count=612 336 205 133 131 276 175 97 101 60 72 78
is_linear=0
shrinkage=0.03


Tree=33
num_leaves=9
num_cat=0
split_feature=37 22 37 21 28 19 6 25
split_gain=8.34066 8.26287 6.96677 7.48601 6.2707 7.12547 5.44283 4.66795
threshold=-0.0035079835525715359 0.40876421358284293 -0.016876928156919654 0.018530574937762074 2.5000000000000004 0.07704784072800476 0.0044275388739322347 0.35574387947269309
decision_type=2 2 2 2 2 2 2 2
left_child=2 4 3 -1 6 -6 -2 -5
right_child=1 -3 -4 7 5 -7 -8 -9
leaf_value=-0.016527198100785127 -0.0069781667380317911 0.016375340898788095 0.027266741404820997 0.026089825824336204 0.003642258984478531 -0.016017043224654311 0.023315727461077285 -0.0023458101826770487
leaf_weight=9.781422361731531 8.2475706934928912 13.976410642266272 14.866388380527495 9.3984401524066943 20.811872243881226 55.691548511385918 8.6285903155803663 7.3847835063934317
leaf_count=40 34 57 60 38 85 233 35 30
internal_value=0.000911935 -0.00341123 0.0121007 0.00177333 -0.00681128 -0.0105213 0.00854538 0.0138618
internal_weight=148.787 107.356 41.431 26.5646 93.3796 76.5034 16.8762 16.7832
internal_count=612 444 168 108 387 318 69 68
is_linear=0
shrinkage=0.03


Tree=34
num_leaves=11
num_cat=0
split_feature=37 37 21 28 35 28 7 4 1 4
split_gain=7.87266 6.60856 7.11432 5.52864 6.57094 8.89961 5.17791 4.49363 3.44567 0.176565
threshold=-0.0035079835525715359 -0.016876928156919654 0.018530574937762074 2.5000000000000004 0.013356826289609993 11.500000000000002 0.011902511413922063 -0.032013709612984491 -0.0024958742181697686 -0.015872239625368764
decision_type=2 2 2 2 2 2 2 2 2 2
left_child=1 2 -1 6 7 -6 -2 -5 -4 -3
right_child=3 9 8 4 5 -7 -8 -9 -10 -11
leaf_value=-0.016138767304644832 -0.003484325388579403 0.033561420319161678 0.024453210497258199 0 -0.0055554067925249473 0.025956082867226088 0.024347486793417243 -0.026440841445969112 0 0.012358675874356378
leaf_weight=9.7647275924682635 10.21499425172806 7.4153647720813751 8.9082476049661654 8.4857895970344561 53.960130527615547 7.3890189826488486 9.3656480163335782 17.810997188091278 7.8776679188013068 7.4459477514028531
leaf_count=40 42 30 36 35 224 30 38 75 32 30
internal_value=0.000906928 0.01178 0.00170442 -0.00329385 -0.0066254 -0.000823675 0.0101556 -0.0186156 0.0134958 0.0265538
internal_weight=148.639 41.412 26.5506 107.227 87.6459 61.3491 19.5806 26.2968 16.7859 14.8613
internal_count=612 168 108 444 364 254 80 110 68 60
is_linear=0
shrinkage=0.03


Tree=35
num_leaves=7
num_cat=0
split_feature=15 11 22 21 20 0
split_gain=6.5979 9.53608 7.99638 6.93513 4.68263 1.66611
threshold=-65.686837942246498 -0.045082622163983337 -0.22793956437187643 0.017321185817860699 0.022542782698351773 0.00083573817758231261
decision_type=2 2 2 2 2 2
left_child=5 -2 3 -3 -4 -1
right_child=1 2 4 -5 -6 -7
leaf_value=0.026476085684462709 -0.027094712940262951 -0.027830428729001461 0.011818964588647196 0 -0.00091454409714126367 0.0035638328369177433
leaf_weight=8.1419046819210035 9.9426767677068693 11.962785154581068 47.303058385848999 20.07877154648304 50.223342031240463 7.3998289555311194
leaf_count=33 43 50 194 83 206 30
internal_value=0.000661121 -0.00140051 0.000839085 -0.0115904 0.00522425 0.0180722
internal_weight=155.052 139.511 129.568 32.0416 97.5264 15.5417
internal_count=639 576 533 133 400 63
is_linear=0
shrinkage=0.03


Tree=36
num_leaves=7
num_cat=0
split_feature=15 15 22 21 20 0
split_gain=6.31414 8.2221 6.97735 4.42508 4.24809 1.57797
threshold=-65.686837942246498 -44.82573034108502 -0.22793956437187643 0.018234372573930197 0.022542782698351773 0.00083573817758231261
decision_type=2 2 2 2 2 2
left_child=5 -2 3 -3 -4 -1
right_child=1 2 4 -5 -6 -7
leaf_value=0.025877324804600515 -0.027278758438086637 -0.02128919007298195 0.010793752391979999 0 -0.0012552299838022242 0.0034799376521199381
leaf_weight=8.1268871128559095 8.2593167722225171 16.010718435049057 48.436678528785706 16.435934484004974 50.290690705180168 7.3991069048643103
leaf_count=33 35 67 199 68 207 30
internal_value=0.000631963 -0.00138279 0.000520288 -0.0110163 0.00460415 0.0176746
internal_weight=154.959 139.433 131.174 32.4467 98.7274 15.526
internal_count=639 576 541 135 406 63
is_linear=0
shrinkage=0.03


Tree=37
num_leaves=7
num_cat=0
split_feature=26 16 26 36 36 38
split_gain=4.3176 6.09004 5.86875 4.73919 4.71055 4.42048
threshold=0.47464698331193839 -25.836654270525063 0.6408955223880598 0.0037725036392178145 0.0077178602729215352 0.0095505405265727903
decision_type=2 2 2 2 2 2
left_child=1 -1 5 -3 -5 -2
right_child=2 3 -4 4 -6 -7
leaf_value=0.018406283438186372 0.032802987410107204 -0.02115031684611857 -0.0056867555826300856 0.0014721790575635315 -0.013811230927936754 0.0011443725557894414
leaf_weight=10.160309508442877 9.5771764516830498 10.791786581277846 9.80005334317684 86.140460312366486 20.567730665206909 7.8358624279499045
leaf_count=41 39 46 41 354 86 32
internal_value=0.000607267 -0.0016478 0.0110881 -0.00378644 -0.00153558 0.0209149
internal_weight=154.873 127.66 27.2131 117.5 106.708 17.413
internal_count=639 527 112 486 440 71
is_linear=0
shrinkage=0.03


Tree=38
num_leaves=9
num_cat=0
split_feature=22 37 14 5 14 35 36 36
split_gain=5.23489 4.73322 6.14815 4.91056 6.19966 4.39624 3.82478 3.14739
threshold=-0.28325856843409225 0.045245096231889777 27.067288055046678 0.079215757045945759 24.670596954573401 0.026817262859412331 0.0066503530359515945 0.0052270927749003245
decision_type=2 2 2 2 2 2 2 2
left_child=6 3 -3 4 -2 -4 7 -1
right_child=1 2 5 -5 -6 -7 -8 -9
leaf_value=-0.012791485077374161 0.0040302969938954608 -0.023903032984265389 0.017795576763925579 -0.011719457110903091 0.023188444984059243 -0.0094794046177474212 -0.024541884049106663 0.010802342756361128
leaf_weight=8.4192693829536491 73.618803232908249 10.115375563502313 8.0224314630031603 9.8948348611593229 18.711395457386971 8.8604621887207013 9.419736832380293 7.7449379712343207
leaf_count=35 301 44 33 41 76 37 40 32
internal_value=0.00059416 0.00317352 -0.0073863 0.00619458 0.00848118 0.00319889 -0.0111758 -0.000716231
internal_weight=154.807 129.223 26.9983 102.225 92.3302 16.8829 25.5839 16.1642
internal_count=639 532 114 418 377 70 107 67
is_linear=0
shrinkage=0.03


Tree=39
num_leaves=7
num_cat=0
split_feature=22 21 36 23 36 33
split_gain=4.97196 5.81258 4.54594 3.22412 6.66128 6.06957
threshold=-0.28325856843409225 0.018013346780657937 0.003347908353275867 1.0611559487643527 0.0048556314556027257 0.55219412382672239
decision_type=2 2 2 2 2 2
left_child=1 -1 -2 5 -5 -4
right_child=2 -3 3 4 -6 -7
leaf_value=-0.024782814699044902 -0.015229506152006038 0.0016626495452779395 0.014704574418801119 0.019446674349903166 -0.0093666836461527656 -0.0010110700880766421
leaf_weight=11.791995793581011 8.9262124300003034 13.738092288374899 48.475902706384659 7.3347221910953513 28.483538269996643 35.952667534351349
leaf_count=50 38 57 198 30 117 149
internal_value=0.000560392 -0.0109203 0.00307573 0.0047842 -0.00235337 0.00797021
internal_weight=154.703 25.5301 129.173 120.247 35.8183 84.4286
internal_count=639 107 532 494 147 347
is_linear=0
shrinkage=0.03


Tree=40
num_leaves=8
num_cat=0
split_feature=15 14 13 14 19 5 12
split_gain=5.34183 7.17614 9.00013 8.76986 17.5131 6.69785 4.31746
threshold=-69.092221002378508 26.569878703185285 3.0484952586279666 -4.6935689419397013 0.069788776439354744 0.032534347309626906 43.58987959785123
decision_type=2 2 2 2 2 2 2
left_child=-1 3 5 4 -2 -3 -5
right_child=1 2 -4 6 -6 -7 -8
leaf_value=0.017520830981729626 0.036322831653341651 0.018670081684382826 0.027285792433921804 0.00061193571743886589 -0.007278950846580267 -0.0082471233335684926 -0.022497118506649646
leaf_weight=11.332328692078589 8.1857080906629545 9.3678412735462171 11.79091130197048 7.5980980992317191 42.24029852449894 28.601439371705055 31.16186997294426
leaf_count=46 33 38 48 31 175 119 131
internal_value=-0.000508727 -0.00231338 0.00649458 -0.00742683 0.00062852 -0.000628866 -0.0177913
internal_weight=150.278 138.946 49.7602 89.186 50.426 37.9693 38.76
internal_count=621 575 205 370 208 157 162
is_linear=0
shrinkage=0.03


Tree=41
num_leaves=8
num_cat=0
split_feature=15 14 13 14 19 34 12
split_gain=5.05991 6.79673 8.51139 8.33498 16.6518 6.53249 4.12129
threshold=-69.092221002378508 26.569878703185285 3.0484952586279666 -4.6935689419397013 0.069788776439354744 0.0026802360048644451 43.58987959785123
decision_type=2 2 2 2 2 2 2
left_child=-1 3 5 4 -2 -3 -5
right_child=1 2 -4 6 -6 -7 -8
leaf_value=0.017094432374317115 0.035435716468831001 0.01700654654273439 0.026537612337895516 0.0005973813921041248 -0.0070767075208039432 -0.0087085194367386449 -0.021950050677409114
leaf_weight=11.316673234105108 8.1889201402664167 10.711869671940802 11.815629199147223 7.598443701863288 42.201795637607574 27.223887220025063 31.032194167375565
leaf_count=46 33 44 48 31 175 113 131
internal_value=-0.000460998 -0.00222169 0.00634422 -0.00720793 0.000634626 -0.000583732 -0.0173348
internal_weight=150.089 138.773 49.7514 89.0214 50.3907 37.9358 38.6306
internal_count=621 575 205 370 208 157 162
is_linear=0
shrinkage=0.03


Tree=42
num_leaves=6
num_cat=0
split_feature=15 15 0 0 7
split_gain=4.79365 6.50789 4.73491 5.32247 3.83401
threshold=-69.092221002378508 -42.43017158439654 0.017284572744942776 0.0036953636613685785 0.040557105010718866
decision_type=2 2 2 2 2
left_child=-1 -2 3 -3 -4
right_child=1 2 4 -5 -6
leaf_value=0.016680070500250107 -0.021931852119308367 0.0015555027828939218 0.021069972458243377 -0.01272083022587865 -0.0030249908178712997
leaf_weight=11.299803525209425 11.507795512676237 75.140656530857086 13.471493750810625 31.133408904075623 7.3437669575214377
leaf_count=46 49 311 55 130 30
internal_value=-0.000415954 -0.00213393 0 -0.00264599 0.0123917
internal_weight=149.897 138.597 127.089 106.274 20.8153
internal_count=621 575 526 441 85
is_linear=0
shrinkage=0.03


Tree=43
num_leaves=8
num_cat=0
split_feature=15 14 14 15 13 12 12
split_gain=4.55703 6.38729 8.02879 10.0636 8.01005 6.18873 3.91161
threshold=-69.092221002378508 26.569878703185285 -4.6935689419397013 -42.43017158439654 3.0484952586279666 53.68240094067324 43.58987959785123
decision_type=2 2 2 2 2 2 2
left_child=-1 2 3 -2 5 -3 -4
right_child=1 4 6 -5 -6 -7 -8
leaf_value=0.016277244546781346 -0.021455125903652669 0.016989002650003634 0.00053400334367322911 0.0084178845967282263 0.025790165493734557 -0.0082678146374251509 -0.021404390442218115
leaf_weight=11.281833201646803 11.455820947885512 10.329844892024992 7.5985245555639258 38.840050861239433 11.832080394029616 27.567775636911392 30.88669653236866
leaf_count=46 49 42 31 159 48 115 131
internal_value=-0.000400345 -0.00207785 -0.00692549 0.000766609 0.00621969 -0.00050101 -0.01689
internal_weight=149.793 138.511 88.7811 50.2959 49.7297 37.8976 38.4852
internal_count=621 575 370 208 205 157 162
is_linear=0
shrinkage=0.03


Tree=44
num_leaves=10
num_cat=0
split_feature=0 0 26 35 35 9 34 35 21
split_gain=4.34431 7.71422 7.73903 5.87218 5.4577 4.89448 2.83855 2.81972 0.0170739
threshold=0.017284572744942776 0.0064005026077078595 0.37026647966339415 0.02770366715020767 0.013356826289609993 0.062917458728290146 0.023307427520922078 0.020792786789676224 0.019113659334254993
decision_type=2 2 2 2 2 2 2 2 2
left_child=1 2 4 -4 -1 8 7 -2 -3
right_child=6 5 3 -5 -6 -7 -8 -9 -10
leaf_value=-0.014032656901584313 0.0017075211116691065 -0.013845370668303018 0.025074159878319659 0 0.0026808882666211962 0 -0.0035778051268156919 0.026070243227061633 -0.032462670133374463
leaf_weight=28.349719077348709 9.552330628037458 9.9591435343027168 15.518456533551218 14.023234367370604 37.943262487649918 9.9095368981361371 7.3223829865455619 9.5380050241947156 7.4738682061433783
leaf_count=119 39 42 64 58 157 41 30 39 32
internal_value=-0.000373733 -0.00286653 0.00108645 0.0134773 -0.00444854 -0.0163625 0.0101071 0.0159089 -0.0251184
internal_weight=149.59 123.177 95.8347 29.5417 66.293 27.3425 26.4127 19.0903 17.433
internal_count=621 513 398 122 276 115 108 78 74
is_linear=0
shrinkage=0.03


Tree=45
num_leaves=9
num_cat=0
split_feature=36 36 32 21 37 3 10 35
split_gain=5.80717 5.13416 5.83207 4.86407 9.51387 4.91754 4.20741 3.44213
threshold=0.003347908353275867 0.0068240004911848404 0.0010213779732770603 0.019898334854960582 0.033980331308604346 -0.0017269338899301709 -0.0050726725140128317 0.0074456093038254298
decision_type=2 2 2 2 2 2 2 2
left_child=-1 3 7 5 -5 -2 -4 -3
right_child=1 2 6 4 -6 -7 -8 -9
leaf_value=-0.021743012603255125 0.020607870279340398 -0.0032479553687862297 0 -0.020787475596701774 0.012020964790589709 0.0029425791213777948 -0.024658866064430549 0.017374968599170818
leaf_weight=8.7051934450864774 23.244135126471519 20.118947893381122 10.97012570500374 13.941934883594515 13.531371399760245 39.880287989974022 15.587053239345549 8.4665436297655088
leaf_count=38 95 84 45 57 56 164 67 35
internal_value=-0.000339462 0.00111449 -0.00584708 0.00554845 -0.00440027 0.0101109 -0.0155524 0.00310652
internal_weight=154.446 145.74 55.1427 90.5977 27.4733 63.1244 26.5572 28.5855
internal_count=641 603 231 372 113 259 112 119
is_linear=0
shrinkage=0.03


Tree=46
num_leaves=10
num_cat=0
split_feature=38 38 27 34 7 0 38 17 4
split_gain=4.92377 6.8476 5.28585 5.01966 4.96053 3.46346 3.41942 2.96651 2.396
threshold=0.012470722542461191 0.0071439563937195751 1.0000000180025095e-35 0.023728104522042329 0.01907457417951176 0.0066360722610722131 0.0064438475206723281 -2.0916222738139187 0.0095793762141160883
decision_type=2 2 2 2 2 2 2 2 2
left_child=1 4 8 -4 6 7 -1 -2 -3
right_child=5 2 3 -5 -6 -7 -8 -9 -10
leaf_value=-0.0018803869830325451 -0.01522764402417557 0.0019328981466126148 0.013046956331717575 -0.0032005087965609018 0.0071574140234275828 -0.024877305833546318 -0.029142807775670292 0.0074191791758205323 -0.017164696552290228
leaf_weight=8.6147249937057548 7.0411943495273617 8.9496060013771075 63.183173522353172 20.456740587949753 7.4436004608869544 9.252909451723097 10.242769673466681 9.6772541552782076 9.4820937961339933
leaf_count=36 30 37 260 85 31 39 43 40 40
internal_value=-0.000335749 0.00202105 0.00564656 0.00891604 -0.0109238 -0.0118329 -0.0187821 -0.0019254 -0.0078761
internal_weight=154.344 128.373 102.072 83.6399 26.3011 25.9714 18.8575 16.7184 18.4317
internal_count=641 532 422 345 110 109 79 70 77
is_linear=0
shrinkage=0.03


Tree=47
num_leaves=8
num_cat=0
split_feature=36 38 38 23 11 23 7
split_gain=5.54575 6.04219 6.91889 4.41404 3.99123 2.87727 2.54431
threshold=0.003347908353275867 0.012470722542461191 0.0069444712135491018 0.85222998443936226 -0.029827656303791413 1.0466198725530464 -1.0000000180025095e-35
decision_type=2 2 2 2 2 2 2
left_child=-1 2 6 -3 -4 -5 -2
right_child=1 3 4 5 -6 -7 -8
leaf_value=-0.021319615058360136 0.0014794424079606686 0.0053868068127217918 0.0199440813838552 -0.030792773662938651 0.0041107629577151836 -0.0040424716185748291 -0.018057952824109737
leaf_weight=8.6562536656856519 7.2616635560989407 7.2381024509668377 17.066027924418449 8.3442887961864489 83.494466066360474 8.9485588073730451 13.247395336627958
leaf_count=38 30 30 70 36 344 37 56
internal_value=-0.000352911 0.00106397 0.00394141 -0.0117985 0.0072806 -0.0195818 -0.0109571
internal_weight=154.257 145.601 121.07 24.531 100.56 17.2928 20.5091
internal_count=641 603 500 103 414 73 86
is_linear=0
shrinkage=0.03


Tree=48
num_leaves=7
num_cat=0
split_feature=36 38 38 27 0 36
split_gain=5.29517 5.74947 6.54851 6.98363 3.47855 2.5209
threshold=0.003347908353275867 0.012470722542461191 0.0069444712135491018 1.0000000180025095e-35 0.0014426871822053047 0.0068240004911848404
decision_type=2 2 2 2 2 2
left_child=-1 2 5 -4 -3 -2
right_child=1 4 3 -5 -6 -7
leaf_value=-0.020892000790753887 0 -3.2491585869053369e-05 -0.0083905229744266705 0.010899183702789986 -0.022951923789601914 -0.020518909833205572
leaf_weight=8.6100645661354047 10.99781519174576 13.845063611865045 18.677976623177528 81.922644585371017 10.631244599819182 9.4679024219512922
leaf_count=38 45 58 78 336 45 41
internal_value=-0.000356669 0.00102323 0.00383043 0.00707783 -0.0115358 -0.0106737
internal_weight=154.153 145.543 121.066 100.601 24.4763 20.4657
internal_count=641 603 500 414 103 86
is_linear=0
shrinkage=0.03


Tree=49
num_leaves=8
num_cat=0
split_feature=36 38 38 24 33 36 32
split_gain=5.04732 5.45272 6.21019 3.46096 2.65339 2.4111 1.0589
threshold=0.003347908353275867 0.012470722542461191 0.0069444712135491018 0.15536398467432952 0.45828816621499552 0.0068240004911848404 0.0086861771702851937
decision_type=2 2 2 2 2 2 2
left_child=-1 2 5 -4 -3 -2 -6
right_child=1 4 3 -5 6 -7 -8
leaf_value=-0.02047482520063992 0 0 0.0019326936286805034 0.013583459322090263 -0.005086022299896591 -0.020096807223060412 -0.026460313915939681
leaf_weight=8.5633912831544858 10.99781519174576 10.258227691054346 60.84327819943428 39.788733273744583 6.9412553757429105 9.4195025116205198 7.2418299615383148
leaf_count=38 45 42 251 163 30 41 31
internal_value=-0.000379834 0.000962833 0.00369862 0.00686036 -0.0112742 -0.0104374 -0.0188479
internal_weight=154.054 145.491 121.049 100.632 24.4413 20.4173 14.1831
internal_count=641 603 500 414 103 86 61
is_linear=0
shrinkage=0.03


end of trees

feature_importances:
macd_signal=28
macro_topix_vol_20=24
macro_usdjpy_vol_20=23
macro_topix_ret_20=22
volatility=18
macro_usdjpy_ret_60=18
return_1d=17
macd=17
vol_ratio=15
month=15
bb_bandwidth=13
vol_change=13
lower_shadow_pct=13
return_10d=12
return_20d=12
div_ma_10=12
ma_20_60_cross=10
macd_hist=10
price_position_20d=10
ma_5_20_cross=9
rsi_change=8
atr_pct=8
macro_usdjpy_ret_20=8
return_2d=7
rsi=7
candle_body_pct=7
day_of_week=7
macro_nikkei_ret_20=7
div_ma_60=6
return_3d=5
macd_hist_change=5
bb_pct_b=5
return_5d=4
div_ma_5=4
gap=4
div_ma_20=3
upper_shadow_pct=3

parameters:
[boosting: gbdt]
[objective: binary]
[metric: binary_logloss]
[tree_learner: serial]
[device_type: cpu]
[data_sample_strategy: bagging]
[data: ]
[valid: ]
[num_iterations: 50]
[learning_rate: 0.03]
[num_leaves: 15]
[num_threads: 0]
[seed: 42]
[deterministic: 0]
[force_col_wise: 0]
[force_row_wise: 0]
[histogram_pool_size: -1]
[max_depth: 4]
[min_data_in_leaf: 30]
[min_sum_hessian_in_leaf: 0.001]
[bagging_fraction: 0.7]
[pos_bagging_fraction: 1]
[neg_bagging_fraction: 1]
[bagging_freq: 5]
[bagging_seed: 400]
[bagging_by_query: 0]
[feature_fraction: 0.6]
[feature_fraction_bynode: 1]
[feature_fraction_seed: 30056]
[extra_trees: 0]
[extra_seed: 12879]
[early_stopping_round: 0]
[early_stopping_min_delta: 0]
[first_metric_only: 0]
[max_delta_step: 0]
[lambda_l1: 0.5]
[lambda_l2: 2]
[linear_lambda: 0]
[min_gain_to_split: 0]
[drop_rate: 0.1]
[max_drop: 50]
[skip_drop: 0.5]
[xgboost_dart_mode: 0]
[uniform_drop: 0]
[drop_seed: 17869]
[top_rate: 0.2]
[other_rate: 0.1]
[min_data_per_group: 100]
[max_cat_threshold: 32]
[cat_l2: 10]
[cat_smooth: 10]
[max_cat_to_onehot: 4]
[top_k: 20]
[monotone_constraints: ]
[monotone_constraints_method: basic]
[monotone_penalty: 0]
[feature_contri: ]
[forcedsplits_filename: ]
[refit_decay_rate: 0.9]
[cegb_tradeoff: 1]
[cegb_penalty_split: 0]
[cegb_penalty_feature_lazy: ]
[cegb_penalty_feature_coupled: ]
[path_smooth: 0]
[interaction_constraints: ]
[verbosity: -1]
[saved_feature_importance_type: 0]
[use_quantized_grad: 0]
[num_grad_quant_bins: 4]
[quant_train_renew_leaf: 0]
[stochastic_rounding: 1]
[linear_tree: 0]
[max_bin: 255]
[max_bin_by_feature: ]
[min_data_in_bin: 5]
[bin_construct_sample_cnt: 200000]
[data_random_seed: 175]
[is_enable_sparse: 1]
[enable_bundle: 1]
[use_missing: 1]
[zero_as_missing: 0]
[feature_pre_filter: 1]
[pre_partition: 0]
[two_round: 0]
[header: 0]
[label_column: ]
[weight_column: ]
[group_column: ]
[ignore_column: ]
[categorical_feature: ]
[forcedbins_filename: ]
[precise_float_parser: 0]
[parser_config_file: ]
[objective_seed: 16083]
[num_class: 1]
[is_unbalance: 0]
[scale_pos_weight: 1]
[sigmoid: 1]
[boost_from_average: 1]
[reg_sqrt: 0]
[alpha: 0.9]
[fair_c: 1]
[poisson_max_delta_step: 0.7]
[tweedie_variance_power: 1.5]
[lambdarank_truncation_level: 30]
[lambdarank_norm: 1]
[label_gain: ]
[lambdarank_position_bias_regularization: 0]
[eval_at: ]
[multi_error_top_k: 1]
[auc_mu_weights: ]
[num_machines: 1]
[local_listen_port: 12400]
[time_out: 120]
[machine_list_filename: ]
[machines: ]
[gpu_platform_id: -1]
[gpu_device_id: -1]
[gpu_use_dp: 0]
[num_gpu: 1]

end of parameters

pandas_categorical:[]
