tree
version=v4
num_class=1
num_tree_per_iteration=1
label_index=0
max_feature_idx=44
objective=binary sigmoid:1
feature_names=return_1d return_2d return_3d return_5d return_10d return_20d div_ma_5 div_ma_10 div_ma_20 div_ma_60 ma_5_20_cross ma_20_60_cross rsi rsi_change macd macd_signal macd_hist macd_hist_change bb_pct_b bb_bandwidth atr_pct volatility vol_change vol_ratio candle_body_pct upper_shadow_pct lower_shadow_pct day_of_week month is_month_end is_month_start streak gap price_position_20d macro_usdjpy_ret_20 macro_usdjpy_ret_60 macro_usdjpy_vol_20 macro_topix_ret_20 macro_topix_vol_20 macro_topix_above_200dma macro_nikkei_ret_20 macro_nikkei_above_200dma macro_nikkei_vi macro_jgb10y macro_bias_score
feature_infos=[-0.10044843049327357:0.13517862890247834] [-0.14322323462414577:0.13108504398826981] [-0.1845528455284553:0.1721502160186108] [-0.20079681274900396:0.14709791758972091] [-0.21957123098201936:0.18449276849700635] [-0.19863459037711317:0.25609215773150207] [-0.13140118930777664:0.088177218314204678] [-0.1732835123773937:0.10133175951348442] [-0.19461889808735372:0.13755632122979061] [-0.18005327406729527:0.20685347757629979] [-0.11742576427188722:0.097412692851923666] [-0.11066150816098164:0.10270414206107281] [9.0909090909090935:95.567375886524829] [-22.123078405473017:25.161290322580641] [-178.43426347394234:139.31394449666595] [-165.04390851525068:119.42543863606652] [-80.967368507862489:63.477569006706517] [-33.153865848125264:27.683899524540024] [-0.26107588055124897:1.3289053884714874] [0.049124655423007549:0.34779926159906338] [0.012767710049423394:0.062210217828711396] [0.010781717652296616:0.054218616058865819] [-0.82406350141810014:2.4585588783388057] [0.4775067407076698:1.7808856936749027] [-0.99342105263157898:0.984375] [0:0.92307692307692313] [0:0.967741935483871] [0:4] [1:12] none [0:1] [-9:10] [-0.10313901345291476:0.13614419053749605] [0:1] [-0.10288784967882303:0.08505611680078462] [-0.13986255140503889:0.13160084488587853] [0.0024251968629527628:0.011841457708833433] [-0.21871130063915301:0.21255327098343968] [0.0039190687430325395:0.040640984327119524] [0:1] [-0.22859537662338159:0.23022297972565586] [0:1] none none none
tree_sizes=1503 788 1102 788 1288 1211 1208 1101 1308 1190 1100 997 1308 1312 997 1318 1189 1099 1082 1311 1315 1295 1295 1373 1288 1213 1207 1210 974 1214 1311 1310 1311 1304 1200 1291 1112 1201 1183 1277 1104 685 791 788 999 1205 1195 1199 1210 1310

Tree=0
num_leaves=13
num_cat=0
split_feature=37 2 5 9 4 36 37 1 4 4 15 36
split_gain=12.8437 8.11107 7.81308 7.48681 7.45807 5.29337 4.34431 3.86047 3.29412 5.9445 1.88811 5.94177
threshold=0.032630645493588746 0.0081933350565319713 0.0077779599158399612 -0.040178504784034209 0.0012243623373054959 0.0058181111864939348 0.0099319100499194474 -0.00037962309457162385 0.025140462232628228 -0.015032587941138873 41.683159126838312 0.0055852855331987817
decision_type=2 2 2 2 2 2 2 2 2 2 2 2
left_child=2 8 3 7 -4 -6 -5 -1 9 -2 11 -3
right_child=1 10 4 6 5 -7 -8 -9 -10 -11 -12 -13
leaf_value=-0.27208986331721979 -0.27299274268763773 -0.31015137672883603 -0.30028180668161886 -0.25183335197579426 -0.28856263566208068 -0.26392178917722997 -0.27615933696965078 -0.29666432170753237 -0.26675791592668729 -0.30126275591451501 -0.3164031103931994 -0.27724628390868489
leaf_weight=12.743921041488649 11.028393208980562 7.5973375439643878 13.479147255420683 24.99769127368927 11.518544018268587 15.684825897216795 12.743921041488646 7.3522621393203726 8.0874883532524091 11.273468613624575 7.5973375439643851 7.8424129486083984
leaf_count=52 45 31 55 102 47 64 52 30 33 46 31 32
internal_value=-0.279837 -0.291336 -0.273402 -0.266493 -0.283165 -0.274565 -0.258934 -0.282222 -0.281454 -0.287028 -0.304019 -0.293884
internal_weight=151.947 53.4264 98.5203 57.8378 40.6825 27.2034 37.7416 20.0962 30.3894 22.3019 23.0371 15.4398
internal_count=620 218 402 236 166 111 154 82 124 91 94 63
is_linear=0
shrinkage=1


Tree=1
num_leaves=6
num_cat=0
split_feature=40 36 36 12 36
split_gain=10.6645 7.44578 12.7774 9.52338 9.11133
threshold=0.081416989236027595 0.0038473320585218677 0.0057013751940565927 53.041214566901367 0.0078623172955767425
decision_type=2 2 2 2 2
left_child=1 -1 3 -3 -4
right_child=-2 2 4 -5 -6
leaf_value=0.024860079726829232 -0.022953126230478509 0.0018072160907102828 0.016995061470888063 -0.023500149199982365 -0.0044147597366639112
leaf_weight=13.482060596346853 11.253697216510771 29.410878345370293 53.001525804400444 20.805820420384407 24.043802753090858
leaf_count=55 46 120 216 85 98
internal_value=0.00263819 0.00508244 0.00251894 -0.00888938 0.0101812
internal_weight=151.998 140.744 127.262 50.2167 77.0453
internal_count=620 574 519 205 314
is_linear=0
shrinkage=0.03


Tree=2
num_leaves=9
num_cat=0
split_feature=37 20 6 24 36 36 22 33
split_gain=11.7726 10.9166 8.42774 6.84475 6.77192 6.49383 2.18067 1.64953
threshold=0.032630645493588746 0.020124717869905624 -0.0073365712942154082 -0.53823735818160545 0.0038473320585218677 0.0058181111864939348 -0.04400889857950329 0.73156973758077426
decision_type=2 2 2 2 2 2 2 2
left_child=3 -2 -3 6 -5 -6 -1 -4
right_child=1 2 7 4 5 -7 -8 -9
leaf_value=0.032843755881450172 0.012306991782008753 0.0015932315188897327 -0.013475049174421076 0.027900367707866806 -0.010305414661751734 0.0078355517101065947 0.0081286848157019805 -0.035168363222064798
leaf_weight=10.571259006857874 14.200362786650656 13.48268014192581 13.447799772024156 7.6263372749090186 26.443940684199333 44.74308243393898 9.3251784890890104 12.200954809784887
leaf_count=43 58 55 55 31 108 182 38 50
internal_value=0.00255202 -0.00846781 -0.0166033 0.00870477 0.00422838 0.000794283 0.0237457 -0.0261344
internal_weight=152.042 53.3318 39.1314 98.7098 78.8134 71.187 19.8964 25.6488
internal_count=620 218 160 402 321 290 81 105
is_linear=0
shrinkage=0.03


Tree=3
num_leaves=6
num_cat=0
split_feature=40 36 36 36 24
split_gain=9.80928 6.65947 11.7386 8.38601 8.34871
threshold=0.081416989236027595 0.0038473320585218677 0.0057013751940565927 0.0078623172955767425 -0.53823735818160545
decision_type=2 2 2 2 2
left_child=1 -1 4 -4 -3
right_child=-2 2 3 -5 -6
leaf_value=0.023491506157288688 -0.022111465941459154 0.01305220171996427 0.016253367298216803 -0.0042661573211921766 -0.014854593357487183
leaf_weight=13.563397601246832 11.186889693140982 10.303413182497023 53.163233608007431 24.021550565958023 39.815814271569252
leaf_count=55 46 42 216 98 163
internal_value=0.00249284 0.00483395 0.0023975 0.00973137 -0.00854906
internal_weight=152.054 140.867 127.304 77.1848 50.1192
internal_count=620 574 519 314 205
is_linear=0
shrinkage=0.03


Tree=4
num_leaves=11
num_cat=0
split_feature=21 21 33 10 5 11 10 9 14 5
split_gain=9.82263 12.544 8.38852 10.9619 9.5912 6.73091 6.20464 5.26541 4.04814 4.11469
threshold=0.020487459373337288 0.028899964796429933 0.36148327999117097 0.024671404797447342 0.042126715966174351 0.035248761571417549 -0.033331555336683409 0.0068561973486654902 68.876824328404624 0.014244983831693927
decision_type=2 2 2 2 2 2 2 2 2 2
left_child=2 8 6 4 -4 -5 -1 -8 9 -2
right_child=1 -3 3 5 -6 -7 7 -9 -10 -11
leaf_value=0 -0.0093288457906890165 0.016692018978931897 -0.015487388244173462 0.030171458000970701 0.012415116144019481 -0.0023769612742021947 0.033659029471418855 0.0014634563143647232 -0.00024199111540375171 -0.03757467186539297
leaf_weight=13.273813188076018 13.231809496879579 10.539585307240484 34.098841041326523 12.77475179731846 13.704286679625509 7.5814689695835105 18.974326819181446 7.3692452311515799 10.034922569990156 10.480479359626768
leaf_count=54 54 43 139 52 56 31 77 30 41 43
internal_value=0.00241899 -0.00906622 0.00735425 0.000625644 -0.00700972 0.01825 0.0179836 0.0259208 -0.0180142 -0.0243481
internal_weight=152.064 44.2868 107.777 68.1593 47.8031 20.3562 39.6174 26.3436 33.7472 23.7123
internal_count=620 181 439 278 195 83 161 107 138 97
is_linear=0
shrinkage=0.03


Tree=5
num_leaves=10
num_cat=0
split_feature=37 20 20 34 33 35 16 34 4
split_gain=13.3101 6.63381 9.58915 8.64982 5.84483 4.97329 5.79538 3.86742 1.92202
threshold=-0.010333225840623515 0.019898115201994509 0.023257702976863741 0.012568761754526038 0.81745433750256002 -0.03890833601099785 -1.3317545151175592 -0.0024426955222636155 -0.021082182517084266
decision_type=2 2 2 2 2 2 2 2 2
left_child=5 3 8 7 -4 -1 -7 -2 -3
right_child=1 2 4 -5 -6 6 -8 -9 -10
leaf_value=0.029154395932767571 0.0043851741687915679 -0.0054480604176247007 0.0023277099459118517 0.021196218976691345 -0.020039410532817704 0.017301614928295822 -0.011122691215230355 -0.021780386320478191 -0.026720978581787277
leaf_weight=11.818849787116049 7.8788856267929077 8.1031240373849851 47.048855528235435 14.512301743030546 11.193107843399046 12.33821927011013 9.3557465672492981 7.8173296898603457 24.924266308546066
leaf_count=48 32 33 192 59 46 50 38 32 102
internal_value=-0.00130934 -0.00603511 -0.0100751 0.00557287 -0.00224446 0.0147735 0.00450612 -0.00878745 -0.0225391
internal_weight=154.991 121.478 91.2694 30.2085 58.242 33.5128 21.694 15.6962 33.0274
internal_count=632 496 373 123 238 136 88 64 135
is_linear=0
shrinkage=0.03


Tree=6
num_leaves=10
num_cat=0
split_feature=37 38 1 5 37 40 11 24 6
split_gain=12.65 13.1432 6.56509 6.29016 5.62436 9.0499 5.35675 3.5858 2.37316
threshold=-0.003508037666279384 0.0078600180913891374 -0.010610674665892659 0.0052723158758303254 0.049841837173921995 0.016874504277823891 -0.024056034885023166 0.40331196581196588 -0.011021332219719049
decision_type=2 2 2 2 2 2 2 2 2
left_child=3 2 -2 6 5 -3 -1 -4 -8
right_child=1 4 7 -5 -6 -7 8 -9 -10
leaf_value=0.00061943976547365576 0.025094708137604983 -0.021636858095965966 0.0071169436479632028 -0.0066141262011519828 -0.02854164173480336 0.0019056424740898949 0.0093757805633893337 -0.012330803559278311 0.036302856675484281
leaf_weight=11.324602022767069 10.30677370727062 23.809451326727867 19.096563532948498 9.5923824161291105 17.49019455909729 31.067392989993095 8.4068188071250933 12.217558622360228 11.613414376974104
leaf_count=46 42 97 78 39 72 127 34 50 47
internal_value=-0.00127246 -0.00649239 0.00650294 0.0125383 -0.0141421 -0.00844669 0.0188944 -0.000305302 0.0275555
internal_weight=154.925 113.988 41.6209 40.9372 72.367 54.8768 31.3448 31.3141 20.0202
internal_count=632 466 170 166 296 224 127 128 81
is_linear=0
shrinkage=0.03


Tree=7
num_leaves=9
num_cat=0
split_feature=37 17 20 24 40 5 9 32
split_gain=12.0006 8.42448 7.71476 6.59666 6.41136 5.98591 4.55878 0.0212798
threshold=-0.003508037666279384 -6.0362577744030537 0.019768064018096759 -0.61684397163120563 0.024671143710632618 0.0052723158758303254 -0.056898528969087363 0.00070282978803248863
decision_type=2 2 2 2 2 2 2 2
left_child=5 -2 4 -4 -3 6 -1 -8
right_child=1 2 3 -5 -6 -7 7 -9
leaf_value=0.0019412202936507866 0.019317109542763382 -0.0088892621480263032 0.0058883944288545473 -0.017119744611775851 0.01806726146007203 -0.0064544829668935749 0.031647324890159957 0.01248091562045687
leaf_weight=12.069026216864584 8.3572159111499769 13.719857826828958 11.282161533832548 66.979887843132019 13.530574247241018 9.5843381732702237 11.896896809339529 7.4283145368099204
leaf_count=49 34 56 46 275 55 39 48 30
internal_value=-0.00122262 -0.00631553 -0.00880689 -0.013552 0.00430274 0.0122157 0.0184099 0.0268449
internal_weight=154.848 113.87 105.512 78.262 27.2504 40.9786 31.3942 19.3252
internal_count=632 466 432 321 111 166 127 78
is_linear=0
shrinkage=0.03


Tree=8
num_leaves=11
num_cat=0
split_feature=37 38 28 15 37 40 11 38 28 25
split_gain=11.3607 13.5764 6.35279 15.458 5.66552 8.16644 4.66063 3.79041 2.04301 1.73703
threshold=-0.010333225840623515 0.0078739586329390019 5.5000000000000009 44.978455612015352 0.049841837173921995 0.013000100887554102 0.061906370711698584 0.012340047444366146 7.5000000000000009 0.19174468085106386
decision_type=2 2 2 2 2 2 2 2 2 2
left_child=7 2 3 -2 5 -3 -4 9 -9 -1
right_child=1 4 6 -5 -6 -7 -8 8 -10 -11
leaf_value=-0.0061479446696132553 0.036273383567596927 -0.019966097199047593 -0.015433436846415297 -0.0080430217265241698 -0.027740379858227575 0.0016073557811596552 0.011413193102278516 0.0071317421461137044 0.034495165394783998 0.010248611890750924
leaf_weight=7.4119255989789989 13.757412254810335 25.676694884896278 12.490812242031099 10.958621487021444 17.376399904489517 33.493615627288818 7.3528985530138007 7.3931523859500867 7.4303157180547714 11.396455600857733
leaf_count=30 56 105 51 45 72 137 30 30 30 46
internal_value=-0.00115403 -0.00554481 0.00720476 0.0169317 -0.0131521 -0.00785585 -0.0046648 0.0136597 0.0242096 0.0030964
internal_weight=154.738 121.106 44.5597 24.716 76.5467 59.1703 19.8437 33.6318 14.8235 18.8084
internal_count=632 496 182 101 314 242 81 136 60 76
is_linear=0
shrinkage=0.03


Tree=9
num_leaves=10
num_cat=0
split_feature=41 16 21 19 15 4 15 27 25
split_gain=9.45679 6.61875 7.71412 10.6595 7.45579 6.95222 3.26154 3.17581 3.02964
threshold=1.0000000180025095e-35 8.4405171968914701 0.018308704256263669 0.1258687665983754 4.0357251863022787 0.076129004359385868 36.859029665284098 2.5000000000000004 0.38548951048951058
decision_type=2 2 2 2 2 2 2 2 2
left_child=7 2 4 -4 -2 8 -7 -1 -3
right_child=1 5 3 -5 -6 6 -8 -9 -10
leaf_value=0.0024368865548698411 -0.0037764455675081856 -0.029612971360348229 -0.028468468146050988 0.0046704419617148952 0.016908101971503615 0.014246800292351683 -0.010543139846191847 0.024489955000567085 -0.0032987452570169356
leaf_weight=13.536278158426287 28.95792855322361 18.020377010107044 14.81298688054085 15.869983687996863 28.743382200598717 7.3542971909046155 7.5014282315969467 12.559806749224661 7.2832633554935446
leaf_count=55 118 74 61 65 117 30 31 51 30
internal_value=-0.00110598 -0.00457832 0 -0.0116323 0.00649737 -0.0143596 0.00107346 0.0145725 -0.0233846
internal_weight=154.64 128.544 88.3843 30.683 57.7013 40.1594 14.8557 26.0961 25.3036
internal_count=632 526 361 126 235 165 61 106 104
is_linear=0
shrinkage=0.03


Tree=10
num_leaves=9
num_cat=0
split_feature=21 21 11 33 35 14 14 9
split_gain=8.13229 12.1456 7.6267 6.49141 7.68563 5.46358 3.15102 1.11061
threshold=0.026744502192260221 0.020487459373337288 -0.0055351389242644369 0.35225660592304359 0.053985687629103836 -3.824554381976895 72.505985808988285 -0.012630216304346667
decision_type=2 2 2 2 2 2 2 2
left_child=1 3 -3 4 -1 -5 -4 -2
right_child=7 2 6 5 -6 -7 -8 -9
leaf_value=0.020955007800512251 0.0071486926233447481 0.0050334152846255933 -0.033964783013749875 -0.016634125170336911 -0.0096610500646391283 0.003086308342987198 -0.0058490067146091985 0.029739407465046518
leaf_weight=29.131983160972595 7.3840621262788773 8.5201569497585314 13.754376769065859 14.124026104807852 7.6155973970890036 54.819525614380836 7.7752380073070517 7.3731652200221998
leaf_count=118 30 35 57 58 31 224 32 30
internal_value=0.00179115 -0.000527726 -0.0168275 0.00419373 0.0140518 -0.0010973 -0.0258087 0.0215332
internal_weight=150.498 135.741 30.0498 105.691 36.7476 68.9436 21.5296 14.7572
internal_count=615 555 124 431 149 282 89 60
is_linear=0
shrinkage=0.03


Tree=11
num_leaves=8
num_cat=0
split_feature=24 21 21 36 5 22 19
split_gain=10.3687 9.59718 9.30145 7.77763 6.93833 5.83633 3.70192
threshold=-0.56635220125786156 0.026744502192260221 0.020487459373337288 0.0078203090662380126 0.0032198334958798429 -0.023217966326746994 0.10094642028290889
decision_type=2 2 2 2 2 2 2
left_child=5 2 3 -2 -4 -1 -7
right_child=1 -3 4 -5 -6 6 -8
leaf_value=0.029433509442643575 0.0033903809030065291 0.021929718639318412 0.0011425070343791125 -0.021485961467792782 -0.030941418427075588 0.016716644142922517 -0.0087587141568598557
leaf_weight=14.539451166987421 73.47836908698082 11.075255855917929 7.5566499233245876 11.288796618580816 16.325920805335045 7.3846714496612575 8.8283334821462613
leaf_count=59 300 45 31 46 68 30 36
internal_value=0.00173701 -0.00220987 -0.00515802 -0.000168522 -0.0209064 0.0167576 0.00258266
internal_weight=150.477 119.725 108.65 84.7672 23.8826 30.7525 16.213
internal_count=615 490 445 346 99 125 66
is_linear=0
shrinkage=0.03


Tree=12
num_leaves=11
num_cat=0
split_feature=37 20 20 19 16 17 26 41 20 37
split_gain=9.84361 7.57286 7.37209 10.4212 6.11407 5.02573 6.56077 8.76192 2.36045 0.360997
threshold=0.015975452960301676 0.019511470524027835 0.022811502782931356 0.10036721188107507 9.2551610069565999 -3.9376704840498031 0.2247448979591837 1.0000000180025095e-35 0.020913967361801723 0.043073541889909646
decision_type=2 2 2 2 2 2 2 2 2 2
left_child=5 4 9 -4 -2 -1 8 -8 -7 -3
right_child=1 2 3 -5 -6 6 7 -9 -10 -11
leaf_value=-0.0060901402700719422 0.022839372952518266 -0.012069575886792668 0.021579549960956311 -0.010894399097681962 -0.0077272264173928679 0.0077972982413173674 0.025702490083210738 -0.0062647730281540749 0.031827687530392459 -0.031017192138691529
leaf_weight=11.823934108018873 11.610694736242296 9.2512174248695391 9.7620468586683256 33.436039850115776 8.0525545924901945 9.1395841985940951 9.170124217867853 22.116443991661072 15.780016526579855 10.30858054757118
leaf_count=48 47 38 40 138 33 37 37 90 64 43
internal_value=0.00169204 -0.0051128 -0.0102661 -0.0025938 0.0100715 0.0100611 0.013809 0.00363558 0.0248055 -0.0247022
internal_weight=150.451 82.4211 62.7579 43.1981 19.6632 68.0301 56.2062 31.2866 24.9196 19.5598
internal_count=615 339 259 178 80 276 228 127 101 81
is_linear=0
shrinkage=0.03


Tree=13
num_leaves=11
num_cat=0
split_feature=24 24 9 24 23 5 38 38 40 6
split_gain=9.73885 6.62374 7.8458 5.17997 4.25055 4.24351 6.0224 3.09518 2.53001 2.93093
threshold=-0.56635220125786156 -0.038518518518518514 0.093682136597616358 0.14680527383367142 0.80759095164233352 -0.013423174310565887 0.0088540980773598333 0.0097906349247182788 0.036621422894569718 -0.0092512186555561756
decision_type=2 2 2 2 2 2 2 2 2 2
left_child=4 5 3 -3 -1 7 -7 -2 9 -6
right_child=1 2 -4 -5 8 6 -8 -9 -10 -11
leaf_value=-0.0016833988278414126 -0.011336738868763104 0.022505205332758165 -0.019751428404106267 0.0021043288151613468 0.0089629676681888502 -0.00067190559539893543 -0.030045114139110748 0.012655083596009548 0.0048096173846097932 0.041039064600230622
leaf_weight=7.3395265936851528 7.3564666956663114 13.00199808180332 9.6053517162799817 55.070355579257011 7.4285624921321896 11.93209356069565 14.743956521153448 7.8914538770914078 8.3413201570510846 7.6900124549865714
leaf_count=30 30 53 40 225 30 49 61 32 34 31
internal_value=0.00164932 -0.00217788 0.00286775 0.00674614 0.0161952 -0.0115729 -0.0183929 0.00023802 0.0220706 0.0290431
internal_weight=150.401 119.602 77.6777 68.0724 30.7994 41.924 26.6761 15.2479 23.4599 15.1186
internal_count=615 490 318 278 125 172 110 62 95 61
is_linear=0
shrinkage=0.03


Tree=14
num_leaves=8
num_cat=0
split_feature=21 21 36 36 11 4 16
split_gain=7.16 10.6149 7.33493 7.96632 7.08037 2.21226 0.681916
threshold=0.026744502192260221 0.020487459373337288 0.0078623172955767425 0.0056356441395396381 -0.0055351389242644369 0.025424248125352714 8.8009533179241828
decision_type=2 2 2 2 2 2 2
left_child=1 2 3 -1 -3 -6 -2
right_child=6 4 -4 -5 5 -7 -8
leaf_value=-0.0012633455915057922 0.027069764751359335 0.0050884982254191056 -0.015850389059415878 0.015790921621907199 -0.034182465529387057 -0.0097372564562136898 0.0071749336479440895
leaf_weight=48.609732210636139 7.4529465287923795 8.5106420964002627 12.50333161652088 44.620336398482323 10.771447062492372 10.524345532059668 7.3712879568338394
leaf_count=199 30 35 51 181 45 44 30
internal_value=0.00161098 -0.000564723 0.00382757 0.00690161 -0.0158782 -0.0246187 0.0200976
internal_weight=150.364 135.54 105.733 93.2301 29.8064 21.2958 14.8242
internal_count=615 555 431 380 124 89 60
is_linear=0
shrinkage=0.03


Tree=15
num_leaves=11
num_cat=0
split_feature=37 17 6 20 17 20 8 13 32 35
split_gain=9.71832 9.8936 8.67463 6.85266 7.54406 6.56327 8.44009 4.91835 4.1034 0.940099
threshold=0.01138905907761323 -3.0865733726013782 -0.020835870760319251 0.019768064018096759 -4.3778429272289179 0.019261168814135195 -0.042448199080216763 0.48261835202406195 0.0034942142100587996 0.020663014124312821
decision_type=2 2 2 2 2 2 2 2 2 2
left_child=1 2 -1 7 9 -3 -7 -2 -6 -5
right_child=3 5 -4 4 8 6 -8 -9 -10 -11
leaf_value=0.0085062799201946742 -0.0063336721943032682 -0.0056380925882761092 -0.030805976760226266 0.011777172430750943 -0.023405175154219294 -0.0037318289581130368 0.028855512403262482 0.020132446977213107 -0.0058650617186213052 -0.00052227641797284396
leaf_weight=8.4163145422935468 10.071609288454058 8.6128145754337293 7.5802588313817969 8.2991826832294446 32.581311374902725 7.9389833360910371 26.681774124503139 10.575519248843191 25.266040146350861 7.2925525903701773
leaf_count=34 41 35 31 34 135 32 108 43 105 30
internal_value=-0.00117156 0.00807079 -0.0106423 -0.0071929 -0.0115041 0.0154907 0.0211775 0.00714079 -0.0164468 0.00576646
internal_weight=153.316 59.2301 15.9966 94.0862 73.4391 43.2336 34.6208 20.6471 57.8474 15.5917
internal_count=628 240 65 388 304 175 140 84 240 64
is_linear=0
shrinkage=0.03


Tree=16
num_leaves=10
num_cat=0
split_feature=37 40 36 23 10 10 10 0 40
split_gain=9.13804 5.64697 6.73211 4.80034 4.43137 6.2816 6.28318 2.0887 1.83139
threshold=0.01138905907761323 0.0036765804567914233 0.0045115519724984888 0.74228393570700935 -0.041729041849224373 -0.0050838751066671897 0.028890502818800127 0.0079349338571869116 0.034040450925584394
decision_type=2 2 2 2 2 2 2 2 2
left_child=4 -2 8 -4 -1 7 -7 -6 -3
right_child=1 2 3 -5 5 6 -8 -9 -10
leaf_value=-0.008664391964349474 -0.029360625464808582 0.021209082657615237 -0.027567079024491355 -0.0046800662706317992 0.011300044319914094 -0.0094920937098138761 0.018866537499453755 0.034194825578786427 0
leaf_weight=9.665963336825369 7.4661942273378363 7.6226719915866834 8.3798298984765989 63.18187403678894 15.103486448526384 16.959132805466655 9.1091743856668455 8.4230223298072797 7.2983682155609131
leaf_count=39 31 31 35 261 61 69 37 34 30
internal_value=-0.00114641 -0.00699506 -0.00427467 -0.00824066 0.00780654 0.0115189 0.000521221 0.0221215 0.0125856
internal_weight=153.21 93.9489 86.4827 71.5617 59.2608 49.5948 26.0683 23.5265 14.921
internal_count=628 388 357 296 240 201 106 95 61
is_linear=0
shrinkage=0.03


Tree=17
num_leaves=9
num_cat=0
split_feature=34 33 13 15 11 38 4 3
split_gain=5.95061 5.31637 5.35862 5.21674 8.3406 4.75345 2.60049 1.42666
threshold=0.037397177722281134 0.78531159954899155 1.4255294078039145 -78.660354996863632 0.018741563074314408 0.0093044404738136677 0.062521716469770686 -0.012897638916266939
decision_type=2 2 2 2 2 2 2 2
left_child=1 3 6 -1 -5 -4 -3 -2
right_child=7 2 5 4 -6 -7 -8 -9
leaf_value=-0.015494018677262715 -0.025645040797035987 -0.030741578613991984 0.015500900157904476 0.014495904930458473 -0.0027546764176762232 -0.013193200758904367 -0.0041952551792781359 -0.0037364710573358187
leaf_weight=8.5563823729753476 8.0325448215007764 8.397697791457178 9.4695390015840548 51.646560624241829 44.307647302746773 7.2537229657173148 8.1787770837545377 7.274298056960105
leaf_count=35 33 35 39 210 182 30 34 30
internal_value=-0.00110915 0.000857518 -0.00911175 0.00428626 0.00648357 0.00217387 -0.020313 -0.0177351
internal_weight=153.117 137.81 33.2997 104.511 95.9542 16.7233 16.5765 15.3068
internal_count=628 565 138 427 392 69 69 63
is_linear=0
shrinkage=0.03


Tree=18
num_leaves=9
num_cat=0
split_feature=41 14 36 35 4 36 26 36
split_gain=7.69872 7.03456 4.96244 4.77313 4.43468 4.04842 3.8348 3.76203
threshold=1.0000000180025095e-35 48.16131014589542 0.0075882043761646032 0.022298967449830179 -0.034809277243105723 0.0038473320585218677 0.3959154053493677 0.0085586150258135565
decision_type=2 2 2 2 2 2 2 2
left_child=1 4 3 6 -1 -5 -2 -4
right_child=2 -3 7 5 -6 -7 -8 -9
leaf_value=0.0029700019124266714 0.01290392651099956 -0.0098949998863677203 -0.02414009168611192 0.0071849368863649713 0.032286182848186934 -0.010008567044213419 -0.0073222731056996658 0
leaf_weight=9.6909058988094383 26.478493884205818 7.2751737534999839 15.468444526195528 13.35621067881584 11.370349690318106 52.006977140903473 9.4414042234420759 7.9832232594490042
leaf_count=39 108 30 64 54 46 215 39 33
internal_value=-0.00111367 0.0123489 -0.00443699 -0.00127312 0.0208748 -0.00616359 0.00708618 -0.016338
internal_weight=153.071 28.3364 124.735 101.283 21.0613 65.3632 35.9199 23.4517
internal_count=628 115 513 416 85 269 147 97
is_linear=0
shrinkage=0.03


Tree=19
num_leaves=11
num_cat=0
split_feature=37 17 6 20 17 10 20 34 15 1
split_gain=8.33378 9.11287 8.26535 6.21398 7.21914 5.97299 8.9963 4.02899 2.71113 2.04228
threshold=0.01138905907761323 -3.0865733726013782 -0.020835870760319251 0.019936953255542924 -4.3778429272289179 -0.043255226991620981 0.021532045674022515 0.0028639349007490993 8.4680957388982456 -0.02803622005570305
decision_type=2 2 2 2 2 2 2 2 2 2
left_child=1 2 -1 8 9 -3 -7 -6 -2 -5
right_child=3 5 -4 4 7 6 -8 -9 -10 -11
leaf_value=0.0081604476997186801 -0.0035977978730365396 -0.0063755768774353483 -0.0302290122476538 -0.0028853701610868309 -0.0030304779875105678 0.0015873210482749063 0.032586184904603015 -0.021403569722182429 0.015428468207119342 0.015942753215683045
leaf_weight=8.4219712167978269 10.051218152046205 7.9223588258028022 7.5450438708066931 8.2958374470472318 18.566928654909134 16.046083599328995 19.340410366654396 37.694832116365433 11.807684421539305 7.2807031571865073
leaf_count=34 41 32 31 34 77 65 78 158 48 30
internal_value=-0.00107577 0.00746293 -0.0104909 -0.00667744 -0.0109521 0.0145841 0.0197678 -0.0159099 0.00648285 0.00587446
internal_weight=152.973 59.2759 15.967 93.6972 71.8383 43.3089 35.3865 56.2618 21.8589 15.5765
internal_count=628 240 65 388 299 175 143 235 89 64
is_linear=0
shrinkage=0.03


Tree=20
num_leaves=11
num_cat=0
split_feature=24 37 12 10 35 33 37 23 23 21
split_gain=8.89934 8.65094 7.53444 8.26832 8.18612 5.67837 5.15374 4.76382 1.50857 0.886064
threshold=-0.5974683544303796 0.024900628839988451 53.466771323914195 0.018978123334267186 0.031419655124635411 0.72306169832147082 -0.0093106910944509829 0.95369412372432316 0.95536278998831992 0.017376984555384303
decision_type=2 2 2 2 2 2 2 2 2 2
left_child=1 9 4 8 7 -5 -6 -2 -4 -1
right_child=2 -3 3 5 6 -7 -8 -9 -10 -11
leaf_value=0.037980695525655826 0.026992357197420151 -0.0029763517295155022 -0.0094887757010403782 0.014891162243414042 0.012027150953422001 -0.0080145419010750601 -0.013029605290987454 0.0034848381355650519 -0.030252037777863668 0.012583517823865029
leaf_weight=8.2018867582082766 14.532053664326666 10.708838760852812 10.857320427894594 12.191931724548338 8.1922668516635913 28.710954949259758 22.750178277492523 19.190739452838898 12.469175189733503 7.3978248834609976
leaf_count=33 59 44 45 50 33 119 94 78 52 30
internal_value=0.00123133 0.0165288 -0.00198127 -0.0092032 0.00502787 -0.000461505 -0.00561285 0.0149788 -0.0226925 0.0295876
internal_weight=155.203 26.3086 128.895 64.2294 64.6652 40.9029 30.9424 33.7228 23.3265 15.5997
internal_count=637 107 530 266 264 169 127 137 97 63
is_linear=0
shrinkage=0.03


Tree=21
num_leaves=11
num_cat=0
split_feature=38 37 9 9 2 16 3 1 38 37
split_gain=12.3402 16.258 7.57582 8.93089 6.95224 5.83858 4.47829 4.37825 5.10763 3.98157
threshold=0.0081780370135938318 -0.0093106910944509829 0.0038712405508719186 -0.062815811644805555 0.030113508885305066 8.4405171968914701 -0.010275539528395104 -0.011127910205029399 0.0097906349247182788 0.035891100684417594
decision_type=2 2 2 2 2 2 2 2 2 2
left_child=4 2 3 -2 5 6 -1 8 -3 -9
right_child=1 7 -4 -5 -6 -7 -8 9 -10 -11
leaf_value=0.0094509645145495879 -0.0026152840205544781 -0.016779859062102845 -0.0079665123007603943 0.03435107876034061 -0.0087712631404211639 0 0.034401531894151786 -0.0091474902423386746 0.0099368647247468807 -0.028699473623644316
leaf_weight=16.438981845974919 7.700860500335696 9.1939057707786578 9.4092391878366453 14.203528285026552 9.1816872954368574 12.166982397437094 16.522178083658222 28.828679457306862 12.894178494811056 18.576084688305855
leaf_count=67 31 38 38 57 38 50 67 119 53 79
internal_value=0.00121141 -0.00488308 0.0123177 0.021596 0.0125616 0.0174083 0.0236393 -0.0129713 -0.00103083 -0.0179644
internal_weight=155.116 100.806 31.3136 21.9044 54.3098 45.1281 32.9612 69.4928 22.0881 47.4048
internal_count=637 415 126 88 222 184 134 289 91 198
is_linear=0
shrinkage=0.03


Tree=22
num_leaves=11
num_cat=0
split_feature=38 37 12 5 2 34 32 3 4 34
split_gain=11.6834 15.4047 7.05202 6.63488 6.09658 5.25139 4.42111 4.30104 8.29126 2.58762
threshold=0.0081780370135938318 -0.0093106910944509829 51.472937394614114 0.11000545992516532 0.012163094336839488 0.012756636583129867 -0.0090484115513121393 0.022585731965347969 1.0000000180025095e-35 0.014990016671335262
decision_type=2 2 2 2 2 2 2 2 2 2
left_child=3 2 5 4 6 -2 -1 8 -3 -9
right_child=1 7 -4 -5 -6 -7 -8 9 -10 -11
leaf_value=0.0011476587502030171 0.029845825269102358 -0.016837008965177921 -0.0082351921159143516 -0.0080752911643808493 -0.00037831072432486113 0 0.029150205238807594 -0.029709855671229687 0.0076597705877924326 -0.0045261563585561118
leaf_weight=7.852951273322101 14.954420506954198 26.927700847387314 8.8982869833707792 9.6640812605619413 11.707651630043982 7.4587532579898825 25.13825131952763 15.497377917170526 19.25155346095562 7.6374491155147544
leaf_count=32 60 112 36 40 48 30 102 65 80 32
internal_value=0.00117101 -0.00476666 0.0119646 0.0122069 0.0170712 0.0206162 0.02336 -0.0126586 -0.00641923 -0.0230145
internal_weight=154.988 100.626 31.3115 54.3629 44.6989 22.4132 32.9912 69.3141 46.1793 23.1348
internal_count=637 415 126 222 182 90 134 289 192 97
is_linear=0
shrinkage=0.03


Tree=23
num_leaves=12
num_cat=0
split_feature=6 40 32 34 11 23 40 24 15 18 17
split_gain=8.67275 13.3036 5.05341 6.50903 6.15342 7.63394 6.09831 5.02985 4.0491 2.64907 1.40341
threshold=0.0088996859206534381 0.03599414539817581 -0.0061002569907521167 0.0053473966148243077 -0.019085243801661152 0.84181728241392029 0.013000100887554102 0.59397644927536242 7.4037167517144331 0.42504172578903726 2.1498368127805629
decision_type=2 2 2 2 2 2 2 2 2 2 2
left_child=2 7 3 6 -4 -6 -1 8 -2 -5 -3
right_child=1 10 4 9 5 -7 -8 -9 -10 -11 -12
leaf_value=-0.0044009003996920686 0 -0.0097861606849296099 -0.0057257617856655918 -0.021598848520972325 -0.0012493470468695192 0.022948692825770833 0.027051278837164822 -0.014548684752468616 0.022797573105574689 0 -0.034077765445317348
leaf_weight=9.8438322395086306 13.443310439586645 7.5888840407133129 12.980804771184919 11.447642877697946 14.947550579905508 36.54307609796524 8.092563331127165 8.0418079942464811 10.237513259053229 9.936326712369917 11.770184516906737
leaf_count=40 55 32 53 47 62 149 33 33 42 41 50
internal_value=0.00112697 -0.00866758 0.00616193 -0.00195258 0.0112464 0.0158596 0.0103275 0.0030545 0.010284 -0.0128966 -0.0270656
internal_weight=154.873 51.0817 103.792 39.3204 64.4714 51.4906 17.9364 31.7226 23.6808 21.384 19.3591
internal_count=637 212 425 161 264 211 73 130 97 88 82
is_linear=0
shrinkage=0.03


Tree=24
num_leaves=11
num_cat=0
split_feature=6 40 25 23 34 9 20 32 10 17
split_gain=8.22466 12.7189 7.26696 4.27687 4.21853 8.7326 5.80277 2.86446 2.50922 1.33699
threshold=0.0088996859206534381 0.03599414539817581 0.081848991172761676 1.0581740758188423 0.0053473966148243077 0.016751140322271436 0.020328021842824697 0.0054292062663258154 0.0092864542319651706 2.1498368127805629
decision_type=2 2 2 2 2 2 2 2 2 2
left_child=2 3 7 8 5 -4 -6 -1 -2 -3
right_child=1 9 4 -5 6 -7 -8 -9 -10 -11
leaf_value=0.027862956702132118 0.021304294085163943 -0.0095696238869496901 0.022968346046406785 -0.0079537448205675761 0.009668005264994093 -0.0055751960732955816 -0.011411773761948376 0.002798735367529415 0 -0.033440913174313878
leaf_weight=14.276613369584085 9.8162507861852699 7.573277190327647 17.774987459182739 14.405678316950796 15.528630584478377 16.343610480427742 31.863811165094376 8.0573162138462049 7.5147836506366721 11.674050420522688
leaf_count=58 40 32 72 59 63 67 132 33 31 50
internal_value=0.00106631 -0.00848152 0.00596734 0.00294932 0.00143634 0.00932842 -0.00408927 0.0204103 0.0126732 -0.0265391
internal_weight=154.829 50.984 103.845 31.7367 81.511 34.1186 47.3924 22.3339 17.331 19.2473
internal_count=637 212 425 130 334 139 195 91 71 82
is_linear=0
shrinkage=0.03


Tree=25
num_leaves=10
num_cat=0
split_feature=41 38 15 34 23 6 11 40 24
split_gain=7.65407 8.34708 8.95206 7.26506 6.83145 4.99379 4.62556 3.35352 3.32943
threshold=1.0000000180025095e-35 0.0081356829512822231 21.113272502949428 0.024717792884767834 0.94219317851688633 -0.0069648818268893088 0.028156811569692523 0.013000100887554102 -0.49434976621324483
decision_type=2 2 2 2 2 2 2 2 2
left_child=4 3 7 5 -1 -2 -6 -3 -4
right_child=1 2 8 -5 6 -7 -8 -9 -10
leaf_value=0.035157990735371986 0.031908194348341835 -0.0087312112558836589 -0.0036476346961421382 -0.011136376127069149 0.013913341116399611 0.0054750720093560126 -0.011548008717124377 0.0051907401824498713 -0.031491788626997565
leaf_weight=7.4312069863081005 8.6566083133220655 30.169067308306694 7.4278090745210674 11.854021891951559 13.640731617808344 24.045180231332779 8.5415023118257505 27.182301014661789 15.163109511137007
leaf_count=30 35 123 31 49 55 98 35 113 65
internal_value=0.000233994 -0.00297186 -0.00877793 0.0070528 0.0135216 0.0143403 0.00334467 -0.00192746 -0.023988
internal_weight=154.112 124.498 79.9423 44.5558 29.6134 32.7018 22.1822 57.3514 22.5909
internal_count=634 514 332 182 120 133 90 236 96
is_linear=0
shrinkage=0.03


Tree=26
num_leaves=10
num_cat=0
split_feature=41 38 23 24 9 35 24 3 2
split_gain=7.27233 7.93469 6.51144 4.28798 4.83893 3.9916 4.36169 3.55578 2.32677
threshold=1.0000000180025095e-35 0.0081356829512822231 0.94219317851688633 -0.56635220125786156 0.023522220246468498 -0.029663460040684427 0.3596867176882913 -0.009883770196342399 -0.019340469175584903
decision_type=2 2 2 2 2 2 2 2 2
left_child=2 5 -1 8 -5 -2 -7 -4 -3
right_child=1 3 7 4 -6 6 -8 -9 -10
leaf_value=0.034300461256338857 -0.010164927039056052 -0.0064133800670259471 -0.0088439072240365686 -0.0050593318367470564 -0.023028287150980636 0.01891096552037997 -0.00080217482295729477 0.013171828019111194 0.013274968077191111
leaf_weight=7.4383610934019115 7.5929313898086539 7.5655451416969326 9.4320405870676094 40.784885928034782 22.199260741472244 22.371529564261436 14.602946847677229 12.747178286314005 9.2648607790470106
leaf_count=30 31 31 38 168 95 91 60 52 38
internal_value=0.000233369 -0.00289185 0.0131852 -0.0085625 -0.0121373 0.00687303 0.0110988 0.00323184 0.00388697
internal_weight=154 124.382 29.6176 79.8146 62.9841 44.5674 36.9745 22.1792 16.8304
internal_count=634 514 120 332 263 182 151 90 69
is_linear=0
shrinkage=0.03


Tree=27
num_leaves=10
num_cat=0
split_feature=41 38 11 34 16 11 7 34 1
split_gain=6.9187 7.48979 7.8275 6.90566 6.67102 4.81307 4.74713 2.56648 1.22647
threshold=1.0000000180025095e-35 0.0081356829512822231 0.015472370831573047 0.024717792884767834 -1.6870917469426592 0.028156811569692523 -0.0090729872362912811 0.011427817442341006 0.0076097364383526109
decision_type=2 2 2 2 2 2 2 2 2
left_child=5 3 4 6 -3 8 -2 -4 -1
right_child=1 2 7 -5 -6 -7 -8 -9 -10
leaf_value=0.027368693216272263 0.031458427287711838 0.011723207700746339 -0.030956629195978944 -0.011066774885096949 -0.0092972618416850717 -0.0020945353095411972 0.0053673117831988587 -0.0084433969300497444 0.0062084604574966576
leaf_weight=11.680077955126768 8.1952353268861753 19.358556240797043 12.456644803285601 11.845787376165388 34.680462166666985 10.52220982313156 24.554062649607658 13.174814745783804 7.4246093630790702
leaf_count=47 33 79 53 49 144 43 100 56 30
internal_value=0.0002272 -0.0028216 -0.00834197 0.00665353 -0.00134972 0.012859 0.0137629 -0.0213762 0.0212236
internal_weight=153.892 124.266 79.6705 44.5951 54.039 29.6269 32.7493 25.6315 19.1047
internal_count=634 514 332 182 223 120 133 109 77
is_linear=0
shrinkage=0.03


Tree=28
num_leaves=8
num_cat=0
split_feature=24 21 21 20 21 16 6
split_gain=6.6393 7.23807 6.0035 4.67693 4.58617 2.81402 2.71899
threshold=-0.5974683544303796 0.030263167245732511 0.020487459373337288 0.026261513201186432 0.017471170633915688 5.9542963306901493 0.016422141166193272
decision_type=2 2 2 2 2 2 2
left_child=4 2 3 -2 -1 -6 -4
right_child=1 -3 6 -5 5 -7 -8
leaf_value=0.025251518238774487 -0.0034848175492004445 0.021413009320577998 -0.020906945356153513 0.015927442882981781 -0.0089167434574365673 0.01344639584188192 0
leaf_weight=12.390564829111101 76.44229182600975 8.1595588177442533 22.248968198895458 10.956598833203314 8.7729619294405001 7.3337936401367179 7.4481664746999732
leaf_count=50 314 33 94 45 36 30 32
internal_value=0.000225067 -0.00269359 -0.00483074 -0.000581569 0.0128808 0.000797832 -0.0160371
internal_weight=153.753 125.256 117.096 87.3989 28.4973 16.1068 29.6971
internal_count=634 518 485 359 116 66 126
is_linear=0
shrinkage=0.03


Tree=29
num_leaves=10
num_cat=0
split_feature=41 38 11 34 19 16 11 34 11
split_gain=6.45333 7.09678 9.27328 5.63707 6.93674 5.16 4.45929 2.2984 0.786332
threshold=1.0000000180025095e-35 0.0083453654490257025 0.015472370831573047 0.024717792884767834 0.092969268334394825 -1.6870917469426592 0.028156811569692523 0.011427817442341006 -0.010746480351598973
decision_type=2 2 2 2 2 2 2 2 2
left_child=6 3 5 4 -2 -3 8 -4 -1
right_child=1 2 7 -5 -6 -7 -8 -9 -10
leaf_value=0.0075133442548544049 0.028131318743855577 0.010816450206719837 -0.033151463475210828 -0.0094807715232433452 0.00088938854237305106 -0.0079764707476186608 -0.0019328532916444354 -0.0099272742886231096 0.026375216061871147
leaf_weight=8.1814058423042315 12.852306902408598 18.636192679405212 11.178435996174814 12.793828874826429 22.522623434662819 33.663567364215851 10.505820617079733 12.395815178751944 10.922943577170374
leaf_count=33 52 76 48 53 92 140 43 53 44
internal_value=0.00023439 -0.00271088 -0.00842457 0.00596722 0.0121639 -0.00085192 0.0124381 -0.0232576 0.0204859
internal_weight=153.653 124.043 75.874 48.1688 35.3749 52.2998 29.6102 23.5743 19.1043
internal_count=634 514 317 197 144 216 120 101 77
is_linear=0
shrinkage=0.03


Tree=30
num_leaves=11
num_cat=0
split_feature=37 38 10 4 19 11 5 26 25 23
split_gain=10.9974 6.10514 7.58254 6.94499 6.80399 6.02694 5.41262 2.76097 5.15709 1.73793
threshold=0.027330882527990655 0.0090691577516554597 0.024671404797447342 -0.027885560316538268 0.11137601732607415 0.035248761571417549 -0.02333695964119575 0.4226495726495727 0.30467391304347829 0.90391091770750565
decision_type=2 2 2 2 2 2 2 2 2 2
left_child=1 3 6 -1 -5 7 -3 8 -2 -7
right_child=5 2 -4 4 -6 9 -8 -9 -10 -11
leaf_value=0.033500303859200664 -0.014844720076894642 0.0054076985391890656 0.025744400754091706 -0.0058816028313953186 0.023229138615812644 -0.0047146593534794961 -0.015158450236454974 0.013338144405423091 0.0077955227770857742 -0.026723918404587692
leaf_weight=13.850290045142172 17.713969647884372 23.435924470424652 7.6208139806985846 14.712636157870294 10.33181846141815 7.9358418881893185 18.40055875480175 8.130944609642027 14.12136636674404 12.217337623238562
leaf_count=56 74 95 31 60 42 34 76 34 59 52
internal_value=0.00223636 0.00896649 0.00147678 0.0175854 0.00640281 -0.00738308 -0.00357444 -4.39848e-05 -0.00449157 -0.0199424
internal_weight=148.472 88.352 49.4573 38.8947 25.0445 60.1195 41.8365 39.9663 31.8353 20.1532
internal_count=613 360 202 158 102 253 171 167 133 86
is_linear=0
shrinkage=0.03


Tree=31
num_leaves=11
num_cat=0
split_feature=40 17 32 13 15 5 17 26 3 21
split_gain=5.0357 7.5837 6.2249 4.75304 4.44598 7.11642 4.16267 3.2391 4.47165 1.73186
threshold=0.03599414539817581 -3.8153478803586114 -0.0061002569907521167 -0.93476562608677927 -55.852159065111387 -0.002096704237074531 2.7724646980027399 0.095556908094948281 -0.021442580539220876 0.017742587566626507
decision_type=2 2 2 2 2 2 2 2 2 2
left_child=2 -2 7 9 -4 -6 -5 -1 -9 -3
right_child=1 3 4 6 5 -7 -8 8 -10 -11
leaf_value=-0.018671203554932909 0.014335663814247663 -0.0065822286287323091 -0.0079232731925519551 0.0078282692514579141 0.025462111122676993 0.0040972254932706278 -0.015171579677141209 -0.010513842007108077 0.014816789819361043 -0.03175640600739877
leaf_weight=8.2833047211170214 11.405783921480177 7.2220542430877677 7.3866920024156562 13.885395690798761 25.702718362212181 34.477921903133392 10.452093064785002 10.813480615615847 10.044458612799643 8.715146064758299
leaf_count=34 47 30 30 58 104 142 45 44 41 38
internal_value=0.00218657 -0.00509232 0.00625269 -0.0113671 0.0112187 0.0139887 -0.00188183 -0.0047609 0.00125739 -0.0231907
internal_weight=148.389 51.6805 96.7086 40.2747 67.5673 60.1806 24.3375 29.1412 20.8579 15.9372
internal_count=613 218 395 171 276 246 103 119 85 68
is_linear=0
shrinkage=0.03


Tree=32
num_leaves=11
num_cat=0
split_feature=33 19 36 21 35 9 27 21 36 22
split_gain=4.75254 9.90732 8.43937 8.07682 8.46698 6.93579 5.24716 3.353 2.69763 1.9691
threshold=0.35225660592304359 0.13160729471528471 0.0045717422609081538 0.020487459373337288 0.055518657750080476 0.08254905763863897 1.5000000000000002 0.014877774996725318 0.0047487656492763404 -0.0034801403099116719
decision_type=2 2 2 2 2 2 2 2 2 2
left_child=3 2 7 4 8 9 -4 -2 -1 -3
right_child=1 5 6 -5 -6 -7 -8 -9 -10 -11
leaf_value=0.0055877201088307803 0.021545068965669555 0.026225746123038234 -0.026737736045722459 -0.013553696879974252 -0.0096077419557053911 -0.0059868381073986069 -0.0055160120358439552 -0.0030430376229514545 0.028303038820975387 0.0058829886602428756
leaf_weight=9.6154503375291842 7.3917651176452619 14.120817065238953 19.015584573149681 8.5246090292930585 7.533059135079383 13.460120514035223 28.322339653968811 7.8724599778652191 21.550002232193947 10.917289108037949
leaf_count=39 30 58 80 35 31 57 118 33 87 45
internal_value=0.00210582 -0.00146118 -0.00885208 0.00979625 0.0157217 0.0100305 -0.0150831 0.00911156 0.0225066 0.0190018
internal_weight=148.323 101.1 62.6021 47.2231 38.6985 38.4982 47.3379 15.2642 31.1655 25.0381
internal_count=613 421 261 192 157 160 198 63 126 103
is_linear=0
shrinkage=0.03


Tree=33
num_leaves=11
num_cat=0
split_feature=37 11 38 10 37 36 18 26 25 5
split_gain=9.85598 5.73479 5.70421 7.09683 5.06873 3.79565 7.28439 2.60308 4.79776 1.57802
threshold=0.027330882527990655 0.035248761571417549 0.0090691577516554597 0.024671404797447342 -0.0087413999183240092 0.0046927246832976803 0.28178599175214419 0.4226495726495727 0.30467391304347829 0.062272217142443916
decision_type=2 2 2 2 2 2 2 2 2 2
left_child=2 7 5 4 -4 -1 -7 8 -2 -3
right_child=1 9 3 -5 -6 6 -8 -9 -10 -11
leaf_value=0.032518854062156419 -0.014299332913360196 -0.029158203206670199 0.0045598207551906401 0.024657689986027343 -0.015473137176406372 0.027793057894470306 -0.0010615170884520494 0.01306599949801346 0.0075470442479744024 -0.008020203204592501
leaf_weight=9.3727102726697904 17.623955786228183 8.3514863252639788 24.518101245164871 7.635978862643241 17.256240621209145 10.150399863719942 19.385841012001038 8.1306272000074369 14.129962682723997 11.662265256047247
leaf_count=38 74 36 99 31 72 41 79 34 59 50
internal_value=0.00204685 -0.00707474 0.00841888 0.00117806 -0.00370164 0.0167402 0.00951272 0 -0.0042625 -0.0193699
internal_weight=148.218 59.8983 88.3193 49.4103 41.7743 38.909 29.5362 39.8845 31.7539 20.0138
internal_count=613 253 360 202 171 158 120 167 133 86
is_linear=0
shrinkage=0.03


Tree=34
num_leaves=10
num_cat=0
split_feature=37 3 21 33 17 15 14 23 15
split_gain=9.38564 4.98977 5.33291 6.5925 4.55279 5.90158 6.07372 3.05568 1.42266
threshold=0.027330882527990655 0.036761273150728309 0.019730909396139463 0.41048552541600186 -3.8153478803586114 46.893497559469566 39.046982828431858 0.88096098024757807 7.9451029613888267
decision_type=2 2 2 2 2 2 2 2 2
left_child=1 2 3 -1 -2 6 -6 -4 -3
right_child=4 8 7 -5 5 -7 -8 -9 -10
leaf_value=0.018139548379003608 0.0072863488164590503 0.0081667358885306185 0.0045309311786679487 -0.0019460402990746336 -0.010740726950880127 -0.027409424130330349 0.016784981906409764 -0.017497579830171438 0.03229040463207887
leaf_weight=30.143834233283997 13.076919570565222 8.0889754891395551 7.2383252531290081 24.222869142889977 26.544738873839378 12.726402699947355 7.4551713764667502 11.228270247578619 7.3696674555540076
leaf_count=122 54 33 30 99 112 56 31 46 30
internal_value=0.00200347 0.00822204 0.00437558 0.00917286 -0.00690373 -0.0113189 -0.0036913 -0.00853119 0.0229081
internal_weight=148.095 88.2919 72.8333 54.3667 59.8032 46.7263 33.9999 18.4666 15.4586
internal_count=613 360 297 221 253 199 143 76 63
is_linear=0
shrinkage=0.03


Tree=35
num_leaves=11
num_cat=0
split_feature=41 38 24 5 35 38 21 17 13 4
split_gain=9.06929 5.40077 8.80452 6.79891 6.72838 6.41129 6.0133 4.90963 2.64639 0.878103
threshold=1.0000000180025095e-35 0.0082311667468742151 0.29813318473112294 -0.054272578782962315 -0.020838955077919438 0.011620751548887809 0.01608498487812382 -3.0865733726013782 1.3199230167448166 0.038175344094591009
decision_type=2 2 2 2 2 2 2 2 2 2
left_child=7 2 4 5 -2 -3 -5 -1 -4 -9
right_child=1 3 8 6 -6 -7 -8 9 -10 -11
leaf_value=-0.0031373071455222897 -0.009584739090833707 -0.010170349753210945 -0.023659105196719862 -0.00041777671524142942 0.020074606658277091 0.022083011239193907 -0.021577418372038717 0.025637215805761827 0 0.006787270784858134
leaf_weight=9.8709457665681857 7.3334399014711407 9.2508426159620303 8.2144031375646609 19.566014736890793 23.129931703209877 8.5610605329275113 37.917982220649719 13.136226892471315 9.2210297137498838 7.8190678209066382
leaf_count=40 30 38 34 81 94 35 163 53 38 32
internal_value=-0.00120943 -0.00496147 0.00261313 -0.00991698 0.012322 0.00523902 -0.0148836 0.012717 -0.013101 0.0204613
internal_weight=154.021 123.195 47.8988 75.2959 30.4634 17.8119 57.484 30.8262 17.4354 20.9553
internal_count=638 513 196 317 124 73 244 125 72 85
is_linear=0
shrinkage=0.03


Tree=36
num_leaves=9
num_cat=0
split_feature=37 34 5 0 36 36 34 25
split_gain=8.68362 5.83766 6.51619 4.63345 8.00929 8.24338 6.85894 0.865719
threshold=-0.010333225840623515 0.023372289972194763 -1.0000000180025095e-35 -0.014923892521520208 0.0076378465208449446 0.0064712341951762295 1.0000000180025095e-35 0.12870930567559782
decision_type=2 2 2 2 2 2 2 2
left_child=1 2 -1 6 5 -5 -2 -6
right_child=3 -3 -4 4 7 -7 -8 -9
leaf_value=0.028203405602256308 0.023442692792717768 -0.0083864340621071041 -0.0023158827759723168 -0.0091020942801429468 -0.008892827233841806 0.012006372337917187 -0.0064786009552731116 -0.030539730071307208
leaf_weight=17.34926575422287 9.8313733637332934 7.4307673126459113 7.6361000984907177 58.41306571662426 7.1183738857507732 20.657571494579315 13.840703085064886 11.546481430530546
leaf_count=70 40 30 31 246 30 85 57 49
internal_value=-0.00117827 0.0120382 0.0188398 -0.00496656 -0.00789733 -0.00324224 0.00622208 -0.0246696
internal_weight=153.824 32.4161 24.9854 121.408 97.7355 79.0706 23.6721 18.6649
internal_count=638 131 101 507 410 331 97 79
is_linear=0
shrinkage=0.03


Tree=37
num_leaves=10
num_cat=0
split_feature=41 24 17 20 34 8 19 3 26
split_gain=8.39225 5.16208 4.69433 4.47754 7.1018 3.32363 2.84793 2.5441 0.904272
threshold=1.0000000180025095e-35 -0.53823735818160545 -3.0865733726013782 0.019768064018096759 0.004888455823826022 0.031503820762111313 0.13066373452847749 -0.0091814309582395875 0.18405928614640052
decision_type=2 2 2 2 2 2 2 2 2
left_child=2 6 -1 5 -5 -3 7 -2 -4
right_child=1 3 8 4 -6 -7 -8 -9 -10
leaf_value=-0.0032162618027126084 0.0085425504040310095 -0.0041612346967249527 0.0070310045662806599 -0.00068803036816752626 -0.020260514194268015 0.017030712730175333 0.019522591685661686 -0.012082946808242144 0.025489797941870375
leaf_weight=9.867707312107088 10.226271957159046 20.004469260573391 8.5988845229148883 31.423740401864052 38.491588816046715 7.3191267997026435 7.8204058557748786 7.5719128251075754 12.327419906854628
leaf_count=40 42 82 35 131 165 30 32 31 50
internal_value=-0.0011511 -0.00477124 0.0122447 -0.00797299 -0.0119359 0.00177828 0.00653568 0 0.0198342
internal_weight=153.652 122.858 30.794 97.2389 69.9153 27.3236 25.6186 17.7982 20.9263
internal_count=638 513 125 408 296 112 105 73 85
is_linear=0
shrinkage=0.03


Tree=38
num_leaves=10
num_cat=0
split_feature=37 38 24 35 32 37 12 5 24
split_gain=8.04587 7.55576 9.00132 4.90091 4.48623 4.46962 4.14162 4.18232 3.27024
threshold=-0.010333225840623515 0.0082311667468742151 0.29813318473112294 0.004257431469596896 -0.0094948946820367901 0.026574064932761935 69.987277353689578 -0.080000757403620379 -0.28130434782608688
decision_type=2 2 2 2 2 2 2 2 2
left_child=4 2 3 -2 -1 -4 7 -3 -6
right_child=1 6 5 -5 8 -7 -8 -9 -10
leaf_value=-0.0040790140285267068 0 0.00383285866221948 0.0036622839464057876 0.022197533836981323 0.030853757104862649 -0.02341638779266355 0.0059683127233302541 -0.017187036617241792 0.005986856714935704
leaf_weight=9.3588907867670041 16.154814898967743 8.0326202958822233 7.3432821482419994 18.473019734025002 9.4266404956579208 10.752407237887381 8.6094588935375196 51.762766808271408 13.57654219865799
leaf_count=38 66 33 30 75 38 45 37 221 55
internal_value=-0.00110087 -0.00475643 0.00350118 0.0124494 0.0116255 -0.0124105 -0.0112528 -0.0140879 0.01843
internal_weight=153.49 121.128 52.7235 34.6278 32.3621 18.0957 68.4048 59.7954 23.0032
internal_count=638 507 216 141 131 75 291 254 93
is_linear=0
shrinkage=0.03


Tree=39
num_leaves=11
num_cat=0
split_feature=41 2 38 13 23 40 17 38 36 40
split_gain=7.81215 4.83812 6.58973 4.93598 4.91581 4.56288 4.40367 3.89196 2.23743 0.935466
threshold=1.0000000180025095e-35 0.012163094336839488 0.0077313910837775732 1.2014759738937573 0.81374951951989971 0.032113979574893377 -3.0865733726013782 0.0095487076976067432 0.0060975328082584759 -0.035889223980169187
decision_type=2 2 2 2 2 2 2 2 2 2
left_child=6 2 3 -2 -4 7 -1 -3 -7 -8
right_child=1 5 4 -5 -6 8 9 -9 -10 -11
leaf_value=-0.0030662556892786272 0 0.010521006831905625 -0.019353803441939647 0.0273523356241244 0 -0.030346421989364512 0.02695772047421912 -0.013495168744419804 -0.006715164972616954 0.0087696563801710377
leaf_weight=9.8623830080032366 13.521113678812982 9.7285252958536166 14.830489099025725 9.3526002913713437 43.672351166605949 11.572258159518244 9.3888254910707492 10.293413713574408 9.5439077764749509 11.510401546955107
leaf_count=40 55 40 63 38 181 51 38 43 42 47
internal_value=-0.00104712 -0.00455141 -5.78447e-05 0.0127619 -0.00557425 -0.0126778 0.0118775 -0.00124902 -0.0218197 0.0192364
internal_weight=153.276 122.515 81.3766 22.8737 58.5028 41.1381 30.7616 20.0219 21.1162 20.8992
internal_count=638 513 337 93 244 176 125 83 93 85
is_linear=0
shrinkage=0.03


Tree=40
num_leaves=9
num_cat=0
split_feature=11 34 36 25 3 21 36 14
split_gain=5.90683 5.57829 6.86538 6.68982 8.60762 7.48311 4.52817 2.96735
threshold=0.068035477257864976 0.0022401485196237307 0.0074077736295704681 0.10380747126436783 -0.02229539352493148 0.014331803609667706 0.0082830220519992514 32.76782078750194
decision_type=2 2 2 2 2 2 2 2
left_child=1 2 7 4 -3 -5 -4 -1
right_child=-2 3 6 5 -6 -7 -8 -9
leaf_value=0.024513946047656502 -0.018334437544528171 0.032564861556763969 -0.015807871137501536 0.0080821195303851841 -0.0030355697109317671 -0.014731884826691003 0.0086036058089763445 0.0027514626774134006
leaf_weight=19.305232644081119 13.268879652023314 7.3450328558683422 11.090828195214273 15.401953548192976 15.007469832897185 45.392985686659813 11.784386962652205 10.709166601300238
leaf_count=79 56 30 46 63 63 192 49 44
internal_value=-0.000567697 0.00129712 0.0088159 -0.00340411 0.00976049 -0.00863992 -0.00294842 0.0178746
internal_weight=149.306 136.037 52.8896 83.1474 22.3525 60.7949 22.8752 30.0144
internal_count=622 566 218 348 93 255 95 123
is_linear=0
shrinkage=0.03


Tree=41
num_leaves=5
num_cat=0
split_feature=11 17 15 5
split_gain=5.62879 6.92999 5.32775 6.43067
threshold=0.068035477257864976 -6.0362577744030537 -75.293005349551535 -0.01125229197590155
decision_type=2 2 2 2
left_child=1 -1 -3 -4
right_child=-2 2 3 -5
leaf_value=0.020569377608413202 -0.017908983639618806 -0.021851165786981031 0.0099448651127395996 -0.0044748672587981214
leaf_weight=13.016008064150808 13.224763706326483 8.1302306801080686 42.083519473671913 72.697506606578827
leaf_count=53 56 34 172 307
internal_value=-0.000535912 0.00128079 -0.000938379 0.000763337
internal_weight=149.152 135.927 122.911 114.781
internal_count=622 566 513 479
is_linear=0
shrinkage=0.03


Tree=42
num_leaves=6
num_cat=0
split_feature=11 17 34 28 17
split_gain=5.35184 6.56807 5.3443 6.24025 4.04699
threshold=0.068035477257864976 -6.0362577744030537 0.0018341059208517587 3.5000000000000004 -1.4688513558439877
decision_type=2 2 2 2 2
left_child=1 -1 4 -4 -3
right_child=-2 2 3 -5 -6
leaf_value=0.020005574305286523 -0.017494678103708656 -0.0056615240882443088 -0.021281307915626903 -0.00090873600537977469 0.012649793380554353
leaf_weight=13.037372678518294 13.179859802126883 13.259579226374624 16.100604653358459 61.512582048773766 31.962301775813103
leaf_count=53 56 55 68 258 132
internal_value=-0.000525861 0.00124125 -0.000918789 -0.00575182 0.00695067
internal_weight=149.052 135.872 122.835 77.6132 45.2219
internal_count=622 566 513 326 187
is_linear=0
shrinkage=0.03


Tree=43
num_leaves=6
num_cat=0
split_feature=11 24 11 24 27
split_gain=5.08728 4.97582 4.96297 5.02837 2.57913
threshold=0.068035477257864976 -0.5974683544303796 0.051969179825265062 -0.043961352657004828 2.5000000000000004
decision_type=2 2 2 2 2
left_child=1 4 3 -3 -1
right_child=-2 2 -4 -5 -6
leaf_value=0.0016249972544702786 -0.017091077578551238 -0.012519218555782452 0.016450113012782375 0.0010737536027883435 0.021923825238191075
leaf_weight=12.972234860062601 13.134290307760237 35.385554641485214 10.184540778398512 65.319262757897377 11.973031654953955
leaf_count=53 56 148 43 273 49
internal_value=-0.000518688 0.00119967 -0.00146441 -0.00370726 0.0128287
internal_weight=148.969 135.835 110.889 100.705 24.9453
internal_count=622 566 464 421 102
is_linear=0
shrinkage=0.03


Tree=44
num_leaves=8
num_cat=0
split_feature=24 37 21 36 36 28 34
split_gain=4.70653 4.05661 3.94153 5.80247 5.02815 2.05751 1.69053
threshold=-0.5974683544303796 0.034137645808693946 0.030263167245732511 0.0076378465208449446 0.0057013751940565927 9.5000000000000018 -0.025782124138328196
decision_type=2 2 2 2 2 2 2
left_child=1 5 3 4 -2 -1 -5
right_child=2 -3 -4 6 -6 -7 -8
leaf_value=0.0059025689635922142 -0.0070205763821304962 -0.0053072255271480644 0.01509781980845532 -0.0035214918214685593 0.0067848283355430939 0.028520885497097012 -0.024675121686974916
leaf_weight=11.572767406702047 55.295479476451874 8.1959043443202955 7.5679283589124671 7.7760087400674847 38.012811169028282 7.5823547989130011 12.893970042467116
leaf_count=47 233 34 31 33 158 31 55
internal_value=-0.000490066 0.0101972 -0.00314254 -0.00472247 -0.00121466 0.0174148 -0.0183916
internal_weight=148.897 27.351 121.546 113.978 93.3083 19.1551 20.67
internal_count=622 112 510 479 391 78 88
is_linear=0
shrinkage=0.03


Tree=45
num_leaves=10
num_cat=0
split_feature=32 37 36 15 32 11 13 13 25
split_gain=8.24702 4.44139 4.03683 4.04492 3.6112 3.55128 2.94117 4.8236 3.25161
threshold=-0.0074036008085027185 0.049841837173921995 0.0076378465208449446 8.8047155229027982 0.013121506008800578 0.015472370831573047 1.3199230167448166 -4.1680517449911987 0.31311274509803927
decision_type=2 2 2 2 2 2 2 2 2
left_child=6 2 4 -4 -2 -3 7 8 -1
right_child=1 5 3 -5 -6 -7 -8 -9 -10
leaf_value=-0.013984541352818534 0.01207658608828492 0.0026971284285719249 0.0074515873149966147 -0.016414282643703936 -0.0035599106078273083 -0.021426012655182979 0.002389827469527143 -0.027121726390221427 0.0092463315567375606
leaf_weight=10.080493539571764 58.53090788424015 8.1470242589712161 9.4097605198621768 11.620020285248755 14.306524962186812 9.1917606443166715 7.3586705327033988 16.513551279902458 7.3433198183774939
leaf_count=42 241 35 39 49 60 41 31 69 30
internal_value=-0.00145833 0.00271176 0.00541807 -0.00536445 0.00879182 -0.0102089 -0.0126409 -0.0162691 -0.00347762
internal_weight=152.502 111.206 93.8672 21.0298 72.8374 17.3388 41.296 33.9374 17.4238
internal_count=637 465 389 88 301 76 172 141 72
is_linear=0
shrinkage=0.03


Tree=46
num_leaves=10
num_cat=0
split_feature=32 24 24 32 7 20 20 40 20
split_gain=7.79206 5.51889 5.42533 7.67889 3.92313 2.83431 3.96041 1.94547 0.357354
threshold=-0.0074036008085027185 -0.64090117002738356 -0.25602240896358536 0.013121506008800578 0.018588863173096899 0.028837749739883133 0.020328021842824697 0.030145665505596279 0.024370431625771509
decision_type=2 2 2 2 2 2 2 2 2
left_child=5 7 4 -4 -3 6 -1 -2 -8
right_child=1 2 3 -5 -6 -7 8 -9 -10
leaf_value=0 0.023913836604437071 -0.018488537110467065 0.0094157138900324636 -0.014257571718483346 0.0046113451251852348 1.5926254840266107e-05 -0.027774196313298891 0.0017279493175392162 -0.010165837810707382
leaf_weight=9.0400588214397448 11.033766552805902 18.751091286540035 52.847282037138939 13.643586248159407 7.3882353007793418 10.305527448654173 13.444225430488588 7.5084314793348303 8.4278613626956922
leaf_count=37 45 79 220 59 31 43 57 31 35
internal_value=-0.00143205 0.00261671 -0.000337928 0.00406458 -0.0115626 -0.0123152 -0.0166331 0.0167031 -0.0230377
internal_weight=152.39 111.172 92.6302 66.4909 26.1393 41.2177 30.9121 18.5422 21.8721
internal_count=637 465 389 279 110 172 129 76 92
is_linear=0
shrinkage=0.03


Tree=47
num_leaves=10
num_cat=0
split_feature=11 24 38 38 23 36 37 11 13
split_gain=7.76221 7.36949 7.44499 6.4694 5.23365 3.06306 2.02513 2.36202 1.1822
threshold=0.033920186869692344 -0.66506410256410242 0.0078019544076778991 0.0079758122544819048 0.91154483676185138 0.0055852855331987817 0.023750568634349881 0.063390716242675352 -2.0765664554876468
decision_type=2 2 2 2 2 2 2 2 2
left_child=1 -1 5 6 -4 -3 7 -2 -5
right_child=3 2 4 8 -6 -7 -8 -9 -10
leaf_value=0.024083176853629894 0.013899856875459712 0.00069615971874079151 -0.015051256646630888 -0.031707731617405734 0.0012350614912675381 0.027221198678042399 -0.010112424343566798 -0.0058954581274801628 -0.010525705924697126
leaf_weight=11.244398668408392 9.6303975731134468 8.1130332201719302 23.937531232833862 9.651018366217615 51.074997931718826 9.0740054547786695 11.819171711802481 7.3087722510099402 10.410597085952757
leaf_count=46 39 33 101 42 213 37 50 30 46
internal_value=-0.00139636 0.00315441 0 -0.0110788 -0.00402326 0.0168597 -0.00107171 0.00484611 -0.0233463
internal_weight=152.264 103.444 92.1996 48.82 75.0125 17.187 28.7583 16.9392 20.0616
internal_count=637 430 384 207 314 70 119 69 88
is_linear=0
shrinkage=0.03


Tree=48
num_leaves=10
num_cat=0
split_feature=11 38 35 12 5 35 38 34 35
split_gain=7.42833 6.19651 6.86932 6.07049 5.55048 4.618 4.40685 2.63005 1.41575
threshold=0.033920186869692344 0.0079758122544819048 -0.019336587164372639 65.358047924447717 -0.092276555513895117 0.022298967449830179 0.0073344612922986042 0.0075855163798330691 0.029273601684433052
decision_type=2 2 2 2 2 2 2 2 2
left_child=3 2 -2 4 -1 -4 -6 -5 -3
right_child=1 8 5 7 6 -7 -8 -9 -10
leaf_value=0.017284697587335349 -0.021122247900739268 -0.028534506051997536 0.018450814600333081 0.0042614537166407226 0.015471885516821113 -0.0081232681733528472 -0.0062440445767738212 0.029386606723560749 -0.0057906137252523235
leaf_weight=11.566464319825171 8.6877194195985812 13.340074568986894 12.637210205197336 9.9812765568494815 7.3624572008848181 7.4082352817058554 66.512828141450882 7.9773045182228079 6.618780016899108
leaf_count=47 36 58 52 42 30 31 278 33 30
internal_value=-0.00135587 -0.0108446 -0.00104466 0.00309114 -0.000210998 0.00810339 -0.00353135 0.0180001 -0.0228896
internal_weight=152.092 48.692 28.7332 103.4 85.4417 20.0454 73.8753 17.9586 19.9589
internal_count=637 207 119 430 355 83 308 75 88
is_linear=0
shrinkage=0.03


Tree=49
num_leaves=11
num_cat=0
split_feature=32 26 37 20 34 33 13 13 35 2
split_gain=7.25055 6.77717 8.18726 4.14533 5.02818 4.92223 2.7613 4.6879 1.23035 1.06495
threshold=-0.0074036008085027185 0.12933115543433174 0.025554792709333588 0.019843309048285757 0.012568761754526038 0.85700834005918758 1.3199230167448166 -4.1680517449911987 0.050613106443014651 -0.02670397397333912
decision_type=2 2 2 2 2 2 2 2 2 2
left_child=6 2 8 4 -3 -5 7 9 -2 -1
right_child=1 3 -4 5 -6 -7 -8 -9 -10 -11
leaf_value=0.003685202419602423 0.030950373541333953 -0.0077986036224439725 -0.0033139473402807314 -0.001686852197396017 0.019976744020696355 -0.023895702695812416 0.0026651752698358218 -0.026087997715852275 0.0083183004814007654 -0.0092369351217347073
leaf_weight=7.8565798550844201 12.759167686104776 7.6434813737869289 13.780012011528013 47.59261129796505 12.083685874938963 9.7683509290218336 7.3305539935827246 16.383607938885689 7.2890453189611426 9.4784768372774124
leaf_count=32 52 32 59 200 49 43 31 69 30 40
internal_value=-0.00130794 0.00259527 0.0134468 -0.00219664 0.0087973 -0.0063993 -0.0118336 -0.0153783 0.0249032 -0.00282919
internal_weight=151.966 110.916 33.8282 77.0881 19.7272 57.361 41.0492 33.7187 20.0482 17.3351
internal_count=637 465 141 324 81 243 172 141 82 72
is_linear=0
shrinkage=0.03


end of trees

feature_importances:
macro_topix_ret_20=30
macro_usdjpy_vol_20=29
ma_20_60_cross=24
candle_body_pct=24
macro_topix_vol_20=24
macro_usdjpy_ret_20=21
volatility=20
atr_pct=18
macd_hist_change=17
return_20d=16
macro_nikkei_ret_20=16
macd_signal=13
macro_usdjpy_ret_60=13
vol_ratio=12
gap=12
return_10d=11
div_ma_60=10
ma_5_20_cross=10
rsi_change=10
macro_nikkei_above_200dma=10
div_ma_5=9
price_position_20d=9
return_5d=8
macd_hist=8
upper_shadow_pct=8
bb_bandwidth=7
lower_shadow_pct=7
return_3d=6
macd=6
return_2d=5
rsi=5
month=4
vol_change=3
day_of_week=3
return_1d=2
div_ma_10=2
div_ma_20=2
bb_pct_b=2

parameters:
[boosting: gbdt]
[objective: binary]
[metric: binary_logloss]
[tree_learner: serial]
[device_type: cpu]
[data_sample_strategy: bagging]
[data: ]
[valid: ]
[num_iterations: 50]
[learning_rate: 0.03]
[num_leaves: 15]
[num_threads: 0]
[seed: 42]
[deterministic: 0]
[force_col_wise: 0]
[force_row_wise: 0]
[histogram_pool_size: -1]
[max_depth: 4]
[min_data_in_leaf: 30]
[min_sum_hessian_in_leaf: 0.001]
[bagging_fraction: 0.7]
[pos_bagging_fraction: 1]
[neg_bagging_fraction: 1]
[bagging_freq: 5]
[bagging_seed: 400]
[bagging_by_query: 0]
[feature_fraction: 0.6]
[feature_fraction_bynode: 1]
[feature_fraction_seed: 30056]
[extra_trees: 0]
[extra_seed: 12879]
[early_stopping_round: 0]
[early_stopping_min_delta: 0]
[first_metric_only: 0]
[max_delta_step: 0]
[lambda_l1: 0.5]
[lambda_l2: 2]
[linear_lambda: 0]
[min_gain_to_split: 0]
[drop_rate: 0.1]
[max_drop: 50]
[skip_drop: 0.5]
[xgboost_dart_mode: 0]
[uniform_drop: 0]
[drop_seed: 17869]
[top_rate: 0.2]
[other_rate: 0.1]
[min_data_per_group: 100]
[max_cat_threshold: 32]
[cat_l2: 10]
[cat_smooth: 10]
[max_cat_to_onehot: 4]
[top_k: 20]
[monotone_constraints: ]
[monotone_constraints_method: basic]
[monotone_penalty: 0]
[feature_contri: ]
[forcedsplits_filename: ]
[refit_decay_rate: 0.9]
[cegb_tradeoff: 1]
[cegb_penalty_split: 0]
[cegb_penalty_feature_lazy: ]
[cegb_penalty_feature_coupled: ]
[path_smooth: 0]
[interaction_constraints: ]
[verbosity: -1]
[saved_feature_importance_type: 0]
[use_quantized_grad: 0]
[num_grad_quant_bins: 4]
[quant_train_renew_leaf: 0]
[stochastic_rounding: 1]
[linear_tree: 0]
[max_bin: 255]
[max_bin_by_feature: ]
[min_data_in_bin: 5]
[bin_construct_sample_cnt: 200000]
[data_random_seed: 175]
[is_enable_sparse: 1]
[enable_bundle: 1]
[use_missing: 1]
[zero_as_missing: 0]
[feature_pre_filter: 1]
[pre_partition: 0]
[two_round: 0]
[header: 0]
[label_column: ]
[weight_column: ]
[group_column: ]
[ignore_column: ]
[categorical_feature: ]
[forcedbins_filename: ]
[precise_float_parser: 0]
[parser_config_file: ]
[objective_seed: 16083]
[num_class: 1]
[is_unbalance: 0]
[scale_pos_weight: 1]
[sigmoid: 1]
[boost_from_average: 1]
[reg_sqrt: 0]
[alpha: 0.9]
[fair_c: 1]
[poisson_max_delta_step: 0.7]
[tweedie_variance_power: 1.5]
[lambdarank_truncation_level: 30]
[lambdarank_norm: 1]
[label_gain: ]
[lambdarank_position_bias_regularization: 0]
[eval_at: ]
[multi_error_top_k: 1]
[auc_mu_weights: ]
[num_machines: 1]
[local_listen_port: 12400]
[time_out: 120]
[machine_list_filename: ]
[machines: ]
[gpu_platform_id: -1]
[gpu_device_id: -1]
[gpu_use_dp: 0]
[num_gpu: 1]

end of parameters

pandas_categorical:[]
