tree
version=v4
num_class=1
num_tree_per_iteration=1
label_index=0
max_feature_idx=44
objective=binary sigmoid:1
feature_names=return_1d return_2d return_3d return_5d return_10d return_20d div_ma_5 div_ma_10 div_ma_20 div_ma_60 ma_5_20_cross ma_20_60_cross rsi rsi_change macd macd_signal macd_hist macd_hist_change bb_pct_b bb_bandwidth atr_pct volatility vol_change vol_ratio candle_body_pct upper_shadow_pct lower_shadow_pct day_of_week month is_month_end is_month_start streak gap price_position_20d macro_usdjpy_ret_20 macro_usdjpy_ret_60 macro_usdjpy_vol_20 macro_topix_ret_20 macro_topix_vol_20 macro_topix_above_200dma macro_nikkei_ret_20 macro_nikkei_above_200dma macro_nikkei_vi macro_jgb10y macro_bias_score
feature_infos=[-0.18591968551007365:0.11160168872608711] [-0.27377270006323517:0.14113887626357791] [-0.30135091495603539:0.13966054530706673] [-0.27879655321267627:0.19412302431435102] [-0.31109715651976955:0.29400127924783281] [-0.31511992930868749:0.31623023152750229] [-0.22124734670029789:0.07094492161728716] [-0.25273626644754543:0.11563931167981648] [-0.28893894482241894:0.12354959966950552] [-0.29225664493337233:0.25568167357930327] [-0.18028738640809505:0.095529509307972216] [-0.14607531561552067:0.14772748859868412] [13.87280687827888:95.613193826621085] [-37.138315624687564:30.177851665978821] [-58.10745809273817:69.928470579799978] [-49.450557803021766:62.126199575523131] [-27.169808849852775:16.402671824436688] [-12.626558282979314:6.6110206059287364] [-0.36582158080243787:1.3152745959727874] [0.032374241455441453:0.48844436465895325] [0.010692031507447441:0.074513623200678614] [0.0061219320671192972:0.062956470375995471] [-0.79352852904716398:4.3755158184319116] [0.49012865621224372:1.9479776370565265] [-1:1] [0:0.92753616778490833] [0:0.95348837209302328] [0:4] [1:12] none [0:1] [-8:9] [-0.17352503980940204:0.13006099030131746] [0:1] [-0.10288784967882303:0.08505611680078462] [-0.13986255140503889:0.13160084488587853] [0.0023506467301043195:0.011841457708833433] [-0.21871130063915301:0.21255316252998058] [0.0039190494364641443:0.040640975235326525] [0:1] [-0.22859537662338159:0.23022297972565586] [0:1] none none none
tree_sizes=863 998 1091 1185 1206 1286 1206 1267 780 1422 1300 1202 1510 1204 998 956 897 1087 996 1076 1417 979 1082 1105 1631 985 1501 973 973 992 1408 1203 787 1420 1074 1200 1092 1166 1088 1206 1375 1414 1206 1393 1521 996 995 1072 785 1293

Tree=0
num_leaves=7
num_cat=0
split_feature=28 9 15 1 4 7
split_gain=9.74912 12.4666 10.0983 8.28284 8.20079 5.2111
threshold=1.5000000000000002 -0.0042360186700885838 32.646834534316561 0.010480802934383695 0.083552264172754423 -0.039440902705403409
decision_type=2 2 2 2 2 2
left_child=-1 3 4 5 -3 -2
right_child=1 2 -4 -5 -6 -7
leaf_value=0.12317374436483283 0.098306118143540469 0.084640847104056532 0.11700949539011023 0.091316526242497059 0.11375210970770855 0.12332822242681499
leaf_weight=12.967071533203123 8.2291030883789045 75.558128356933594 9.9746704101562482 13.465805053710936 7.7303695678710929 26.931610107421875
leaf_count=52 33 303 40 54 31 108
internal_value=0.100239 0.0977563 0.091322 0.109685 0.0877604 0.117252
internal_weight=154.857 141.89 93.2632 48.6265 83.2885 35.1607
internal_count=621 569 374 195 334 141
is_linear=0
shrinkage=1


Tree=1
num_leaves=8
num_cat=0
split_feature=28 9 5 16 1 13 3
split_gain=9.23855 11.7012 8.79809 9.91102 7.84359 7.74104 5.71711
threshold=1.5000000000000002 -0.0042360186700885838 0.095046827193133968 1.7665757564610061 0.010480802934383695 -1.3733442499765613 -0.044256751842430879
decision_type=2 2 2 2 2 2 2
left_child=-1 4 5 -4 6 -3 -2
right_child=1 2 3 -5 -6 -7 -8
leaf_value=0.021873245282266959 -0.0025114498444131499 -0.0013846698426149024 0.030690096816291455 -0.0068245227122071322 -0.0091751849179459877 -0.022382922344371895 0.022905847910380497
leaf_weight=12.950816512107847 9.2259618490934354 27.699186444282532 7.4780463874340084 16.455391556024551 13.471895545721052 41.672703385353088 25.901731789112091
leaf_count=52 37 111 30 66 54 167 104
internal_value=-0.000463666 -0.00288212 -0.00911506 0.00578145 0.00867521 -0.0144825 0.0160505
internal_weight=154.856 141.905 93.3053 23.9334 48.5996 69.3719 35.1277
internal_count=621 569 374 96 195 278 141
is_linear=0
shrinkage=0.03


Tree=2
num_leaves=9
num_cat=0
split_feature=28 6 24 15 25 22 3 33
split_gain=8.76718 9.22029 5.94467 7.04598 5.84392 7.14643 5.15637 2.36697
threshold=1.5000000000000002 -0.002412510384673295 -0.44258503337482824 3.1808113411589436 0.073044311789895927 0.23260531759279038 0.010859493728356708 0.23947852126428162
decision_type=2 2 2 2 2 2 2 2
left_child=-1 2 7 -4 6 -6 -3 -2
right_child=1 4 3 -5 5 -7 -8 -9
leaf_value=0.021332275470279237 0.001953524283329951 0.021531574121125791 0.010294837762457858 -0.017146045809465028 -0.0184875984852464 0.0035723215462329567 -0.0055041856833581036 0.024802110879874283
leaf_weight=12.931863427162169 7.9760317057371166 7.4824497401714352 16.937296345829967 12.977182716131209 50.642543718218803 15.463230505585669 16.219806283712387 14.201086014509199
leaf_count=52 32 30 68 52 203 62 65 57
internal_value=-0.000439746 -0.00279706 0.00692282 -0.00146777 -0.00862629 -0.0131538 0.00345833 0.0180464
internal_weight=154.831 141.9 52.0916 29.9145 89.808 66.1058 23.7023 22.1771
internal_count=621 569 209 120 360 265 95 89
is_linear=0
shrinkage=0.03


Tree=3
num_leaves=10
num_cat=0
split_feature=19 14 38 36 19 5 19 36 18
split_gain=13.4547 10.1311 9.92224 7.23718 6.74977 5.36885 4.83285 8.73782 4.5334
threshold=0.13180180810025738 11.481998907266133 0.010858242968315664 0.0048604677153680298 0.17079379723697988 -0.1091705287511958 0.10789108812576163 0.0056694996618834063 0.56833014269031101
decision_type=2 2 2 2 2 2 2 2 2
left_child=1 6 4 -3 -2 -4 7 -1 -7
right_child=2 3 5 -5 -6 8 -8 -9 -10
leaf_value=0.01996838566359644 0.029985006462620957 -0.00072312848732941312 0.012338574080826994 -0.036348196776087111 0.00099726310812269089 -0.027040372471676708 -0.01592121011529056 -0.0051075964766661318 0
leaf_weight=15.955062434077261 21.678222522139549 8.9797927439212817 10.965915307402613 13.985245853662489 12.198373124003409 7.727571219205859 14.468905463814734 38.132649913430214 10.722238019108771
leaf_count=64 87 36 44 56 49 31 58 153 43
internal_value=-0.000398716 -0.00778031 0.00995681 -0.0241928 0.0206026 -0.00235704 -0.00153994 0.00247028 -0.0121776
internal_weight=154.814 91.5217 63.2923 22.965 33.8766 29.4157 68.5566 54.0877 18.4498
internal_count=621 367 254 92 136 118 275 217 74
is_linear=0
shrinkage=0.03


Tree=4
num_leaves=10
num_cat=0
split_feature=19 14 38 36 19 5 33 10 9
split_gain=12.7555 9.6124 9.41315 6.83232 6.38452 5.10266 8.40497 4.74557 4.93968
threshold=0.13180180810025738 11.481998907266133 0.010858242968315664 0.0048604677153680298 0.17079379723697988 -0.1091705287511958 0.64496441271195448 -0.018442093815051571 0.033487366616275951
decision_type=2 2 2 2 2 2 2 2 2
left_child=1 7 4 -3 -2 -4 -7 -1 -9
right_child=2 3 5 -5 -6 6 -8 8 -10
leaf_value=-0.019738032538754845 0.029211081673979913 -0.00070536731811815794 0.012032661848787632 -0.035369098608686374 0.00097161305112761177 -0.02932864651681379 0.0071965346070321642 -0.0034695002668387138 0.015013025876993475
leaf_weight=8.9808578193187696 21.638567432761192 8.9800670593976992 10.958327293395998 13.996387198567389 12.197611749172209 9.4819844067096728 8.9767643958330137 43.621176943182945 15.956034481525419
leaf_count=36 87 36 44 56 49 38 36 175 64
internal_value=-0.000392263 -0.00757979 0.00969254 -0.0235631 0.020072 -0.00228644 -0.0118657 -0.0014945 0.00156376
internal_weight=154.788 91.5345 63.2533 22.9765 33.8362 29.4171 18.4587 68.5581 59.5772
internal_count=621 367 254 92 136 118 74 275 239
is_linear=0
shrinkage=0.03


Tree=5
num_leaves=11
num_cat=0
split_feature=19 28 19 20 34 16 34 19 33 12
split_gain=11.6015 12.7144 11.4553 10.6861 9.1412 7.27283 9.26576 3.81092 3.56885 8.41329
threshold=0.13180180810025738 1.5000000000000002 0.07403928973815968 0.014887506448021922 0.0097892813297230114 2.6945651853639601 0.018187934621441419 0.17079379723697988 0.64019714980766695 36.918278027952489
decision_type=2 2 2 2 2 2 2 2 2 2
left_child=1 -1 3 -3 -4 8 7 -7 9 -2
right_child=5 2 4 -5 -6 6 -8 -9 -10 -11
leaf_value=0.024557831129323932 0.024319410227347495 -0.015804633530386889 -0.031727589940920405 0.019449940029343298 -0.0072518773104969531 0 0.021398440669791685 -0.024754794532183662 0.033086405692587174 -0.0071090306199660842
leaf_weight=7.9413669109344474 14.175522401928903 11.222103551030161 24.719785839319229 16.218973457813263 35.927491739392281 8.7076978534460121 7.7094555497169486 10.218703106045721 8.9372832477092725 12.200166344642637
leaf_count=32 57 45 99 65 144 35 31 41 36 49
internal_value=-0.000922646 -0.00748012 -0.011016 0.00442876 -0.018162 0.00892386 -0.00239681 -0.0139251 0.0175356 0.00977702
internal_weight=157.979 96.0297 88.0884 27.4411 60.6473 61.9488 26.6359 18.9264 35.313 26.3757
internal_count=634 385 353 110 243 249 107 76 142 106
is_linear=0
shrinkage=0.03


Tree=6
num_leaves=10
num_cat=0
split_feature=10 10 37 38 37 3 16 38 20
split_gain=8.86864 8.78986 9.09621 5.80448 6.46951 6.36205 5.00785 2.37245 2.15689
threshold=-0.030700898927974282 0.019118266913597307 0.02606077123466977 0.0078215224777668773 0.03097909270207622 0.0022647215978399697 -2.2492759459824665 0.011869128521442429 0.018335423682958648
decision_type=2 2 2 2 2 2 2 2 2
left_child=7 2 6 4 -3 -5 -2 -1 -4
right_child=1 3 8 5 -6 -7 -8 -9 -10
leaf_value=0.02976753757347261 -0.014466675125364942 -0.00089611921960071231 -0.00729516628493165 0.015180951915610993 0.028306255350649529 -0.0093820573377703786 0.0042185807960405967 0.0040684308218960378 -0.030619824667252857
leaf_weight=7.4485381990671149 17.964991599321365 10.459402307868006 8.7330827116966265 11.20038267970085 13.183136224746702 30.617720991373062 33.147440105676651 8.4590296894311887 16.717151090502739
leaf_count=30 72 42 35 45 53 123 133 34 67
internal_value=-0.00087646 -0.00342989 -0.0102717 0.00441718 0.01574 -0.00206825 -0.00236394 0.01892 -0.0242772
internal_weight=157.931 142.023 76.5627 65.4606 23.6425 41.8181 51.1124 15.9076 25.4502
internal_count=634 570 307 263 95 168 205 64 102
is_linear=0
shrinkage=0.03


Tree=7
num_leaves=11
num_cat=0
split_feature=19 28 19 20 34 16 34 3 23 19
split_gain=10.6546 12.0438 10.7127 10.2448 8.59958 6.93995 8.73794 4.85256 3.72608 3.63403
threshold=0.13180180810025738 1.5000000000000002 0.07403928973815968 0.014887506448021922 0.0097892813297230114 2.6945651853639601 0.018187934621441419 -0.035839804349717445 0.9006777640462621 0.17079379723697988
decision_type=2 2 2 2 2 2 2 2 2 2
left_child=1 -1 3 -3 -4 7 9 -2 -9 -7
right_child=5 2 4 -5 -6 6 -8 8 -10 -11
leaf_value=0.024067827752663414 0 -0.015438918733694403 -0.030634427105811275 0.019074101921784627 -0.0068966514360298695 0 0.020684318379992885 0.0083381928028849802 0.034568600755235879 -0.024198577286620875
leaf_weight=7.9253642410039893 9.9493912607431394 11.227846518158914 24.73278047144413 16.208577618002892 35.937800735235214 8.7054719626903587 7.6887513250112525 12.655108138918878 12.644702926278113 10.228228047490118
leaf_count=32 40 45 99 65 144 35 31 51 51 41
internal_value=-0.00084021 -0.00712639 -0.0105707 0.00435136 -0.0174817 0.00859949 -0.00244399 0.0170263 0.0235695 -0.0136315
internal_weight=157.904 96.0324 88.107 27.4364 60.6706 61.8717 26.6225 35.2492 25.2998 18.9337
internal_count=634 385 353 110 243 249 107 142 102 76
is_linear=0
shrinkage=0.03


Tree=8
num_leaves=6
num_cat=0
split_feature=10 28 15 28 22
split_gain=8.19094 9.56158 12.9173 6.96509 2.45239
threshold=-0.030700898927974282 1.5000000000000002 32.646834534316561 4.5000000000000009 -0.02867786108046427
decision_type=2 2 2 2 2
left_child=4 -2 3 -3 -1
right_child=1 2 -4 -5 -6
leaf_value=0.02918099352627853 0.018035640817316994 -0.023113036241210153 0.022304079199580617 -0.0049751569217797798 0.0034253892679391089
leaf_weight=7.4336349815130225 14.585650622844694 23.970814794301987 10.898856610059736 92.502245336771011 8.4363497495651227
leaf_count=30 59 96 44 371 34
internal_value=-0.000798151 -0.00325511 -0.00605024 -0.00916181 0.0182446
internal_weight=157.828 141.958 127.372 116.473 15.87
internal_count=634 570 511 467 64
is_linear=0
shrinkage=0.03


Tree=9
num_leaves=12
num_cat=0
split_feature=19 21 34 40 7 17 34 15 17 25 15
split_gain=9.70524 10.7267 8.69957 10.6528 8.21602 6.63395 6.25062 6.78504 3.09017 2.75507 0.00666215
threshold=0.13180180810025738 0.015458831961465276 0.0097892813297230114 0.01473398977476559 0.049651603537558264 -0.95727192524572524 0.035075048741410771 11.490991433214594 0.70349551261858612 0.21008847048712934 2.8799412553192236
decision_type=2 2 2 2 2 2 2 2 2 2 2
left_child=1 6 10 -4 5 9 7 -1 -7 -2 -3
right_child=4 2 3 -5 -6 8 -8 -9 -10 -11 -12
leaf_value=0.015984327097319777 0.0079555598812224709 -0.015921585389832155 0.015067179885362455 -0.019628516020032495 -0.016677900289807403 0.027028800550396116 -0.018357401373512675 -0.0083593294268705133 0.0058800776121992037 -0.012713787408528219 -0.038301672330718906
leaf_weight=28.114078938961029 10.676186785101892 7.7408193945884731 11.478768765926363 16.971940889954567 7.9538294225931159 21.537849694490433 7.973025679588317 13.230686724185942 13.144910633563994 8.4629626274108869 10.487732276320456
leaf_count=113 43 31 46 68 32 87 32 53 53 34 42
internal_value=-0.000749012 -0.00675263 -0.0167976 -0.00506734 0.00826437 0.0126845 0.00274673 0.00782182 0.0201799 -0.000812602 -0.0320532
internal_weight=157.773 95.9971 46.6793 28.4507 61.7757 53.8219 49.3178 41.3448 34.6828 19.1391 18.2286
internal_count=634 385 187 114 249 217 198 166 140 77 73
is_linear=0
shrinkage=0.03


Tree=10
num_leaves=11
num_cat=0
split_feature=19 19 9 3 9 14 3 9 20 3
split_gain=11.0132 8.99122 7.034 5.93779 5.1608 4.06863 3.68833 3.21873 2.81289 0.909
threshold=0.13180180810025738 0.11033078818579116 0.085050704701351829 0.01313398602464544 0.075982345960989753 34.028041332979861 -0.017321115915307824 0.0075823330267624301 0.022254609467349345 -0.035839804349717445
decision_type=2 2 2 2 2 2 2 2 2 2
left_child=1 2 6 7 -5 -6 -1 9 -3 -2
right_child=3 8 -4 4 5 -7 -8 -9 -10 -11
leaf_value=0.013004695966854142 0.01040267861012815 -0.0064772872882592012 -0.024574016197737511 -0.014514564498403179 0.020959551190136247 -0.0052699190988229 -0.0029760138629188336 0.003141969821092138 -0.033474037738215112 0.033929751766732685
leaf_weight=14.946411237120627 7.4401864856481543 8.2303645014762896 9.48867419362068 12.435365542769434 9.417980298399927 7.4381789714097968 52.319200724363327 11.171117290854452 12.236536741256712 8.3973949402570742
leaf_count=60 30 33 38 50 38 30 210 45 49 34
internal_value=-0.00189037 -0.00802665 -0.00283914 0.00836055 -0.000637417 0.00925837 0.000631312 0.0180073 -0.0248285 0.0261237
internal_weight=153.521 97.2212 76.7543 56.3002 29.2915 16.8562 67.2656 27.0087 20.4669 15.8376
internal_count=617 390 308 227 118 68 270 109 82 64
is_linear=0
shrinkage=0.03


Tree=11
num_leaves=10
num_cat=0
split_feature=19 19 34 14 3 15 35 38 24
split_gain=10.4985 8.54818 8.69273 11.8685 5.68274 4.24824 4.266 3.68965 1.91623
threshold=0.13180180810025738 0.11033078818579116 0.040169154174302897 11.481998907266133 0.01313398602464544 7.2494564667338475 0.036835562788739125 0.011248583763073954 -0.13188361760948086
decision_type=2 2 2 2 2 2 2 2 2
left_child=1 2 3 -1 7 -6 -7 -2 -3
right_child=4 8 -4 -5 5 6 -8 -9 -10
leaf_value=0.0081824619280232765 0.027646125668225538 -0.0097318217940322409 -0.026971724517881188 -0.020369872722424198 -0.01342282750876444 0.020382692534209393 -0.0062897014328308796 0.0038311244033186866 -0.033515654539789309
leaf_weight=52.059700831770897 13.822735726833345 10.232313811779024 9.4659057408571226 15.223704323172567 12.192293390631677 9.3943914920091647 7.7010823041200629 13.145505607128142 10.229843884706495
leaf_count=209 56 41 38 61 49 38 31 53 41
internal_value=-0.0018364 -0.00782866 -0.00276521 0.00110411 0.00817413 -0.000615871 0.0081816 0.0176214 -0.0242156
internal_weight=153.467 97.2115 76.7493 67.2834 56.256 29.2878 17.0955 26.9682 20.4622
internal_count=617 390 308 270 227 118 69 109 82
is_linear=0
shrinkage=0.03


Tree=12
num_leaves=13
num_cat=0
split_feature=19 37 12 28 19 14 3 14 9 14 38 12
split_gain=10.0027 9.75135 10.9969 8.94077 8.69651 8.00199 5.41345 5.14738 4.69385 3.83287 3.50286 2.70126
threshold=0.13180180810025738 0.016162292209137345 52.695616562463492 10.500000000000002 0.08753810457759735 10.651966583360378 0.01313398602464544 0.69367046762033635 0.075982345960989753 34.028041332979861 0.011248583763073954 65.517984650562681
decision_type=2 2 2 2 2 2 2 2 2 2 2 2
left_child=1 2 3 -1 7 -4 10 -3 -8 -10 -2 -6
right_child=6 4 5 -5 11 -7 8 -9 9 -11 -12 -13
leaf_value=-0.020190175648363007 0.026994707603145204 0.015086558179451716 0.031283172786152315 0.013171270718106179 -0.035151597878410511 -0.0044138132585389411 -0.013835939480154132 -0.01234130553040335 0.02023301646638976 -0.0052061660828790768 0.0037323584449719363 -0.0090242219899136552
leaf_weight=20.440428957343105 13.7805063277483 7.4745541512966183 12.429733172059061 8.4654911756515485 17.213633969426159 7.4824287146329871 12.451895982027056 14.970052286982535 9.3899432569742221 7.4389385282993308 13.141545802354811 8.7125754803419095
leaf_count=82 56 30 50 34 69 30 50 60 38 30 53 35
internal_value=-0.00180431 -0.00765444 0.0015609 -0.0097144 -0.0169455 0.0180062 0.00796972 -0.00210657 -0.000596 0.00883283 0.0172015 -0.0281837
internal_weight=153.392 97.1889 48.8181 28.9059 48.3708 19.9122 56.2028 22.4446 29.2808 16.8289 26.9221 25.9262
internal_count=617 390 196 116 194 80 227 90 118 68 109 104
is_linear=0
shrinkage=0.03


Tree=13
num_leaves=10
num_cat=0
split_feature=19 19 34 9 36 7 9 24 16
split_gain=9.48255 7.78676 8.02074 9.94358 5.44478 8.15831 6.53263 1.89921 1.09587
threshold=0.13180180810025738 0.11033078818579116 0.040169154174302897 0.085050704701351829 0.0038943005210628993 0.0065762475397713486 0.075982345960989753 -0.13188361760948086 -10.331940110711335
decision_type=2 2 2 2 2 2 2 2 2
left_child=1 2 3 -1 -2 8 -7 -3 -6
right_child=4 7 -4 -5 5 6 -8 -9 -10
leaf_value=0.0059345604955590246 -0.012606588244821059 -0.0089522632739155745 -0.025844627805842704 -0.025652990215607657 0.0094167717839742648 -0.014405723288960949 0.01248444855141456 -0.032248749160545959 0.032207716376184255
leaf_weight=58.749366894364357 7.6820103228092185 10.227133587002756 9.478581488132475 8.477178141474722 7.4023934602737453 11.942958518862726 17.284467414021492 10.212032526731489 11.83225007355213
leaf_count=236 31 41 38 34 30 48 70 41 48
internal_value=-0.00174712 -0.00744564 -0.00260351 0.00110868 0.00777183 0.011671 0.000797297 -0.0230973 0.0258561
internal_weight=153.288 97.1443 76.7051 67.2265 56.1441 48.4621 29.2274 20.4392 19.2346
internal_count=617 390 308 270 227 196 118 82 78
is_linear=0
shrinkage=0.03


Tree=14
num_leaves=8
num_cat=0
split_feature=5 10 3 38 16 4 35
split_gain=9.21203 5.64324 6.77178 6.59306 5.09088 6.6026 3.64877
threshold=-0.1091705287511958 0.027008237895320811 -0.015255916438054793 0.0076581267554514327 1.694524986623833 0.090670517015160615 0.0036970239351236116
decision_type=2 2 2 2 2 2 2
left_child=-1 2 6 -4 -3 -6 -2
right_child=1 4 3 -5 5 -7 -8
leaf_value=0.022981886692036244 -0.0098910447885333947 0.023065050152721762 -0.027723609204042047 -0.0064807831149107601 -0.0090921500991525041 0.018055363233598028 0.010217765446662672
leaf_weight=10.372316002845762 9.9426048099994677 8.610076040029524 18.430381715297699 50.535465225577354 24.085886180400848 9.6262189447879773 21.588603034615517
leaf_count=42 40 35 74 203 97 39 87
internal_value=-0.00172159 -0.00391188 -0.00779512 -0.0129904 0.00490636 -0.000343334 0.00321784
internal_weight=153.192 142.819 100.497 68.9658 42.3222 33.7121 31.5312
internal_count=617 575 404 277 171 136 127
is_linear=0
shrinkage=0.03


Tree=15
num_leaves=8
num_cat=0
split_feature=10 38 26 13 36 36 20
split_gain=7.07125 8.60964 8.23017 6.61906 5.9944 9.84456 3.33488
threshold=-0.062357787467773755 0.011802284168832796 0.12500158945449924 4.0683419294079686 0.0078307047340858502 0.0048929918680072071 0.014887506448021922
decision_type=2 2 2 2 2 2 2
left_child=-1 4 -3 -4 5 -2 -6
right_child=1 2 3 -5 6 -7 -8
leaf_value=0.023537735893059433 0.01021096075297644 0.0085982421891554212 -0.032208545609542748 0 0 -0.008913848866085896 0.027546756879580751
leaf_weight=8.111307814717291 37.670700117945671 7.9648666977882376 18.16977642476559 7.7201037257909766 7.6906712055206325 59.548899233341217 9.2089363485574705
leaf_count=33 152 32 73 31 31 240 37
internal_value=-0.000622656 -0.00234327 -0.0152114 -0.0231655 0.00154127 -0.00129573 0.0170656
internal_weight=156.085 147.974 33.8547 25.8899 114.119 97.2196 16.8996
internal_count=629 596 136 104 460 392 68
is_linear=0
shrinkage=0.03


Tree=16
num_leaves=7
num_cat=0
split_feature=10 38 26 12 35 36
split_gain=6.73633 8.14415 7.81405 6.8361 5.80651 7.47373
threshold=-0.062357787467773755 0.011802284168832796 0.12500158945449924 53.309771575741038 -0.056255757477277006 0.0048929918680072071
decision_type=2 2 2 2 2 2
left_child=-1 4 -3 -4 -2 -6
right_child=1 2 3 -5 5 -7
leaf_value=0.023028904565603459 0.023800421525310048 0.0083945346494755501 -0.035295695958983811 -0.0030359644433861038 0.0099253872657564107 -0.0063282735670355927
leaf_weight=8.0863813161849958 7.6698876172304145 7.9619802087545386 14.204700842499735 11.691013887524603 37.649787932634354 68.782547011971474
leaf_count=33 31 32 57 47 152 277
internal_value=-0.000581232 -0.00226154 -0.0147777 -0.0225311 0.0015138 -0.000363285
internal_weight=156.046 147.96 33.8577 25.8957 114.102 106.432
internal_count=629 596 136 104 460 429
is_linear=0
shrinkage=0.03


Tree=17
num_leaves=9
num_cat=0
split_feature=10 38 34 12 36 27 12 18
split_gain=6.42366 7.7283 6.79986 6.2947 5.55021 2.40389 2.14941 1.82807
threshold=-0.062357787467773755 0.011802284168832796 0.031962219045386549 53.309771575741038 0.0048929918680072071 2.5000000000000004 62.817231525895984 0.3926365037481902
decision_type=2 2 2 2 2 2 2 2
left_child=-1 2 4 7 -2 -4 -5 -3
right_child=1 3 5 6 -6 -7 -8 -9
leaf_value=0.022534964893496684 0.014391899453592852 -0.010919052603896154 -0.023086684419270691 0.00902987529976872 -0.00026574382588610254 -0.00011590902338398591 -0.01055326478954201 -0.036570572990622933
leaf_weight=8.0599541515111905 33.164597883820534 9.7137632220983523 9.7179308533668536 8.4461738020181674 62.76999431848526 8.4224209636449796 7.7215488404035559 7.9704669266939154
leaf_count=33 134 39 39 34 253 34 31 32
internal_value=-0.000550411 -0.00219212 0.00148298 -0.0143868 0.00483867 -0.0142369 0 -0.0257835
internal_weight=155.987 147.927 114.075 33.852 95.9346 18.1404 16.1677 17.6842
internal_count=629 596 460 136 387 73 65 71
is_linear=0
shrinkage=0.03


Tree=18
num_leaves=8
num_cat=0
split_feature=10 17 36 36 9 28 9
split_gain=6.14488 7.08197 8.2775 9.07847 5.51617 5.04469 1.61386
threshold=-0.062357787467773755 1.1139818604527052 0.0079475798632696187 0.0076357452847843647 0.079214613945067194 7.5000000000000009 0.0075823330267624301
decision_type=2 2 2 2 2 2 2
left_child=-1 2 3 -2 6 -4 -3
right_child=1 4 5 -5 -6 -7 -8
leaf_value=0.022055161990775493 0.00048836381469164261 -0.0088462548606224913 0.032730961310571301 -0.026850563826416977 0.0019491238249322719 0.00052429183199210398 -0.034745316965439636
leaf_weight=8.0321672558784467 95.705788865685463 7.461335942149165 8.6408271491527575 10.203039184212683 8.1792810261249524 9.2182185351848585 8.4761597216129285
leaf_count=33 386 30 35 41 33 37 34
internal_value=-0.000553263 -0.0021592 0.000709431 -0.00245524 -0.0163824 0.0185893 -0.0257948
internal_weight=155.917 147.885 123.768 105.909 24.1168 17.859 15.9375
internal_count=629 596 499 427 97 72 64
is_linear=0
shrinkage=0.03


Tree=19
num_leaves=9
num_cat=0
split_feature=12 10 19 3 19 34 1 19
split_gain=6.07622 9.22569 8.45337 9.3527 7.15773 7.09419 4.44732 4.26859
threshold=36.918278027952489 0.019118266913597307 0.07403928973815968 -0.015255916438054793 0.18190454669276082 0.020349607959124664 -0.013023283717011501 0.14029470490227167
decision_type=2 2 2 2 2 2 2 2
left_child=6 2 5 -4 7 -2 -1 -3
right_child=1 4 3 -5 -6 -7 -8 -9
leaf_value=-0.0013148529876289687 0.01355789341582456 0.0032271579302685809 0 -0.028032213485321329 -0.013100789127616546 -0.016477701960577948 0.023147908235888984 0.022225865643297611
leaf_weight=9.6108267307281512 17.401233524084095 33.500140443444252 15.674020066857336 28.368476271629333 12.87825947999954 8.9686974287033063 13.258848547935484 16.189685255289078
leaf_count=39 70 135 63 114 52 36 54 66
internal_value=-0.000533061 -0.00312703 -0.0105095 -0.0183161 0.00501686 0.00237226 0.0129854 0.0103279
internal_weight=155.85 132.981 70.4124 44.0425 62.5681 26.3699 22.8697 49.6898
internal_count=629 536 283 177 253 106 93 201
is_linear=0
shrinkage=0.03


Tree=20
num_leaves=12
num_cat=0
split_feature=12 33 37 4 7 14 7 10 33 14 10
split_gain=6.13357 10.3976 9.39815 8.0253 7.19263 5.32713 6.1452 5.28855 4.47407 3.70873 1.92055
threshold=52.007377761558971 0.38268717820467685 0.016162292209137345 0.019037723953675759 0.023824974102045152 -0.73725051378474393 -0.022042944916820028 0.015801321889845846 0.4925298404074539 12.972980525422033 -0.011292208473498431
decision_type=2 2 2 2 2 2 2 2 2 2 2
left_child=1 5 9 7 -5 6 -1 -4 -3 -2 -7
right_child=2 8 3 4 -6 10 -8 -9 -10 -11 -12
leaf_value=-0.0022157315455963661 0.029577900582147699 -0.036538992010510626 0.00065037913012817937 0.018789185452295538 -0.0028270463078172085 -0.017714401090733016 0.024161669296799981 -0.030975995374970398 -0.0067662926926992826 0.0041119192313961439 0.00079604519743677841
leaf_weight=12.55053201317787 18.117146074771885 7.4793146550655392 7.4652408808469755 23.687600329518318 26.961347118020058 7.4535230994224548 15.046139836311342 7.6692677885293961 14.181833788752554 9.9091297537088376 7.4363459944725019
leaf_count=51 73 30 30 96 109 30 61 31 57 40 30
internal_value=0.00312723 -0.00379732 0.00799926 0.00136338 0.00732729 0.00460075 0.0123197 -0.0162455 -0.0198999 0.0219472 -0.00858217
internal_weight=157.957 64.1477 93.8097 65.7835 50.6489 42.4865 27.5967 15.1345 21.6611 28.0263 14.8899
internal_count=638 259 379 266 205 172 112 61 87 113 60
is_linear=0
shrinkage=0.03


Tree=21
num_leaves=8
num_cat=0
split_feature=36 36 37 21 3 4 26
split_gain=8.08189 16.7109 8.86167 7.8199 5.31421 4.94938 1.46273
threshold=0.003784565361225328 0.0050164524044988478 -0.0035079835525715359 0.012651050826909788 0.051695493745658523 -0.034124754783467763 0.27452647408675651
decision_type=2 2 2 2 2 2 2
left_child=6 4 5 -4 -2 -3 -1
right_child=1 2 3 -5 -6 -7 -8
leaf_value=-0.00331034310520327 0.028985039587750356 -0.0024782826263865377 0.0080383513439879206 -0.011946658005424576 0 0.021263113714195744 -0.024670378629218406
leaf_weight=7.9342854321002942 26.574304819107056 10.304991498589517 22.902367517352104 55.239046141505241 8.1634378582239133 19.306862249970436 7.4338602870702744
leaf_count=32 108 42 92 223 33 78 30
internal_value=0.00302556 0.00539331 -0.000419909 -0.00584768 0.0228749 0.0128925 -0.0161573
internal_weight=157.859 142.491 107.753 78.1414 34.7377 29.6119 15.3681
internal_count=638 576 435 315 141 120 62
is_linear=0
shrinkage=0.03


Tree=22
num_leaves=9
num_cat=0
split_feature=36 36 37 40 38 3 26 8
split_gain=7.71235 15.8299 8.35985 7.59809 5.97499 5.03017 1.38177 0.0612521
threshold=0.003784565361225328 0.0050164524044988478 -0.0035079835525715359 -0.035303800616403695 0.007308374499656301 0.051695493745658523 0.27452647408675651 0.046200955633979877
decision_type=2 2 2 2 2 2 2 2
left_child=6 5 3 -3 -4 7 -1 -2
right_child=1 2 4 -5 -6 -7 -8 -9
leaf_value=-0.003230715768471182 0.01957434537276986 -0.0032860776853218662 0.0071046912652296419 0.02522887778741964 -0.010720436865800752 0 -0.02408217434041085 0.037977232648259425
leaf_weight=7.9352241456508619 18.005786418914798 13.302099674940111 21.070594519376755 16.284514501690865 57.071612730622292 8.1634378582239133 7.4357829540967941 8.4944690614938718
leaf_count=32 73 54 85 66 230 33 30 35
internal_value=0.00293943 0.00525613 -0.000395066 0.0125374 -0.00566947 0.0222917 -0.0157925 0.0282507
internal_weight=157.764 142.393 107.729 29.5866 78.1422 34.6637 15.371 26.5003
internal_count=638 576 435 120 315 141 62 108
is_linear=0
shrinkage=0.03


Tree=23
num_leaves=9
num_cat=0
split_feature=36 36 6 13 7 40 7 32
split_gain=7.37321 15.079 7.4855 10.0456 6.43518 2.07582 1.69419 1.37356
threshold=0.003784565361225328 0.0050164524044988478 -0.0017987736703432356 -3.8026491934375737 -0.022042944916820028 0.0066428614026400332 0.035469686753852328 0.0026143942166162453
decision_type=2 2 2 2 2 2 2 2
left_child=7 5 4 -4 -3 -2 -7 -1
right_child=1 2 3 -5 -6 6 -8 -9
leaf_value=-0.023123804318791009 0.034816245179192282 -0.0059128958122112371 -0.034790944134933569 -0.0016644868020837299 0.016986459397288788 0.01907960627896203 0.00036769904152523782 -0.0024547977823743384
leaf_weight=7.9490679800510389 9.3036314696073514 14.821373850107191 7.9505394995212546 56.468679666519165 28.464524701237679 17.386931851506237 7.8910915702581397 7.422563910484314
leaf_count=32 38 60 32 228 115 71 32 30
internal_value=0.00287115 0.00513973 -0.000369059 -0.00690326 0.00889949 0.0217891 0.0142434 -0.0154384
internal_weight=157.658 142.287 107.705 64.4192 43.2859 34.5817 25.278 15.3716
internal_count=638 576 435 260 175 141 103 62
is_linear=0
shrinkage=0.03


Tree=24
num_leaves=14
num_cat=0
split_feature=37 10 20 11 10 20 10 8 20 35 34 35 25
split_gain=5.35511 7.46047 8.91872 9.98003 6.3612 5.83259 4.76397 4.4751 6.47328 4.08632 2.49699 1.63814 0.349364
threshold=0.016162292209137345 0.027594235617552147 0.018335423682958648 1.0000000180025095e-35 -0.0084298371577384828 0.014887506448021922 0.043233356007057473 -0.042868309261503999 0.021398961485224056 -0.0028213129801106236 0.01098794274761772 0.039810120942731848 0.18604824463605099
decision_type=2 2 2 2 2 2 2 2 2 2 2 2 2
left_child=4 2 5 -4 7 -2 12 -1 -9 -6 -8 -11 -3
right_child=1 6 3 -5 9 -7 10 8 -10 11 -12 -13 -14
leaf_value=0.012621331895380072 -0.010634217695139845 0.02575571468287231 0.00096039334817827769 -0.03047566777873251 0.0020256920086085136 0.019913026863534408 -0.013275587898010439 0.0097440209652636407 -0.020479305426706465 0.033485314275123801 0.0067413553603474117 0.01185432745587146 0.0078134921865503186
leaf_weight=12.449718773365019 7.7234292775392559 7.8014808595180494 13.630996882915495 20.300929427146912 13.378541871905325 10.697264105081556 7.649879157543185 8.424759656190874 13.648707062005995 10.828291416168215 10.800754278898237 12.86480776965618 7.360472559928894
leaf_count=51 31 32 55 82 54 43 31 34 55 44 44 52 30
internal_value=0.00278258 -0.00211919 -0.00920257 -0.0180793 0.00876968 0.00658351 0.00838941 -0.000178541 -0.00846972 0.0170693 -0.00131113 0.024161 0.0198452
internal_weight=157.56 85.9652 52.3526 33.9319 71.5948 18.4207 33.6126 34.5232 22.0735 37.0716 18.4506 23.6931 15.162
internal_count=638 348 211 137 290 74 137 140 89 150 75 96 62
is_linear=0
shrinkage=0.03


Tree=25
num_leaves=8
num_cat=0
split_feature=12 1 12 40 15 27 21
split_gain=8.09929 6.92931 11.7276 7.75679 4.36576 4.30376 3.32452
threshold=33.241671910748948 -0.010155153162339168 51.38788653885458 -0.01535607094130753 -1.9987698428393856 2.5000000000000004 0.017426835752452109
decision_type=2 2 2 2 2 2 2
left_child=-1 4 5 -4 -2 -3 -6
right_child=1 2 3 -5 6 -7 -8
leaf_value=0.020461967335455921 0.023739772023930086 -0.030424140574796928 0.023822159333546217 -0.0033916614031112989 0.011827773168413493 -0.0027962559848794962 -0.0078623048111067621
leaf_weight=14.350040465593336 10.387983247637747 17.381665781140331 8.8436801582574827 69.924252822995186 12.860579282045366 9.1930639147758466 13.598187536001204
leaf_count=59 42 70 36 283 52 37 55
internal_value=0.000379588 -0.00179884 -0.00579073 0 0.00893814 -0.0222564 0.00133983
internal_weight=156.539 142.189 105.343 78.7679 36.8468 26.5747 26.4588
internal_count=634 575 426 319 149 107 107
is_linear=0
shrinkage=0.03


Tree=26
num_leaves=13
num_cat=0
split_feature=6 18 3 23 40 3 35 38 40 18 16 23
split_gain=7.13969 7.91334 6.72413 6.05751 5.98379 5.37686 7.89746 7.59621 5.17995 3.78099 2.48594 0.893277
threshold=-0.0027847660685001992 0.86257936515010869 0.02484905515506575 0.80028109434315664 0.029387897290944934 -0.035839804349717445 0.049513121814335877 0.010231198870788815 0.059408230237293809 0.9837537782400142 0.65767467273012159 1.1204465872951683
decision_type=2 2 2 2 2 2 2 2 2 2 2 2
left_child=5 2 3 -2 11 7 8 -1 -7 -6 -4 -3
right_child=1 4 10 -5 9 6 -8 -9 -10 -11 -12 -13
leaf_value=-0.024506567661190727 -0.020439625841436569 0.02671520790099308 -0.0065621115332095371 0.0028147593626564934 0.0066757402282220024 0.028789430874570823 -0.0070133947601445246 0.010579144662703426 0 -0.017515879654307044 -0.033477897139426033 0.0066337569806149861
leaf_weight=7.4398541599512127 11.811608627438543 7.8356214314699155 7.6846768409013775 33.314083859324455 10.352861404418947 22.421501144766811 9.3878047913312894 11.07804700732231 7.6307620406150809 8.4404706358909589 11.150573104619978 7.893176481127739
leaf_count=30 48 32 31 135 42 91 38 45 31 34 45 32
internal_value=0.000379129 -0.00441596 -0.0106382 -0.00356289 0.00665295 0.0086527 0.0147631 -0.00380077 0.0220468 -0.00410754 -0.0249004 0.019369
internal_weight=156.441 98.4831 63.9609 45.1257 34.5221 57.958 39.4401 18.5179 30.0523 18.7933 18.8352 15.7288
internal_count=634 399 259 183 140 235 160 75 122 76 76 64
is_linear=0
shrinkage=0.03


Tree=27
num_leaves=8
num_cat=0
split_feature=12 35 37 10 35 37 11
split_gain=7.589 7.3895 7.80288 10.0989 7.47305 3.42323 4.05735
threshold=33.241671910748948 0.049513121814335877 0.015780802731200087 0.019118266913597307 0.014752023384207781 -1.0000000180025095e-35 0.040081086117221061
decision_type=2 2 2 2 2 2 2
left_child=-1 2 4 -4 -2 -3 -7
right_child=1 5 3 -5 -6 6 -8
leaf_value=0.019828857559644111 0 -0.029330793632608761 -0.016895476807853905 0.0052730540085439799 0.025428783928605123 0.0034582112636154612 -0.020856400011797293
leaf_weight=14.301693618297575 24.17961597442627 8.4532737582922 30.24781633913517 40.353938087821007 17.771468609571457 13.112647876143457 7.9304921180009833
leaf_count=59 98 34 122 164 72 53 32
internal_value=0.000355676 -0.00174886 0.00169819 -0.00422177 0.0117412 -0.014651 -0.00606912
internal_weight=156.351 142.049 112.553 70.6018 41.9511 29.4964 21.0431
internal_count=634 575 456 286 170 119 85
is_linear=0
shrinkage=0.03


Tree=28
num_leaves=8
num_cat=0
split_feature=12 1 12 37 27 3 6
split_gain=7.21382 6.38279 10.9019 4.8245 4.14187 3.77846 3.31839
threshold=33.241671910748948 -0.010155153162339168 51.38788653885458 0.0010416888743827182 2.5000000000000004 -0.035839804349717445 -0.0058959557901810235
decision_type=2 2 2 2 2 2 2
left_child=-1 5 4 -4 -3 -2 -7
right_child=1 2 3 -5 -6 6 -8
leaf_value=0.019356758752500966 -0.0060724493156322145 -0.029440047491636534 0.017550244097909697 -0.0028162522455958744 -0.0024080191121420404 0.020791668973925058 0
leaf_weight=14.260394290089605 9.1710439175367338 17.345025524497036 10.284690245985983 68.392264887690544 9.1870712190866453 18.46312128007412 9.1356279253959674
leaf_count=59 37 70 42 277 37 75 37
internal_value=0.000342945 -0.00170498 -0.00554151 2.92145e-05 -0.0214305 0.00860513 0.01407
internal_weight=156.239 141.979 105.209 78.677 26.5321 36.7698 27.5987
internal_count=634 575 426 319 107 149 112
is_linear=0
shrinkage=0.03


Tree=29
num_leaves=8
num_cat=0
split_feature=12 12 40 6 0 27 2
split_gain=6.85693 5.25031 10.2603 8.04677 7.1442 3.44219 0.0184068
threshold=33.241671910748948 46.209587679377258 -0.01535607094130753 -0.0027847660685001992 -0.016190421490186954 2.5000000000000004 0.0054134530203781015
decision_type=2 2 2 2 2 2 2
left_child=-1 4 6 -4 -2 -6 -3
right_child=1 2 3 -5 5 -7 -8
leaf_value=0.0188979295082711 0.0097916365588209108 0.010522648991457667 0.010687093964916662 -0.0078281417064573807 -0.028972504339803262 -0.0019987772804402342 0.028629175093907208
leaf_weight=14.217637956142424 7.4237038642168072 7.3885630816221219 27.561890661716461 69.914519488811493 14.122877389192583 7.9311536848545066 7.5690561830997467
leaf_count=59 30 30 112 283 57 32 31
internal_value=0.000332028 -0.00166058 0.00122971 -0.00233248 -0.0125389 -0.0208684 0.0228656
internal_weight=156.129 141.912 112.434 97.4764 29.4777 22.054 14.9576
internal_count=634 575 456 395 119 89 61
is_linear=0
shrinkage=0.03


Tree=30
num_leaves=12
num_cat=0
split_feature=37 19 19 19 37 20 22 26 5 5 25
split_gain=12.0412 7.41047 10.5765 9.77703 5.40058 4.9567 4.03999 3.73151 3.06738 3.03522 2.36474
threshold=0.015780802731200087 0.13180180810025738 0.07403928973815968 0.18483767504359058 0.047235387141791103 0.029445385376626925 -0.16261126198963297 0.34577084532965191 -0.084030198130362374 0.075530593793860304 0.28281425193830018
decision_type=2 2 2 2 2 2 2 2 2 2 2
left_child=5 2 -2 4 -3 6 10 -8 -7 -4 -1
right_child=1 3 9 -5 -6 8 7 -9 -10 -11 -12
leaf_value=0.010217615870630435 0.0037813464973606003 0.022664293180910237 -0.029820330486867819 -0.021176213425057776 -0.0046202512624318702 0.004714593500160456 0.024039389979160226 0.0018087138192522405 -0.017435758605046533 -0.0045042762005029621 -0.010295618757503283
leaf_weight=7.8788171559572246 14.666367158293722 14.373014107346537 26.699069812893867 9.3723687678575498 8.6021168678998929 9.9067650884389895 23.814612805843353 11.776962652802466 7.9413122087717047 7.6781378835439673 8.3483248054981214
leaf_count=32 59 59 108 38 35 41 97 48 32 31 34
internal_value=-0.00142057 -0.00923495 -0.0163858 0.00149282 0.0122962 0.00750254 0.0121683 0.0175701 -0.00514905 -0.0251369 0
internal_weight=151.058 81.3911 49.0436 32.3475 22.9751 69.6668 51.8187 35.5916 17.8481 34.3772 16.2271
internal_count=614 330 198 132 94 284 211 145 73 139 66
is_linear=0
shrinkage=0.03


Tree=31
num_leaves=10
num_cat=0
split_feature=24 34 28 23 24 40 9 9 26
split_gain=5.5855 8.78434 6.14105 6.98777 4.64802 3.894 3.81145 3.82985 1.97969
threshold=-0.4492350608076574 -0.0035264739107390693 10.500000000000002 0.85131162543101124 -0.22580711319176519 -0.018698851471578289 -0.013861836035703573 0.017969832813856539 0.21052716114993822
decision_type=2 2 2 2 2 2 2 2 2
left_child=6 4 3 -3 -2 -6 -1 -8 -9
right_child=1 2 -4 -5 5 -7 7 8 -10
leaf_value=0.020522066502398906 -0.01183546306727137 0.0013911581493952522 0.0082581936971343976 -0.021031039768236962 0.02532109432241416 0.0028570608932893516 -0.014232468922651689 0.015088489335902008 -0.0018920630216517653
leaf_weight=12.231342777609823 8.3918241262435895 15.203354999423025 9.8579363822936994 43.871396392583847 9.4635342061519605 24.075546368956566 7.9181562960147884 12.060447350144388 7.8485837280750266
leaf_count=50 34 62 40 178 39 98 32 49 32
internal_value=-0.0013842 -0.00492709 -0.0114597 -0.0151583 0.00550357 0.0106859 0.00783226 0.000749548 0.00814809
internal_weight=150.922 110.864 68.9327 59.0748 41.9309 33.5391 40.0585 27.8272 19.909
internal_count=614 451 280 240 171 137 163 113 81
is_linear=0
shrinkage=0.03


Tree=32
num_leaves=6
num_cat=0
split_feature=36 31 26 35 23
split_gain=5.06064 5.1292 4.5943 6.15017 3.95965
threshold=0.0091068663335226573 3.5000000000000004 0.21052716114993822 0.051993885499260213 0.95699022361958663
decision_type=2 2 2 2 2
left_child=1 2 4 -4 -1
right_child=-2 -3 3 -5 -6
leaf_value=0.012627000650883928 0.016471107944165338 -0.024242847450249298 -0.0014903542949298916 -0.022505941852249512 -0.0024407576509924899
leaf_weight=27.80241721868515 10.954440146684645 7.6626358181238166 60.556360185146332 14.58853082358837 29.281427726149559
leaf_count=113 45 31 247 59 119
internal_value=-0.00132475 -0.00303653 -0.00135297 -0.00624243 0.00482306
internal_weight=150.846 139.891 132.229 75.1449 57.0838
internal_count=614 569 538 306 232
is_linear=0
shrinkage=0.03


Tree=33
num_leaves=12
num_cat=0
split_feature=37 19 19 19 37 20 35 38 7 5 5
split_gain=11.0118 7.05876 9.86779 9.18498 5.09969 4.83507 4.85828 5.76772 4.51716 2.89394 2.87415
threshold=0.015780802731200087 0.13180180810025738 0.07403928973815968 0.18483767504359058 0.047235387141791103 0.029445385376626925 0.049513121814335877 0.0086036551253023657 -0.0063389627144715037 0.075530593793860304 -0.084030198130362374
decision_type=2 2 2 2 2 2 2 2 2 2 2
left_child=5 2 -2 4 -3 6 7 -1 -8 -4 -7
right_child=1 3 9 -5 -6 10 8 -9 -10 -11 -12
leaf_value=0.0015527493535573958 0.0036786399333080112 0.022240423217892727 -0.02882120409422697 -0.020259960093994018 -0.0042579911044604889 0.0043012549134259 0.013433723286092459 0.027558235951939576 -0.014200572802615595 -0.0041425622217754641 -0.017122965045143608
leaf_weight=13.987760812044142 14.652714118361471 14.341522425413133 26.613718420267105 9.3937220275402051 8.6106852293014509 9.8758526146411914 8.0989289432764071 20.485857620835304 9.1370530873537046 7.6714709401130667 7.9382286518812171
leaf_count=57 59 59 108 38 35 41 33 84 37 31 32
internal_value=-0.00129668 -0.00877795 -0.0157739 0.00167198 0.0121537 0.00724122 0.0118602 0.0180814 -0.000389183 -0.0242453 -0.00525338
internal_weight=150.808 81.2838 48.9379 32.3459 22.9522 69.5237 51.7096 34.4736 17.236 34.2852 17.8141
internal_count=614 330 198 132 94 284 211 141 70 139 73
is_linear=0
shrinkage=0.03


Tree=34
num_leaves=9
num_cat=0
split_feature=37 14 28 36 28 35 35 4
split_gain=10.4382 4.82162 6.35199 4.2699 3.27532 6.68894 5.81311 2.78643
threshold=0.015780802731200087 -5.0154290758790969 2.5000000000000004 0.0046974965567453519 10.500000000000002 0.049513121814335877 0.013860247276322292 0.044832810013682119
decision_type=2 2 2 2 2 2 2 2
left_child=4 -2 7 -4 5 6 -1 -3
right_child=1 2 3 -5 -6 -7 -8 -9
leaf_value=0 0.01120230377901929 -0.0065648045933011821 -0.0024535464980104528 -0.021041400263964682 0.019132630940660412 -0.014084144856754093 0.021857954696070301 0.015612175981807289
leaf_weight=25.82064950466156 7.6353164762258521 7.3660020530223838 18.69695770740509 39.22524219751358 14.245161950588225 12.815660178661345 16.558733686804771 8.2666432261466962
leaf_count=106 31 30 76 159 58 52 68 34
internal_value=-0.00126245 -0.00855247 -0.0110439 -0.0155738 0.00705195 0.00311181 0.00905028 0.00475247
internal_weight=150.63 81.1902 73.5548 57.9222 69.4402 55.195 42.3794 15.6326
internal_count=614 330 299 235 284 226 174 64
is_linear=0
shrinkage=0.03


Tree=35
num_leaves=10
num_cat=0
split_feature=14 19 14 35 34 19 13 22 11
split_gain=4.27283 11.3964 7.86887 5.18959 5.11088 7.9127 4.32302 1.73844 1.17996
threshold=11.762519313369355 0.12228168739376534 8.2753139190879796 0.02858149872301308 0.041054633164279715 0.07403928973815968 -0.10292973879541732 -0.040199652934050138 0.071718160812814694
decision_type=2 2 2 2 2 2 2 2 2
left_child=2 -2 4 8 5 -1 -5 -4 -3
right_child=1 3 7 6 -6 -7 -8 -9 -10
leaf_value=0.017496365620026471 -0.025148481599664426 0.0033270957738546058 0.0062116998123243018 -0.019623388154648133 -0.018260039827076874 -0.0027613160930241368 0.0060541633178029545 0.031118255187002491 0.023716455264644529
leaf_weight=21.881052568554878 17.283196479082108 7.3628408461809141 7.4323542863130561 9.1246188431978226 9.8271822482347471 59.277760952711105 9.8351842314004898 8.1237871646881086 7.24146868288517
leaf_count=89 70 30 30 37 40 242 40 33 30
internal_value=0.000251066 -0.00664684 0.00374311 0.00333694 2.86015e-05 0.00280938 -0.0062811 0.0221362 0.0159793
internal_weight=157.389 50.8473 106.542 33.5641 90.986 81.1588 18.9598 15.5561 14.6043
internal_count=641 207 434 137 371 331 77 63 60
is_linear=0
shrinkage=0.03


Tree=36
num_leaves=9
num_cat=0
split_feature=36 36 37 36 23 25 15 0
split_gain=5.25288 4.53525 7.87763 5.0054 7.56843 5.1628 4.12251 1.32165
threshold=0.0038473320585218677 0.0047909640408616673 0.018683688577337935 0.0065588722432226897 0.97654939160855936 0.23529587760808626 18.992621428861078 0.0023379395429083964
decision_type=2 2 2 2 2 2 2 2
left_child=7 2 -2 4 -3 -5 -4 -1
right_child=1 3 6 5 -6 -7 -8 -9
leaf_value=-0.020761102561671664 0.035233703475242531 0.0043273371561628965 -0.012658131795344793 0.01338676759200553 -0.017033501082395149 -0.0032281550218783107 0.014951248876696938 -0.001511053660149902
leaf_weight=9.903022378683092 7.6238081902265575 26.556619450449944 8.183308541774748 33.358543634414673 28.231162264943123 28.759934589266777 7.2985917478799811 7.3581818938255301
leaf_count=40 32 108 33 136 115 117 30 30
internal_value=0.000255009 0.00233696 0.0139094 -1.95923e-05 -0.00662763 0.00559961 0 -0.0143429
internal_weight=157.273 140.012 23.1057 116.906 54.7878 62.1185 15.4819 17.2612
internal_count=641 571 95 476 223 253 63 70
is_linear=0
shrinkage=0.03


Tree=37
num_leaves=10
num_cat=0
split_feature=36 3 19 5 21 20 7 16 16
split_gain=5.01003 4.50822 6.03514 4.50935 4.44259 3.59838 3.43139 2.71352 1.40509
threshold=0.0038473320585218677 0.017943484063455254 0.13263665972627839 0.063325598030792421 0.014388116264680303 0.021783120299315312 -0.035232377815577906 0.22407909704471987 -2.4250352500800649
decision_type=2 2 2 2 2 2 2 2 2
left_child=8 2 4 7 -2 -5 -4 -3 -1
right_child=1 3 6 5 -6 -7 -8 -9 -10
leaf_value=-0.021026924744856335 0.0091567466474756463 0 0 0.01445734217071791 -0.0068032165354357001 -0.0052179314949022462 0.024663052091433799 -0.019508865508854105 -0.0016305741855636401
leaf_weight=9.3474023789167422 28.818591058254242 10.37110184133053 7.7062602937221554 13.224991053342821 29.5469631254673 15.516504570841787 18.230072021484375 16.513304859399796 7.9101055115461341
leaf_count=38 117 42 32 54 120 63 76 67 32
internal_value=0.000246872 0.00228326 0.00666279 -0.00409457 0.00087098 0.00369901 0.018164 -0.012625 -0.0140081
internal_weight=157.185 139.928 84.3019 55.6259 58.3656 28.7415 25.9363 26.8844 17.2575
internal_count=641 571 345 226 237 117 108 109 70
is_linear=0
shrinkage=0.03


Tree=38
num_leaves=9
num_cat=0
split_feature=36 36 37 14 14 37 11 0
split_gain=4.77532 4.3013 7.59187 7.34564 8.63704 6.63341 3.94217 1.25745
threshold=0.0038473320585218677 0.0047909640408616673 0.018683688577337935 11.762519313369355 8.0314474738372628 0.031526467417949296 0.063711233912096113 0.0023379395429083964
decision_type=2 2 2 2 2 2 2 2
left_child=7 2 -2 4 -3 -5 -4 -1
right_child=1 3 6 5 -6 -7 -8 -9
leaf_value=-0.019929269792542788 0.034543575015885453 3.0028271775281548e-05 -0.012470809301297656 -0.025023170847933016 0.026213662836406044 0.0018070254072037745 0.014555582099636867 -0.0012236339666042604
leaf_weight=9.8934976756572741 7.5565143674612072 76.24843142926693 8.1816906332969648 15.539436504244806 11.566170424222944 13.434837028384207 7.2723416537046424 7.357410565018653
leaf_count=40 32 311 33 63 47 55 30 30
internal_value=0.000230086 0.00222197 0.0135186 -6.76199e-05 0.00415265 -0.0127848 0 -0.0136866
internal_weight=157.05 139.799 23.0105 116.789 87.8146 28.9743 15.454 17.2509
internal_count=641 571 95 476 358 118 63 70
is_linear=0
shrinkage=0.03


Tree=39
num_leaves=10
num_cat=0
split_feature=36 19 14 31 3 19 36 40 16
split_gain=4.56137 4.28832 9.18162 5.48609 4.89047 4.70091 4.13123 3.59897 1.3406
threshold=0.0038473320585218677 0.13180180810025738 11.481998907266133 -1.4999999999999998 0.021771743295676552 0.1781576579628443 0.0050331300533814202 0.034141347335333035 -2.4250352500800649
decision_type=2 2 2 2 2 2 2 2 2
left_child=8 2 3 -2 7 -6 -4 -3 -1
right_child=1 4 6 -5 5 -7 -8 -9 -10
leaf_value=-0.020209129421937585 0.017348552189071161 0.0061645608070168651 -0.00021927517582241994 -0.0013744699156594655 0.010558299546381386 -0.013853270392320444 -0.029366405635648567 0.029851635806563949 -0.0013365901628484627
leaf_weight=9.3339715301990527 16.712538436055183 17.231127545237545 8.1563868373632449 51.428172409534454 12.964264810085298 11.383565351366995 11.286437287926672 10.528713151812552 7.9101462662219992
leaf_count=38 68 72 33 209 53 46 46 44 32
internal_value=0.000230582 0.0021804 -0.00174365 0.00336752 0.00887388 -0.000470967 -0.0189995 0.017055 -0.0133701
internal_weight=156.935 139.691 87.5835 68.1407 52.1077 24.3478 19.4428 27.7598 17.2441
internal_count=641 571 356 277 215 99 79 116 70
is_linear=0
shrinkage=0.03


Tree=40
num_leaves=12
num_cat=0
split_feature=11 3 9 14 18 10 35 3 19 3 19
split_gain=11.298 10.3972 9.40878 6.67537 7.32522 5.75695 6.15525 5.66912 6.28798 4.86848 3.86303
threshold=0.036265362928886942 0.018260055796398115 0.062577716572915457 -1.5938868896276686 0.72133609034666113 0.025774632302862924 0.02641543739392305 -0.014714127802642972 0.079868342314731708 -0.044256751842430879 0.07877990661137875
decision_type=2 2 2 2 2 2 2 2 2 2 2
left_child=1 3 10 9 -5 7 -7 -2 -9 -1 -3
right_child=5 2 -4 4 -6 6 -8 8 -10 -11 -12
leaf_value=0 -0.0011356937166399155 0 0.016390567921506678 -0.010337517342667375 0.020668361443146509 0.012758928667294098 -0.01419912710068171 -0.0059640562944330141 -0.041409057639617511 0.026962845004817299 -0.023783359962962151
leaf_weight=7.7763418555259696 11.518297225236891 7.6539538502693203 8.2523243427276594 17.45005933940411 8.567826032638548 12.650046169757845 13.727919057011603 9.3633071929216403 12.207733094692228 24.506210625171661 18.437342151999474
leaf_count=32 47 31 34 71 35 52 56 38 50 101 75
internal_value=-0.0019438 0.0044725 -0.00807533 0.0121356 8.40293e-05 -0.0120041 -0.000754241 -0.0199905 -0.0284714 0.0208394 -0.0169636
internal_weight=152.111 92.6441 34.3436 58.3004 26.0179 59.4673 26.378 33.0893 21.571 32.2826 26.0913
internal_count=622 379 140 239 106 243 108 135 88 133 106
is_linear=0
shrinkage=0.03


Tree=41
num_leaves=12
num_cat=0
split_feature=11 3 17 15 15 13 37 14 16 11 25
split_gain=10.7583 9.82913 8.52875 7.57236 5.61731 4.83035 4.39948 4.10846 3.18782 2.5082 0.303166
threshold=0.036265362928886942 0.018260055796398115 -1.7675204305959207 -2.7250629427429653 31.843618864761748 -1.3733442499765613 0.03026274642689231 -1.5938868896276686 0.37345748023175235 0.05938064997636739 0.22580819819301998
decision_type=2 2 2 2 2 2 2 2 2 2 2
left_child=1 2 -1 10 5 9 -5 -4 -7 -2 -3
right_child=4 3 7 6 -6 8 -8 -9 -10 -11 -12
leaf_value=-0.014179017273944322 0.0055246583259394308 -0.0098907780030543652 0.023607019176198295 0.016886208039643417 0.0049807198578247268 -0.032432415472360268 -0.0088768799267794178 0.0049040569600986884 -0.0077797575161124601 -0.013546264012677259 -0.029286984303804366
leaf_weight=7.6054174602031699 10.066124975681307 7.6178592741489393 29.036492243409157 9.9237485527992266 12.100811526179312 16.332396611571316 9.4076131135225278 21.574071243405342 11.069610744714735 9.8336293995380384 7.3674589246511459
leaf_count=31 41 31 120 41 50 67 38 88 45 40 30
internal_value=-0.00189656 0.00436571 0.0118256 -0.00783083 -0.0117202 -0.0163256 0.00398863 0.016409 -0.0241903 -0.00359092 -0.0226356
internal_weight=151.935 92.5327 58.216 34.3167 59.4026 47.3018 19.3314 50.6106 27.402 19.8998 14.9853
internal_count=622 379 239 140 243 193 79 208 112 81 61
is_linear=0
shrinkage=0.03


Tree=42
num_leaves=10
num_cat=0
split_feature=11 3 9 17 38 15 38 20 23
split_gain=10.1652 9.34004 8.73472 8.11747 6.83635 5.34775 4.87349 6.23475 3.70542
threshold=0.036265362928886942 0.018260055796398115 0.062577716572915457 -1.7675204305959207 0.0092204800398333116 31.843618864761748 0.0065472970197277798 0.018856439980739562 0.80028109434315664
decision_type=2 2 2 2 2 2 2 2 2
left_child=1 3 4 -1 -3 6 -2 -8 -5
right_child=5 2 -4 8 -6 -7 7 -9 -10
leaf_value=-0.01383738727151846 0.0020250526292834997 0.0012363151477077939 0.015913551249690829 0.0012875854984037895 -0.027832646848697535 0.0048550941065157093 4.5085750268822072e-05 -0.026801844709189344 0.020803927135126191
leaf_weight=7.6087165325880042 9.1232113987207395 10.586909070611002 8.2229345440864545 13.868649557232855 15.47665314376354 12.093368217349051 8.8893434703350049 29.233721926808357 36.653591960668564
leaf_count=31 37 43 34 57 63 50 36 120 151
internal_value=-0.00186813 0.00422001 -0.00766613 0.0115019 -0.0162438 -0.011423 -0.0159221 -0.0204778 0.0159852
internal_weight=151.757 92.4175 34.2865 58.131 26.0636 59.3396 47.2463 38.1231 50.5222
internal_count=622 379 140 239 106 243 193 156 208
is_linear=0
shrinkage=0.03


Tree=43
num_leaves=12
num_cat=0
split_feature=11 3 9 38 14 33 10 35 3 20 3
split_gain=9.57726 8.80565 8.30538 6.50744 6.02579 5.36013 5.12419 5.92949 5.43841 5.77077 4.46313
threshold=0.036265362928886942 0.018260055796398115 0.062577716572915457 0.0092204800398333116 -1.5938868896276686 0.70141421430702533 0.025774632302862924 0.02641543739392305 -0.014714127802642972 0.018856439980739562 -0.044256751842430879
decision_type=2 2 2 2 2 2 2 2 2 2 2
left_child=1 4 3 -3 10 -6 8 -8 -2 -10 -1
right_child=6 2 -4 -5 5 -7 7 -9 9 -11 -12
leaf_value=0 -0.00034397548083072842 0.0012051465749186869 0.015554206039402638 -0.027135674393419275 -0.010662013444756464 0.014995547298221321 0.012775820201431424 -0.013700908434317061 -0.0026404649536038174 -0.037502999618497339 0.025372935039441973
leaf_weight=7.7568927556276313 11.506719395518301 10.586625680327417 8.20696774125099 15.449711084365843 15.219575092196466 10.748122870922087 12.639842092990877 13.733742505311964 7.6457630395889309 13.755436688661574 24.323638558387756
leaf_count=32 47 43 34 63 62 44 52 56 31 57 101
internal_value=-0.00180832 0.0041023 -0.00743805 -0.0158131 0.0111809 0 -0.0110885 -0.000476872 -0.0186488 -0.0269792 0.0194781
internal_weight=151.573 92.2915 34.2433 26.0363 58.0482 25.9677 59.2815 26.3736 32.9079 21.4012 32.0805
internal_count=622 379 140 106 239 106 243 108 135 88 133
is_linear=0
shrinkage=0.03


Tree=44
num_leaves=13
num_cat=0
split_feature=3 15 38 4 19 13 26 28 18 21 34 21
split_gain=6.58664 13.1832 10.0299 6.39506 5.9519 4.3897 4.05256 3.91514 2.75852 2.33685 2.09459 0.358191
threshold=0.018260055796398115 -0.59491239185721967 0.0086748448256104092 0.018461911043187177 0.088176255486572722 -1.1214266128772754 0.26978023407530999 3.5000000000000004 0.74217765808548852 0.023201928810539795 -0.00039914322828238363 0.019919120195608021
decision_type=2 2 2 2 2 2 2 2 2 2 2 2
left_child=1 6 7 4 -3 -4 11 -2 -5 -7 -8 -1
right_child=2 3 5 8 -6 9 10 -9 -10 -11 -12 -13
leaf_value=0.036565611445925648 0.018394017895949154 0.0014340129533905596 -0.00041031927981218744 -0.0030340549340826892 -0.020717319317636079 -0.033392294369595628 0.014685535788196839 -0.0046505069019376127 0.01571851981978618 -0.009110911669855894 -0.0050392734080814162 0.014704935082544002
leaf_weight=7.2482971549034181 9.3714318126440066 16.206072419881821 9.5253282934427244 10.473678320646288 24.31745083630085 15.078514769673349 7.116155132651329 12.862868160009382 12.667459160089491 9.5764697194099409 7.2865315526723844 9.6133142411708814
leaf_count=30 39 66 39 43 100 62 30 52 52 39 30 40
internal_value=-0.00176622 0.00293624 -0.00976546 -0.0047425 -0.0118551 -0.0196375 0.0183687 0.0051599 0.00706829 -0.025915 0.0043943 0.0277783
internal_weight=151.344 94.929 56.4146 63.6647 40.5235 34.1803 31.2643 22.2343 23.1411 24.655 14.4027 16.8616
internal_count=622 391 231 261 166 140 130 91 95 101 60 70
is_linear=0
shrinkage=0.03


Tree=45
num_leaves=8
num_cat=0
split_feature=8 10 4 4 16 32 11
split_gain=5.71299 5.71418 5.8587 5.71435 6.30789 5.64634 2.41823
threshold=-0.044753177379815171 0.019118266913597307 0.02162213211402975 0.01981403818350869 2.873861955688334 0.0022374442160494339 -0.003181841232580362
decision_type=2 2 2 2 2 2 2
left_child=-1 2 5 -3 -5 -2 -4
right_child=1 3 6 4 -6 -7 -8
leaf_value=0.018157718579038733 -0.0088690558505346209 -0.014034202290831752 -0.030116757433756542 0.022146307626612505 0.00065112422544242655 0.0089477965674571586 -0.0070031680813693502
leaf_weight=13.534234866499899 34.43241673707962 8.5684129744768125 8.82149785757065 20.131686240434647 31.329921677708626 26.281148001551628 12.81257790327072
leaf_count=57 141 35 36 83 128 108 53
internal_value=0.000828775 -0.000943309 -0.00610225 0.00586035 0.00985449 -0.000878074 -0.0188137
internal_weight=155.912 142.378 82.3476 60.03 51.4616 60.7136 21.6341
internal_count=641 584 338 246 211 249 89
is_linear=0
shrinkage=0.03


Tree=46
num_leaves=8
num_cat=0
split_feature=8 17 24 32 4 40 16
split_gain=5.43732 8.46476 7.2823 6.9915 7.17715 2.72091 2.55157
threshold=-0.044753177379815171 0.63627626590780639 0.67503122862040621 0.0018561457629437952 0.025351741107617069 -0.013730010174539007 -0.99885169248604122
decision_type=2 2 2 2 2 2 2
left_child=-1 3 6 4 -2 -5 -3
right_child=1 2 -4 5 -6 -7 -8
leaf_value=0.017728129531154262 -0.010974981909105166 -0.004242155847446403 0.0045284440498286728 0.027938439450728811 0.0097018953914425055 0.007573588763127536 -0.027755802653613076
leaf_weight=13.495387211441992 37.699622571468353 8.4473273903131503 12.751132041215895 7.198494777083396 21.94179293513298 36.98202757537365 17.278172209858894
leaf_count=57 154 35 52 30 90 152 71
internal_value=0.000797921 -0.000927224 -0.0126641 0.00343788 -0.00305674 0.0122828 -0.0214388
internal_weight=155.794 142.299 38.4766 103.822 59.6414 44.1805 25.7255
internal_count=641 584 158 426 244 182 106
is_linear=0
shrinkage=0.03


Tree=47
num_leaves=9
num_cat=0
split_feature=28 12 12 37 37 13 38 38
split_gain=4.35642 6.30951 4.61353 10.0172 4.28106 3.75256 2.64825 2.57206
threshold=2.5000000000000004 38.516790972365349 45.656704570578313 0.015780802731200087 0.0086100838215487103 -3.8026491934375737 0.007308374499656301 0.011218213690268221
decision_type=2 2 2 2 2 2 2 2
left_child=6 5 4 -4 -3 -2 -1 -7
right_child=1 2 3 -5 -6 7 -8 -9
leaf_value=0.02269795986968735 -0.0035655691264956774 -0.028177616912939494 0.011931602902556789 -0.008782943756751713 0 0.030367837336510422 0.0017416055624178623 0.0048747376302041437
leaf_weight=9.8956858813762683 8.0505755543708819 10.772080898284914 30.040150240063667 58.2327671200037 7.3330208659172049 7.605474159121516 13.873654767870901 9.8635260909795743
leaf_count=41 33 44 123 238 30 32 58 42
internal_value=0.000786877 -0.00129643 -0.00463454 -0.00145925 -0.0176846 0.0113989 0.0121328 0.0187236
internal_weight=155.667 131.898 106.378 88.2729 18.1051 25.5196 23.7693 17.469
internal_count=641 542 435 361 74 107 99 74
is_linear=0
shrinkage=0.03


Tree=48
num_leaves=6
num_cat=0
split_feature=8 38 5 34 5
split_gain=5.07504 5.65515 3.66457 5.1713 4.42408
threshold=-0.044753177379815171 0.013355755701430716 0.095046827193133968 0.034649501004426438 0.13687611987814322
decision_type=2 2 2 2 2
left_child=-1 2 3 -2 -4
right_child=1 -3 4 -5 -6
leaf_value=0.017172664788386263 0.0010144008533456827 -0.017389310974323006 0.01992915475492511 -0.018629550760927299 -0.0020930285526737733
leaf_weight=13.432320699095724 87.206130996346474 14.648445665836332 16.019033014774326 11.801601141691206 12.416048422455786
leaf_count=57 359 60 66 48 51
internal_value=0.000779649 -0.000882781 0.00113799 -0.00150114 0.0103148
internal_weight=155.524 142.091 127.443 99.0077 28.4351
internal_count=641 584 524 407 117
is_linear=0
shrinkage=0.03


Tree=49
num_leaves=11
num_cat=0
split_feature=17 12 24 32 4 9 38 12 38 9
split_gain=4.96783 6.26312 5.65495 5.18863 4.57792 4.98633 3.15623 2.40269 7.47483 0.663896
threshold=0.63627626590780639 38.909103109720213 0.67503122862040621 0.0018561457629437952 0.025351741107617069 -0.0042360186700885838 0.0090564419027431339 74.528937460037767 0.0070637372358144821 0.074738851668180492
decision_type=2 2 2 2 2 2 2 2 2 2
left_child=3 -2 9 4 5 -1 -6 8 -5 -3
right_child=1 2 -4 7 6 -7 -8 -9 -10 -11
leaf_value=0.0032080973690219714 0.011498790350340035 -0.026543623360710599 0.0022004462184281727 -0.0071162982997363703 0 -0.015912893715542883 0.020953546116247716 -0.00058833942400718299 0.022164568219752306 -0.0082484378457614287
leaf_weight=20.9144556671381 9.5684116184711439 14.49442206323147 11.530109673738478 8.5632282048463804 12.637976959347727 23.060454502701759 9.2550458014011365 9.0338964313268644 28.401966422796249 7.9700745791196814
leaf_count=86 41 60 47 35 52 94 38 37 118 33
internal_value=0.000753954 -0.00751189 -0.0136211 0.00417996 -0.00104946 -0.00674874 0.00937714 0.0117124 0.0149794 -0.0218708
internal_weight=155.43 43.563 33.9946 111.867 65.8679 43.9749 21.893 45.9991 36.9652 22.4645
internal_count=641 181 140 460 270 180 90 190 153 93
is_linear=0
shrinkage=0.03


end of trees

feature_importances:
bb_bandwidth=37
return_5d=27
macro_usdjpy_vol_20=26
macro_topix_vol_20=22
macro_topix_ret_20=21
ma_5_20_cross=19
rsi=19
div_ma_60=18
macd=18
macro_usdjpy_ret_20=15
macro_usdjpy_ret_60=15
month=14
macd_hist=13
atr_pct=13
macd_signal=12
return_20d=11
return_10d=10
ma_20_60_cross=10
macro_nikkei_ret_20=10
div_ma_10=9
lower_shadow_pct=8
rsi_change=7
macd_hist_change=7
vol_ratio=7
candle_body_pct=7
bb_pct_b=6
volatility=6
upper_shadow_pct=6
price_position_20d=6
return_2d=5
div_ma_5=5
div_ma_20=5
vol_change=4
day_of_week=4
gap=4
return_1d=3
streak=2
return_3d=1

parameters:
[boosting: gbdt]
[objective: binary]
[metric: binary_logloss]
[tree_learner: serial]
[device_type: cpu]
[data_sample_strategy: bagging]
[data: ]
[valid: ]
[num_iterations: 50]
[learning_rate: 0.03]
[num_leaves: 15]
[num_threads: 0]
[seed: 42]
[deterministic: 0]
[force_col_wise: 0]
[force_row_wise: 0]
[histogram_pool_size: -1]
[max_depth: 4]
[min_data_in_leaf: 30]
[min_sum_hessian_in_leaf: 0.001]
[bagging_fraction: 0.7]
[pos_bagging_fraction: 1]
[neg_bagging_fraction: 1]
[bagging_freq: 5]
[bagging_seed: 400]
[bagging_by_query: 0]
[feature_fraction: 0.6]
[feature_fraction_bynode: 1]
[feature_fraction_seed: 30056]
[extra_trees: 0]
[extra_seed: 12879]
[early_stopping_round: 0]
[early_stopping_min_delta: 0]
[first_metric_only: 0]
[max_delta_step: 0]
[lambda_l1: 0.5]
[lambda_l2: 2]
[linear_lambda: 0]
[min_gain_to_split: 0]
[drop_rate: 0.1]
[max_drop: 50]
[skip_drop: 0.5]
[xgboost_dart_mode: 0]
[uniform_drop: 0]
[drop_seed: 17869]
[top_rate: 0.2]
[other_rate: 0.1]
[min_data_per_group: 100]
[max_cat_threshold: 32]
[cat_l2: 10]
[cat_smooth: 10]
[max_cat_to_onehot: 4]
[top_k: 20]
[monotone_constraints: ]
[monotone_constraints_method: basic]
[monotone_penalty: 0]
[feature_contri: ]
[forcedsplits_filename: ]
[refit_decay_rate: 0.9]
[cegb_tradeoff: 1]
[cegb_penalty_split: 0]
[cegb_penalty_feature_lazy: ]
[cegb_penalty_feature_coupled: ]
[path_smooth: 0]
[interaction_constraints: ]
[verbosity: -1]
[saved_feature_importance_type: 0]
[use_quantized_grad: 0]
[num_grad_quant_bins: 4]
[quant_train_renew_leaf: 0]
[stochastic_rounding: 1]
[linear_tree: 0]
[max_bin: 255]
[max_bin_by_feature: ]
[min_data_in_bin: 5]
[bin_construct_sample_cnt: 200000]
[data_random_seed: 175]
[is_enable_sparse: 1]
[enable_bundle: 1]
[use_missing: 1]
[zero_as_missing: 0]
[feature_pre_filter: 1]
[pre_partition: 0]
[two_round: 0]
[header: 0]
[label_column: ]
[weight_column: ]
[group_column: ]
[ignore_column: ]
[categorical_feature: ]
[forcedbins_filename: ]
[precise_float_parser: 0]
[parser_config_file: ]
[objective_seed: 16083]
[num_class: 1]
[is_unbalance: 0]
[scale_pos_weight: 1]
[sigmoid: 1]
[boost_from_average: 1]
[reg_sqrt: 0]
[alpha: 0.9]
[fair_c: 1]
[poisson_max_delta_step: 0.7]
[tweedie_variance_power: 1.5]
[lambdarank_truncation_level: 30]
[lambdarank_norm: 1]
[label_gain: ]
[lambdarank_position_bias_regularization: 0]
[eval_at: ]
[multi_error_top_k: 1]
[auc_mu_weights: ]
[num_machines: 1]
[local_listen_port: 12400]
[time_out: 120]
[machine_list_filename: ]
[machines: ]
[gpu_platform_id: -1]
[gpu_device_id: -1]
[gpu_use_dp: 0]
[num_gpu: 1]

end of parameters

pandas_categorical:[]
