tree
version=v4
num_class=1
num_tree_per_iteration=1
label_index=0
max_feature_idx=44
objective=binary sigmoid:1
feature_names=return_1d return_2d return_3d return_5d return_10d return_20d div_ma_5 div_ma_10 div_ma_20 div_ma_60 ma_5_20_cross ma_20_60_cross rsi rsi_change macd macd_signal macd_hist macd_hist_change bb_pct_b bb_bandwidth atr_pct volatility vol_change vol_ratio candle_body_pct upper_shadow_pct lower_shadow_pct day_of_week month is_month_end is_month_start streak gap price_position_20d macro_usdjpy_ret_20 macro_usdjpy_ret_60 macro_usdjpy_vol_20 macro_topix_ret_20 macro_topix_vol_20 macro_topix_above_200dma macro_nikkei_ret_20 macro_nikkei_above_200dma macro_nikkei_vi macro_jgb10y macro_bias_score
feature_infos=[-0.13315672211299667:0.18375905451772789] [-0.23573373903695505:0.20556176559404071] [-0.24484614445612984:0.18264234039263316] [-0.24484614445612984:0.28399713183885789] [-0.27415895585432071:0.30029538975985903] [-0.30276987769386987:0.39299173168555201] [-0.18255698851622831:0.13694617356279751] [-0.21421252261404758:0.16716159831597932] [-0.24787489475230859:0.17333635642217426] [-0.21367753166111042:0.24647248667973792] [-0.12299490320019124:0.12749700819294851] [-0.047534500847389194:0.15416186075587412] [8.6956521739130466:100] [-32.433717366419259:29.168704785933102] [-90.421937644739501:173.20083926895404] [-57.815793954513026:154.68228034413204] [-70.632522688273497:58.455384641274719] [-28.138394061204309:33.805036117528608] [-0.3515976059396238:1.5405585324755198] [0.024355525709514457:0.37528344813001019] [0.011257294902905925:0.065590007111230308] [0.0060403110543254725:0.059754952478503605] [-0.81259490844126847:6.2639879319802523] [0.40930541984574126:2.0844033179841288] [-1:1] [0:1] [0:0.89655172413793105] [0:4] [1:12] none [0:1] [-7:14] [-0.099983224291226303:0.16012199771254298] [0:1] [-0.10288784967882303:0.08505611680078462] [-0.13986255140503889:0.13160084488587853] [0.0024251968629527628:0.011841457708833433] [-0.22586491944566001:0.19897857359448179] [0.0040695656242548776:0.036437272436454948] [0:1] [-0.22859537662338159:0.23022297972565586] [0:1] none none none
tree_sizes=1174 985 1091 1180 1070 1001 976 994 1001 896 964 979 1294 1273 827 996 875 785 793 885 766 1281 995 990 862 828 1091 871 1406 1000 764 1293 1206 1205 1168 1170 753 764 1075 966 1308 899 1184 1520 1202 1312 891 1307 774 965

Tree=0
num_leaves=10
num_cat=0
split_feature=28 9 14 9 9 33 12 33 9
split_gain=14.3616 13.0733 16.3466 14.5209 8.3559 7.91197 5.36598 5.71327 5.26607
threshold=6.5000000000000009 0.063816023637821309 10.109488864384163 -0.033264485046621085 0.15295867208441097 0.84720432552616298 42.186210754815114 0.82268884175775681 0.043260328519457221
decision_type=2 2 2 2 2 2 2 2 2
left_child=4 2 3 -2 6 -3 -1 -8 -4
right_child=1 5 8 -5 -6 -7 7 -9 -10
leaf_value=0.055129711652631849 0.071033819717701119 0.018218918819508399 0.09443765190988869 0.034727708497474884 0.050954119193972823 0.056606406499064926 0.088361588611693645 0.063773357210575116 0.059718639594394801
leaf_weight=7.9932703971862784 13.488643795251845 12.489484995603563 9.4920085966587084 24.978969991207123 14.238012894988058 8.7426394969224912 25.228759691119194 16.486120194196701 7.7434806972742072
leaf_count=32 54 50 38 100 57 35 101 66 31
internal_value=0.059351 0.0508154 0.0584221 0.0478429 0.069755 0.0318971 0.0754954 0.0796948 0.0814171
internal_weight=140.881 76.9352 55.7031 38.4676 63.9462 21.2321 49.7082 41.7149 17.2355
internal_count=564 308 223 154 256 85 199 167 69
is_linear=0
shrinkage=1


Tree=1
num_leaves=8
num_cat=0
split_feature=28 11 20 40 9 28 16
split_gain=13.5493 14.7503 12.4821 8.51016 7.92108 5.32674 3.62427
threshold=6.5000000000000009 0.086717902071310152 0.016039679472136716 0.04721672586585391 0.15295867208441097 4.5000000000000009 1.6990547465873045
decision_type=2 2 2 2 2 2 2
left_child=4 2 -2 -4 5 6 -1
right_child=1 -3 3 -5 -6 -7 -8
leaf_value=0.016289194124245173 -0.032576600885012096 -0.038461912379210941 0.008841957971528272 -0.019299690547184497 -0.0068825736948491057 0.03431398728483194 -0.0018425418419254888
leaf_weight=25.711463123559952 7.9954949319362631 9.4977562427520734 49.70531938970089 9.7407802790403348 14.240754649043081 11.23292815685272 12.733544915914534
leaf_count=103 32 38 199 39 57 45 51
internal_value=0.00128998 -0.00699603 -0.00136858 0.00350849 0.0114011 0.0169961 0.0101187
internal_weight=140.858 76.9394 67.4416 59.4461 63.9187 49.6779 38.445
internal_count=564 308 270 238 256 199 154
is_linear=0
shrinkage=0.03


Tree=2
num_leaves=9
num_cat=0
split_feature=28 11 14 9 9 9 28 33
split_gain=12.8953 13.9952 10.1252 15.0074 10.7187 7.52187 5.10428 5.27673
threshold=6.5000000000000009 0.086717902071310152 10.109488864384163 -0.033264485046621085 0.043260328519457221 0.15295867208441097 1.5000000000000002 0.82268884175775681
decision_type=2 2 2 2 2 2 2 2
left_child=5 2 3 -2 -4 6 -1 -8
right_child=1 -3 4 -5 -6 -7 7 -9
leaf_value=-0.0018492458298030019 0.01267369005802063 -0.03750500146840053 0.034971077113515374 -0.024016461754294862 -0.0012722363355586051 -0.0067005483078304449 0.028787528275882976 0.0043513250894718506
leaf_weight=9.2367108613252622 13.482174336910246 9.4988740384578687 9.2272547483444232 25.990197017788887 18.736875876784325 14.243082761764525 25.928495481610298 14.477883547544478
leaf_count=37 54 38 37 104 75 57 104 58
internal_value=0.00122564 -0.00685406 -0.00136473 -0.0111161 0.0117222 0.011096 0.0165543 0.0210037
internal_weight=140.822 76.9354 67.4365 39.4724 27.9641 63.8862 49.6431 40.4064
internal_count=564 308 270 158 112 256 199 162
is_linear=0
shrinkage=0.03


Tree=3
num_leaves=10
num_cat=0
split_feature=28 8 8 37 37 21 16 21 37
split_gain=12.1789 12.137 12.6348 12.2731 7.63677 5.84753 5.23301 4.13166 4.05
threshold=6.5000000000000009 -0.024855598034009063 -0.0077273489462459924 0.017350082282256877 0.059615630390356673 0.014517133480154756 9.7339024365975764 0.012797860528246675 -0.0082475631082983263
decision_type=2 2 2 2 2 2 2 2 2
left_child=4 8 -3 -4 5 7 -7 -1 -2
right_child=1 2 3 -5 -6 6 -8 -9 -10
leaf_value=0.0110176479798026 0 -0.039120229372332435 0.0079553669450212749 -0.020587987889150249 -0.013728360454811685 0.030028781058880509 0.00093443759867107147 -0.013008327684791678 0.027448405942279271
leaf_weight=16.960414394736294 7.4898712635040274 11.241061747074125 26.712837293744087 23.234885096549988 7.7410280406475058 22.921616896986965 8.7344733476638776 7.4846635907888404 8.2334319055080396
leaf_count=68 30 45 107 93 31 92 35 30 33
internal_value=0.00118731 -0.00666177 -0.0128046 -0.00531523 0.0107862 0.0147831 0.0229794 0.00266664 0.0151446
internal_weight=140.754 76.9121 61.1888 49.9477 63.8422 56.1012 31.6561 24.4451 15.7233
internal_count=564 308 245 200 256 225 127 98 63
is_linear=0
shrinkage=0.03


Tree=4
num_leaves=9
num_cat=0
split_feature=37 20 36 14 38 14 20 35
split_gain=8.60668 11.8337 6.44742 8.85682 5.67044 6.97096 6.45542 5.22862
threshold=0.048989084231719666 0.023147754543331425 0.0047560207707511197 7.0630435926827326 0.01058747560597317 58.85804489497594 0.031802988015115143 0.024762410311565678
decision_type=2 2 2 2 2 2 2 2
left_child=1 2 -1 -4 5 -3 -6 -2
right_child=7 4 3 -5 6 -7 -8 -9
leaf_value=-0.025679415156823402 -9.1984612390000504e-05 0.027352965118853857 -0.012752914380679731 0.011404193721292123 -0.017233900580836244 0 0.013892683005835946 -0.030265682014220134
leaf_weight=8.9918484538793546 11.487294897437097 28.643956452608109 24.476888924837112 26.180665627121925 8.4833131730556506 11.222635999321936 11.969750583171843 9.2373287081718427
leaf_count=36 46 115 98 105 34 45 48 37
internal_value=0.00114594 0.00438525 -0.00484261 -2.43028e-05 0.0136138 0.0199443 0 -0.0156811
internal_weight=140.694 119.969 59.6494 50.6576 60.3197 39.8666 20.4531 20.7246
internal_count=564 481 239 203 242 160 82 83
is_linear=0
shrinkage=0.03


Tree=5
num_leaves=8
num_cat=0
split_feature=7 8 9 35 34 3 7
split_gain=10.3775 9.37134 8.30815 8.85915 4.19694 1.95098 1.31479
threshold=-0.014240136193830358 -0.0077273489462459924 -0.0012579788557560609 0.05644054507769914 0.023140352770044784 -0.034514106583072073 -0.0050396204961487027
decision_type=2 2 2 2 2 2 2
left_child=4 6 -3 -4 5 -1 -2
right_child=1 2 3 -5 -6 -7 -8
leaf_value=0.031096329921361143 -0.0087319594043081747 0.025334066275274323 0.00044753406561657974 -0.026657631662280371 -0.00076031407735319796 0.0063007546605473256 -0.033447096784187995
leaf_weight=11.203407019376758 7.488256111741066 8.2414529621601087 75.807032361626625 10.471427485346792 7.4768160581588736 7.477284476161004 7.4910566657781583
leaf_count=45 30 33 304 42 30 30 30
internal_value=6.97899e-05 -0.00393258 -8.4747e-05 -0.00320166 0.0164463 0.0234659 -0.0244591
internal_weight=135.657 109.499 94.5199 86.2785 26.1575 18.6807 14.9793
internal_count=544 439 379 346 105 75 60
is_linear=0
shrinkage=0.03


Tree=6
num_leaves=8
num_cat=0
split_feature=7 8 37 33 1 2 23
split_gain=9.87168 8.95297 12.9429 8.18717 6.209 3.76554 1.25895
threshold=-0.014240136193830358 -0.0077273489462459924 0.048989084231719666 0.68700230511316029 -0.023562453655824708 0.011598101744303537 0.9287642611885939
decision_type=2 2 2 2 2 2 2
left_child=4 6 3 -3 -1 -4 -2
right_child=1 2 5 -5 -6 -7 -8
leaf_value=0 -0.032699151074053995 0.019932673047139922 -0.0043462254339726707 -0.00081828835636063124 0.02772530089960477 -0.030842454744672097 -0.0084732993261185038
leaf_weight=11.441203176975252 7.4940472543239576 23.155834496021271 11.483530387282373 49.135351687669754 14.691923603415487 10.744103133678435 7.4855272769927979
leaf_count=46 30 93 46 197 59 43 30
internal_value=6.17516e-05 -0.00383775 -7.33777e-05 0.00598428 0.0160452 -0.0192616 -0.0239005
internal_weight=135.632 109.498 94.5188 72.2912 26.1331 22.2276 14.9796
internal_count=544 439 379 290 105 89 60
is_linear=0
shrinkage=0.03


Tree=7
num_leaves=8
num_cat=0
split_feature=7 38 37 18 34 12 3
split_gain=9.38162 8.15127 8.44206 9.83876 4.01764 2.11787 1.88817
threshold=-0.014240136193830358 0.0062638591826442505 0.048989084231719666 0.42732362408029106 0.023140352770044784 73.856768160565636 -0.034514106583072073
decision_type=2 2 2 2 2 2 2
left_child=4 -2 3 -3 6 -4 -1
right_child=1 2 5 -5 -6 -7 -8
leaf_value=0.029999082352138353 0.021562710305238774 -0.021699570705480738 -0.030843609027190983 0.003328816683047099 -0.0011149314158457107 -0.0060198430697147335 0.0057837147033601424
leaf_weight=11.166281983256344 8.2299450039863569 15.723451495170591 11.735901847481729 66.037409156560898 7.4716759324073783 7.7442573308944693 7.4706991910934457
leaf_count=45 33 63 47 265 30 31 30
internal_value=3.15916e-05 -0.00376641 -0.00634855 -0.00170852 0.0156248 -0.0231527 0.0225204
internal_weight=135.58 109.471 101.241 81.7609 26.1087 19.4802 18.637
internal_count=544 439 406 328 105 78 75
is_linear=0
shrinkage=0.03


Tree=8
num_leaves=8
num_cat=0
split_feature=7 8 5 38 34 3 7
split_gain=8.92268 8.15565 15.1479 9.28456 3.84573 1.78268 1.34913
threshold=-0.014240136193830358 -0.0077273489462459924 0.0073920059747171205 0.0087985110680610882 0.023140352770044784 -0.034514106583072073 -0.0050396204961487027
decision_type=2 2 2 2 2 2 2
left_child=4 6 -3 -4 5 -1 -2
right_child=1 2 3 -5 -6 -7 -8
leaf_value=0.029302943100576097 -0.0075998079610496601 0.026542326561232676 0.0028942304876448028 -0.017152195302972115 -0.0010884909354420113 0.0056480550901044655 -0.031667205028435806
leaf_weight=11.136565655469898 7.4888419061899185 13.944965586066244 47.3767019957304 33.156417176127434 7.4721462130546561 7.4687008261680612 7.4820352941751462
leaf_count=45 30 56 190 133 30 30 30
internal_value=2.79278e-05 -0.00367225 -7.13705e-05 -0.00539301 0.0152475 0.022005 -0.0228263
internal_weight=135.526 109.449 94.4781 80.5331 26.0774 18.6053 14.9709
internal_count=544 439 379 323 105 75 60
is_linear=0
shrinkage=0.03


Tree=9
num_leaves=7
num_cat=0
split_feature=7 8 5 38 1 4
split_gain=8.48452 7.80475 14.3644 8.7658 5.9468 1.34865
threshold=-0.014240136193830358 -0.0077273489462459924 0.0073920059747171205 0.0087985110680610882 -0.023562453655824708 -0.021813640401940112
decision_type=2 2 2 2 2 2
left_child=4 5 -3 -4 -1 -2
right_child=1 2 3 -5 -6 -7
leaf_value=-0.00045488934924395888 -0.0072621154115455585 0.025880171272269645 0.0028111538075256568 -0.016659447046360548 0.026366912107395092 -0.031093838855745924
leaf_weight=11.41461978852749 7.4828343540430069 13.924178898334501 47.372666031122208 33.171899154782295 14.627458482980726 7.4779658019542676
leaf_count=46 30 56 190 133 59 30
internal_value=2.69949e-05 -0.00357716 -5.21387e-05 -0.00523536 0.0148817 -0.0223204
internal_weight=135.472 109.43 94.4687 80.5446 26.0421 14.9608
internal_count=544 439 379 323 105 60
is_linear=0
shrinkage=0.03


Tree=10
num_leaves=8
num_cat=0
split_feature=34 3 28 25 7 0 26
split_gain=9.9465 8.07205 13.5458 7.92589 6.65535 4.74068 2.45307
threshold=0.035075048741410771 -0.019095554538742118 6.5000000000000009 0.33568075117370894 0.014620278738813259 -0.0072828162411727173 0.19876543209876546
decision_type=2 2 2 2 2 2 2
left_child=1 5 3 -3 -4 -1 -2
right_child=6 2 4 -5 -6 -7 -8
leaf_value=0.0016508234156437608 -0.031292262909264401 0.018580908798080671 -0.022757897753187654 -0.0064094578664147224 0 0.030897000281295807 -0.0064886315038455893
leaf_weight=10.167870834469797 7.4846277087926891 31.617343157529831 23.171507641673088 14.945338204503058 19.961586713790894 11.397260040044783 11.208241835236548
leaf_count=41 30 127 93 60 80 46 45
internal_value=0 0.00340884 -0.000522748 0.0103172 -0.0124956 0.0190545 -0.0192095
internal_weight=129.954 111.261 89.6958 46.5627 43.1331 21.5651 18.6929
internal_count=522 447 360 187 173 87 75
is_linear=0
shrinkage=0.03


Tree=11
num_leaves=8
num_cat=0
split_feature=34 3 15 15 11 0 26
split_gain=9.4813 7.69374 8.694 13.3696 9.3591 4.50342 2.3258
threshold=0.035075048741410771 -0.019095554538742118 15.757896240342708 50.80793680553365 -0.025689147396313391 -0.0072828162411727173 0.19876543209876546
decision_type=2 2 2 2 2 2 2
left_child=1 5 4 -4 -3 -1 -2
right_child=6 2 3 -5 -6 -7 -8
leaf_value=0.0016095854402300876 -0.030537345789638303 0.010898471349919617 0.024242309651470829 -0.0053309149157685226 -0.020148414060893398 0.030173758716512178 -0.0063221629309163042
leaf_weight=10.166780784726145 7.4889330267906216 10.214094147086142 21.662948131561279 30.145739734172821 27.642477214336395 11.368694037199019 11.210885122418402
leaf_count=41 30 41 87 121 111 46 45
internal_value=0 0.00332252 -0.00051116 0.00719732 -0.0112688 0.0186088 -0.018758
internal_weight=129.901 111.201 89.6653 51.8087 37.8566 21.5355 18.6998
internal_count=522 447 360 208 152 87 75
is_linear=0
shrinkage=0.03


Tree=12
num_leaves=11
num_cat=0
split_feature=28 11 19 16 14 36 9 9 35 16
split_gain=7.91032 11.0084 9.43077 11.3409 8.93406 8.86301 10.3291 8.71593 2.87993 2.26485
threshold=6.5000000000000009 0.08424804946537913 0.092157005772970341 13.687346340570416 8.7423541311150093 0.0065716592877551995 0.12122528659817293 0.085451632848734069 -0.052650525734153346 0.538566580130314
decision_type=2 2 2 2 2 2 2 2 2 2
left_child=5 2 4 -4 -2 6 7 -1 -7 -10
right_child=1 -3 3 -5 -6 8 -8 -9 9 -11
leaf_value=-0.0073089681742360638 -0.026685497141182207 -0.036233185436665094 0.017978579374478689 -0.01619592894539465 0.0088838790952283173 0.0021170389233161795 -0.021192893825044475 0.028198091232682482 0.035279539021538207 0.0083573558286720029
leaf_weight=10.406258240342142 17.441740125417713 7.9748074412345877 26.104322016239166 10.481728211045263 7.4588561952114096 7.9609477669000652 13.47310560941696 10.18013261258602 10.394021570682527 7.9751722365617743
leaf_count=42 70 32 105 42 30 32 54 41 42 32
internal_value=0 -0.00689991 -0.00183753 0.00746701 -0.0156049 0.00771873 -0.00208379 0.0105276 0.0201802 0.0262957
internal_weight=129.851 69.4615 61.4866 36.5861 24.9006 60.3896 34.0595 20.5864 26.3301 18.3692
internal_count=522 279 247 147 100 243 137 83 106 74
is_linear=0
shrinkage=0.03


Tree=13
num_leaves=11
num_cat=0
split_feature=28 4 16 37 25 21 28 16 3 25
split_gain=7.54871 8.71667 7.2639 7.94413 7.20467 5.39637 3.56216 4.06616 3.05967 1.87495
threshold=6.5000000000000009 -0.043624279946468385 -0.65749227754346851 0.012743699407474886 0.24590576971529354 0.020491677952939231 4.5000000000000009 1.1070562534810195 0.010101816663589893 0.16304829419583519
decision_type=2 2 2 2 2 2 2 2 2 2
left_child=4 -2 9 -4 6 8 7 -1 -6 -3
right_child=1 2 3 -5 5 -7 -8 -9 -10 -11
leaf_value=0.016633833019936883 0.01686987186699223 -0.009957257178894053 0.012542888282500461 -0.013850724894480059 0 0.010765105688212094 0.027448581339077009 -0.0078311442987362041 -0.025929000812478363 -0.032865370875741595
leaf_weight=12.127489671111109 9.6512297093868238 10.698095977306368 15.68366579711437 21.952698230743408 7.7093700468540209 10.665746584534643 13.882396936416624 8.2224162220954877 7.726361557841301 11.436025038361548
leaf_count=49 39 43 63 88 31 43 56 33 31 46
internal_value=0 -0.00674055 -0.0112186 -0.00239573 0.00754534 -0.00375642 0.0163084 0.00626137 -0.0147346 -0.0241574
internal_weight=129.755 69.4217 59.7705 37.6364 60.3338 26.1015 34.2323 20.3499 15.4357 22.1341
internal_count=522 279 240 151 243 105 138 82 62 89
is_linear=0
shrinkage=0.03


Tree=14
num_leaves=7
num_cat=0
split_feature=34 32 28 19 28 20
split_gain=8.77506 6.92992 9.03653 8.63039 3.88005 3.35253
threshold=0.035075048741410771 -0.0092375493614518783 6.5000000000000009 0.081506327233243567 4.5000000000000009 0.019700338612632578
decision_type=2 2 2 2 2 2
left_child=1 -1 4 -4 -3 -2
right_child=5 2 3 -5 -6 -7
leaf_value=0.021250599675611603 0 0.001364093628701722 -0.026649947094400155 0 0.019089783387179923 -0.02715986994336133
leaf_weight=14.380793079733847 7.4645988047122982 28.55023267865181 14.40911743044853 34.557337298989296 19.078297600150108 11.22345758974552
leaf_count=58 30 115 58 139 77 45
internal_value=0 0.00320493 0 -0.00873273 0.00924979 -0.0180458
internal_weight=129.664 110.976 96.595 48.9665 47.6285 18.6881
internal_count=522 447 389 197 192 75
is_linear=0
shrinkage=0.03


Tree=15
num_leaves=8
num_cat=0
split_feature=8 28 36 40 14 11 40
split_gain=8.05293 11.1919 11.6509 9.7255 8.40744 7.90554 4.61495
threshold=-0.044506979085490887 6.5000000000000009 0.0063726376729655249 0.04721672586585391 53.69363415849228 0.080012119776719084 0.0028182145813046016
decision_type=2 2 2 2 2 2 2
left_child=-1 2 4 5 -2 -3 -4
right_child=1 3 6 -5 -6 -7 -8
leaf_value=0.025582675246486376 0.0069033013741409202 0.00011025191502348081 1.9921452290030896e-06 -0.032233625982654945 -0.02276074919991302 -0.029274182679980245 0.027480241525922877
leaf_weight=7.6254307627677909 17.593176856637005 47.77178730070591 8.8999433368444461 13.445542976260183 12.941544041037558 7.7156791985034934 19.351453423500061
leaf_count=31 71 192 36 54 52 31 78
internal_value=-0.000754388 -0.00281266 0.00653014 -0.0109511 -0.00583448 -0.00459111 0.0198921
internal_weight=135.345 127.719 58.7861 68.933 30.5347 55.4875 28.2514
internal_count=545 514 237 277 123 223 114
is_linear=0
shrinkage=0.03


Tree=16
num_leaves=7
num_cat=0
split_feature=38 16 16 8 12 40
split_gain=11.705 9.65463 8.31899 9.59688 1.40025 0.439847
threshold=0.0059058662203958614 13.687346340570416 6.9296932023115625 -0.044506979085490887 67.26518053810085 0.023709628993975777
decision_type=2 2 2 2 2 2
left_child=-1 2 3 -2 -4 -3
right_child=1 5 4 -5 -6 -7
leaf_value=0.030539695286146244 0.025037041423545955 -0.0098059493304165843 0.005262482187698073 -0.0063627415186651177 0.028029659274245524 -0.029816645826888397
leaf_weight=7.9214247316122046 7.6018060892820349 7.479870259761813 7.4578669518232328 88.606747820973396 7.4639922082424164 8.7175692468881589
leaf_count=32 31 30 30 357 30 35
internal_value=-0.000732871 -0.00323661 0 -0.00326964 0.019504 -0.0234935
internal_weight=135.249 127.328 111.13 96.2086 14.9219 16.1974
internal_count=545 513 448 388 60 65
is_linear=0
shrinkage=0.03


Tree=17
num_leaves=6
num_cat=0
split_feature=38 8 32 8 15
split_gain=11.1549 8.89347 5.65301 12.0231 4.8043
threshold=0.0059058662203958614 -0.044506979085490887 0.0011745352916708864 0.031602702424996805 52.343042038610406
decision_type=2 2 2 2 2
left_child=-1 -2 3 -3 -4
right_child=1 2 4 -5 -6
leaf_value=0.029878128819280737 0.024508173461254334 -0.00198084048076109 0.0056896049520757672 -0.031045373037151453 -0.01290675749500178
leaf_weight=7.8985436111688605 7.57641378045082 40.172647833824158 46.933836549520493 17.947639048099518 14.667084500193594
leaf_count=32 31 162 189 72 59
internal_value=-0.00068568 -0.00313094 -0.00537723 -0.0119397 0.000759363
internal_weight=135.196 127.298 119.721 58.1203 61.6009
internal_count=545 513 482 234 248
is_linear=0
shrinkage=0.03


Tree=18
num_leaves=6
num_cat=0
split_feature=38 8 40 8 24
split_gain=10.6452 8.49039 7.45255 10.0316 8.21182
threshold=0.0059058662203958614 -0.044506979085490887 0.052047021687314461 -0.0054688065366748024 -0.21766848816029141
decision_type=2 2 2 2 2
left_child=-1 -2 3 -3 -4
right_child=1 2 4 -5 -6
leaf_value=0.029240292064690459 0.023995163898959251 -0.01519610735655455 0.0010505643450632865 0.0053468308100004906 -0.031538073911968452
leaf_weight=7.8727286010980597 7.5494111478328696 29.250195279717445 9.9527078866958636 65.097467571496964 15.413425534963606
leaf_count=32 31 118 40 262 62
internal_value=-0.000655774 -0.00304504 -0.00523976 -0.00104956 -0.0190611
internal_weight=135.136 127.263 119.714 94.3477 25.3661
internal_count=545 513 482 380 102
is_linear=0
shrinkage=0.03


Tree=19
num_leaves=7
num_cat=0
split_feature=38 16 16 4 37 12
split_gain=10.1578 8.93905 7.98778 8.42783 1.84134 1.35992
threshold=0.0059058662203958614 13.687346340570416 6.9296932023115625 -0.051941104542995713 0.022443844156236906 67.26518053810085
decision_type=2 2 2 2 2 2
left_child=-1 2 3 -2 -3 -4
right_child=1 4 5 -5 -6 -7
leaf_value=0.028624675159538968 0.019786274990906159 -0.0061985897172471835 0.0051861247576441578 -0.0064123295473952208 -0.031283442846437588 0.027685805626683522
leaf_weight=7.844223901629447 10.505788803100584 7.4819859117269543 7.4532092958688718 85.608958750963211 8.693914130330084 7.454094260931015
leaf_count=32 43 30 30 345 35 30
internal_value=-0.000620936 -0.00295579 0.000101177 -0.00305086 -0.0224648 0.019268
internal_weight=135.042 127.198 111.022 96.1147 16.1759 14.9073
internal_count=545 513 448 388 65 60
is_linear=0
shrinkage=0.03


Tree=20
num_leaves=6
num_cat=0
split_feature=35 21 35 14 16
split_gain=8.32154 4.64514 6.58414 5.68738 4.49843
threshold=0.055922458804034465 0.0090733573828677087 -0.068595146901169399 7.0630435926827326 2.5406204452626642
decision_type=2 2 2 2 2
left_child=1 -1 -3 -4 -2
right_child=4 2 3 -5 -6
leaf_value=-0.017020932113793238 -0.026968500357249969 0.025641984081884946 -0.010269857790366528 0.0060828639976795796 0
leaf_weight=7.6617117524147025 12.851693153381349 9.9215130507945997 23.744661405682564 70.096750363707542 9.4469290077686292
leaf_count=31 52 40 96 283 38
internal_value=-0.000660751 0.00264846 0.00453705 0.00166067 -0.0166709
internal_weight=133.723 111.425 103.763 93.8414 22.2986
internal_count=540 450 419 379 90
is_linear=0
shrinkage=0.03


Tree=21
num_leaves=11
num_cat=0
split_feature=28 36 9 36 11 15 28 11 13 18
split_gain=8.90916 8.55455 9.35252 8.74973 6.18906 7.66362 9.21001 8.50881 3.08194 1.63921
threshold=6.5000000000000009 0.0065716592877551995 0.12122528659817293 0.005418454107349732 0.08424804946537913 12.494138028332717 9.5000000000000018 -0.0064815777992514581 2.8962213701577579 0.71408976912375588
decision_type=2 2 2 2 2 2 2 2 2 2
left_child=1 2 3 -1 5 7 -7 -2 9 -3
right_child=4 8 -4 -5 -6 6 -8 -9 -10 -11
leaf_value=0.024471023959731383 0 0.0351349324696262 -0.019267582200726066 -0.011702608179795007 -0.030589786651850547 0.020852375598518619 -0.013203551693971326 -0.028183268346575571 0.0014848605568500734 0.010724734094239548
leaf_weight=12.832201883196833 22.296606063842773 9.318932652473455 14.707121372222899 7.9142012149095526 7.6625310331583014 16.392832249403003 9.4319878816604596 15.560251697897909 8.1502682715654355 9.4150579124689084
leaf_count=52 90 38 59 32 31 66 38 63 33 38
internal_value=-0.000652045 0.00738627 -0.00200165 0.0101967 -0.00789002 -0.004082 0.00782005 -0.0125626 0.0195672 0.0258085
internal_weight=133.682 62.3378 35.4535 20.7464 71.3442 63.6817 25.8248 37.8569 26.8843 18.734
internal_count=540 252 143 84 288 257 104 153 109 76
is_linear=0
shrinkage=0.03


Tree=22
num_leaves=8
num_cat=0
split_feature=35 19 35 36 15 15 35
split_gain=7.66193 4.6561 5.24893 6.94103 4.90868 4.01379 3.36189
threshold=0.055922458804034465 0.087928679212616392 0.028140663400643365 0.0084297479004498983 82.457206788204402 -3.5151571282879819 0.035906852108058225
decision_type=2 2 2 2 2 2 2
left_child=1 2 3 -1 6 -2 -3
right_child=5 4 -4 -5 -6 -7 -8
leaf_value=0.013669290743223284 0.00035801318047413825 0.0042962335957000856 -0.022224559798258259 -0.018207860601209953 -0.0093434414566092566 -0.024157545342663015 0.019160985890705747
leaf_weight=14.578952953219416 7.4298052340745953 44.534698262810707 10.423073813319204 7.6581878662109366 12.106183901429175 14.847735181450842 21.991326034069061
leaf_count=59 30 180 42 31 49 60 89
internal_value=-0.000635337 0.0025376 -0.00650111 0.00147573 0.00654603 -0.0160075 0.00984475
internal_weight=133.57 111.292 32.6602 22.2371 78.6322 22.2775 66.526
internal_count=540 450 132 90 318 90 269
is_linear=0
shrinkage=0.03


Tree=23
num_leaves=8
num_cat=0
split_feature=36 20 37 34 3 7 19
split_gain=6.35571 8.3178 6.18865 7.44765 5.24688 3.76091 3.67389
threshold=0.0034403862126417073 0.022968249727686827 0.048989084231719666 0.023549356228136368 -1.0000000180025095e-35 -0.014240136193830358 0.1261842612635303
decision_type=2 2 2 2 2 2 2
left_child=-1 4 3 -3 5 -2 -6
right_child=1 2 -4 -5 6 -7 -8
leaf_value=-0.022706472257241025 -0.00097658212722363455 0.017268226411823795 -0.010700079298159325 -0.011091113944472316 0.0054615169897953416 -0.029030090875565809 -0.013224927593236246
leaf_weight=8.8697014302015287 8.4164932221174258 46.847697138786316 10.158126473426817 7.9382638335227957 28.724670484662056 10.868439704179762 11.665285274386404
leaf_count=36 34 190 41 32 116 44 47
internal_value=-0.000629443 0.00115725 0.00856228 0.012649 -0.00667474 -0.0187337 0
internal_weight=133.489 124.619 64.9441 54.786 59.6749 19.2849 40.39
internal_count=540 504 263 222 241 78 163
is_linear=0
shrinkage=0.03


Tree=24
num_leaves=7
num_cat=0
split_feature=35 32 25 32 16 13
split_gain=7.10215 4.46176 5.28244 4.45798 4.08177 1.12023
threshold=0.055922458804034465 -0.0092375493614518783 0.49545383242579905 0.0011745352916708864 2.5406204452626642 -4.1751556294905887
decision_type=2 2 2 2 2 2
left_child=1 5 3 -3 -2 -1
right_child=4 2 -4 -5 -6 -7
leaf_value=0.0043252309329144759 -0.025286159630513047 -0.0048651721985521409 -0.016457836135464084 0.008770005471556824 0 0.024143642001686776
leaf_weight=8.1073836982250196 12.809588372707369 35.283794566988945 13.138034000992773 47.192984089255333 9.4406449198722822 7.4152353405952445
leaf_count=33 52 143 53 191 38 30
internal_value=-0.000649718 0.0024035 0 0.00278219 -0.0154592 0.0163237
internal_weight=133.388 111.137 95.6148 82.4768 22.2502 15.5226
internal_count=540 450 387 334 90 63
is_linear=0
shrinkage=0.03


Tree=25
num_leaves=7
num_cat=0
split_feature=36 38 36 33 28 9
split_gain=6.80339 5.75263 8.54761 7.32679 4.28629 3.98165
threshold=0.0034403862126417073 0.0068705996177429287 0.0048209453293320765 0.89268037312012194 5.5000000000000009 0.11724697041157989
decision_type=2 2 2 2 2 2
left_child=-1 4 5 -4 -2 -3
right_child=1 2 3 -5 -6 -7
leaf_value=-0.021883597456696144 0.026525897721767448 0.028218179488867443 0 -0.021344741975429658 0 0
leaf_weight=9.1120953857898694 12.040338441729547 10.345026701688768 79.339918464422226 15.649519115686415 7.4614304900169364 7.4433113336563101
leaf_count=37 49 42 321 63 30 30
internal_value=0.000548183 0.00250803 -7.00874e-05 -0.0038625 0.0167345 0.0177669
internal_weight=141.392 132.28 112.778 94.9894 19.5018 17.7883
internal_count=572 535 456 384 79 72
is_linear=0
shrinkage=0.03


Tree=26
num_leaves=9
num_cat=0
split_feature=26 14 35 28 1 11 21 38
split_gain=6.10923 6.62979 9.51099 10.0228 7.00195 5.39852 5.01705 3.58183
threshold=0.62382075471698128 52.839680918275583 0.0512953677393252 9.5000000000000018 0.0019109884574106675 0.091760199584638449 0.020195853136456225 0.010285484321453283
decision_type=2 2 2 2 2 2 2 2
left_child=1 2 3 -1 6 -6 -3 -4
right_child=-2 4 7 -5 5 -7 -8 -9
leaf_value=0.02027689483578924 -0.017898745883068067 -0.0082768954461429449 0.001232272885873253 -0.0060429411476124774 -0.028167288934541082 0.00080144757799554156 0.019864390966605 -0.019339394390803181
leaf_weight=47.301852032542229 12.388391226530073 9.133618891239168 16.035675019025806 15.584168970584868 13.919339060783388 7.3994198441505423 9.1370958387851697 10.411878407001494
leaf_count=192 50 37 65 63 56 30 37 42
internal_value=0.000532332 0.00266434 0.00723299 0.013538 -0.00713622 -0.018263 0.00562781 -0.00712938
internal_weight=141.311 128.923 89.3336 62.886 39.5895 21.3188 18.2707 26.4476
internal_count=572 522 362 255 160 86 74 107
is_linear=0
shrinkage=0.03


Tree=27
num_leaves=7
num_cat=0
split_feature=36 37 35 26 18 0
split_gain=6.33975 5.81926 9.09072 7.05804 3.32249 3.2253
threshold=0.0034403862126417073 0.044678263106366474 0.026671048474220752 0.62382075471698128 0.44047097993207879 0.0023221627446009534
decision_type=2 2 2 2 2 2
left_child=-1 3 5 4 -2 -3
right_child=1 2 -4 -5 -6 -7
leaf_value=-0.021175642117985127 0 0.015075383694393017 -0.027464135172781116 -0.017101056428212327 0.012034031778081761 -0.0079682971782350648
leaf_weight=9.0919532328844053 28.993214279413223 9.6549725681543404 11.618624880909918 8.6798738092184049 65.479103222489357 7.683736413717269
leaf_count=37 118 39 47 35 265 31
internal_value=0.000494892 0.00239169 -0.00889881 0.00581283 0.00838447 0.00431985
internal_weight=141.201 132.11 28.9573 103.152 94.4723 17.3387
internal_count=572 535 117 418 383 70
is_linear=0
shrinkage=0.03


Tree=28
num_leaves=12
num_cat=0
split_feature=35 14 15 1 21 11 21 9 34 21 21
split_gain=4.9632 8.05981 8.50042 6.67078 6.77437 6.72156 5.84732 5.18322 4.34088 4.13494 2.53071
threshold=0.0512953677393252 53.69363415849228 12.494138028332717 0.0019109884574106675 0.020195853136456225 0.089243859848058951 0.019858072678924071 0.035051606138991755 0.032496153790359424 0.01791637006002068 0.015003123878273326
decision_type=2 2 2 2 2 2 2 2 2 2 2
left_child=1 2 7 4 -3 -5 8 -1 10 -4 -2
right_child=6 3 9 5 -6 -7 -8 -9 -10 -11 -12
leaf_value=0.0059437041065989278 -0.0021194982763544606 -0.012340290488243109 0.031934639462905326 -0.030477825353592183 0.021722497954823897 0.0023805648612218889 -0.028863124865694961 -0.018273667917008407 -0.018150163684163837 0.0083693937318817767 0.017795251527125446
leaf_weight=29.267673209309578 10.619932547211652 7.6349401175975826 14.327415600419043 12.435770243406298 9.1219575554132444 7.4220166057348242 7.8809410929679862 8.6618660688400251 7.4101197570562354 18.686539113521576 7.6385761201381674
leaf_count=119 43 31 58 50 37 30 32 35 30 76 31
internal_value=0.000450701 0.0037032 0.00960412 -0.00724705 0.00574182 -0.0184164 -0.0091764 0 -0.000940497 0.0202646 0.00640585
internal_weight=141.108 107.558 70.9435 36.6147 16.7569 19.8578 33.5496 37.9295 25.6686 33.014 18.2585
internal_count=572 436 288 148 68 80 136 154 104 134 74
is_linear=0
shrinkage=0.03


Tree=29
num_leaves=8
num_cat=0
split_feature=36 37 35 36 35 16 14
split_gain=5.92059 5.37017 8.51788 6.00583 8.96021 4.91015 2.55308
threshold=0.0034403862126417073 0.044678263106366474 0.026671048474220752 0.0051654468368362129 0.035906852108058225 -1.3750987778078876 56.711514894937189
decision_type=2 2 2 2 2 2 2
left_child=-1 3 6 4 -2 -5 -3
right_child=1 2 -4 5 -6 -7 -8
leaf_value=-0.020545642748675846 -6.5950268288098591e-06 0.015937353422725779 -0.026593224101084459 0.0093124956108341962 0.032733312923320171 -0.0055243941611957956 -0.0045442139749773567
leaf_weight=9.0600539892911893 12.841631740331652 7.4110886007547441 11.583001181483267 34.109719142317772 13.528250843286513 42.545241132378578 9.9084039777517301
leaf_count=37 52 30 47 139 55 172 40
internal_value=0.00042522 0.0022627 -0.00858644 0.00555468 0.0173844 0.000955898 0.00418611
internal_weight=140.987 131.927 28.9025 103.025 26.3699 76.655 17.3195
internal_count=572 535 117 418 107 311 70
is_linear=0
shrinkage=0.03


Tree=30
num_leaves=6
num_cat=0
split_feature=37 24 36 6 18
split_gain=7.59561 4.18122 3.75414 4.36454 4.82602
threshold=0.048460313830394626 -0.21766848816029141 0.0043322494222204433 0.025864949753330587 0.42732362408029106
decision_type=2 2 2 2 2
left_child=2 -2 -1 4 -4
right_child=1 -3 3 -5 -6
leaf_value=-0.010496800671144529 0 -0.02403283753077972 -0.00091433239234305758 -0.010823585018083049 0.013233626724267991
leaf_weight=11.320394545793532 9.426873520016672 13.04397316277027 30.183615610003471 9.6437797844409925 59.650018200278282
leaf_count=46 38 53 123 39 242
internal_value=0.000838225 -0.014188 0.0042162 0.00621221 0.00840026
internal_weight=133.269 22.4708 110.798 99.4774 89.8336
internal_count=541 91 450 404 365
is_linear=0
shrinkage=0.03


Tree=31
num_leaves=11
num_cat=0
split_feature=14 20 11 15 40 35 20 35 11 16
split_gain=13.0276 6.41691 8.76463 6.15822 5.6685 5.10812 4.83514 4.23828 6.64754 5.70404
threshold=52.376036440925539 0.022968249727686827 0.02525520960208372 -9.2773874073405107 -0.019595860061444866 0.0097449983309956262 0.028816725131222697 0.036352193553541697 0.091760199584638449 15.662307055928531
decision_type=2 2 2 2 2 2 2 2 2 2
left_child=1 2 3 -1 -3 -4 -6 8 9 -2
right_child=7 4 5 -5 6 -7 -8 -9 -10 -11
leaf_value=0.0078651363850531751 -0.040150465949246476 -0.00014680355012187442 0.030606430895234193 -0.019568106667014744 0.028812440702329557 0.0007995831724663823 0.00055786542434375149 0.0026880319176906587 0 -0.0037982635271730739
leaf_weight=8.6920441538095492 11.641167670488363 13.695689544081686 7.3469506949186352 20.466578781604767 21.797483071684841 14.322586104273794 8.6063444614410383 9.0729240626096708 10.104559525847433 7.442899912595748
leaf_count=35 47 56 30 83 89 58 35 37 41 30
internal_value=0.000788801 0.00683881 -0.000215907 -0.010929 0.0149519 0.0132714 0.0218055 -0.0134429 -0.0187888 -0.0283895
internal_weight=133.189 94.9277 50.8282 29.1586 44.0995 21.6695 30.4038 38.2616 29.1886 19.0841
internal_count=541 386 206 118 180 88 124 155 118 77
is_linear=0
shrinkage=0.03


Tree=32
num_leaves=10
num_cat=0
split_feature=14 36 38 20 11 38 15 20 20
split_gain=12.3834 6.47158 7.88056 6.04916 8.32764 7.71839 5.84736 5.26311 4.73743
threshold=52.376036440925539 0.0065854072448085143 0.0082645389413690522 0.022968249727686827 0.02525520960208372 0.0092691234218340475 -9.2773874073405107 0.031802988015115143 0.016151862728355119
decision_type=2 2 2 2 2 2 2 2 2
left_child=3 2 -2 4 6 -5 -1 -7 -6
right_child=1 -3 -4 5 8 7 -8 -9 -10
leaf_value=0.0076739725979206629 -0.036448121826147921 0.0021015269718914391 -0.0014796007821753492 0.029327887857355205 -0.0036421544217290838 -0.007891055267771693 -0.019037780815054722 0.016685764054094901 0.022687403296313909
leaf_weight=8.69114598631859 12.845040649175646 14.046293169260023 11.350314274430273 17.055024772882462 7.8604891598224667 14.486799612641336 20.461388155817986 12.481701850891112 13.778179585933684
leaf_count=35 52 57 46 70 32 59 83 51 56
internal_value=0.000775672 -0.0130985 -0.021982 0.00668147 -0.00016137 0.0145661 -0.0106114 0.00333259 0.0129894
internal_weight=133.056 38.2416 24.1954 94.8147 50.7912 44.0235 29.1525 26.9685 21.6387
internal_count=541 155 98 386 206 180 118 110 88
is_linear=0
shrinkage=0.03


Tree=33
num_leaves=10
num_cat=0
split_feature=14 36 35 20 2 38 38 20 11
split_gain=11.7639 6.16836 10.2705 5.73914 8.25964 7.34837 6.34913 5.00249 4.47544
threshold=52.376036440925539 0.0065854072448085143 0.037674984881378111 0.022968249727686827 0.0025355661064507822 0.0092691234218340475 0.00992700572425592 0.031802988015115143 0.02525520960208372
decision_type=2 2 2 2 2 2 2 2 2
left_child=3 2 -2 4 6 -5 -1 -7 -6
right_child=1 -3 -4 5 8 7 -8 -9 -10
leaf_value=-0.024082465194460265 -0.034699712185767749 0.0020464563123026068 0.0032090715351418119 0.028650577594071497 -0.0011587366144928015 -0.0076807224149136929 0.0065950154956527516 0.016282340401075755 0.020789460168706572
leaf_weight=14.755191504955294 15.586378559470178 14.045387193560599 8.5789894163608533 16.982837229967117 14.342499241232874 14.491700381040575 7.4037608206272116 12.45715571939945 14.261932000517843
leaf_count=60 63 57 35 70 58 59 30 51 58
internal_value=0.00075454 -0.0127692 -0.0214518 0.0065179 -0.000139268 0.014208 -0.0135142 0.00323772 0.00993778
internal_weight=132.906 38.2108 24.1654 94.6951 50.7634 43.9317 22.159 26.9489 28.6044
internal_count=541 155 98 386 206 180 90 110 116
is_linear=0
shrinkage=0.03


Tree=34
num_leaves=10
num_cat=0
split_feature=14 36 35 15 15 28 35 37 18
split_gain=11.1369 5.8575 9.78049 5.46667 6.96149 7.74891 5.03345 3.83889 2.98839
threshold=52.376036440925539 0.0065854072448085143 0.037674984881378111 12.30551777122521 -9.2773874073405107 6.5000000000000009 0.0512953677393252 0.0046934936566390703 0.81807905478570053
decision_type=2 2 2 2 2 2 2 2 2
left_child=3 2 -2 4 7 -6 8 -1 -5
right_child=1 -3 -4 6 5 -7 -8 -9 -10
leaf_value=0.024251406725416379 -0.033841127697269442 0.0019928300441948502 0.0031309562647908159 0.011277741124312842 0.0069762027427142902 -0.019887533234552179 -0.0041808430768481026 0 0.034170402654205879
leaf_weight=10.597892746329309 15.553589776158335 14.044476345181463 8.5791336447000486 23.194268718361855 15.132051810622213 19.368097990751266 8.3313681632280332 9.0942398458719236 8.8390521258115751
leaf_count=43 63 57 35 95 62 79 34 37 36
internal_value=0.000740797 -0.0124184 -0.0208899 0.00635632 0 -0.00795728 0.0144298 0.0135014 0.0196722
internal_weight=132.734 38.1772 24.1327 94.557 54.1923 34.5001 40.3647 19.6921 32.0333
internal_count=541 155 98 386 221 141 165 80 131
is_linear=0
shrinkage=0.03


Tree=35
num_leaves=10
num_cat=0
split_feature=28 11 15 28 11 28 5 3 6
split_gain=5.64201 11.5826 7.70234 12.1254 8.34295 4.86981 7.00329 5.62575 4.91423
threshold=6.5000000000000009 0.08424804946537913 12.106050479293177 9.5000000000000018 -0.031461463700131136 4.5000000000000009 0.076702966227452443 0.036238922489598042 -0.0086953896590759548
decision_type=2 2 2 2 2 2 2 2 2
left_child=5 2 4 -4 -2 6 8 -7 -1
right_child=1 -3 3 -5 -6 7 -8 -9 -10
leaf_value=-0.0089957856304581241 0.015023298519409126 -0.032060040734057729 0.025803182163174877 -0.012080312474249216 -0.015853171594169508 0.029542697791001472 -0.017917782715804912 0 0.01591365470856369
leaf_weight=8.0426575541496295 8.1315276026725751 10.244176149368284 17.422493413090709 10.337026581168173 31.166792914271355 12.16406172513962 11.088044255971907 8.6149305552244169 20.553655311465263
leaf_count=33 33 42 71 42 127 50 45 35 84
internal_value=0 -0.0052207 -9.35867e-05 0.0113284 -0.00868292 0.00683297 9.74168e-05 0.0179002 0.00828758
internal_weight=137.765 77.302 67.0578 27.7595 39.2983 60.4633 39.6844 20.779 28.5963
internal_count=562 315 273 113 160 247 162 85 117
is_linear=0
shrinkage=0.03


Tree=36
num_leaves=6
num_cat=0
split_feature=38 8 8 15 38
split_gain=5.41581 6.92986 8.95525 4.98043 2.33287
threshold=0.0062638591826442505 -0.024855598034009063 -0.01585549363068919 50.80793680553365 0.01058747560597317
decision_type=2 2 2 2 2
left_child=-1 4 -3 -4 -2
right_child=1 2 3 -5 -6
leaf_value=0.019474476302076899 0.02024117694728186 -0.030284121539639622 0.0029194471383318741 -0.01092462821767551 0
leaf_weight=9.8721240162849409 12.914047896862032 9.2808720767497999 64.803379997611046 33.396555632352829 7.3337170034646979
leaf_count=41 53 38 264 136 30
internal_value=0 -0.00169262 -0.00487114 -0.00176313 0.0134268
internal_weight=137.601 127.729 107.481 98.1999 20.2478
internal_count=562 521 438 400 83
is_linear=0
shrinkage=0.03


Tree=37
num_leaves=6
num_cat=0
split_feature=7 38 23 11 5
split_gain=5.53414 6.4778 5.77659 7.82422 4.23931
threshold=-0.028111460322228488 0.0062638591826442505 0.8275301082088754 0.068573470397742767 0.074559029280978475
decision_type=2 2 2 2 2
left_child=-1 -2 4 -4 -3
right_child=1 2 3 -5 -6
leaf_value=0.01760060751886016 0.019039756209339377 -0.006188768873707293 0.0052643349160323974 -0.014532564799846315 -0.032405937584532821
leaf_weight=12.557700455188749 9.8407426923513395 21.10022829473019 63.596132859587669 22.73497386276722 7.6540652662515631
leaf_count=52 41 86 259 93 31
internal_value=0 -0.00192639 -0.00414188 0 -0.0153088
internal_weight=137.484 124.926 115.085 86.3311 28.7543
internal_count=562 510 469 352 117
is_linear=0
shrinkage=0.03


Tree=38
num_leaves=9
num_cat=0
split_feature=28 11 20 4 36 28 9 1
split_gain=5.30704 10.7478 6.40325 9.19887 5.70739 3.58452 4.262 1.74383
threshold=6.5000000000000009 0.08424804946537913 0.016039679472136716 0.046482221822015786 0.0071026271226287954 4.5000000000000009 0.12341146515496244 0.010221672501422587
decision_type=2 2 2 2 2 2 2 2
left_child=4 2 -2 -4 5 6 -1 -6
right_child=1 -3 3 -5 7 -7 -8 -9
leaf_value=0.00078119055027941965 -0.023236723197767765 -0.031028603771203592 0.0095483596095546214 -0.01749098233356081 0.024982466967937631 0.012160821045152143 -0.023064071555255992 0.0039340708241108772
leaf_weight=19.795518025755886 7.5098616629838935 10.167488276958464 46.838796675205231 12.564205452799795 12.869280040264131 11.958068072795866 7.3699715733528128 8.294796481728552
leaf_count=81 31 42 191 51 53 49 30 34
internal_value=0 -0.00508255 -0.000136257 0.0032016 0.00662459 0 -0.00631168 0.0184325
internal_weight=137.368 77.0804 66.9129 59.403 60.2876 39.1236 27.1655 21.1641
internal_count=562 315 273 242 247 160 111 87
is_linear=0
shrinkage=0.03


Tree=39
num_leaves=8
num_cat=0
split_feature=7 28 40 10 40 25 19
split_gain=5.2172 6.92864 9.91454 8.98532 7.04563 4.27852 1.9687
threshold=-0.028111460322228488 6.5000000000000009 0.037079180436868649 0.019421408536819177 -0.0080317494519838144 0.2487124429762467 0.17736450229333092
decision_type=2 2 2 2 2 2 2
left_child=-1 4 3 -3 -2 -6 -4
right_child=1 2 6 -5 5 -7 -8
leaf_value=0.017094407910532551 -0.012108261041929745 -0.0086857865098380217 -0.033362163253985139 0.018320877262127985 0.019307798161828298 0 -0.0077674065916915674
leaf_weight=12.513897702097891 12.742601215839384 36.286222875118256 11.400382891297342 13.548637583851812 24.562348902225494 18.584095373749733 7.5696723759174338
leaf_count=52 52 148 47 55 101 76 31
internal_value=0 -0.0018935 -0.00824912 -0.000630488 0.00568645 0.0115777 -0.0255792
internal_weight=137.208 124.694 68.8049 49.8349 55.889 43.1464 18.9701
internal_count=562 510 281 203 229 177 78
is_linear=0
shrinkage=0.03


Tree=40
num_leaves=11
num_cat=0
split_feature=35 5 25 21 14 26 14 41 15 35
split_gain=6.69461 7.65503 6.47329 6.43493 5.32097 4.87019 4.84186 4.43167 8.51996 5.70747
threshold=0.043986172387811558 0.014004499460766319 0.14003771213073543 0.020491677952939231 -6.6730928188776479 0.12043956043956046 11.723169666179503 1.0000000180025095e-35 26.860925204498248 0.05644054507769914
decision_type=2 2 2 2 2 2 2 2 2 2
left_child=1 2 -1 6 -4 -5 -3 -2 -9 -10
right_child=7 3 4 5 -6 -7 -8 8 9 -11
leaf_value=-0.0016432786161739083 0.0082485388899189264 0.0071605847814122155 0.00037995686159165743 -0.0081784353938005004 0.033383883308110721 0.016551795722028525 -0.01690439001552542 -0.027899513870345616 0.01806702129288831 -0.013749135907100663
leaf_weight=11.695832118391989 7.4053969085216513 8.0365130156278592 7.257264807820321 8.5517188161611575 14.997983649373055 18.661111876368523 25.641758561134338 17.67151466012001 7.530309364199641 8.7427071779966337
leaf_count=48 30 33 30 35 62 76 105 72 31 36
internal_value=-5.79727e-05 0.00422081 0.015256 -0.00198308 0.0241587 0.00823891 -0.0106619 -0.00995996 -0.0145876 0.000518872
internal_weight=136.192 94.8422 33.9511 60.8911 22.2552 27.2128 33.6783 41.3499 33.9445 16.273
internal_count=558 389 140 249 92 111 138 169 139 67
is_linear=0
shrinkage=0.03


Tree=41
num_leaves=7
num_cat=0
split_feature=34 37 35 40 40 10
split_gain=6.79768 4.82655 9.85684 5.99673 8.0765 2.15096
threshold=0.036437696130420812 0.044678263106366474 0.026671048474220752 0.052047021687314461 -0.020207627171844097 0.0086351616654685177
decision_type=2 2 2 2 2 2
left_child=1 3 -3 4 -1 -2
right_child=5 2 -4 -5 -6 -7
leaf_value=-0.0050884826521939248 -0.027702978654332938 0.0079016885499961029 -0.027278836189208771 -0.016200249396147764 0.014013084681552879 -0.0036969225302743523
leaf_weight=26.540994182229042 7.3699154704809215 13.001077681779863 11.405493974685667 8.0063141733407956 60.719868168234825 9.0237124711275083
leaf_count=109 30 53 47 33 249 37
internal_value=-4.28568e-05 0.00241968 -0.00879146 0.00556779 0.00805133 -0.0171433
internal_weight=136.067 119.674 24.4066 95.2672 87.2609 16.3936
internal_count=558 491 100 391 358 67
is_linear=0
shrinkage=0.03


Tree=42
num_leaves=10
num_cat=0
split_feature=28 11 34 34 33 25 28 1 34
split_gain=6.7662 6.25319 5.41141 9.44676 4.45065 5.6147 3.80878 3.43111 0.544886
threshold=6.5000000000000009 0.08424804946537913 0.041611613005039912 0.019010112001000338 0.81129889600654226 0.2487124429762467 4.5000000000000009 -0.013492018774825641 0.017219129970393324
decision_type=2 2 2 2 2 2 2 2 2
left_child=4 2 3 -2 7 6 -6 -1 -9
right_child=1 -3 -4 -5 5 -7 -8 8 -10
leaf_value=0 -0.0054426853515375899 -0.028555133892029447 -0.023690161697442907 0.023478161884534523 -0.0021636197436054353 -0.014372717161055249 0.022920904829404384 0.024533336550330413 0.0070759911817666965
leaf_weight=11.721057236194609 44.146169900894165 8.1494940370321256 7.4223080426454535 10.992086097598074 9.5444742441177421 14.221936225891112 7.7317684739828101 14.748111292719843 7.2866622060537329
leaf_count=48 181 34 30 45 39 58 32 61 30
internal_value=-7.3386e-05 -0.00652131 -0.00262304 0.000680301 0.00667678 -0.00104693 0.00949786 0.0139589 0.0204537
internal_weight=135.964 70.7101 62.5606 55.1383 65.254 31.4982 17.2762 33.7558 22.0348
internal_count=558 290 256 226 268 129 71 139 91
is_linear=0
shrinkage=0.03


Tree=43
num_leaves=13
num_cat=0
split_feature=28 40 36 19 34 34 23 9 36 20 10 19
split_gain=6.44539 7.62948 7.26392 4.16488 5.27267 3.80071 3.76399 3.30467 6.82553 2.07328 4.65417 1.3694
threshold=6.5000000000000009 0.037079180436868649 0.0065716592877551995 0.098751522990377053 0.010103050245114488 0.0050695474508347669 0.80473837094573708 0.12122528659817293 0.0053878546932458081 0.022707698478545094 0.020476825453120465 0.14253196346177216
decision_type=2 2 2 2 2 2 2 2 2 2 2 2
left_child=2 3 7 6 -5 -3 -2 8 -1 10 -4 -9
right_child=1 5 9 4 -6 -7 -8 11 -10 -11 -12 -13
leaf_value=0.018745085333354106 0.0068917010938276454 -0.0045195250934774939 0.020565076754655041 -0.0035717243383584251 0.021498804322967701 -0.032816942443934308 -0.015720853750020157 -0.00053053202170463625 -0.012848175013190109 0.026615679977584614 -0.0072084522018250581 -0.020010184793576694
leaf_weight=12.092842236161234 7.5537283271551159 9.9619733244180697 9.4061839729547554 13.717351108789446 11.886336952447889 10.05919675529003 17.457661628723145 7.643303379416464 8.6118214726448041 12.017049342393873 7.8464930951595298 7.5589119046926498
leaf_count=50 31 41 39 56 49 42 71 31 35 50 32 31
internal_value=-6.788e-05 -0.00636674 0.00652164 0 0.00823809 -0.0211073 -0.00833166 -0.00220442 0.00496942 0.0171624 0.00771794 -0.0122886
internal_weight=135.813 70.6362 65.1766 50.6151 25.6037 20.0212 25.0114 35.9069 20.7047 29.2697 17.2527 15.2022
internal_count=558 290 268 207 105 83 102 147 85 121 71 62
is_linear=0
shrinkage=0.03


Tree=44
num_leaves=10
num_cat=0
split_feature=35 33 33 15 40 28 21 20 20
split_gain=6.1328 7.00673 7.46419 5.62139 5.44747 5.86903 4.25573 7.7189 4.05338
threshold=0.043986172387811558 0.81129889600654226 0.8528746402516566 43.653968716606833 -0.037616208609373918 6.5000000000000009 0.013099433536421215 0.022824281380904237 0.02600706296725833
decision_type=2 2 2 2 2 2 2 2 2
left_child=1 4 -3 -4 -1 -6 -2 -8 -9
right_child=6 2 3 -5 5 -7 7 8 -10
leaf_value=-0.0064568691924391962 0.0050270316061953547 -0.028446415110268311 0.015624963802220447 -0.0093762761192213162 0.026544778416151469 0.0043693987292245298 -0.032870674749184182 0.0087029898774942313 -0.0163572432103446
leaf_weight=11.355296909809111 10.70953558385372 7.8558486551046363 12.434069827198984 16.088199943304062 20.194557189941406 26.52926467359066 11.266978204250337 10.886639043688776 8.284294441342352
leaf_count=47 44 32 51 66 84 109 46 45 34
internal_value=-7.36419e-05 0.00402396 -0.00584791 0.00134105 0.0104458 0.0149579 -0.00957817 -0.0151725 -0.00193994
internal_weight=135.605 94.4572 36.3781 28.5223 58.0791 46.7238 41.1474 30.4379 19.1709
internal_count=558 389 149 117 240 193 169 125 79
is_linear=0
shrinkage=0.03


Tree=45
num_leaves=11
num_cat=0
split_feature=28 40 36 32 4 23 25 20 6 20
split_gain=5.3072 6.78866 5.22415 5.02818 4.60544 6.33691 3.9258 3.8717 2.65889 2.13682
threshold=8.5000000000000018 -0.020207627171844097 0.0063726376729655249 0.0020284657615369244 0.039292606150725724 0.87704977892863589 0.034870283813784396 0.017812373216684899 0.0075143287080574484 0.024232807246154443
decision_type=2 2 2 2 2 2 2 2 2 2
left_child=2 -2 3 9 5 -3 -4 -8 -5 -1
right_child=1 4 6 8 -6 -7 7 -9 -10 -11
leaf_value=-0.022494334788416406 -0.03020765546057003 0.021962326042546842 -0.0078199198223805853 -0.0057627127917254219 -0.01756200749560146 -0.007522441173755009 -0.002845995347023541 0.018395992319043642 0.014719195021073262 -0.0028356872205518571
leaf_weight=11.943099439144136 10.176488921046255 8.8225807547569293 7.7668247371911994 7.7449461966753033 11.273919045925139 13.996087759733198 8.262324392795561 27.436255916953087 10.381842240691183 11.885253697633742
leaf_count=49 42 36 32 32 46 57 34 113 43 49
internal_value=-0.00254063 -0.0107757 0.00170447 -0.00550383 -0.00320723 0.00412429 0.00892826 0.0131915 0.00551968 -0.0142485
internal_weight=129.69 44.2691 85.4205 41.9551 34.0926 22.8187 43.4654 35.6986 18.1268 23.8284
internal_count=533 181 352 173 139 93 179 147 75 98
is_linear=0
shrinkage=0.03


Tree=46
num_leaves=7
num_cat=0
split_feature=26 28 35 5 26 37
split_gain=6.63423 7.1317 5.29061 3.73741 3.33128 1.18577
threshold=0.60281690140845079 8.5000000000000018 0.055922458804034465 0.0048888611388611123 0.35694980694980699 -0.018385332731060796
decision_type=2 2 2 2 2 2
left_child=1 2 3 -1 5 -3
right_child=-2 4 -4 -5 -6 -7
leaf_value=0.020041193647646807 -0.022065918650887313 -0.025853532410031816 -0.012493352306329369 0.0035954149071257152 0.0027585430812801046 -0.0090776129605207156
leaf_weight=17.080370500683784 11.950333520770071 7.2516956925392178 10.457854017615317 48.7928846180439 11.017114043235777 23.020519599318504
leaf_count=71 49 30 43 201 45 94
internal_value=-0.00249949 -5.04329e-05 0.00522621 0.00854556 -0.00994257 -0.0149142
internal_weight=129.571 117.62 76.3311 65.8733 41.2893 30.2722
internal_count=533 484 315 272 169 124
is_linear=0
shrinkage=0.03


Tree=47
num_leaves=11
num_cat=0
split_feature=15 15 16 10 34 20 40 20 1 28
split_gain=5.54073 9.14272 8.10998 6.56527 6.05846 5.37017 6.93083 3.85133 2.29069 1.06226
threshold=12.30551777122521 49.327403841674176 1.6990547465873045 0.029106495629446231 0.026142228355709344 0.031802988015115143 -0.011151603880629078 0.019563197674184338 0.0058997563522450456 8.5000000000000018
decision_type=2 2 2 2 2 2 2 2 2 2
left_child=5 4 3 -3 9 6 -1 -8 -4 -2
right_child=1 2 8 -5 -6 -7 7 -9 -10 -11
leaf_value=-0.030495270659353348 0.027550801641813671 -0.0069320072128220694 -0.004832603075579687 0.02323508021931792 -0.004004674789698558 0.010108671531066916 -0.014486613168009036 0.0042596367758374332 -0.031339954693880248 0.0088206486490421537
leaf_weight=13.339701920747755 14.140801876783373 14.977165266871454 7.3404037058353451 8.2507291287183744 10.050905570387838 8.2976625114679319 17.331881240010262 16.971243426203728 8.73981925845146 10.035782039165495
leaf_count=55 59 62 30 34 41 34 71 70 36 41
internal_value=-0.00244587 0.00279818 -0.00668714 0.00418151 0.0138733 -0.00945687 -0.0134366 -0.00507512 -0.0219424 0.0216169
internal_weight=129.476 73.5356 39.3081 23.2279 34.2275 55.9405 47.6428 34.3031 16.0802 24.1766
internal_count=533 303 162 96 141 230 196 141 66 100
is_linear=0
shrinkage=0.03


Tree=48
num_leaves=6
num_cat=0
split_feature=26 19 26 34 23
split_gain=6.29454 7.45057 6.35173 6.88792 1.71238
threshold=0.60281690140845079 0.19361379244596491 0.46053027198577851 0.036437696130420812 0.87130488144097662
decision_type=2 2 2 2 2
left_child=1 2 3 -1 -3
right_child=-2 4 -4 -5 -6
leaf_value=-0.0020420641884564589 -0.021447328389981417 0.0036522379090590286 0.016193266421280474 -0.024447455309968433 0.027320699040007789
leaf_weight=78.134084984660149 11.93783664703369 7.2458148151636106 11.178962677717207 13.270195886492727 7.5420406609773636
leaf_count=323 49 30 46 54 31
internal_value=-0.00238378 0 -0.00309367 -0.00590933 0.0184338
internal_weight=129.309 117.371 102.583 91.4043 14.7879
internal_count=533 484 423 377 61
is_linear=0
shrinkage=0.03


Tree=49
num_leaves=8
num_cat=0
split_feature=26 28 36 14 35 20 10
split_gain=5.98468 6.487 5.42306 5.69787 3.14674 3.88108 2.75231
threshold=0.60281690140845079 8.5000000000000018 0.0063726376729655249 51.905182908740819 0.064063660133493197 0.027185295695092229 0.00047077076686197211
decision_type=2 2 2 2 2 2 2
left_child=1 2 3 -1 5 -3 -4
right_child=-2 4 6 -5 -6 -7 -8
leaf_value=0.0069708610447851193 -0.020898350645273744 -0.01995259833517327 0 -0.015433410930681409 0.0051918124054018125 0.00051836275861343365 0.017613228133385159
leaf_weight=20.41379614174366 11.936441034078596 22.843544259667397 12.296927869319914 16.296146795153618 8.0390228033065778 10.304867625236509 27.133187726140022
leaf_count=85 49 94 51 67 33 42 112
internal_value=-0.00230995 0 0.00505796 -0.0028708 -0.00942853 -0.0134946 0.012584
internal_weight=129.264 117.327 76.1401 36.7099 41.1874 33.1484 39.4301
internal_count=533 484 315 152 169 136 163
is_linear=0
shrinkage=0.03


end of trees

feature_importances:
month=32
macro_usdjpy_ret_60=25
atr_pct=21
macro_usdjpy_vol_20=21
ma_20_60_cross=18
macd=17
macd_signal=17
macro_topix_vol_20=17
div_ma_60=16
macro_usdjpy_ret_20=16
macd_hist=15
macro_topix_ret_20=15
div_ma_20=14
macro_nikkei_ret_20=14
div_ma_10=11
volatility=11
lower_shadow_pct=10
return_5d=8
bb_bandwidth=8
upper_shadow_pct=8
price_position_20d=8
return_2d=7
return_20d=6
return_10d=5
ma_5_20_cross=5
bb_pct_b=5
vol_ratio=5
gap=5
rsi=4
return_1d=3
div_ma_5=3
return_3d=2
rsi_change=2
candle_body_pct=2
macro_nikkei_above_200dma=1

parameters:
[boosting: gbdt]
[objective: binary]
[metric: binary_logloss]
[tree_learner: serial]
[device_type: cpu]
[data_sample_strategy: bagging]
[data: ]
[valid: ]
[num_iterations: 50]
[learning_rate: 0.03]
[num_leaves: 15]
[num_threads: 0]
[seed: 44]
[deterministic: 0]
[force_col_wise: 0]
[force_row_wise: 0]
[histogram_pool_size: -1]
[max_depth: 4]
[min_data_in_leaf: 30]
[min_sum_hessian_in_leaf: 0.001]
[bagging_fraction: 0.7]
[pos_bagging_fraction: 1]
[neg_bagging_fraction: 1]
[bagging_freq: 5]
[bagging_seed: 21897]
[bagging_by_query: 0]
[feature_fraction: 0.6]
[feature_fraction_bynode: 1]
[feature_fraction_seed: 12646]
[extra_trees: 0]
[extra_seed: 20733]
[early_stopping_round: 0]
[early_stopping_min_delta: 0]
[first_metric_only: 0]
[max_delta_step: 0]
[lambda_l1: 0.5]
[lambda_l2: 2]
[linear_lambda: 0]
[min_gain_to_split: 0]
[drop_rate: 0.1]
[max_drop: 50]
[skip_drop: 0.5]
[xgboost_dart_mode: 0]
[uniform_drop: 0]
[drop_seed: 20829]
[top_rate: 0.2]
[other_rate: 0.1]
[min_data_per_group: 100]
[max_cat_threshold: 32]
[cat_l2: 10]
[cat_smooth: 10]
[max_cat_to_onehot: 4]
[top_k: 20]
[monotone_constraints: ]
[monotone_constraints_method: basic]
[monotone_penalty: 0]
[feature_contri: ]
[forcedsplits_filename: ]
[refit_decay_rate: 0.9]
[cegb_tradeoff: 1]
[cegb_penalty_split: 0]
[cegb_penalty_feature_lazy: ]
[cegb_penalty_feature_coupled: ]
[path_smooth: 0]
[interaction_constraints: ]
[verbosity: -1]
[saved_feature_importance_type: 0]
[use_quantized_grad: 0]
[num_grad_quant_bins: 4]
[quant_train_renew_leaf: 0]
[stochastic_rounding: 1]
[linear_tree: 0]
[max_bin: 255]
[max_bin_by_feature: ]
[min_data_in_bin: 5]
[bin_construct_sample_cnt: 200000]
[data_random_seed: 182]
[is_enable_sparse: 1]
[enable_bundle: 1]
[use_missing: 1]
[zero_as_missing: 0]
[feature_pre_filter: 1]
[pre_partition: 0]
[two_round: 0]
[header: 0]
[label_column: ]
[weight_column: ]
[group_column: ]
[ignore_column: ]
[categorical_feature: ]
[forcedbins_filename: ]
[precise_float_parser: 0]
[parser_config_file: ]
[objective_seed: 3944]
[num_class: 1]
[is_unbalance: 0]
[scale_pos_weight: 1]
[sigmoid: 1]
[boost_from_average: 1]
[reg_sqrt: 0]
[alpha: 0.9]
[fair_c: 1]
[poisson_max_delta_step: 0.7]
[tweedie_variance_power: 1.5]
[lambdarank_truncation_level: 30]
[lambdarank_norm: 1]
[label_gain: ]
[lambdarank_position_bias_regularization: 0]
[eval_at: ]
[multi_error_top_k: 1]
[auc_mu_weights: ]
[num_machines: 1]
[local_listen_port: 12400]
[time_out: 120]
[machine_list_filename: ]
[machines: ]
[gpu_platform_id: -1]
[gpu_device_id: -1]
[gpu_use_dp: 0]
[num_gpu: 1]

end of parameters

pandas_categorical:[]
