tree
version=v4
num_class=1
num_tree_per_iteration=1
label_index=0
max_feature_idx=44
objective=binary sigmoid:1
feature_names=return_1d return_2d return_3d return_5d return_10d return_20d div_ma_5 div_ma_10 div_ma_20 div_ma_60 ma_5_20_cross ma_20_60_cross rsi rsi_change macd macd_signal macd_hist macd_hist_change bb_pct_b bb_bandwidth atr_pct volatility vol_change vol_ratio candle_body_pct upper_shadow_pct lower_shadow_pct day_of_week month is_month_end is_month_start streak gap price_position_20d macro_usdjpy_ret_20 macro_usdjpy_ret_60 macro_usdjpy_vol_20 macro_topix_ret_20 macro_topix_vol_20 macro_topix_above_200dma macro_nikkei_ret_20 macro_nikkei_above_200dma macro_nikkei_vi macro_jgb10y macro_bias_score
feature_infos=[-0.097063111851697581:0.12918108419838514] [-0.16714697406340062:0.15132641291810844] [-0.20677035681610245:0.15841288782816232] [-0.2103825136612022:0.15811455847255362] [-0.17475728155339809:0.17716262975778552] [-0.24360730593607305:0.31349480968858123] [-0.13751939835263219:0.085724201758445195] [-0.15323762086141224:0.10169292540327324] [-0.16651445381221103:0.12472133662535662] [-0.20463184513568236:0.16641256055952849] [-0.099009644971944311:0.090424935530889039] [-0.11791142756148054:0.10265552912733256] [7.2897196261682211:94.346289752650179] [-23.017006296792111:34.977504951534002] [-208.78652181563302:120.5326415471045] [-182.21612921768079:102.17110063482991] [-65.643000378406668:45.390032562908679] [-24.6300290795417:26.119424481002223] [-0.32138915756615644:1.3470312427772104] [0.039543879031473314:0.32732122564073562] [0.01326670585929845:0.063807160581354133] [0.0091251542063919382:0.055432099082295926] [-0.90395175083265822:7.31958762886598] [0.53149947884215609:2.1432873365825342] [-1:1] [0:0.97959183673469385] [0:0.91666666666666663] [0:4] [1:12] none [0:1] [-6:7] [-0.086416419119632715:0.11933174224343679] [0:1] [-0.10288784967882303:0.08505611680078462] [-0.13986255140503889:0.13160084488587853] [0.0024251968629527628:0.011841457708833433] [-0.90806057657351702:0.19897857359448179] [0.0040695656242548776:2.1402487319617212] [0:1] [-0.22859537662338159:0.23022297972565586] [0:1] none none none
tree_sizes=970 1193 1302 1308 1312 1178 1282 1076 1093 1104 1102 1207 1307 1207 1309 1309 1301 1415 1273 972 1311 1204 1188 1416 1099 784 968 1107 787 1419 1298 1187 1260 979 1094 1101 977 898 1316 1077 1312 1314 1002 994 994 1286 990 977 997 1101

Tree=0
num_leaves=8
num_cat=0
split_feature=37 34 0 16 16 31 15
split_gain=9.61372 7.56461 7.23322 6.74874 10.9342 3.8107 0.365128
threshold=0.039387616863382664 0.03765074828433191 -0.0038692760553221124 -16.618601630511279 -0.11470778875108588 1.5000000000000002 25.866626493771708
decision_type=2 2 2 2 2 2 2
left_child=1 3 -2 -1 -5 6 -4
right_child=2 -3 5 4 -6 -7 -8
leaf_value=-0.16936970177530514 -0.19250899322549136 -0.21265008946068542 -0.23424703621338946 -0.20339264034106067 -0.18279839035145662 -0.20306691257665838 -0.21146932725828879
leaf_weight=11.634790271520613 14.357826292514799 12.129887729883192 7.6740106046199816 42.578381419181824 45.30141744017601 13.61518010497093 7.4264618754386902
leaf_count=47 58 49 31 172 183 55 30
internal_value=-0.19698 -0.19227 -0.2086 -0.189412 -0.192826 -0.217012 -0.226727
internal_weight=154.718 111.644 43.0735 99.5146 87.8798 28.7157 15.1005
internal_count=625 451 174 402 355 116 61
is_linear=0
shrinkage=1


Tree=1
num_leaves=10
num_cat=0
split_feature=38 3 36 9 16 3 27 28 35
split_gain=13.4435 15.1614 13.0518 18.0912 12.9757 6.31913 5.72074 4.57179 4.36714
threshold=0.010720142492578711 -0.027383939856636227 0.0049551651315130341 0.081833147116467567 0.9194277215537473 0.02633286731010576 1.5000000000000002 10.500000000000002 0.022017727214020181
decision_type=2 2 2 2 2 2 2 2 2
left_child=1 8 3 -3 6 -6 -2 -4 -1
right_child=4 2 7 -5 5 -7 -8 -9 -10
leaf_value=0.034814494491419018 0.01599184726501026 0.020046371921668374 -0.021626062222236175 -0.028684541190204048 0.044420976570593261 0.009455233322118773 -0.012182806473742588 -0.0015786486175454397 0.0037773163323314104
leaf_weight=7.4300106018781689 8.668006360530855 22.536513522267345 45.533653020858765 7.4260914325714102 11.64614972472191 11.147552192211149 14.358385622501372 15.5994765907526 10.398241519927977
leaf_count=30 35 91 184 30 47 45 58 63 42
internal_value=0.00164387 -0.00400392 -0.00912248 0.0064602 0.0149895 0.0300677 -0.000547019 -0.0169602 0.0196756
internal_weight=154.744 108.924 91.0957 29.9626 45.8201 22.7937 23.0264 61.1331 17.8283
internal_count=625 440 368 121 185 92 93 247 72
is_linear=0
shrinkage=0.03


Tree=2
num_leaves=11
num_cat=0
split_feature=38 3 36 10 10 15 12 33 35 14
split_gain=12.7423 14.4327 12.3114 16.7199 12.0524 8.67752 6.61712 5.89439 4.13181 3.73076
threshold=0.010720142492578711 -0.027383939856636227 0.0049551651315130341 0.027186148711185413 0.012342533695695492 64.750378586993918 43.44367588932807 0.15044469878739256 0.022017727214020181 65.293977496246058
decision_type=2 2 2 2 2 2 2 2 2 2
left_child=1 8 3 -3 6 -4 7 -2 -1 -6
right_child=4 2 5 -5 9 -7 -8 -9 -10 -11
leaf_value=0.033908686767723878 -0.0040623354017238524 0.020238937890446878 -0.021230805276588365 -0.025245937185148063 0.043500811949411154 0.007931114026627677 -0.01583027794815705 0.028023269588911541 0.0036811248060236099 0.011136084750494817
leaf_weight=7.4526996314525631 8.1690060794353538 21.572524264454845 51.879741176962852 8.4089189171791059 10.181191951036455 9.147001311182974 10.407095193862913 8.1795876026153547 10.402059823274611 8.9310187101364118
leaf_count=30 33 87 210 34 41 37 42 33 42 36
internal_value=0.00162156 -0.00387884 -0.00888311 0.00623174 0.0146062 -0.0165089 0.000610232 0.0124781 0.0191985 0.0315751
internal_weight=154.731 108.863 91.0082 29.9814 45.8679 61.0267 26.7557 16.3486 17.8548 19.1122
internal_count=625 440 368 121 185 247 108 66 72 77
is_linear=0
shrinkage=0.03


Tree=3
num_leaves=11
num_cat=0
split_feature=38 3 36 9 10 14 27 35 3 36
split_gain=12.0587 13.7244 11.5981 16.6962 11.442 7.51214 5.47067 3.91256 3.60884 2.60289
threshold=0.010720142492578711 -0.027383939856636227 0.0049551651315130341 0.081833147116467567 0.012342533695695492 65.447956984556882 1.5000000000000002 0.022017727214020181 0.029965678003615496 0.0065992573228417662
decision_type=2 2 2 2 2 2 2 2 2 2
left_child=1 7 3 -3 6 -4 -2 -1 -6 -8
right_child=4 2 5 -5 8 -7 9 -9 -10 -11
leaf_value=0.033043298783979262 0.016105932889288049 0.019047650239925631 -0.020996109704036956 -0.027801221594860412 0.042438501518691649 0.0042927968069777726 -0.019511770384177576 0.0035874278832679564 0.010713024991504722 0.0016134481753393055
leaf_weight=7.4705399721860912 10.672966316342356 22.603899493813518 49.537138417363167 7.3915280699729911 10.207926943898203 11.372232303023337 8.4101102352142352 10.405711680650709 8.9437949359416944 7.6727503687143317
leaf_count=30 43 91 201 30 41 46 34 42 36 31
internal_value=0.00160983 -0.00374326 -0.00863383 0.00601806 0.0142342 -0.0160497 0.000577161 0.0187381 0.0307458 -0.00954015
internal_weight=154.689 108.781 90.9048 29.9954 45.9075 60.9094 26.7558 17.8763 19.1517 16.0829
internal_count=625 440 368 121 185 247 108 72 77 65
is_linear=0
shrinkage=0.03


Tree=4
num_leaves=11
num_cat=0
split_feature=20 9 13 35 10 5 21 36 9 36
split_gain=11.772 14.7237 8.80573 8.58418 7.91348 8.87271 7.81669 6.84113 3.58935 1.42611
threshold=0.019119565088181498 0.090469480384954074 -1.53680269076791 -0.020092238950399851 0.0067343697955033486 -0.0081567001750810202 0.020219914935796352 0.0046118762527031969 0.0087436326711571102 0.0064025124615287952
decision_type=2 2 2 2 2 2 2 2 2 2
left_child=3 4 -3 -1 5 -2 -6 -5 -9 -4
right_child=1 2 9 7 6 -7 -8 8 -10 -11
leaf_value=-0.036376026223998929 0.011664689016323056 0.009363703494925886 -0.035503308632157012 -0.023550483866911043 0.010447279448303062 -0.012500878711897088 0.039450937758728141 0.018707870815516447 -0.0060173595686045089 -0.0096932386412605584
leaf_weight=8.6135184168815595 36.881275594234467 7.4240774661302593 8.1216997951269132 7.6831096410751369 30.686999037861824 18.788127228617668 12.443738684058188 9.1380466222763079 7.4083806276321402 7.4261002689599982
leaf_count=35 149 30 33 31 124 76 50 37 30 30
internal_value=0.00159713 0.00599892 -0.0145155 -0.0137004 0.0111109 0.00309814 0.020525 -0.00290842 0.00737369 -0.0265403
internal_weight=154.615 121.772 22.9719 32.8431 98.8001 55.6694 43.1307 24.2295 16.5464 15.5478
internal_count=625 492 93 133 399 225 174 98 67 63
is_linear=0
shrinkage=0.03


Tree=5
num_leaves=10
num_cat=0
split_feature=19 15 10 16 28 14 16 21 19
split_gain=23.3105 8.10622 8.5646 16.106 7.87737 5.58976 5.00994 5.4526 4.92054
threshold=0.16477591630787947 -2.3529842466585613 0.012342533695695492 -15.51056106548338 3.5000000000000004 63.982733591506992 -4.3710408168036432 0.014926820028378892 0.092821379059759138
decision_type=2 2 2 2 2 2 2 2 2
left_child=1 6 3 -3 -2 -6 -1 -8 -4
right_child=4 2 8 -5 5 -7 7 -9 -10
leaf_value=0.018757551444849481 0 0.012512751647452195 0.016189398110647433 -0.030191400809710431 0.040758748642406584 0.0054191388025237337 -0.014814635363240718 0.0085827979176746894 -0.006696755350376578
leaf_weight=13.602667167782782 9.4126192480325681 8.6797256469726545 9.4191125929355604 30.82918156683445 15.927415549755098 7.4436444640159598 14.076499328017237 17.839343637228012 30.137315779924393
leaf_count=55 38 35 38 125 64 30 57 72 122
internal_value=0.000890001 -0.0050014 -0.0107675 -0.0202975 0.0227099 0.0314088 0.00473031 -0.00155946 -0.000369309
internal_weight=157.368 124.584 79.0653 39.5089 32.7837 23.3711 45.5185 31.9158 39.5564
internal_count=636 504 320 160 132 94 184 129 160
is_linear=0
shrinkage=0.03


Tree=6
num_leaves=11
num_cat=0
split_feature=38 3 16 13 2 16 37 34 38 10
split_gain=21.5244 14.865 7.60509 7.3917 6.58219 6.30485 4.76411 3.96996 3.47392 1.86545
threshold=0.010782881054116357 -0.027383939856636227 -3.3254474512760974 -4.943497232195095 0.034838839945598894 -2.4017451723342087 0.0049376700738316135 0.004812674851750077 0.011874254727979911 0.0072895389939249275
decision_type=2 2 2 2 2 2 2 2 2 2
left_child=1 6 8 5 9 -3 -1 -5 -2 -4
right_child=2 3 4 7 -6 -7 -8 -9 -10 -11
leaf_value=0.026965663135463877 0.014563654784629601 -0.012980732929694396 0.013133504070652934 -0.0065947207648242318 0 0.017376688437681725 -0.00092183266474827577 -0.022603523068866035 -0.0085675177446904345 0.040933276986818395
leaf_weight=11.439870178699495 8.4205874651670474 9.112545847892763 7.6930983215570512 29.295608654618263 7.7117523998022071 11.381933003664015 7.44515736401081 39.422037109732628 10.918028980493544 14.465545371174811
leaf_count=46 34 37 31 119 31 46 30 160 44 58
internal_value=0.000886437 -0.00650041 0.0170261 -0.0117242 0.0260683 0.0032579 0.0162178 -0.0163703 0.0012225 0.0337889
internal_weight=157.306 108.097 49.209 89.2121 29.8704 20.4945 18.885 68.7176 19.3386 22.1586
internal_count=636 438 198 362 120 83 76 279 78 89
is_linear=0
shrinkage=0.03


Tree=7
num_leaves=9
num_cat=0
split_feature=19 3 28 28 10 15 14 24
split_gain=21.5301 9.69225 7.2129 6.31183 7.75902 5.9954 5.32538 2.35439
threshold=0.16477591630787947 -0.022819510449100019 3.5000000000000004 1.5000000000000002 0.0089685477632377459 1.0000000180025095e-35 63.982733591506992 -0.2466216216216216
decision_type=2 2 2 2 2 2 2 2
left_child=1 5 -2 -3 -5 -1 -4 -7
right_child=2 3 6 4 -6 7 -8 -9
leaf_value=0.024418279373418336 0 0.012538357482491786 0.039253452598040202 -0.020619031770224734 -0.0023528281186893881 0.0076167634011892419 0.0048949800698579321 -0.012357385918426713
leaf_weight=11.922793209552767 9.4076090604066831 8.3854798972606641 15.95499984920025 43.770624682307243 43.463691383600235 8.9435924887657183 7.4500688761472693 7.9228622317314139
leaf_count=48 38 34 64 178 176 36 30 32
internal_value=0.000882879 -0.00478441 0.0218416 -0.00942941 -0.0119429 0.00976655 0.0301536 -0.00128619
internal_weight=157.222 124.409 32.8127 95.6198 87.2343 28.7892 23.4051 16.8665
internal_count=636 504 132 388 354 116 94 68
is_linear=0
shrinkage=0.03


Tree=8
num_leaves=9
num_cat=0
split_feature=38 18 28 28 9 10 38 40
split_gain=19.7932 9.11552 8.86094 6.80655 13.9531 7.04022 5.30931 8.94863
threshold=0.010782881054116357 0.18371426343165267 3.5000000000000004 6.5000000000000009 0.008124242269214663 0.00122352832968764 0.014271086919056561 -0.013374112504764333
decision_type=2 2 2 2 2 2 2 2
left_child=1 -1 -2 4 -3 -5 7 -4
right_child=2 3 6 5 -6 -7 -8 -9
leaf_value=0.014310444946373752 -0.0081190631382885448 0.024218264839370049 -0.0049183614250930289 -0.030283783390638395 -0.01101921654457746 -0.0058483030300044928 0.039520825933849431 0.02636976041516945
leaf_weight=14.371188089251516 8.92947009205818 11.832750231027601 12.387761250138281 20.37420742213726 35.208020523190498 26.127241641283035 10.97846572101116 16.929071307182316
leaf_count=58 36 48 50 83 143 106 44 68
internal_value=0.00087837 -0.00621208 0.0163509 -0.00975559 -0.00122343 -0.0176711 0.0222557 0.0132003
internal_weight=157.138 107.913 49.2248 93.5422 47.0408 46.5014 40.2953 29.3168
internal_count=636 438 198 380 191 189 162 118
is_linear=0
shrinkage=0.03


Tree=9
num_leaves=9
num_cat=0
split_feature=19 3 13 22 20 21 15 23
split_gain=19.7697 8.97482 7.56505 5.88838 4.99618 9.14679 3.63215 0.861731
threshold=0.16477591630787947 -0.022819510449100019 -0.15748863254398057 -0.18712627394595507 0.027221574561763807 0.015426892578378889 1.0000000180025095e-35 1.0437327191631567
decision_type=2 2 2 2 2 2 2 2
left_child=1 3 -2 -1 5 -3 -5 -4
right_child=2 4 7 6 -6 -7 -8 -9
leaf_value=-0.0084994201768976256 0.033176152896258748 -0.015106088416099867 0.0097106912024024893 0.031033798975632534 -0.025404058060936398 0.0043039416686611633 0.0038430619528986507 -0.0024282860104139826
leaf_weight=8.9341587424278277 17.908050209283829 42.953826785087585 7.4445292353630048 8.7093817591667193 13.009783312678335 39.457967013120651 11.164619833230971 7.4609566926956177
leaf_count=36 72 175 30 35 53 160 45 30
internal_value=0.000863096 -0.00457057 0.0209462 0.00941346 -0.00905296 -0.00575327 0.0181926 0.00317879
internal_weight=157.043 124.23 32.8135 28.8082 95.4216 82.4118 19.874 14.9055
internal_count=636 504 132 116 388 335 80 60
is_linear=0
shrinkage=0.03


Tree=10
num_leaves=9
num_cat=0
split_feature=41 9 14 14 21 11 17 9
split_gain=11.1251 8.40441 11.3248 7.43283 7.03282 4.39724 4.27267 2.58183
threshold=1.0000000180025095e-35 0.093210524132312664 33.554678990671512 63.982733591506992 0.015320748777013277 -0.00065981403144726991 1.0000000180025095e-35 0.1116331956073911
decision_type=2 2 2 2 2 2 2 2
left_child=5 2 4 -4 -2 -1 -7 -3
right_child=1 7 3 -5 -6 6 -8 -9
leaf_value=0.027228679312538348 -0.01706304400669063 -0.033800057671339354 0.024097919308150032 -0.0066998840700149016 0.00044954695062905838 0.015620570568015218 -0.010915198219755737 -0.0075179526410759203
leaf_weight=11.93276007473469 36.289690867066383 9.0586424022912997 18.550279989838604 8.6563175022602064 41.079949975013733 9.6986277252435702 7.8648357093334189 9.6055768281221372
leaf_count=48 148 37 75 35 166 39 32 39
internal_value=-0.00140076 -0.00547892 -0.00183108 0.0139976 -0.0077986 0.0144282 0.00307014 -0.0230366
internal_weight=152.737 123.24 104.576 27.2066 77.3696 29.4962 17.5635 18.6642
internal_count=619 500 424 110 314 119 71 76
is_linear=0
shrinkage=0.03


Tree=11
num_leaves=10
num_cat=0
split_feature=38 34 11 19 38 19 23 15 17
split_gain=12.5742 11.9073 9.2779 9.03222 14.7452 8.01386 7.53403 2.82744 4.79022
threshold=0.0078650493049408302 0.023876476402097783 0.0026025157188015462 0.094013347853098006 0.012557297080863583 0.075031445178049341 1.1789235418693582 -4.6795519545459543 -1.3692201733500935
decision_type=2 2 2 2 2 2 2 2 2
left_child=6 3 -3 5 -5 -2 7 -1 -9
right_child=1 2 -4 4 -6 -7 -8 8 -10
leaf_value=-0.0039432534712991905 0.0013798063305068681 0.0058573046529242917 -0.026867978085638917 -0.0064304793006204723 0.026125973243792178 0.038540817530085494 0.0086487366194410546 -0.0069109907397420034 -0.035054239394526947
leaf_weight=10.789863705635069 9.3774645179510134 12.355997219681742 14.73915311694145 39.966184496879578 15.70132592320442 13.638664692640303 8.6116294115781766 11.860413283109663 15.594117477536203
leaf_count=44 38 50 60 162 63 55 35 48 64
internal_value=-0.00136338 0.00427141 -0.0120522 0.0102379 0.00307975 0.0253207 -0.0140452 -0.0197039 -0.0247004
internal_weight=152.635 105.779 27.0952 78.6836 55.6675 23.0161 46.856 38.2444 27.4545
internal_count=619 428 110 318 225 93 191 156 112
is_linear=0
shrinkage=0.03


Tree=12
num_leaves=11
num_cat=0
split_feature=38 9 14 20 9 38 23 23 19 23
split_gain=11.9601 13.4527 10.0058 7.52502 8.58472 6.44079 6.08699 5.38206 4.48405 0.720289
threshold=0.0078650493049408302 0.079968989333825721 -18.325080540962514 0.023037227748020781 0.0100133631817024 0.010782881054116357 0.98500145223644442 1.0509267393180217 0.060590868098874325 0.93669801515029105
decision_type=2 2 2 2 2 2 2 2 2 2
left_child=3 2 7 4 8 -3 -4 -2 -1 -6
right_child=1 5 6 -5 9 -7 -8 -9 -10 -11
leaf_value=-0.016637793712695279 -0.015253588843686047 -0.02693310313495478 0.02497532300051113 0.0055873508348671134 -0.014325377824204568 0.0024806765697281256 0.0037719714467653906 0.010042130390350188 0.011790638057718005 -0.039304353216848067
leaf_weight=8.0552660673856717 15.856868460774423 13.619444176554682 33.134072959423065 11.589877620339392 7.3306598216295269 9.6923468410968763 22.754783138632774 10.694073021411894 7.6215481013059607 12.165221363306044
leaf_count=33 64 56 134 47 30 39 92 43 31 50
internal_value=-0.00132068 0.00416957 0.00995921 -0.013706 -0.0204256 -0.0148814 0.0170302 -0.00454997 -0.00219798 -0.0328165
internal_weight=152.514 105.752 82.4398 46.7626 35.1727 23.3118 55.8889 26.5509 15.6768 19.4959
internal_count=619 428 333 191 144 95 226 107 64 80
is_linear=0
shrinkage=0.03


Tree=13
num_leaves=10
num_cat=0
split_feature=38 9 10 34 34 23 38 5 23
split_gain=11.3644 12.7362 8.7906 9.45006 7.84906 7.16106 4.30101 2.35616 4.02619
threshold=0.0078650493049408302 0.079968989333825721 0.0072895389939249275 -0.028886515994581859 0.0062406384708568749 1.1789235418693582 0.011010877249417699 -0.013720610559092515 0.89755859281628203
decision_type=2 2 2 2 2 2 2 2 2
left_child=5 2 3 -2 -3 7 -4 -1 -9
right_child=1 4 6 -5 -6 -7 -8 8 -10
leaf_value=-0.0029898859446299709 0.027060317656528686 0.001882111858989471 0.010599556552598203 -0.0042085861510810646 -0.03027173594603726 0.0086859522842935889 0.036337783919685014 -0.0040521792331393754 -0.03058869808802693
leaf_weight=9.3117979019880277 8.7122712880372983 11.794782012701036 19.822430670261387 42.99691841006279 11.457426607608793 8.6059764176607114 10.954797983169554 9.5645345151424426 19.183049514889717
leaf_count=38 35 48 80 174 47 35 44 39 79
internal_value=-0.00129775 0.00404817 0.00967683 0.00159198 -0.0145103 -0.0133878 0.0218767 -0.018938 -0.0230855
internal_weight=152.404 105.739 82.4864 51.7092 23.2522 46.6654 30.7772 38.0594 28.7476
internal_count=619 428 333 209 95 191 124 156 118
is_linear=0
shrinkage=0.03


Tree=14
num_leaves=11
num_cat=0
split_feature=38 7 36 11 16 10 34 38 3 26
split_gain=10.8223 9.23349 11.1522 9.1473 8.49254 4.47863 4.18254 5.25729 2.73918 1.97559
threshold=0.011010877249417699 -0.013442262046177458 0.0049551651315130341 0.047897501658359383 -6.3693862106605827 0.0151790778506824 0.0012352704006407535 0.013203536419604469 -0.024507961315261447 0.26393188854489169
decision_type=2 2 2 2 2 2 2 2 2 2
left_child=1 8 3 -3 -2 -4 -6 -8 9 -1
right_child=4 2 5 -5 6 -7 7 -9 -10 -11
leaf_value=0.02298525008355742 -0.0083681587043739469 0.015559270211952941 -0.025795769971734432 -0.017798381779289378 0.033470530724725951 -0.0068649912940807675 0.020125527388278597 -0.0086305194166378853 -0.003277891972016739 0.00071775491736754469
leaf_weight=9.7045293748378807 11.911591559648512 18.978960335254673 32.747758120298386 9.247621223330496 10.947605922818186 23.284951418638229 11.65556910634041 7.4581763893365851 8.8342184722423536 7.4724983274936667
leaf_count=39 48 77 135 38 44 95 47 30 36 30
internal_value=-0.0012528 -0.00626506 -0.0111141 0.0036798 0.0112602 -0.0186951 0.0195425 0.00843984 0.00857931 0.0151656
internal_weight=152.243 110.271 84.2593 28.2266 41.9729 56.0327 30.0614 19.1137 26.0112 17.177
internal_count=619 450 345 115 169 230 121 77 105 69
is_linear=0
shrinkage=0.03


Tree=15
num_leaves=11
num_cat=0
split_feature=38 28 3 36 11 16 20 17 16 6
split_gain=13.9802 15.0217 10.812 10.2063 8.71361 8.55129 8.45357 5.04445 4.43254 8.8622
threshold=0.010656253427988588 3.5000000000000004 -0.0080693302837067642 0.0049551651315130341 -0.0025973662764159906 8.697431087069619 0.019153819380321128 -1.3692201733500935 -2.6394315627593659 0.018396842470465229
decision_type=2 2 2 2 2 2 2 2 2 2
left_child=2 -2 4 5 -1 -4 -6 -5 -3 -10
right_child=1 8 3 7 6 -7 -8 -9 9 -11
leaf_value=0.02813275581821081 -0.017407703163601466 0.0045188876221864483 0.017898703592179696 -0.00047200188552034357 -0.024326309469747447 -0.018065285237190355 0.0078542076725749525 -0.025502535027875535 0.039928163515833032 0.001294356413653537
leaf_weight=9.8935898542404157 9.1819300800561887 12.398415490984915 13.314953044056894 10.556955695152281 8.5360787063837069 7.5522516816854468 21.761875972151756 36.318928629159927 17.393644705414776 8.7043823450803739
leaf_count=40 37 50 54 43 35 31 88 150 70 35
internal_value=0.000266121 0.0135596 -0.00560949 -0.0128558 0.00627913 0.00378506 -0.00169278 -0.0204223 0.0218111 0.0285859
internal_weight=155.613 47.6784 107.935 67.7431 40.1915 20.8672 30.298 46.8759 38.4964 26.098
internal_count=633 192 441 278 163 85 123 193 155 105
is_linear=0
shrinkage=0.03


Tree=16
num_leaves=11
num_cat=0
split_feature=38 28 21 3 36 16 40 26 15 15
split_gain=13.2394 14.2892 11.2843 10.2515 9.67657 8.13318 5.90826 6.14199 5.79578 5.75928
threshold=0.010656253427988588 3.5000000000000004 0.016985509740000852 -0.0080693302837067642 0.0049551651315130341 8.697431087069619 0.035913360362268561 0.29340028694404596 61.83871842463973 56.125354216708836
decision_type=2 2 2 2 2 2 2 2 2 2
left_child=3 -2 -3 6 5 -5 7 -1 -6 -4
right_child=1 2 9 4 8 -7 -8 -9 -10 -11
leaf_value=0.00091983626991962836 -0.017000057180546074 -0.0052289603772854845 0.038026572297809307 0.017406418317477693 -0.024329093918929654 -0.017674718882049304 -0.0084065213161644298 0.030215796843071661 0.0023038433214683969 0.0049436507332118003
leaf_weight=16.062564775347713 9.1682068109512311 9.402047321200369 20.867524847388271 13.33699679374695 39.381566926836967 7.5320646017789832 13.769250646233557 10.36460720002651 7.3293449580669394 8.2104468494653684
leaf_count=65 37 38 84 54 163 31 56 42 30 33
internal_value=0.000263167 0.0132043 0.0212557 -0.00545783 -0.0125294 0.00365059 0.00610612 0.0142547 -0.0199192 0.0300872
internal_weight=155.425 47.6482 38.48 107.776 67.58 20.8691 40.1964 26.4272 46.7109 29.078
internal_count=633 192 155 441 278 85 163 107 193 117
is_linear=0
shrinkage=0.03


Tree=17
num_leaves=12
num_cat=0
split_feature=38 28 3 36 11 4 25 15 40 38 6
split_gain=12.484 13.577 9.72237 9.15821 8.15129 7.87033 5.74311 5.53066 4.36873 7.38253 2.83216
threshold=0.010656253427988588 3.5000000000000004 -0.0080693302837067642 0.0049551651315130341 -0.0025973662764159906 0.031523403159147707 0.12233560090702948 61.83871842463973 -0.016953957198766797 0.012816706703620088 0.013972173406867695
decision_type=2 2 2 2 2 2 2 2 2 2 2
left_child=2 -2 4 5 -1 -4 -6 -5 9 -3 -10
right_child=1 8 3 7 6 -7 -8 -9 10 -11 -12
leaf_value=0.02706519155164944 -0.016603582352800784 -0.010401625282276013 0.020320672557533316 -0.023735930048718712 -0.021999966802627269 -0.013239829745772289 0.0054124367791583486 0.0022489368138226508 0.037174872299359736 0.024979481510964109 0.0083582234574555922
leaf_weight=9.9223794192075712 9.1534997224807721 8.6676277816295642 10.656192675232889 39.207377776503563 7.3750085383653667 10.211489379405974 22.913908377289772 7.3318263590335837 14.103529483079912 8.2158831059932691 7.4549152404069892
leaf_count=40 37 35 43 163 30 42 93 30 57 33 30
internal_value=0.000263233 0.0128381 -0.00529408 -0.0121977 0.00595283 0.00352044 -0.00174688 -0.0194092 0.0206938 0.00684337 0.0294023
internal_weight=155.214 47.5955 107.618 67.4069 40.2113 20.8677 30.2889 46.5392 38.442 16.8835 21.5584
internal_count=633 192 441 278 163 85 123 193 155 68 87
is_linear=0
shrinkage=0.03


Tree=18
num_leaves=11
num_cat=0
split_feature=41 36 18 16 26 27 36 13 26 13
split_gain=11.2432 12.4862 6.90126 9.61082 4.37001 3.67554 2.74449 2.48027 0.910778 0.803884
threshold=1.0000000180025095e-35 0.007036075324096564 0.83938028115071439 -0.11470778875108588 0.12864214992927867 2.5000000000000004 0.0050322082912597271 -0.49407162697260171 0.35173201370384471 -1.0792658385570524
decision_type=2 2 2 2 2 2 2 2 2 2
left_child=4 2 3 -2 -1 7 -4 -3 -6 -7
right_child=1 5 6 -5 8 9 -8 -9 -10 -11
leaf_value=0 -0.0025817722878238971 -0.0080848343270014094 0 0.018964709173647086 0.030738990962730431 -0.010053718889485948 -0.023274299456211768 -0.033124453364270209 0.010220368744490355 0.0015329613536990945
leaf_weight=8.6254886388778704 39.630101025104523 9.2594358772039413 9.7443923652172106 30.944264128804207 10.833202302455904 7.595625251531601 8.6597179770469648 13.312218546867371 9.109672471880911 7.2717537283897382
leaf_count=35 161 38 40 126 44 31 36 55 37 30
internal_value=0.00027322 -0.00352641 0.00250218 0.00692116 0.0167083 -0.0176348 -0.0127256 -0.0249572 0.0238357 -0.00398749
internal_weight=154.986 126.418 88.9785 70.5744 28.5684 37.439 18.4041 22.5717 19.9429 14.8674
internal_count=633 517 363 287 116 154 76 93 81 61
is_linear=0
shrinkage=0.03


Tree=19
num_leaves=8
num_cat=0
split_feature=20 15 36 6 19 36 17
split_gain=9.32503 11.9867 11.2204 13.9607 7.22693 4.50888 2.06882
threshold=0.019119565088181498 -6.9375312629888031 0.0088352077389240637 0.014949818028049315 0.065195584011800159 0.0050322082912597271 -1.4400578812134233
decision_type=2 2 2 2 2 2 2
left_child=1 -1 3 4 -2 -5 -3
right_child=2 6 -4 5 -6 -7 -8
leaf_value=0.0109622162335996 -0.014540545079316486 -0.0070550541325110853 0.033411914112134553 0 0.010084512998540209 -0.026368202517089288 -0.031401361670365377
leaf_weight=10.531255990266798 10.121306106448172 7.8190807551145562 8.862713694572447 7.5716019421815899 78.904453754425049 16.004762932658195 15.085633769631386
leaf_count=43 42 32 36 31 320 66 63
internal_value=0.000248478 -0.0132187 0.00423118 0.00126052 0.00686214 -0.0181876 -0.0249265
internal_weight=154.901 33.436 121.465 112.602 89.0258 23.5764 22.9047
internal_count=633 138 495 459 362 97 95
is_linear=0
shrinkage=0.03


Tree=20
num_leaves=11
num_cat=0
split_feature=21 9 15 13 11 15 33 0 35 10
split_gain=9.89384 12.606 15.876 9.9972 7.31433 11.5768 7.00572 4.97517 3.86148 2.33579
threshold=0.015320748777013277 -0.00072072499340799373 55.443588896598541 3.3338866430466187 0.028110576488155518 -27.916744923454733 0.8653626481975808 -0.0029913885610819975 0.032465131591025827 -0.0063791986458757157
decision_type=2 2 2 2 2 2 2 2 2 2
left_child=1 7 -3 4 5 -2 9 -1 -6 -5
right_child=3 2 -4 6 8 -7 -8 -9 -10 -11
leaf_value=-0.0074942829297609016 -0.0047850110894988498 -0.034566784104065704 0.0092426364781444028 -0.0026466034421513927 0.0084601228071544705 0.030868662590121925 0.011749581569201289 0.018317937990484347 -0.011346832775741231 -0.024413327524112943
leaf_weight=9.9648572802543658 9.8594752401113492 22.242635130882267 9.035324349999426 9.5919502228498494 24.391056939959526 26.611384943127632 9.2504567205905897 12.492622122168539 11.067927986383436 12.651542946696281
leaf_count=41 40 93 37 39 99 108 38 51 45 52
internal_value=0.000345992 -0.0097817 -0.0216658 0.00583602 0.0119903 0.0210925 -0.00764867 0.00657496 0.00160154 -0.0166384
internal_weight=157.159 53.7354 31.278 103.424 71.9298 36.4709 31.4939 22.4575 35.459 22.2435
internal_count=643 222 130 421 292 148 129 92 144 91
is_linear=0
shrinkage=0.03


Tree=21
num_leaves=10
num_cat=0
split_feature=21 9 15 9 15 11 26 5 31
split_gain=9.32832 11.964 15.1785 8.14131 11.9458 9.14165 4.5711 4.50015 3.82625
threshold=0.015320748777013277 -0.00072072499340799373 55.443588896598541 0.098344632066397625 -27.916744923454733 0.028110576488155518 0.21496489824935575 -0.067307642768574635 1.0000000180025095e-35
decision_type=2 2 2 2 2 2 2 2 2
left_child=1 8 -3 4 7 -6 -5 -2 -1
right_child=3 2 -4 6 5 -7 -8 -9 -10
leaf_value=-0.0043983365728868084 0.0016761425050025507 -0.033833636128361072 0.0090068666890338617 0.0019887388142681042 0.024590228466548975 0.0025841388928011001 -0.027195681847552531 -0.025720839859479493 0.018057066779902445
leaf_weight=11.662990078330042 9.1385747641325015 22.08854748308659 9.0458736419677717 7.5463301539421064 37.415330275893211 33.731780260801315 7.5169190168380737 8.0720627903938276 10.807651102542875
leaf_count=48 37 93 37 31 152 137 31 33 44
internal_value=0.000327 -0.00951964 -0.0211416 0.00565677 0.00925406 0.0147178 -0.0131765 -0.0117327 0.0063821
internal_weight=157.026 53.6051 31.1344 103.421 88.3577 71.1471 15.0632 17.2106 22.4706
internal_count=643 222 130 421 359 289 62 70 92
is_linear=0
shrinkage=0.03


Tree=22
num_leaves=10
num_cat=0
split_feature=19 38 10 12 34 11 20 37 16
split_gain=9.08241 7.94965 7.2491 5.68841 8.31431 6.24719 7.47277 7.01175 1.90525
threshold=0.16243313346599439 0.010352744729166133 -0.012967044575999951 61.90093400704334 -0.00039914322828238363 0.0089649905552557935 0.01934856030188065 -0.020499227100812419 12.876371589362163
decision_type=2 2 2 2 2 2 2 2 2
left_child=3 -2 -3 5 -5 7 -7 -1 -6
right_child=1 2 -4 4 8 6 -8 -9 -10
leaf_value=-0.011647013014016768 -0.0059524512184652278 0 0.038402853973854255 0.0036394364516559286 -0.034606963128642421 -0.030639155685922775 -0.00075045477614531892 0.013911653265211651 -0.0095458108246584301
leaf_weight=10.365586847066877 9.089722692966463 7.6626393198967024 11.739915415644642 13.096436545252802 9.9437514841556567 7.683003142476081 39.54449824988842 38.7870032787323 8.9597398042678815
leaf_count=42 37 31 48 54 41 33 161 159 37
internal_value=0.000307023 0.015127 0.0253365 -0.00304861 -0.0136181 0.000513683 -0.00696473 0.00798381 -0.0254961
internal_weight=156.872 28.4923 19.4026 128.38 31.9999 96.3801 47.2275 49.1526 18.9035
internal_count=643 116 79 527 132 395 194 201 78
is_linear=0
shrinkage=0.03


Tree=23
num_leaves=12
num_cat=0
split_feature=21 13 14 15 11 15 34 14 5 34 28
split_gain=8.6111 9.33519 8.27111 10.203 6.42575 10.3866 6.41528 3.95892 3.50959 3.1161 2.14855
threshold=0.015320748777013277 3.3338866430466187 -8.5547449340004942 55.443588896598541 0.028110576488155518 -27.916744923454733 -0.0060182771961215234 1.0000000180025095e-35 -0.0032521588701641675 0.015431096741507557 9.5000000000000018
decision_type=2 2 2 2 2 2 2 2 2 2 2
left_child=2 4 9 7 5 -2 -3 -4 -6 -1 -8
right_child=1 6 3 -5 8 -7 10 -9 -10 -11 -12
leaf_value=-0.003509244180320201 -0.0045655031660671542 0.00901608644851906 -0.0054009810126867926 0.0088259432795566133 0.016927981160531857 0.029154681106617387 -0.023805186476776794 -0.032100743695221964 -0.0033710128520954364 0.020362558261664929 -0.001219376916901393
leaf_weight=7.5827016383409482 9.849842965602873 10.965230002999308 9.6210784912109393 9.0517055392265302 8.1869111955165845 26.606491059064865 13.153526261448862 19.836532726883888 27.233705773949623 7.325696587562561 7.3204678297042838
leaf_count=31 40 45 40 37 33 108 54 84 111 30 30
internal_value=0.000275189 0.00539905 -0.00920149 -0.0164454 0.0113541 0.0198904 -0.00763182 -0.024755 0.00157391 0.00835484 -0.0172242
internal_weight=156.734 103.316 53.4177 38.5093 71.877 36.4563 31.4392 29.4576 35.4206 14.9084 20.474
internal_count=643 421 222 161 292 148 129 124 144 61 84
is_linear=0
shrinkage=0.03


Tree=24
num_leaves=9
num_cat=0
split_feature=41 23 6 40 25 34 25 10
split_gain=5.91213 7.1303 11.445 5.77051 5.00099 4.92303 4.03469 3.1293
threshold=1.0000000180025095e-35 0.77762734309467296 -0.014805373590881101 0.022014964663940265 0.13221420643729193 0.0062406384708568749 0.14549731182795703 0.0072895389939249275
decision_type=2 2 2 2 2 2 2 2
left_child=4 3 6 -2 -1 -4 -3 -6
right_child=1 2 5 -5 7 -7 -8 -9
leaf_value=-0.0046887409178980313 -0.0024935703163064295 -0.00079489747377143433 -0.0011923541735163259 0.025840965077293651 0.0058781829760315559 -0.016141345621698187 0.025186179262121824 0.03171190024265904
leaf_weight=9.0752125233411807 10.537974089384081 7.398584961891177 35.477650552988052 10.997014895081518 11.537808641791345 52.050746947526932 10.422036334872244 9.0700725615024549
leaf_count=37 43 30 146 45 47 216 42 37
internal_value=0.000262017 -0.00249957 -0.00583839 0.0123047 0.0119528 -0.0104117 0.014651 0.0197113
internal_weight=156.567 126.884 105.349 21.535 29.6831 87.5284 17.8206 20.6079
internal_count=643 522 434 88 121 362 72 84
is_linear=0
shrinkage=0.03


Tree=25
num_leaves=6
num_cat=0
split_feature=21 18 38 36 11
split_gain=8.84681 10.2114 7.67691 7.25598 3.04182
threshold=0.011557529135713656 0.054916454516252551 0.014271086919056561 0.006157900997307098 -0.0040350417584081857
decision_type=2 2 2 2 2
left_child=4 -2 3 -3 -1
right_child=1 2 -4 -5 -6
leaf_value=-0.0023641784275438655 0.033775428620660214 0.0058156026410255387 0.022576076642309966 -0.0086346395236600367 -0.031363524406526101
leaf_weight=7.5205394774675369 7.4624678790569297 63.215582683682442 11.7755901068449 57.5839853733778 7.1484862864017469
leaf_count=31 30 259 48 237 30
internal_value=0.00109084 0.00359327 0.00130619 -0.00097898 -0.0194635
internal_weight=154.707 140.038 132.575 120.8 14.669
internal_count=635 574 544 496 61
is_linear=0
shrinkage=0.03


Tree=26
num_leaves=8
num_cat=0
split_feature=21 35 18 9 26 20 20
split_gain=8.47511 10.1088 10.7968 5.4441 2.63129 2.3264 0.800599
threshold=0.011557529135713656 -0.048398002944672606 0.18716980037436162 0.093953541986108002 0.29340028694404596 0.029556853521731472 0.016476727426515975
decision_type=2 2 2 2 2 2 2
left_child=6 5 4 -4 -3 -2 -1
right_child=1 2 3 -5 -6 -7 -8
leaf_value=-0.0060663702374496543 0.006593488465139445 0.0049690513846442101 0 -0.016880869974037385 0.032936292723266529 0.033606736792857812 -0.026107994394981703
leaf_weight=7.1799733340740186 7.7143297493457821 7.6810073852539045 88.633134052157402 18.96278989315033 7.9379418343305588 9.0787888616323453 7.441908523440361
leaf_count=30 32 31 363 79 32 37 31
internal_value=0.00106318 0.00351194 0.000258359 -0.00313035 0.0221593 0.024018 -0.0190832
internal_weight=154.63 140.008 123.215 107.596 15.6189 16.7931 14.6219
internal_count=635 574 505 442 63 69 61
is_linear=0
shrinkage=0.03


Tree=27
num_leaves=9
num_cat=0
split_feature=8 38 40 39 35 21 0 32
split_gain=8.18245 7.52723 10.2111 9.68278 6.24409 7.55794 7.2529 2.41563
threshold=-0.043948761512569164 0.010782881054116357 -0.012142006038935059 1.0000000180025095e-35 0.030214068013356913 0.011797393729312078 -0.0044482007440719831 0.0029056023953983883
decision_type=2 2 2 2 2 2 2 2
left_child=-1 4 3 -3 5 -2 -6 -4
right_child=1 2 7 -5 6 -7 -8 -9
leaf_value=0.022242609955885808 -0.02348054271153123 0.014312916084927576 0.032581888657857813 -0.025322918189657206 0.00081635294713529229 0.0062954812312238104 -0.021748388620544255 0.0078014528927221197
leaf_weight=12.901812255382536 7.0377886444330207 8.6433769762516022 11.022479951381685 9.2887636870145798 19.147887453436852 46.792947933077812 29.865044638514519 9.8104432225227338
leaf_count=52 30 35 45 38 78 193 124 40
internal_value=0.00104516 -0.00106454 0.00976103 -0.00594651 -0.00539648 0.00143224 -0.0129526 0.023275
internal_weight=154.511 141.609 38.7651 17.9321 102.844 53.8307 49.0129 20.8329
internal_count=635 583 158 73 425 223 202 85
is_linear=0
shrinkage=0.03


Tree=28
num_leaves=6
num_cat=0
split_feature=21 18 38 3 11
split_gain=7.72344 9.35771 6.81415 7.09753 2.96615
threshold=0.011557529135713656 0.054916454516252551 0.014271086919056561 0.039903623095473691 -0.0040350417584081857
decision_type=2 2 2 2 2
left_child=4 -2 3 -3 -1
right_child=1 2 -4 -5 -6
leaf_value=-0.0016024282762026631 0.03226643153483004 0.0023570435030863799 0.021259307172627664 -0.015923110734704073 -0.030035877982431777
leaf_weight=7.4802481085062027 7.4544688314199439 99.213019952178001 11.71706138551235 21.436137706041336 7.0405170768499357
leaf_count=31 30 407 48 89 30
internal_value=0.00102553 0.00336386 0.00116847 -0.000975243 -0.0182638
internal_weight=154.341 139.821 132.366 120.649 14.5208
internal_count=635 574 544 496 61
is_linear=0
shrinkage=0.03


Tree=29
num_leaves=12
num_cat=0
split_feature=13 0 0 20 34 20 15 6 9 12 38
split_gain=7.53847 5.20521 6.92807 5.02596 4.43572 4.12962 3.00242 2.57387 2.45124 2.11031 1.72773
threshold=3.3338866430466187 0.0024310486855290141 -0.0044482007440719831 0.019119565088181498 0.0019394252310781515 0.02375016925969058 -2.3529842466585613 0.014331153101920393 -0.024484245157538682 58.03362267676318 0.009576285998540688
decision_type=2 2 2 2 2 2 2 2 2 2 2
left_child=1 2 3 -1 5 -2 -3 -8 -4 10 -6
right_child=4 6 8 -5 9 -7 7 -9 -10 -11 -12
leaf_value=-0.0087340950421222145 -0.0092102684765220395 0.027941160462215068 6.2304530091148634e-05 0.011597213040914248 0.0028700941938666568 0.016161180931403073 0.014613353680080004 -0.0049623335814977044 -0.018605918758864214 -0.02514251513253217 -0.014663417957477658
leaf_weight=11.935010507702826 10.791992276906969 10.271148949861528 7.6083832979202297 43.592238575220108 7.1993183046579379 8.2764215022325498 12.113863483071329 7.7192897200584403 14.88873668015003 12.203427761793135 7.6361945867538452
leaf_count=50 45 42 31 177 30 34 50 32 62 51 31
internal_value=0.000995589 0.00539634 0.000979719 0.00681474 -0.00880832 0.00157873 0.015602 0.00655061 -0.0121905 -0.0162543 -0.00593369
internal_weight=154.236 108.129 78.0244 55.5272 46.1074 19.0684 30.1043 19.8332 22.4971 27.0389 14.8355
internal_count=635 444 320 227 191 79 124 82 93 112 61
is_linear=0
shrinkage=0.03


Tree=30
num_leaves=11
num_cat=0
split_feature=13 38 11 20 34 20 34 26 11 23
split_gain=9.99057 6.80124 8.22323 9.21568 6.49306 4.14939 3.38168 3.32372 2.82631 3.29246
threshold=3.3338866430466187 0.0077277549065625064 0.047247750272016671 0.02843888730973779 -0.027292232755695086 0.023037227748020781 0.0050411954474858254 0.34749552772808595 -0.013111571636831352 0.97913398775162697
decision_type=2 2 2 2 2 2 2 2 2 2
left_child=1 5 3 -3 -2 7 -4 -1 -6 -10
right_child=4 2 6 -5 8 -7 -8 -9 9 -11
leaf_value=-0.022724106557779428 0.010892920422779116 0.023380218622228627 0.0051350532442587839 -0.0019817614504593862 -0.0032496849089790956 0.0090283456155941157 -0.016034732313179482 0 -0.0070898313223341372 -0.031741155321624276
leaf_weight=12.810223698616033 7.1626140773296347 37.342827707529068 10.975039646029474 17.201308742165565 12.9070598334074 7.3883572220802298 11.260853320360182 7.8774738013744345 11.772655069828035 14.163820862770079
leaf_count=54 30 152 45 70 53 30 46 33 49 60
internal_value=-0.000515643 0.00449687 0.00914933 0.0153295 -0.0119639 -0.00748992 -0.00540548 -0.0143262 -0.0168729 -0.0223974
internal_weight=150.862 104.856 76.78 54.5441 46.0061 28.0761 22.2359 20.6877 38.8435 25.9365
internal_count=622 430 313 222 192 117 91 87 162 109
is_linear=0
shrinkage=0.03


Tree=31
num_leaves=10
num_cat=0
split_feature=13 38 34 15 8 24 21 9 38
split_gain=9.47337 6.40806 6.20749 5.19559 6.09003 4.05698 4.04916 3.60136 2.39355
threshold=3.3338866430466187 0.0077277549065625064 -0.027292232755695086 72.943179079887798 0.012985613032644722 -0.36474501108647445 0.014699103784570748 0.01123279282716784 0.010891884268793532
decision_type=2 2 2 2 2 2 2 2 2
left_child=1 5 -2 4 -3 -1 -4 -7 -8
right_child=2 3 6 -5 -6 7 8 -9 -10
leaf_value=-0.019851445474326573 0.010632828268152705 0.0037308393334941638 0 -0.011671893667734645 0.022377490589558815 0.014963702064747742 -0.027414107595169154 -0.0098197961310775503 -0.004617372035068042
leaf_weight=11.193933784961702 7.1665472835302344 42.374768659472466 10.189438879489897 7.5675821751356116 26.843507125973701 8.0033244192600268 20.172418519854549 8.8274746984243375 8.366540387272833
leaf_count=47 30 172 43 31 110 33 85 37 34
internal_value=-0.000515408 0.00436074 -0.0116814 0.00887632 0.0115982 -0.00727918 -0.0164982 0.00150621 -0.0219622
internal_weight=150.706 104.811 45.8949 76.7859 69.2183 28.0247 38.7284 16.8308 28.539
internal_count=622 430 192 313 282 117 162 70 119
is_linear=0
shrinkage=0.03


Tree=32
num_leaves=11
num_cat=0
split_feature=13 25 11 33 33 26 33 6 23 11
split_gain=8.95883 4.28762 4.01179 6.04132 7.79483 4.85915 3.42744 7.02819 2.88578 2.23866
threshold=3.3338866430466187 0.069004610384702611 0.040715443438587691 0.48846485681530777 0.804172693015339 0.24473453268977624 0.38449519230769241 1.0000000180025095e-35 0.80869774758801205 -0.013111571636831352
decision_type=2 2 2 2 2 2 2 2 2 2
left_child=2 -2 3 5 -5 -1 -4 -8 -3 -10
right_child=1 8 6 4 -6 -7 7 -9 9 -11
leaf_value=-0.010702384615775424 0.0053321274725590014 0 0.011716026124881353 0.028695907260479697 0 0.010071873765593842 -0.023761628080524125 0.0045136877094406717 -0.003754093436203114 -0.025097483943326983
leaf_weight=18.088097766041756 8.7818929851055128 7.7227177619934073 7.3136142641305915 19.211900144815445 14.52698168158531 18.428485929965973 12.69841104745865 14.508849203586577 8.7196114063262922 20.556937828660015
leaf_count=74 37 32 30 79 60 75 52 60 36 87
internal_value=-0.000509655 -0.0113866 0.0042267 0.00833066 0.0171011 0 -0.0037136 -0.00889308 -0.0158094 -0.0198668
internal_weight=150.558 45.7812 104.776 70.2555 33.7389 36.5166 34.5209 27.2073 36.9993 29.2765
internal_count=622 192 430 288 139 149 142 112 155 123
is_linear=0
shrinkage=0.03


Tree=33
num_leaves=8
num_cat=0
split_feature=37 38 11 10 18 38 20
split_gain=9.52271 6.5457 5.96615 12.29 7.07034 3.52764 3.63665
threshold=0.062756035883138953 0.0077277549065625064 0.048338148787779762 0.0072895389939249275 0.48725930362876574 0.0073080226851421591 0.021999277305428212
decision_type=2 2 2 2 2 2 2
left_child=1 5 3 -3 -4 6 -1
right_child=-2 2 4 -5 -6 -7 -8
leaf_value=-0.0089821381529729561 -0.022423093103422359 0 0.015318164476094472 0.024724015854315256 -0.015466149685323002 -0.022429816369185264 0.013368781568942353
leaf_weight=18.88623604178429 14.064843028783796 44.566574469208717 7.6626781374216106 29.370179742574692 18.853862151503563 9.681797191500662 7.3371918499469748
leaf_count=80 59 182 31 121 78 41 30
internal_value=-0.00048903 0.00195639 0.00595862 0.0103375 -0.00559375 -0.00856865 -0.00169278
internal_weight=150.423 136.359 100.453 73.9368 26.5165 35.9052 26.2234
internal_count=622 563 412 303 109 151 110
is_linear=0
shrinkage=0.03


Tree=34
num_leaves=9
num_cat=0
split_feature=37 13 28 23 4 1 5 21
split_gain=9.04911 5.50219 3.78047 3.6135 3.23398 3.0241 2.71481 2.14761
threshold=0.062756035883138953 3.3338866430466187 3.5000000000000004 0.87678350050508713 0.005974105480665127 0.017291556155663693 0.01326616480780163 0.018303360305417106
decision_type=2 2 2 2 2 2 2 2
left_child=1 2 3 -1 -4 6 -3 -7
right_child=-2 5 4 -5 -6 7 -8 -9
leaf_value=-0.017708733964348057 -0.02189376649336771 -0.0017747219017251094 0.0028404629869413808 0.0042961592514721763 0.015983141280280215 -0.0075566458165238735 -0.024244275019179848 0.011346375074362652
leaf_weight=8.7367027401924151 14.021750912070273 11.152788966894152 41.647106796503067 14.658841550350187 32.596042230725288 8.5019019991159457 10.3162804543972 8.6368372440338117
leaf_count=36 59 46 171 60 134 36 44 36
internal_value=-0.000479554 0.00190063 0.00575446 -0.00407805 0.00907533 -0.00727967 -0.0143568 0.00137576
internal_weight=150.268 136.247 97.6387 23.3955 74.2431 38.6078 21.4691 17.1387
internal_count=622 563 401 96 305 162 90 72
is_linear=0
shrinkage=0.03


Tree=35
num_leaves=9
num_cat=0
split_feature=34 13 5 11 15 5 22 24
split_gain=11.6559 7.44308 10.1549 6.49938 4.61055 3.53801 3.70087 2.29874
threshold=-0.038408734281792027 3.1196215702934365 0.051995929756118449 -0.013910370843841722 56.125354216708836 0.01326616480780163 -0.10156339437633737 0.61127851915626363
decision_type=2 2 2 2 2 2 2 2
left_child=-1 2 3 -2 -4 6 -3 -7
right_child=1 5 4 -5 -6 7 -8 -9
leaf_value=0.023778589865617837 0.0072334365232500667 -0.017444620888325938 0.025296189300245353 -0.011895986076871597 0.0011792836238039349 -0.028401511608414674 0.0059966352864374095 -0.0042375944780468086
leaf_weight=13.075514137744902 21.106498450040817 8.1746635586023348 15.209918662905695 46.926935225725174 14.905320480465887 14.940081223845484 12.101888030767439 7.5174420773982993
leaf_count=54 86 34 63 194 61 64 50 32
internal_value=-0.00118957 -0.00391228 0.000553046 -0.00571005 0.0146436 -0.0140695 -0.00349826 -0.0219341
internal_weight=153.958 140.883 98.1487 68.0334 30.1152 42.7341 20.2766 22.4575
internal_count=638 584 404 280 124 180 84 96
is_linear=0
shrinkage=0.03


Tree=36
num_leaves=8
num_cat=0
split_feature=34 36 41 28 37 15 2
split_gain=11.0579 9.03732 11.3094 7.52404 6.25915 5.78785 2.79039
threshold=-0.038408734281792027 0.0070236337398084372 1.0000000180025095e-35 10.500000000000002 0.011290786042667646 -1.4546343015830789 0.0098624657988183335
decision_type=2 2 2 2 2 2 2
left_child=-1 3 -3 5 -4 -2 -5
right_child=1 2 4 6 -6 -7 -8
leaf_value=0.02317163363193208 0.0069437484689700794 0.0068308051331135442 0 0.02636253333225138 -0.032656162201193266 -0.0091071971023391728 0.001308497695122456
leaf_weight=13.067968368530272 30.194541335105896 12.615121126174925 7.156976833939555 10.492609575390818 21.653103917837143 50.408365458250046 8.1784637421369535
leaf_count=54 124 52 30 43 91 210 34
internal_value=-0.00114929 -0.00380641 -0.0152466 0.00102606 -0.0252163 -0.00289024 0.0173022
internal_weight=153.767 140.699 41.4252 99.274 28.8101 80.6029 18.6711
internal_count=638 584 173 411 121 334 77
is_linear=0
shrinkage=0.03


Tree=37
num_leaves=7
num_cat=0
split_feature=34 36 41 38 17 38
split_gain=10.4806 8.58806 10.7775 8.00696 5.85409 3.13379
threshold=-0.038408734281792027 0.0070236337398084372 1.0000000180025095e-35 0.0068446227758785358 4.6703242997775627 0.0091083201923271243
decision_type=2 2 2 2 2 2
left_child=-1 3 -3 -2 -5 -4
right_child=1 2 5 4 -6 -7
leaf_value=0.022584842384326027 -0.022425543453135556 0.0066527458998615879 -0.033783637191342038 0.0069956926507198898 -0.015341119211938033 -0.0098769023496453456
leaf_weight=13.057388588786123 9.4840341061353666 12.617669224739073 15.48392875492573 79.860015869140625 9.8873477727174741 13.196701243519781
leaf_count=54 40 52 67 329 42 54
internal_value=-0.00109703 -0.00368872 -0.0148625 0.00101517 0.00409061 -0.0246334
internal_weight=153.587 140.53 41.2983 99.2314 89.7474 28.6806
internal_count=638 584 173 411 371 121
is_linear=0
shrinkage=0.03


Tree=38
num_leaves=11
num_cat=0
split_feature=38 6 6 22 37 14 8 0 6 0
split_gain=6.96595 8.39918 12.2707 4.79559 6.37107 5.04811 4.7832 2.03486 1.39328 0.142279
threshold=0.010656253427988588 -0.0091381209184994722 0.014331153101920393 -0.22580259703866115 0.011290786042667646 24.943769490281969 -0.0078999736563675708 -0.0064646276701155183 0.0089947531122876474 -0.0015830319342731711
decision_type=2 2 2 2 2 2 2 2 2 2
left_child=3 -2 9 7 6 -6 -5 -1 -9 -3
right_child=1 2 -4 4 5 -7 -8 8 -10 -11
leaf_value=-0.0011616532528378018 -0.010453154799116113 0.01516226698117862 -0.005352482418253964 0.022831783471643222 -0.015332673407756627 0.0020941720820409834 -0.0010769818721319839 -0.02813897783696577 -0.005919706092051529 0.03560546531884249
leaf_weight=8.2245980054140109 13.079223856329916 8.9003181755542737 13.132766455411909 11.766281798481943 29.610161572694778 25.096578806638718 13.808917135000227 10.693260550498964 7.3284931778907767 11.759177625179293
leaf_count=34 53 37 54 48 126 104 57 45 31 49
internal_value=-0.00108342 0.00821649 0.0160419 -0.00538952 -0.00140542 -0.00728173 0.0102368 -0.0160826 -0.0213466 0.0295759
internal_weight=153.4 46.8715 33.7923 106.528 80.2819 54.7067 25.5752 26.2464 18.0218 20.6595
internal_count=638 193 140 445 335 230 105 110 76 86
is_linear=0
shrinkage=0.03


Tree=39
num_leaves=9
num_cat=0
split_feature=19 12 33 40 40 38 22 11
split_gain=6.66398 5.97198 13.1157 5.84414 6.8892 8.68264 5.40027 4.85196
threshold=0.16243313346599439 46.722007481501159 0.78860433907403282 0.060229482967975041 -0.019147505749875223 0.010656253427988588 0.11657517021694631 0.02616097204840662
decision_type=2 2 2 2 2 2 2 2
left_child=3 -2 -3 4 6 -6 -1 -5
right_child=1 2 -4 7 5 -7 -8 -9
leaf_value=-0.023811725349577016 -0.0067749481500695482 0.041117862667835167 -0.0016380368965945526 0 -0.0011597744958409305 0.02522477140217012 0.0036918972835183021 -0.029876495081836592
leaf_weight=16.267092749476436 10.029434740543364 10.058959528803827 12.221769273281096 7.8061484992504147 66.408025249838829 11.278308957815169 7.8587201982736579 11.264363601803778
leaf_count=67 41 42 51 34 277 46 32 48
internal_value=-0.00105507 0.0105229 0.0188439 -0.00439267 -0.0012327 0.00301939 -0.0146818 -0.0188327
internal_weight=153.193 32.3102 22.2807 120.883 101.812 77.6863 24.1258 19.0705
internal_count=638 134 93 504 422 323 99 82
is_linear=0
shrinkage=0.03


Tree=40
num_leaves=11
num_cat=0
split_feature=19 19 32 34 19 5 14 40 3 36
split_gain=8.63172 6.75344 7.67588 6.29878 7.70124 6.18166 6.11511 4.24598 2.71352 2.67746
threshold=0.17016303969318167 0.10119972449598504 0.0014200152285295255 0.02457009053285775 0.063295346012952142 0.071180615954350226 -7.9957939693637163 0.052599684167536027 0.0098096213356256862 0.0074771154410397831
decision_type=2 2 2 2 2 2 2 2 2 2
left_child=1 3 9 4 -1 -4 -5 8 -2 -3
right_child=7 2 5 6 -6 -7 -8 -9 -10 -11
leaf_value=-0.010563976962019023 0.033445869289543982 0.001664374750662809 -0.038143174781090389 0.004723189472461007 0.014223769286773659 -0.002539314795640628 -0.025418314493471234 -0.00015950997244218245 0.0064131530888136496 -0.016555818765573917
leaf_weight=13.621562898159025 7.7405437529087129 25.586157158017159 12.449055776000025 8.9923478066921252 36.326991394162178 8.1127257049083692 11.09325474500656 11.678029611706732 9.5181335061788541 7.4689349830150595
leaf_count=58 32 105 52 37 150 34 48 48 40 31
internal_value=-0.00123528 -0.00480239 -0.012634 0.00116943 0.00702865 -0.0262307 -0.012039 0.0128477 0.0215305 -0.00273433
internal_weight=152.588 123.651 53.6169 70.0342 49.9486 20.5618 20.0856 28.9367 17.2587 33.0551
internal_count=635 515 222 293 208 86 85 120 72 136
is_linear=0
shrinkage=0.03


Tree=41
num_leaves=11
num_cat=0
split_feature=19 19 32 34 19 5 14 37 6 36
split_gain=8.24228 6.41664 7.33003 5.95581 7.28434 5.9038 5.85465 4.00155 4.26402 2.55675
threshold=0.17016303969318167 0.10119972449598504 0.0014200152285295255 0.02457009053285775 0.063295346012952142 0.071180615954350226 -7.9957939693637163 0.040988522497365405 0.0072595423164850143 0.0074771154410397831
decision_type=2 2 2 2 2 2 2 2 2 2
left_child=1 3 9 4 -1 -4 -5 8 -2 -3
right_child=7 2 5 6 -6 -7 -8 -9 -10 -11
leaf_value=-0.010307016644077596 0.030953164794663184 0.0016178513915914845 -0.037360845691068484 0.0046056631999912044 0.013801485250648459 -0.0024789787036293433 -0.024894428836061772 -0.0016609134222925535 0.0010863417182446068 -0.016189207764741927
leaf_weight=13.592627182602881 10.80062167346478 25.589720711112022 12.371492028236391 8.9961349964141863 36.375765100121498 8.1096034795045835 11.029954224824904 9.7544525265693647 8.3484627306461316 7.4544406682252875
leaf_count=58 45 105 52 37 150 34 48 40 35 31
internal_value=-0.00121275 -0.00470218 -0.0123442 0.00111398 0.00681047 -0.0256657 -0.0117465 0.0125532 0.0199754 -0.00266589
internal_weight=152.423 123.52 53.5253 69.9945 49.9684 20.4811 20.0261 28.9035 19.1491 33.0442
internal_count=635 515 222 293 208 86 85 120 80 136
is_linear=0
shrinkage=0.03


Tree=42
num_leaves=8
num_cat=0
split_feature=38 40 16 38 2 38 28
split_gain=9.14904 7.93372 5.90549 7.8402 4.79847 3.15968 2.32565
threshold=0.021727433229992935 -0.02332618599667818 -6.7268527853912135 0.0094980230471518184 -0.034861627768260121 0.0098489056799924892 8.5000000000000018
decision_type=2 2 2 2 2 2 2
left_child=1 5 4 -4 -3 -1 -7
right_child=-2 2 3 -5 -6 6 -8
leaf_value=-0.00019056534249828685 0.026773298789246947 0.0079390220328764971 -0.0020557255769580451 0.01630616033657644 -0.016622576583229645 -0.034530165781801854 -0.0069930124619895272
leaf_weight=7.9699532538652447 7.7715667337179175 7.4458086043596259 58.022526010870934 29.499508798122406 25.017918258905411 8.9526038616895693 7.5565345138311377
leaf_count=33 33 30 244 122 105 37 31
internal_value=-0.00119413 -0.00314611 9.25736e-06 0.00419166 -0.0104201 -0.0180113 -0.0248539
internal_weight=152.236 144.465 119.986 87.522 32.4637 24.4791 16.5091
internal_count=635 602 501 366 135 101 68
is_linear=0
shrinkage=0.03


Tree=43
num_leaves=8
num_cat=0
split_feature=38 36 41 34 38 13 24
split_gain=8.75342 9.15587 7.3096 4.49246 6.99421 6.28802 2.64938
threshold=0.021727433229992935 0.007036075324096564 1.0000000180025095e-35 0.023876476402097783 0.0070570544863452654 4.008553361152722 0.43792808219178087
decision_type=2 2 2 2 2 2 2
left_child=1 3 -3 4 -1 -5 -4
right_child=-2 2 6 5 -6 -7 -8
leaf_value=-0.014531570986871932 0.026246886339436382 0.004031969526366949 -0.024902580252879548 0.0017954215440095841 0.010255589228569006 -0.026349500867890795 -0.0014063968050448037
leaf_weight=10.022429972887037 7.7303489148616782 13.043834879994391 26.863963723182678 18.940027698874477 59.920646086335182 8.5201699733734113 7.007714554667472
leaf_count=42 33 54 113 79 247 37 30
internal_value=-0.00116641 -0.003076 -0.0137134 0.00206958 0.00619 -0.00762402 -0.0208091
internal_weight=152.049 144.319 46.9155 97.4033 69.9431 27.4602 33.8717
internal_count=635 602 197 405 289 116 143
is_linear=0
shrinkage=0.03


Tree=44
num_leaves=8
num_cat=0
split_feature=38 36 38 38 28 17 28
split_gain=8.37712 8.6465 5.83575 5.5209 5.51049 7.53445 6.18694
threshold=0.021727433229992935 0.007036075324096564 0.0066337295957452358 0.0092805527930712294 9.5000000000000018 1.283905428343328 2.5000000000000004
decision_type=2 2 2 2 2 2 2
left_child=1 4 -3 -4 6 -6 -1
right_child=-2 2 3 -5 5 -7 -8
leaf_value=0.013111073440678422 0.025735739909009788 0.0077495293546520679 -0.029365946945127352 -0.0055501278108946155 0.022951054580268197 -0.0077401971553395224 -0.0073224856089861125
leaf_weight=15.221471026539801 7.6877366453409186 7.6672970950603476 18.473218351602554 20.658432155847549 19.022753313183788 8.8048533946275693 54.308287084102631
leaf_count=63 33 33 79 85 79 37 226
internal_value=-0.00114009 -0.00300854 -0.0133621 -0.018039 0.00198614 0.0128694 -0.00239795
internal_weight=151.844 144.156 46.7989 39.1317 97.3574 27.8276 69.5298
internal_count=635 602 197 164 405 116 289
is_linear=0
shrinkage=0.03


Tree=45
num_leaves=11
num_cat=0
split_feature=19 9 15 15 21 18 16 33 16 35
split_gain=10.6086 5.89498 4.28604 9.0517 5.40201 5.22915 5.50515 4.16303 4.06401 2.51173
threshold=0.16243313346599439 0.082947959065015633 -0.77535305913625496 -20.671349386360301 0.014985093312051978 0.72736726638839111 -12.223570060890635 0.48846485681530777 2.0428037706547588 0.052121326961291688
decision_type=2 2 2 2 2 2 2 2 2 2
left_child=2 7 3 9 -5 6 -4 -2 -7 -1
right_child=1 -3 5 4 -6 8 -8 -9 -10 -11
leaf_value=-0.02069192598996317 0.0053329377189058509 -0.0033440735495239042 0.00042590286932661463 0.0013576003777991464 0.028128940296883301 0.017916899773539885 -0.020712477350822513 0.034330848663263851 -0.0047335123085149354 0
leaf_weight=9.9232851415872592 9.8069441765546852 8.6402832418680173 14.412520989775656 16.613887891173366 11.51923932135105 7.8494879305362728 31.537695616483688 12.146228283643721 22.789612382650375 8.3096521347761136
leaf_count=41 40 36 59 70 47 33 135 52 96 34
internal_value=0.000418904 0.0157405 -0.00346424 0.00342497 0.0139565 -0.00780676 -0.0140283 0.02353 0.00135207 -0.0118569
internal_weight=153.549 30.5935 122.955 46.3661 28.1331 76.5893 45.9502 21.9532 30.6391 18.2329
internal_count=643 128 515 192 117 323 194 92 129 75
is_linear=0
shrinkage=0.03


Tree=46
num_leaves=8
num_cat=0
split_feature=38 40 38 1 18 1 12
split_gain=11.9162 5.01536 8.49354 8.02813 5.1552 4.80603 2.7171
threshold=0.021727433229992935 -0.02243007388382123 0.010494887848772052 0.0227408145722835 0.18716980037436162 0.002696317400200821 39.115046994216691
decision_type=2 2 2 2 2 2 2
left_child=1 5 4 -4 -3 6 -1
right_child=-2 2 3 -5 -6 -7 -8
leaf_value=-0.0048446585022169347 0.033339583663901266 0.014683710766177359 0.024679565640989831 -0.0086235630992340315 -0.0059523671935993146 0.0030062507088361411 -0.032251372211029951
leaf_weight=7.9971160590648713 7.350472852587699 10.259797886013983 19.799653977155689 7.2896528691053382 82.94661557674408 8.8984674662351591 8.7661978900432569
leaf_count=33 32 43 82 30 350 37 36
internal_value=0.000425793 -0.00155864 0.000959003 0.0152254 -0.00326253 -0.013119 -0.0218862
internal_weight=153.308 145.958 120.296 27.0893 93.2064 25.6618 16.7633
internal_count=643 611 505 112 393 106 69
is_linear=0
shrinkage=0.03


Tree=47
num_leaves=8
num_cat=0
split_feature=38 13 40 38 11 25 11
split_gain=11.4342 5.89288 3.72799 7.37577 3.15522 2.96656 2.5635
threshold=0.021727433229992935 3.195393949073662 -0.02243007388382123 0.010494887848772052 0.017006519255822642 0.069004610384702611 -0.012457689328628728
decision_type=2 2 2 2 2 2 2
left_child=1 2 4 -4 -1 -3 -7
right_child=-2 5 3 -5 -6 6 -8
leaf_value=0.0018908907356447275 0.032776801941998016 0.0042625791664231165 0 0.020418554299106734 -0.020545267622271973 -0.00040675269936556586 -0.019126566150795728
leaf_weight=9.0993730723857897 7.2876715511083594 7.5407526940107337 65.218446001410484 19.276355430483818 8.6258141398429853 11.04062135517597 25.015758693218231
leaf_count=37 32 32 272 80 36 46 108
internal_value=0.000420061 -0.00151719 0.00232286 0.0050802 -0.00924313 -0.0105567 -0.0141112
internal_weight=153.105 145.817 102.22 84.4948 17.7252 43.5971 36.0564
internal_count=643 611 425 352 73 186 154
is_linear=0
shrinkage=0.03


Tree=48
num_leaves=8
num_cat=0
split_feature=38 16 36 10 16 4 0
split_gain=10.9742 3.90339 8.29264 10.7904 5.51764 7.79719 4.96937
threshold=0.021727433229992935 -6.3693862106605827 0.0073375039766244233 -0.0073161797162665789 6.6405560348391104 0.050435987766942254 0.01593216955097532
decision_type=2 2 2 2 2 2 2
left_child=1 2 3 -1 6 -6 -3
right_child=-2 4 -4 -5 5 -7 -8
leaf_value=0.013716920587651704 0.032233111474682725 0.011830852074237903 -0.023989469736075759 -0.02323802098607541 -0.019903158215106589 0.0041825550998553316 -0.011126513671575149
leaf_weight=19.47378866374493 7.2229923307895652 47.611414417624474 17.044675558805466 8.5723550468683225 18.399255216121674 26.633886232972145 7.9293537735939017
leaf_count=80 32 199 73 36 77 112 34
internal_value=0.000416477 -0.00147482 -0.00866407 0.00112739 0.00170823 -0.00576714 0.00801981
internal_weight=152.888 145.665 45.0908 28.0461 100.574 45.0331 55.5408
internal_count=643 611 189 116 422 189 233
is_linear=0
shrinkage=0.03


Tree=49
num_leaves=9
num_cat=0
split_feature=38 13 17 36 24 18 36 4
split_gain=10.5473 5.52509 3.71337 4.51041 3.31621 5.03538 4.51703 0.738868
threshold=0.021727433229992935 3.195393949073662 0.875453364547358 0.0050164524044988478 -0.38847429519071303 0.18716980037436162 0.0061307361935033838 0.015918018578448215
decision_type=2 2 2 2 2 2 2 2
left_child=1 4 7 -4 6 -6 -1 -3
right_child=-2 2 3 -5 5 -7 -8 -9
leaf_value=0.0049594710626717142 0.031707313605707159 -0.029199323745888132 0.013218577708422006 -0.010661812757177098 0.023039575966398461 0.0019088840951844972 -0.015062982191407562 -0.0087544979880946807
leaf_weight=18.163356795907021 7.1566575914621344 7.0967196375131598 8.3687702417373675 19.545995026826859 11.186803132295607 55.321386754512787 17.435302466154099 8.4446094781160337
leaf_count=75 32 31 35 84 46 230 74 36
internal_value=0.000394927 -0.00145179 -0.0102234 -0.00259601 0.00226195 0.00625091 -0.00472767 -0.0212102
internal_weight=152.72 145.563 43.4561 27.9148 102.107 66.5082 35.5987 15.5413
internal_count=643 611 186 119 425 276 149 67
is_linear=0
shrinkage=0.03


end of trees

feature_importances:
macro_topix_vol_20=47
macro_usdjpy_vol_20=24
macd_signal=22
ma_20_60_cross=20
macro_usdjpy_ret_20=20
macd_hist=18
div_ma_60=17
bb_bandwidth=17
rsi_change=16
ma_5_20_cross=15
volatility=15
month=15
return_5d=14
atr_pct=13
macd=12
vol_ratio=11
macro_nikkei_ret_20=11
div_ma_5=10
return_20d=9
bb_pct_b=9
return_1d=8
lower_shadow_pct=8
macro_usdjpy_ret_60=8
macro_topix_ret_20=8
macd_hist_change=7
price_position_20d=7
macro_nikkei_above_200dma=6
rsi=5
candle_body_pct=5
upper_shadow_pct=5
return_10d=4
vol_change=4
return_2d=3
return_3d=3
div_ma_20=3
day_of_week=3
gap=3
streak=2
div_ma_10=1
macro_topix_above_200dma=1

parameters:
[boosting: gbdt]
[objective: binary]
[metric: binary_logloss]
[tree_learner: serial]
[device_type: cpu]
[data_sample_strategy: bagging]
[data: ]
[valid: ]
[num_iterations: 50]
[learning_rate: 0.03]
[num_leaves: 15]
[num_threads: 0]
[seed: 42]
[deterministic: 0]
[force_col_wise: 0]
[force_row_wise: 0]
[histogram_pool_size: -1]
[max_depth: 4]
[min_data_in_leaf: 30]
[min_sum_hessian_in_leaf: 0.001]
[bagging_fraction: 0.7]
[pos_bagging_fraction: 1]
[neg_bagging_fraction: 1]
[bagging_freq: 5]
[bagging_seed: 400]
[bagging_by_query: 0]
[feature_fraction: 0.6]
[feature_fraction_bynode: 1]
[feature_fraction_seed: 30056]
[extra_trees: 0]
[extra_seed: 12879]
[early_stopping_round: 0]
[early_stopping_min_delta: 0]
[first_metric_only: 0]
[max_delta_step: 0]
[lambda_l1: 0.5]
[lambda_l2: 2]
[linear_lambda: 0]
[min_gain_to_split: 0]
[drop_rate: 0.1]
[max_drop: 50]
[skip_drop: 0.5]
[xgboost_dart_mode: 0]
[uniform_drop: 0]
[drop_seed: 17869]
[top_rate: 0.2]
[other_rate: 0.1]
[min_data_per_group: 100]
[max_cat_threshold: 32]
[cat_l2: 10]
[cat_smooth: 10]
[max_cat_to_onehot: 4]
[top_k: 20]
[monotone_constraints: ]
[monotone_constraints_method: basic]
[monotone_penalty: 0]
[feature_contri: ]
[forcedsplits_filename: ]
[refit_decay_rate: 0.9]
[cegb_tradeoff: 1]
[cegb_penalty_split: 0]
[cegb_penalty_feature_lazy: ]
[cegb_penalty_feature_coupled: ]
[path_smooth: 0]
[interaction_constraints: ]
[verbosity: -1]
[saved_feature_importance_type: 0]
[use_quantized_grad: 0]
[num_grad_quant_bins: 4]
[quant_train_renew_leaf: 0]
[stochastic_rounding: 1]
[linear_tree: 0]
[max_bin: 255]
[max_bin_by_feature: ]
[min_data_in_bin: 5]
[bin_construct_sample_cnt: 200000]
[data_random_seed: 175]
[is_enable_sparse: 1]
[enable_bundle: 1]
[use_missing: 1]
[zero_as_missing: 0]
[feature_pre_filter: 1]
[pre_partition: 0]
[two_round: 0]
[header: 0]
[label_column: ]
[weight_column: ]
[group_column: ]
[ignore_column: ]
[categorical_feature: ]
[forcedbins_filename: ]
[precise_float_parser: 0]
[parser_config_file: ]
[objective_seed: 16083]
[num_class: 1]
[is_unbalance: 0]
[scale_pos_weight: 1]
[sigmoid: 1]
[boost_from_average: 1]
[reg_sqrt: 0]
[alpha: 0.9]
[fair_c: 1]
[poisson_max_delta_step: 0.7]
[tweedie_variance_power: 1.5]
[lambdarank_truncation_level: 30]
[lambdarank_norm: 1]
[label_gain: ]
[lambdarank_position_bias_regularization: 0]
[eval_at: ]
[multi_error_top_k: 1]
[auc_mu_weights: ]
[num_machines: 1]
[local_listen_port: 12400]
[time_out: 120]
[machine_list_filename: ]
[machines: ]
[gpu_platform_id: -1]
[gpu_device_id: -1]
[gpu_use_dp: 0]
[num_gpu: 1]

end of parameters

pandas_categorical:[]
