tree
version=v4
num_class=1
num_tree_per_iteration=1
label_index=0
max_feature_idx=44
objective=binary sigmoid:1
feature_names=return_1d return_2d return_3d return_5d return_10d return_20d div_ma_5 div_ma_10 div_ma_20 div_ma_60 ma_5_20_cross ma_20_60_cross rsi rsi_change macd macd_signal macd_hist macd_hist_change bb_pct_b bb_bandwidth atr_pct volatility vol_change vol_ratio candle_body_pct upper_shadow_pct lower_shadow_pct day_of_week month is_month_end is_month_start streak gap price_position_20d macro_usdjpy_ret_20 macro_usdjpy_ret_60 macro_usdjpy_vol_20 macro_topix_ret_20 macro_topix_vol_20 macro_topix_above_200dma macro_nikkei_ret_20 macro_nikkei_above_200dma macro_nikkei_vi macro_jgb10y macro_bias_score
feature_infos=[-0.047573324675198925:0.047032439022514749] [-0.052871223227637376:0.050100198868800794] [-0.078625938667899131:0.060579091775125216] [-0.079144063347538429:0.070190430904915058] [-0.10699996948242185:0.11742775503970204] [-0.1182423924334487:0.15884581472014592] [-0.046754045093518014:0.03136102171888943] [-0.065679653588011352:0.057611183675024734] [-0.095283898731975444:0.091383476178522549] [-0.086355409043981882:0.12109266072274501] [-0.058392300957105903:0.065549920908115844] [-0.042748625708304955:0.064274238635985359] [4.3321721234716364:99.078285278722376] [-31.4914123830169:24.909606094271432] [-4.0148556247349632:6.6759841301698373] [-3.5218467914220124:5.4278448928573138] [-2.4130647582626752:2.3328558279840159] [-0.79483865050966607:0.60413765747863146] [-0.29899250290519275:1.2942002598775366] [0.015966985924506762:0.20663538136815932] [0.0062028219888735359:0.03098835320355546] [0.0037467866522835347:0.018685482479757546] [-0.82513331758797714:3.6311208267090622] [0.55432004082819386:1.8220195466454623] [-1:1] [0:0.9499969482421875] [0:0.97058638734056779] [0:4] [1:12] none [0:1] [-11:9] [-0.063431099566931937:0.055611174876266878] [0:1] [-0.10288784967882303:0.08505611680078462] [-0.13986255140503889:0.13160084488587853] [0.0024251968629527628:0.011841457708833433] [-0.90806057657351702:0.19897857359448179] [0.0040695656242548776:0.20202552483846534] [0:1] [-0.22859537662338159:0.23022297972565586] [0:1] none none none
tree_sizes=1402 1313 1305 1293 1299 1414 1197 1312 1524 992 1314 996 972 1205 891 1410 782 1099 952 1214 1525 1394 1523 1417 1524 1082 982 998 1204 974 1299 1507 1210 1209 1424 896 845 870 1109 1079 1319 1318 1187 1425 1312 1098 1213 1208 1101 996 855 1204 1204 1094 1208 1103

Tree=0
num_leaves=12
num_cat=0
split_feature=37 4 16 35 15 16 34 24 9 37 17
split_gain=10.3642 8.62523 14.702 8.17032 5.70886 11.1195 8.23494 8.20425 5.53103 2.19489 2.02492
threshold=0.0095500936794210584 -0.0023456639781700979 0.0090756342358132586 0.054654599517179332 0.62112725810504477 0.11554398661915267 0.023876476402097783 0.36474704615211562 -0.0064884757358362995 -0.010198201783399972 -0.038559106663815353
decision_type=2 2 2 2 2 2 2 2 2 2 2
left_child=4 8 -3 -4 6 9 7 -1 -2 -6 -10
right_child=1 2 3 -5 5 -7 -8 -9 10 -11 -12
leaf_value=-0.074741379046202275 -0.11558116613588776 -0.14705077150221069 -0.10717597588633027 -0.13580788318769374 -0.11269856890032462 -0.090109139833130181 -0.1143157109893085 -0.11110435683707842 -0.10688643824490121 -0.13621143693196011 -0.081561706262356065
leaf_weight=18.692255392670635 14.206114098429682 14.206114098429678 37.633740857243538 9.4707427322864515 8.4738224446773547 11.215353235602377 10.467663019895552 8.7230525165796262 7.4769021570682526 7.7261322289705303 7.4769021570682508
leaf_count=75 57 57 151 38 34 45 42 35 30 31 30
internal_value=-0.109518 -0.115947 -0.122322 -0.113399 -0.100508 -0.111104 -0.0932639 -0.0850442 -0.103165 -0.126263 -0.091348
internal_weight=155.769 90.4705 61.3106 47.1045 65.2983 27.4153 37.883 27.4153 29.1599 16.2 14.9538
internal_count=625 363 246 189 262 110 152 110 117 65 60
is_linear=0
shrinkage=1


Tree=1
num_leaves=11
num_cat=0
split_feature=40 26 5 5 34 38 7 3 26 20
split_gain=9.73552 7.36713 6.43971 11.9186 8.42791 8.33088 7.90478 5.22153 5.03728 0.51357
threshold=0.051935666033145929 0.044464065495181261 0.013103572089358641 0.031724640789516097 0.039086736744646362 0.0086449424513257243 -0.017397464806715748 0.0048859732664233721 0.33333439297415751 0.012400124738814742
decision_type=2 2 2 2 2 2 2 2 2 2
left_child=2 -2 4 7 6 -5 -1 -4 9 -3
right_child=1 8 3 5 -6 -7 -8 -9 -10 -11
leaf_value=-0.004731794012578637 0.011976085831983693 -0.012858562171642674 -0.00051705154532617574 0.023168848654912193 -0.014634791458541746 -0.0096478444928920926 0.020747217181814215 -0.029871573618109912 -0.0018463116702294845 -0.034542879168165966
leaf_weight=11.963606983423231 7.7244740873575202 8.4688620716333443 10.961989864706995 16.452483206987385 7.4739650636911383 8.9731865227222425 49.366346597671509 11.709927916526793 13.454752981662748 9.2175393104553205
leaf_count=48 31 34 44 66 30 36 198 47 54 37
internal_value=0.00153536 -0.0109915 0.00594107 -0.00218741 0.0117364 0.0111813 0.0155477 -0.0174789 -0.0175201 -0.0272828
internal_weight=155.767 38.8656 116.902 48.0976 68.8039 25.4257 61.33 22.6719 31.1412 17.6864
internal_count=625 156 469 193 276 102 246 91 125 71
is_linear=0
shrinkage=0.03


Tree=2
num_leaves=11
num_cat=0
split_feature=37 12 8 20 25 15 8 3 13 13
split_gain=9.59125 7.1654 13.8263 6.62062 5.56996 9.46586 7.34997 11.1892 4.82648 3.82261
threshold=0.0095500936794210584 66.229071354031575 0.0025379568042541941 0.013156078789394772 0.23809714113717045 0.62112725810504477 -0.0093813694283658034 0.012456201400250612 0.60401860263419149 -2.5871896801813032
decision_type=2 2 2 2 2 2 2 2 2 2
left_child=4 2 3 -2 6 -6 -1 -8 -3 -4
right_child=1 8 9 -5 5 -7 7 -9 -10 -11
leaf_value=-0.017076124115449686 0.011779305163214284 -0.0045419711551313198 -0.003265226818501625 -0.011828252623362075 0.030838784117089745 -0.00015608242986602089 0.026003735416977963 -0.014961745553257945 0.02095618014502593 -0.03109169905018527
leaf_weight=10.969430029392241 23.430510446429253 10.216264680027964 7.7203024774789837 16.194469228386879 19.464291632175446 13.460445359349249 13.965376362204553 7.4780526906251898 11.965717479586599 20.904560402035713
leaf_count=44 94 41 31 65 78 54 56 30 48 84
internal_value=0.0014518 -0.00473163 -0.00960195 0.00166595 0.0101192 0.0184545 0.000635914 0.0110202 0.00918792 -0.0247799
internal_weight=155.769 90.4318 68.2498 39.625 65.3376 32.9247 32.4129 21.4434 22.182 28.6249
internal_count=625 363 274 159 262 132 130 86 89 115
is_linear=0
shrinkage=0.03


Tree=3
num_leaves=11
num_cat=0
split_feature=40 26 5 5 38 3 3 3 26 20
split_gain=8.94791 6.93874 5.90115 11.1863 7.93068 5.42812 5.12685 4.88168 4.79906 0.465869
threshold=0.051935666033145929 0.044464065495181261 0.013103572089358641 0.031724640789516097 0.0086449424513257243 -0.021780253100548871 0.0078892047130071381 0.0048859732664233721 0.33333439297415751 0.012400124738814742
decision_type=2 2 2 2 2 2 2 2 2 2
left_child=2 -2 5 7 -5 -1 -7 -4 9 -3
right_child=1 8 3 4 -6 6 -8 -9 -10 -11
leaf_value=-0.0057872631777835101 0.011635363591338729 -0.012459253503449253 -0.0005326615414334439 0.022483365465681592 -0.0095116206676814571 0.019953736285432816 0 -0.028991277747703922 -0.0016662286684825589 -0.033555918899241866
leaf_weight=11.707421228289602 7.7294078916311255 8.4581583291292244 10.960904434323313 16.470230907201771 8.9697334319353086 42.917377084493637 14.221720308065413 11.678706288337706 13.447431042790411 9.1885757893323881
leaf_count=47 31 34 44 66 36 172 57 47 54 37
internal_value=0.00139923 -0.0106134 0.00562539 -0.00214726 0.0107847 0.0111726 0.0149794 -0.0169835 -0.0169662 -0.0265054
internal_weight=155.75 38.8236 116.926 48.0796 25.44 68.8465 57.1391 22.6396 31.0942 17.6467
internal_count=625 156 469 193 102 276 229 91 125 71
is_linear=0
shrinkage=0.03


Tree=4
num_leaves=11
num_cat=0
split_feature=40 1 33 36 21 20 36 36 35 8
split_gain=8.47546 6.1373 7.74112 10.0896 6.27148 5.6466 4.84145 7.00983 4.0597 3.64725
threshold=0.051935666033145929 -0.0068826108012306477 0.4961303956129936 0.0065992573228417662 0.010511333758284924 0.015976867269854606 0.0060592821187525608 0.0048485001936092237 0.032465131591025827 -0.0039897280157381787
decision_type=2 2 2 2 2 2 2 2 2 2
left_child=1 5 4 -4 -3 8 7 -2 -1 -8
right_child=6 2 3 -5 -6 -7 9 -9 -10 -11
leaf_value=0.014745298315669732 -0.017842823947686843 0.030637894662218359 0.014129769461369601 -0.010739710381057588 0.0010949474008496128 -0.023158554640295953 -0.001674063933600562 0.01415454385788122 -0.0084530668913992881 -0.031065225198529885
leaf_weight=10.977031826972967 9.1952860057353991 19.72224706411362 29.162847027182579 25.41327890753746 10.974358826875685 8.9658642560243589 7.464870527386668 11.699190884828566 11.715353354811667 10.432323411107062
leaf_count=44 37 79 117 102 44 36 30 47 47 42
internal_value=0.00132635 0.005441 0.00963237 0.00231393 0.0212478 -0.0053045 -0.0103675 0 0.00244664 -0.0209606
internal_weight=155.723 116.931 85.2727 54.5761 30.6966 31.6582 38.7917 20.8945 22.6924 17.8972
internal_count=625 469 342 219 123 127 156 84 91 72
is_linear=0
shrinkage=0.03


Tree=5
num_leaves=12
num_cat=0
split_feature=37 23 37 20 4 19 8 19 35 14 12
split_gain=13.9561 9.94637 10.4286 8.38257 8.86892 10.5814 10.5155 6.67955 3.02664 5.37737 2.18292
threshold=0.0083439093258940184 1.0221023983094293 -0.023883302913021928 0.009253886120716601 -0.0021827504165704554 0.071894008621595812 0.028009556696592296 0.049886961261635276 0.024984302338169954 0.27376935106696015 46.505792940845559
decision_type=2 2 2 2 2 2 2 2 2 2 2
left_child=1 8 -3 -2 5 -5 -6 -4 9 -1 -10
right_child=3 2 7 4 6 -7 -8 -9 10 -11 -12
leaf_value=0.025763673182839484 0.014094358146895122 0.020657311045281443 0.00060771889096278341 0.014570000324664429 -0.025920794490990978 -0.019879609022600202 0.0029524809930512267 -0.03240832331464729 0.010462316196370013 -0.0036557749292567034 0.03872128824192228
leaf_weight=7.7412995249033001 12.457452103495596 9.2297344356775302 9.9747839868068713 20.199976190924648 37.260774090886116 10.458673208951948 14.195176303386686 8.2170995324850065 7.738147214055064 10.472258403897284 10.482048287987707
leaf_count=31 50 37 40 81 150 42 57 33 31 42 42
internal_value=0.000332916 0.0110654 -0.00210273 -0.00683744 -0.0104509 0.00186107 -0.0178625 -0.0152953 0.0209602 0.00941823 0.0296834
internal_weight=158.427 63.8554 27.4216 94.5721 82.1146 30.6586 51.456 18.1919 36.4338 18.2136 18.2202
internal_count=636 256 110 380 330 123 207 73 146 73 73
is_linear=0
shrinkage=0.03


Tree=6
num_leaves=10
num_cat=0
split_feature=37 20 34 3 6 5 35 21 24
split_gain=13.2389 7.94564 7.83609 6.93172 6.78495 8.70197 7.94081 2.42694 2.4134
threshold=0.0083439093258940184 0.009253886120716601 0.025744540301089084 0.030950614700544724 -0.0093502693435994055 0.014070061771358723 0.042215911581833028 0.0083378557721289649 0.37499890724587387
decision_type=2 2 2 2 2 2 2 2 2
left_child=4 -2 3 -3 -1 8 -7 -4 -6
right_child=1 2 7 -5 5 6 -8 -9 -10
leaf_value=-0.0093961020800031343 0.013721875567031659 -0.0088708515577139609 -0.0082125855971460458 0.017189180223387709 0.029098918057213048 -0.015235921059172776 0.019548444051235538 -0.036764056674809212 0.0067033032406665109
leaf_weight=10.209244444966314 12.465900510549544 56.196974098682404 7.4657298922538784 8.7056151628494245 24.230994880199432 11.94853748381138 8.228698790073393 9.6693014949560148 9.2383537739515287
leaf_count=41 50 226 30 35 97 48 33 39 37
internal_value=0.000348337 -0.00663691 -0.0101619 -0.00474176 0.0108015 0.0151144 0 -0.0272667 0.0240666
internal_weight=158.359 94.5035 82.0376 64.9026 63.8558 53.6466 20.1772 17.135 33.4693
internal_count=636 380 330 261 256 215 81 69 134
is_linear=0
shrinkage=0.03


Tree=7
num_leaves=11
num_cat=0
split_feature=37 23 37 20 34 33 19 5 5 20
split_gain=12.523 9.29298 9.88019 7.54181 7.51515 7.63921 6.23801 2.92234 5.88773 0.572966
threshold=0.0083439093258940184 1.0221023983094293 -0.023883302913021928 0.009253886120716601 0.025744540301089084 0.42631806411253198 0.049886961261635276 -0.0017758587477517682 0.020617116140663531 0.013331888376480033
decision_type=2 2 2 2 2 2 2 2 2 2
left_child=1 7 -3 -2 5 -5 -4 9 -9 -1
right_child=3 2 6 4 -6 -7 -8 8 -10 -11
leaf_value=0.038788415811074728 0.013360523216823843 0.019928384114382375 0.00029767880724943072 0.0085094931981934494 -0.026667094142941238 -0.012138656123071835 -0.031606646470135953 -0.003188107334460337 0.025822895510082055 0.014236652644834572
leaf_weight=7.4926916658878309 12.472945898771284 9.235455200076105 9.9745776653289813 22.908547013998032 17.097086727619171 41.969913572072983 8.1964962184429151 11.727990791201593 9.2293183952569944 7.9907768368721008
leaf_count=30 50 37 40 92 69 169 33 47 37 32
internal_value=0.000337917 0.0105067 -0.00220386 -0.00645603 -0.00989622 -0.00458708 -0.0150568 0.0200737 0.0100712 0.0300536
internal_weight=158.296 63.8473 27.4065 94.4485 81.9755 64.8785 18.1711 36.4408 20.9573 15.4835
internal_count=636 256 110 380 330 261 73 146 84 62
is_linear=0
shrinkage=0.03


Tree=8
num_leaves=13
num_cat=0
split_feature=37 23 37 38 26 26 11 14 32 11 27 5
split_gain=11.9011 8.84947 9.39905 8.37352 7.8707 10.6432 6.78479 9.14007 6.13806 4.38041 3.29008 2.67607
threshold=0.0083439093258940184 1.0221023983094293 -0.023883302913021928 0.0078995966504895147 0.2105253647525864 0.044464065495181261 0.023325559605792304 0.1270290550242095 -0.00079786647974239278 0.019534745175754601 1.5000000000000002 0.0089149670909012286
decision_type=2 2 2 2 2 2 2 2 2 2 2 2
left_child=1 3 -3 -1 5 10 7 -6 -4 -5 -2 -7
right_child=4 2 8 9 6 11 -8 -9 -10 -11 -12 -13
leaf_value=-0.0055046349932672285 -0.0083628188916502425 0.019430468840816034 0.0022406318585804822 0.034010428147270122 -0.0063432931795662116 -0.0095812732065008437 -0.018105322254921744 0.020664804168136999 -0.029308506172195225 0.0049030915840040327 0.015965483508029159 -0.033176661167612774
leaf_weight=7.7363573163747779 7.465800464153288 9.2391443997621554 8.7174912393093127 20.21881224215031 19.864490211009979 11.16205380856991 9.9435583800077421 20.641392901539803 9.4319567829370481 8.4858668148517591 7.9711506068706512 17.334548160433769
leaf_count=31 30 37 35 81 80 45 40 83 38 34 32 70
internal_value=0.000351066 0.0102664 -0.00213204 0.0196012 -0.00627275 -0.0152945 0.00158143 0.00739161 -0.0146922 0.0267739 0.00372964 -0.0256607
internal_weight=158.213 63.8296 27.3886 36.441 94.383 43.9336 50.4494 40.5059 18.1494 28.7047 15.437 28.4966
internal_count=636 256 110 146 380 177 203 163 73 115 62 115
is_linear=0
shrinkage=0.03


Tree=9
num_leaves=8
num_cat=0
split_feature=21 20 33 15 4 33 21
split_gain=10.8883 18.926 13.1988 11.4426 7.53526 6.046 4.84856
threshold=0.015382159349533901 0.01407107197369249 0.47831372869462552 0.032322794391371076 0.036744799568097848 0.24427851941885864 0.0069252398621971129
decision_type=2 2 2 2 2 2 2
left_child=1 2 6 -4 5 -3 -1
right_child=-2 4 3 -5 -6 -7 -8
leaf_value=0.031618188881800173 0.030354620370834404 -0.0064512854255228064 -0.020230006188084199 0.0050462362461912297 0.0049493647122215729 -0.035268189636289575 0.0085733918663352376
leaf_weight=13.967833533883093 8.2330329418182355 13.169732391834257 21.816008269786835 46.764845833182335 7.9423360824584952 19.07616813480854 27.161836013197899
leaf_count=56 33 53 88 188 32 77 109
internal_value=0.00032983 -0.00159846 0.00478174 -0.00312718 -0.0187724 -0.025001 0.0178506
internal_weight=158.132 149.899 109.711 68.5809 40.1882 32.2459 41.1297
internal_count=636 603 441 276 162 130 165
is_linear=0
shrinkage=0.03


Tree=10
num_leaves=11
num_cat=0
split_feature=4 18 21 9 19 9 32 17 35 19
split_gain=7.15096 11.0346 9.38233 13.2361 8.04638 7.87718 4.74743 2.51664 2.01438 1.84548
threshold=0.022644349089573804 0.60124495019218527 0.010511333758284924 -0.02418631839923235 0.03677375705843109 0.032880719413818732 0.0017387242676347727 0.051558686624908319 0.023498666623702261 0.038463959904340629
decision_type=2 2 2 2 2 2 2 2 2 2
left_child=1 2 4 -4 -1 -2 8 -7 -3 -8
right_child=5 6 3 -5 -6 7 9 -9 -10 -11
leaf_value=-0.0010433807304570948 0.028670274274787088 -0.033870997037542969 0.017755818193778628 -0.022807683813369652 0.022131692941911571 0.0093192770907699445 -0.010373744858336248 -0.0094125905561891349 -0.011466910242609599 0.0077596905335234612
leaf_weight=21.950167834758759 14.176959261298178 9.1807461380958575 8.9339756220579165 18.860995173454285 28.152501717209816 12.188732147216799 7.9365503340959531 9.6812018156051618 14.880188658833502 7.9371918141841888
leaf_count=88 57 37 36 76 113 49 32 39 60 32
internal_value=0.0014019 -0.00210752 0.00432663 -0.00894947 0.0120404 0.0127757 -0.0146236 0.000304917 -0.0225344 -0.000613733
internal_weight=153.879 117.832 77.8976 27.795 50.1027 36.0469 39.9347 21.8699 24.0609 15.8737
internal_count=619 474 313 112 201 145 161 88 97 64
is_linear=0
shrinkage=0.03


Tree=11
num_leaves=8
num_cat=0
split_feature=38 21 19 5 38 7 19
split_gain=14.7942 12.2029 18.4185 9.01829 8.21202 8.09598 5.98643
threshold=0.015777854885626691 0.0094011023285822826 0.043287327658775292 -0.04523741283330817 0.007793208369195284 0.0048700668291370283 0.049886961261635276
decision_type=2 2 2 2 2 2 2
left_child=1 2 5 -3 -5 -1 -4
right_child=-2 3 6 4 -6 -7 -8
leaf_value=0.0018286155875314593 0.034558006232430556 0.014131756556846642 0.039729155008502159 0.0033682126351882238 -0.024398470548575277 -0.022326930979586598 0.011588756969020696
leaf_weight=35.388179302215576 9.2370089739561063 7.6961535215377799 9.7139575332403165 11.164636254310606 34.676972478628159 16.33378192782402 29.632386222481728
leaf_count=142 37 31 39 45 140 66 119
internal_value=0.00135283 -0.00110841 0.00543684 -0.0123069 -0.0174643 -0.0060677 0.0204847
internal_weight=153.843 144.606 91.0683 53.5378 45.8416 51.722 39.3463
internal_count=619 582 366 216 185 208 158
is_linear=0
shrinkage=0.03


Tree=12
num_leaves=8
num_cat=0
split_feature=37 38 21 23 12 0 33
split_gain=16.5305 8.55008 10.8246 9.57915 7.42529 4.86907 4.2909
threshold=0.038888425555249746 0.014373776526546008 0.0072962037176987861 1.0966720391473892 66.147448894303082 0.0039332676835870392 0.51702644690906518
decision_type=2 2 2 2 2 2 2
left_child=1 2 5 -4 6 -1 -2
right_child=4 -3 3 -5 -6 -7 -8
leaf_value=0.025794277519937646 -0.006290079259658193 0.032163322688454794 0.0054093187410698528 -0.017712361242288446 0.0045342802649664107 0 -0.030751224423885719
leaf_weight=21.949599996209148 14.369150325655939 9.7328373938798887 46.996254652738571 21.815148621797562 12.418164536356924 9.2070580422878248 17.27014248073101
leaf_count=88 58 39 189 88 50 37 70
internal_value=0.00134387 0.00764978 0.00453201 -0.00200231 -0.0136822 0.0186661 -0.0211224
internal_weight=153.758 109.701 99.9681 68.8114 44.0575 31.1567 31.6393
internal_count=619 441 402 277 178 125 128
is_linear=0
shrinkage=0.03


Tree=13
num_leaves=10
num_cat=0
split_feature=40 28 28 23 5 8 19 19 16
split_gain=14.4768 8.23396 10.2123 7.40713 6.91282 9.91976 5.97768 5.92026 5.11151
threshold=0.036487423975303586 8.5000000000000018 9.5000000000000018 0.76983266993065447 -0.015600935896478095 0.029186154368845987 0.043287327658775292 0.049886961261635276 -0.21911435889546108
decision_type=2 2 2 2 2 2 2 2 2
left_child=1 3 -3 -1 -2 8 -5 -4 -6
right_child=4 2 7 6 5 -7 -8 -9 -10
leaf_value=-0.0096948872939453465 0.008246173051660333 -0.025924841240897136 0.019556630106051149 0.0047691018722343373 -0.0024404660345511593 0.010692149434034843 0.026944363585100713 -0.0052243306680252862 -0.029998982558582649
leaf_weight=7.4634266495704642 11.149034947156904 9.9358895868062955 14.17719340324402 20.392101958394051 9.8992144912481255 7.9525282531976691 31.864767953753471 15.895581036806105 24.931719928979877
leaf_count=30 45 40 57 82 40 32 128 64 101
internal_value=0.00130945 0.00811913 -0.00206046 0.0150276 -0.0108545 -0.0163129 0.0190622 0.00648148 -0.0231317
internal_weight=153.661 99.729 40.0087 59.7203 53.9325 42.7835 52.2569 30.0728 34.8309
internal_count=619 401 161 240 218 173 210 121 141
is_linear=0
shrinkage=0.03


Tree=14
num_leaves=7
num_cat=0
split_feature=38 21 16 10 5 38
split_gain=13.2516 11.3635 9.76546 13.8014 8.43516 7.77714
threshold=0.015777854885626691 0.0094011023285822826 -0.43130715185271251 0.013095219285169881 -0.04523741283330817 0.007793208369195284
decision_type=2 2 2 2 2 2
left_child=1 2 -1 -4 -3 -6
right_child=-2 4 3 -5 5 -7
leaf_value=0.031927906931669706 0.032722725561734396 0.01364858555567588 -0.0059456659751065018 0.020665051536019996 0.0033528104052394027 -0.023655201056508677
leaf_weight=8.961741238832472 9.2178001850843412 7.6987701207399359 59.569322630763054 22.414818555116653 11.153026968240736 34.565628781914711
leaf_count=36 37 31 240 90 45 140
internal_value=0.00126643 -0.00105932 0.00525519 0.00147007 -0.0118824 -0.0168879
internal_weight=153.581 144.363 90.9459 81.9841 53.4174 45.7187
internal_count=619 582 366 330 216 185
is_linear=0
shrinkage=0.03


Tree=15
num_leaves=12
num_cat=0
split_feature=37 38 10 20 17 28 28 0 3 18 16
split_gain=9.1232 8.46795 12.2756 7.10551 6.43974 6.42436 6.1975 4.0378 3.67731 5.47002 1.33485
threshold=-0.010198201783399972 0.009082697589095412 -0.0028402249691101274 0.009253886120716601 0.013662731451719536 8.5000000000000018 9.5000000000000018 0.0090038486555641412 -0.016046822937765489 0.79335950521980492 -0.46034199735723691
decision_type=2 2 2 2 2 2 2 2 2 2 2
left_child=5 2 10 -4 6 8 -3 -6 -1 -10 -2
right_child=1 4 3 -5 7 -7 -8 -9 9 -11 -12
leaf_value=0.001002598637535876 0.0085305385070330256 -0.012736425293846594 0.014269739628515837 -0.01036052896779306 -0.031632788879885874 -0.0034617381957467285 0.015447637683074604 -0.0032548777177697314 0.041234012307339751 0.0044890875260938032 0.031151765520734908
leaf_weight=7.4596177637577084 8.4526428729295748 15.890454649925234 11.716046661138533 40.831509426236153 15.809816941618921 12.18004861474037 9.4168658256530744 8.4085692018270475 9.9522707611322421 7.4792176485061637 9.4587482362985593
leaf_count=30 34 64 47 165 64 49 38 34 40 30 38
internal_value=0.00037807 -0.0035714 0.0029409 -0.0042721 -0.0128819 0.0130733 -0.00133652 -0.023352 0.021378 0.0283248 0.0231589
internal_weight=157.056 119.985 70.4589 52.5476 49.5257 37.0712 25.3073 24.2184 24.8911 17.4315 17.9114
internal_count=633 484 284 212 200 149 102 98 100 70 72
is_linear=0
shrinkage=0.03


Tree=16
num_leaves=6
num_cat=0
split_feature=21 21 33 15 38
split_gain=10.6305 9.7018 10.9038 8.73138 7.80212
threshold=0.015382159349533901 0.012958567282644473 0.38485741024925602 0.48562928670064237 0.011801698766796364
decision_type=2 2 2 2 2
left_child=1 2 3 -1 -4
right_child=-2 -3 4 -5 -6
leaf_value=0.02298107381314831 0.031314288074225267 -0.023915423084004142 -0.00085030855881361228 -0.0053017776724753789 -0.02597743594089124
leaf_weight=27.38170713186264 7.4583303779363623 13.577821910381315 84.777380600571632 12.65862253308296 11.100119069218634
leaf_count=110 30 55 342 51 45
internal_value=0.000390315 -0.0014465 0.00100358 0.0138559 -0.004384
internal_weight=156.954 149.496 135.918 40.0403 95.8775
internal_count=633 603 548 161 387
is_linear=0
shrinkage=0.03


Tree=17
num_leaves=9
num_cat=0
split_feature=38 3 12 15 16 34 38 24
split_gain=7.50395 7.21902 12.566 6.75863 7.10544 4.94691 4.3743 4.04511
threshold=0.01731743684756832 0.0050505063389253433 67.772494252462323 1.3450423886354441 -0.47890297959102063 -0.027292232755695086 0.0083689034945304431 0.21980545638199703
decision_type=2 2 2 2 2 2 2 2
left_child=1 3 7 5 -5 -1 -4 -3
right_child=-2 2 6 4 -6 -7 -8 -9
leaf_value=0.028749379633036649 0.023320399552906396 -0.028951476717461032 0.017045066450434281 0.0096891606731834487 -0.023314217117455977 0.0049169767012675761 -0.0064952199069585638 -0.0067401561709979994
leaf_weight=7.9539725184440604 9.9405636191368085 19.729451939463615 13.956822678446771 7.6920969188213375 12.321192860603331 58.338870242238045 10.166059404611586 16.765704229474068
leaf_count=32 40 80 56 31 50 235 41 68
internal_value=0.000369593 -0.00137482 -0.00922449 0.00405268 -0.0102201 0.00875429 0.00681257 -0.0200177
internal_weight=156.865 146.924 60.618 86.3061 20.0133 66.2928 24.1229 36.4952
internal_count=633 593 245 348 81 267 97 148
is_linear=0
shrinkage=0.03


Tree=18
num_leaves=8
num_cat=0
split_feature=36 20 16 23 20 5 33
split_gain=5.84691 10.9171 8.94488 7.28005 4.67735 4.55823 5.07651
threshold=0.0087959143494123811 0.01407107197369249 -0.54909141156720054 0.85258856734942212 0.011842522399291028 -0.043221410431750311 0.81017964014385213
decision_type=2 2 2 2 2 2 2
left_child=1 2 -1 -4 -2 -3 -7
right_child=4 5 3 -5 -6 6 -8
leaf_value=0.02877605436123935 0 0.0047407789263825958 0.015425878735824921 -0.0041931652695863797 0.029941304323968475 -0.024887987648007062 0
leaf_weight=9.436719283461569 8.183403819799425 7.4282898604869834 20.386679962277412 68.435266315937042 8.1834878325462324 25.792553812265396 8.9194522053003293
leaf_count=38 33 30 82 276 33 105 36
internal_value=0.000365419 -0.0015982 0.00378113 0.000385232 0.0163663 -0.014084 -0.0185599
internal_weight=156.766 140.399 98.2587 88.8219 16.3669 42.1403 34.712
internal_count=633 567 396 358 66 171 141
is_linear=0
shrinkage=0.03


Tree=19
num_leaves=10
num_cat=0
split_feature=37 36 33 12 11 19 3 20 3
split_gain=7.98439 8.11001 9.69087 11.0302 6.36897 4.43043 4.30829 3.02972 1.38439
threshold=-0.010198201783399972 0.0044305451885316306 0.37866410671476208 67.772494252462323 0.0085428785258520063 0.064822121035619837 -0.018396332581072369 0.0099223215044047294 0.0064418099071993371
decision_type=2 2 2 2 2 2 2 2 2
left_child=6 5 4 -4 -3 -2 -1 -8 -9
right_child=1 2 3 -5 -6 -7 7 8 -10
leaf_value=-0.0034625200837686289 -0.00043765851969652253 0.024630520172561954 -0.013271069581805401 0.010689414912901365 -0.0038667084300555979 -0.031056130983407662 0.00076923723168327628 0.031308945955466204 0.0084040701158745214
leaf_weight=9.4232175350189191 7.9023361951112774 17.896585747599605 50.506958141922951 23.381475508213043 8.9192576259374601 11.086010843515394 8.4648114442825335 11.135904207825662 7.9369390308856955
leaf_count=38 32 72 205 94 36 45 34 45 32
internal_value=0.000377398 -0.00331494 7.13826e-05 -0.00540939 0.015021 -0.0202843 0.0122759 0.0180391 0.0241914
internal_weight=156.653 119.693 100.704 73.8884 26.8158 18.9883 36.9609 27.5377 19.0728
internal_count=633 484 407 299 108 77 149 111 77
is_linear=0
shrinkage=0.03


Tree=20
num_leaves=13
num_cat=0
split_feature=37 12 10 2 23 23 37 15 17 32 15 19
split_gain=12.5322 10.4234 10.554 11.2094 9.61986 8.76715 8.30081 6.14958 3.72496 3.19573 2.22982 2.06809
threshold=0.011647472816881168 67.772494252462323 0.0038278142027143862 -0.0075377383199102801 1.0552429230122866 0.83523666625740256 -0.023883302913021928 0.48562928670064237 0.01554006377124645 0.00091198351624222085 0.18508764395904639 0.053668567679733221
decision_type=2 2 2 2 2 2 2 2 2 2 2 2
left_child=4 2 3 -2 5 8 -6 -8 -1 -3 -4 -7
right_child=1 9 10 -5 6 11 7 -9 -10 -11 -12 -13
leaf_value=-0.011381770610840758 0.020841509338484863 -0.00024167449384351186 -0.0085074055650895559 -0.010571187925981719 0.019728472155808249 0.038780231986454416 0.0043341605613778549 -0.027601106876069616 0.014293710502919303 0.022233425779358214 -0.033245049575668859 0.015162347597698186
leaf_weight=7.955856770277026 11.924392178654669 7.6937221586704281 8.5947029143571871 35.735154747962952 7.6827211380004909 13.921704038977625 7.7059916704893139 10.130564033985136 8.1752743124961835 11.200498104095457 15.111430048942564 13.159094363451002
leaf_count=32 48 31 35 145 31 56 31 41 33 45 62 53
internal_value=0.00187056 -0.00532793 -0.0106685 -0.00188685 0.0114193 0.0197829 -0.00260633 -0.0140019 0.000944627 0.0132166 -0.0262196 0.0296517
internal_weight=158.991 90.2599 71.3657 47.6595 68.7312 43.2119 25.5193 17.8366 16.1311 18.8942 23.7061 27.0808
internal_count=643 366 290 193 277 174 103 72 65 76 97 109
is_linear=0
shrinkage=0.03


Tree=21
num_leaves=12
num_cat=0
split_feature=37 12 18 19 11 1 36 16 32 26 38
split_gain=11.9062 9.88363 9.73719 18.4052 5.24218 7.3936 5.46098 3.98115 3.04364 3.0378 2.32804
threshold=0.011647472816881168 67.772494252462323 0.42464452201475739 0.071000554812107999 0.0099500639648005835 -0.0047987903304597115 0.0064025124615287952 0.64162424603000967 0.00091198351624222085 0.20483625291075655 0.0080681754353311725
decision_type=2 2 2 2 2 2 2 2 2 2 2
left_child=4 2 3 -2 7 -6 -7 10 -3 -4 -1
right_child=1 8 9 -5 5 6 -8 -9 -10 -11 -12
leaf_value=0.004799454229298907 0.02144512191173659 -0.00023592282172513711 -0.028206794411076139 -0.024255484807516478 -0.018507027829551964 0.026953050963340077 -0.0009986068369849054 0 0.021655440170126231 -0.0096086135539752357 0.02772909227429058
leaf_weight=7.9434796422719982 17.454912871122364 7.6936123967170742 19.208637878298759 11.298361405730246 9.1619263440370577 8.7014470696449298 12.61179359257221 7.6634596437215796 11.207719162106512 23.293616935610771 22.58307184278965
leaf_count=32 70 31 79 46 37 35 51 31 45 95 91
internal_value=0.00183242 -0.00518548 -0.0103966 0.00259012 0.0111451 0.00114768 0.0111029 0.0182956 0.0128572 -0.0192409 0.0228856
internal_weight=158.822 90.1569 71.2555 28.7533 68.6652 30.4752 21.3132 38.19 18.9013 42.5023 30.5266
internal_count=643 366 290 116 277 123 86 154 76 174 123
is_linear=0
shrinkage=0.03


Tree=22
num_leaves=13
num_cat=0
split_feature=40 18 12 19 11 1 1 20 16 38 11 13
split_gain=11.5927 7.92387 12.0556 8.20439 7.13007 6.56327 4.80284 6.99332 3.9842 2.13286 5.6667 2.04001
threshold=0.021619436998289724 0.40059575357859706 66.229071354031575 0.070131179694767801 -0.003942947744132618 0.0030473882247895605 -0.00033746988929284066 0.011615951032324304 -0.31528091638971184 0.008623804885232093 0.0095791948025818491 0.49648852811609961
decision_type=2 2 2 2 2 2 2 2 2 2 2 2
left_child=5 3 4 8 -3 6 7 -1 -2 -7 -11 -4
right_child=1 2 11 -5 -6 9 -8 -9 -10 10 -12 -13
leaf_value=0.021188957734754613 0.032632569387950304 -0.0032258637961632588 -0.002159631824757707 -0.015205014408767693 -0.032168162564950635 0.028842654188024047 -0.0160981510605409 -0.0032805706912312116 0.0013256262825269184 0.021572647126554878 -0.0059610608694637768 0.016587378404894725
leaf_weight=15.152270093560217 7.4823615103960046 13.674341112375258 7.446779951453208 7.3617855459451667 22.419942200183868 12.916882410645483 8.6340174823999387 23.956614270806313 7.9797125309705743 14.304618000984194 9.0977188348770124 8.1980020850896818
leaf_count=61 30 56 30 30 92 52 35 97 32 58 37 33
internal_value=0.00177983 -0.00662245 -0.0130697 0.00726386 -0.0223421 0.00938764 0.00154993 0.00640461 0.0193369 0.0186805 0.0106518 0.00758052
internal_weight=158.625 74.5629 51.7391 22.8239 36.0943 84.0621 47.7429 39.1089 15.4621 36.3192 23.4023 15.6448
internal_count=643 303 211 92 148 340 193 158 62 147 95 63
is_linear=0
shrinkage=0.03


Tree=23
num_leaves=12
num_cat=0
split_feature=40 21 23 18 4 21 34 11 7 15 5
split_gain=10.9593 9.93943 8.83671 7.53453 8.76209 5.78353 5.59791 4.9926 4.74695 4.17432 3.01072
threshold=0.021619436998289724 0.0072962037176987861 1.0552429230122866 0.40059575357859706 0.026660518143350024 0.011581930397363464 -0.01514929189544406 -0.0031236709782597179 0.0071887658433267528 0.48562928670064237 -0.014482721452155288
decision_type=2 2 2 2 2 2 2 2 2 2 2
left_child=1 6 8 5 7 10 -1 -5 -3 -4 -2
right_child=3 2 9 4 -6 -7 -8 -9 -10 -11 -12
leaf_value=0.0040329025544542704 0.028826665118480803 0.0022060136504923563 0.00017876309226154202 -0.0043929802218555924 0.0066699403934042034 -0.011706993305432619 0.035065415923655377 -0.028258886618309335 0.025002744306454678 -0.023798139260604829 0.001261016489835223
leaf_weight=10.154117390513422 7.4668122231960306 25.432941228151321 10.640258997678758 15.161916792392729 13.346442669630049 7.3500133752822867 14.875467434525488 23.125097513198853 11.898152157664297 11.026862755417822 7.9886093139648446
leaf_count=41 30 103 43 62 54 30 60 95 48 45 32
internal_value=0.00173873 0.00913676 0.00188946 -0.00643661 -0.0127353 0.0070965 0.0242609 -0.0198674 0.0107551 -0.0123697 0.0172148
internal_weight=158.467 84.0278 58.9982 74.4389 51.6335 22.8054 25.0296 38.287 37.3311 21.6671 15.4554
internal_count=643 340 239 303 211 92 101 157 151 88 62
is_linear=0
shrinkage=0.03


Tree=24
num_leaves=13
num_cat=0
split_feature=37 23 23 37 20 10 7 8 6 28 8 25
split_gain=10.5033 8.70971 8.08039 7.78155 7.32476 10.0596 14.6681 6.01011 5.53598 3.75062 1.59007 0.840745
threshold=0.011647472816881168 1.0552429230122866 0.83523666625740256 -0.023883302913021928 0.013939609764096658 0.014543435539563611 0.0029088995520806103 0.025063647477102199 -0.0014552136836569623 7.5000000000000009 -0.0049457243017506621 0.37320995323534484
decision_type=2 2 2 2 2 2 2 2 2 2 2 2
left_child=1 2 9 -3 5 6 -2 10 -5 -1 -6 -4
right_child=4 3 11 8 7 -7 -8 -9 -10 -11 -12 -13
leaf_value=-0.012641546275872309 0.0097281921649869305 0.018796600199865888 0.032385569594697294 0.0013864494264184248 -0.011488204983404773 0.024172227253791707 -0.021646970062885403 0.0027164264829850336 -0.028754338562875782 0.013249813479008936 -0.034577338634733022 0.011304907520273402
leaf_weight=7.4286251515150097 26.289255604147911 7.6504874080419567 19.072435736656193 9.1649289727211034 11.00001245737076 11.43511153757572 23.133454501628876 8.3919488638639432 8.6177821308374369 8.6605410128831846 9.5308171659708041 7.9004023373126975
leaf_count=30 106 31 77 37 45 46 95 34 35 35 40 32
internal_value=0.00170997 0.0104687 0.0184507 -0.00285899 -0.0048913 0.000889257 -0.00493673 -0.0168104 -0.0138923 0.000390166 -0.0249903 0.0279353
internal_weight=158.276 68.4952 43.062 25.4332 89.7806 60.8578 49.4227 28.9228 17.7827 16.0892 20.5308 26.9728
internal_count=643 277 174 103 366 247 201 119 72 65 85 109
is_linear=0
shrinkage=0.03


Tree=25
num_leaves=9
num_cat=0
split_feature=32 40 4 15 4 24 21 24
split_gain=7.08299 6.90548 8.94437 7.63177 5.97153 4.12041 3.29843 2.32455
threshold=0.0069047165013984566 0.036487423975303586 0.02200580764357896 1.3022243397438158 0.039639775690196062 -0.28570805771178459 0.0070121860862910361 -0.63525446869506152
decision_type=2 2 2 2 2 2 2 2
left_child=1 2 3 -1 -4 7 -7 -3
right_child=-2 5 4 -5 -6 6 -8 -9
leaf_value=0.0024881991936994735 0.019467026464019727 -0.0096826300402584418 0.029664535761527697 -0.021151002746140006 -0.00012718956530306639 0 -0.022048682464903983 0.010477580364194798
leaf_weight=58.933951944112778 13.795755699276922 7.3283684849739101 13.825586155056955 13.241211533546446 8.1869461387395841 8.0937736034393328 23.630979910492897 9.156605511903761
leaf_count=239 56 30 56 54 33 33 97 37
internal_value=0.000320486 -0.00167453 0.00293605 -0.00209977 0.0188719 -0.0107391 -0.0167764 0.000625973
internal_weight=156.193 142.397 94.1877 72.1752 22.0125 48.2097 31.7248 16.485
internal_count=635 579 382 293 89 197 130 67
is_linear=0
shrinkage=0.03


Tree=26
num_leaves=8
num_cat=0
split_feature=32 40 23 38 2 40 22
split_gain=6.71382 6.53538 7.2237 9.92609 5.03184 4.66975 4.20726
threshold=0.0069047165013984566 0.036487423975303586 0.96017764717393883 0.0083689034945304431 -0.0080660189940645038 0.0016464917232389411 -0.21685140882828394
decision_type=2 2 2 2 2 2 2
left_child=1 2 5 -4 -3 -1 -6
right_child=-2 4 3 -5 6 -7 -8
leaf_value=0.019096572115474032 0.018949892350483444 0.0066659415059825847 0.011654214081925261 -0.015109331989000212 0.0019631251205973863 0 -0.020264504031016758
leaf_weight=26.148203209042549 13.801551595330237 9.8410240858793241 17.801112204790115 30.698465958237648 8.0717073827981931 19.494796246290207 30.226569607853889
leaf_count=106 56 40 72 125 33 79 124
internal_value=0.000311387 -0.00163023 0.00285138 -0.00491659 -0.0104579 0.0112802 -0.0153427
internal_weight=156.083 142.282 94.1426 48.4996 48.1393 45.643 38.2983
internal_count=635 579 382 197 197 185 157
is_linear=0
shrinkage=0.03


Tree=27
num_leaves=8
num_cat=0
split_feature=32 40 1 16 19 21 34
split_gain=6.35562 6.1649 8.00659 6.9702 3.8251 4.73396 3.30836
threshold=0.0069047165013984566 0.036487423975303586 -0.0089091860641455339 0.22127017732344983 0.030611936218743824 0.0094627062793417194 0.0012352704006407535
decision_type=2 2 2 2 2 2 2
left_child=1 2 6 -4 -3 -6 -1
right_child=-2 4 3 -5 5 -7 -8
leaf_value=0.00014169332892094528 0.018449507371720283 -0.027031650036253668 0.00039420488133317197 0.019669718481142687 0.0039381152419562578 -0.015573333708082907 -0.022571759551886818
leaf_weight=7.9094589948654201 13.804787009954451 8.2430902570486051 49.95056776702404 24.93581660091877 21.110500022768974 18.712803289294243 11.28425946831703
leaf_count=32 56 34 203 101 86 77 46
internal_value=0.000316562 -0.00157194 0.00277741 0.0073524 -0.0101554 -0.00517787 -0.013374
internal_weight=155.951 142.146 94.0801 74.8864 48.0664 39.8233 19.1937
internal_count=635 579 382 304 197 163 78
is_linear=0
shrinkage=0.03


Tree=28
num_leaves=10
num_cat=0
split_feature=37 32 18 21 16 28 12 16 38
split_gain=6.07882 5.41088 5.55927 4.9636 6.27814 8.15089 3.27723 2.62834 0.424913
threshold=0.011647472816881168 -0.0016658360488676636 0.86548026989169557 0.01182299831167548 -0.43673479389693576 5.5000000000000009 47.38212388160489 0.1730783973459539 0.010656253427988588
decision_type=2 2 2 2 2 2 2 2 2
left_child=1 6 7 4 -2 -6 -1 -3 -5
right_child=3 2 -4 8 5 -7 -8 -9 -10
leaf_value=-0.014304070661439213 0.020819772225879479 0.010651945808215319 -0.0068782897988414349 -0.026099075949862997 -0.016460124321837279 0.0043487003696633473 0.0056734823740671163 0.030907370606412146 -0.0075463214999813948
leaf_weight=11.913131162524225 7.9188321232795706 26.554094031453133 8.1601502597331983 7.2616818845272046 27.792746260762215 36.088322639465332 12.812379166483877 10.07671509683132 7.2775398790836334
leaf_count=48 32 108 33 30 114 147 52 41 30
internal_value=0.000301368 0.0068873 0.012984 -0.00486741 -0.0011958 -0.00470177 -0.00374087 0.0179239 -0.019755
internal_weight=155.856 69.5165 44.791 86.3391 71.7999 63.8811 24.7255 36.6308 14.5392
internal_count=635 282 182 353 293 261 100 149 60
is_linear=0
shrinkage=0.03


Tree=29
num_leaves=8
num_cat=0
split_feature=32 40 16 15 16 2 12
split_gain=5.94131 5.67343 6.39712 7.06092 5.38758 4.77897 6.595
threshold=0.0069047165013984566 0.036487423975303586 0.22127017732344983 1.3022243397438158 0.58074954622991071 -0.0080660189940645038 66.147448894303082
decision_type=2 2 2 2 2 2 2
left_child=1 2 3 -1 -4 -3 -7
right_child=-2 5 4 -5 -6 6 -8
leaf_value=0.0023397881515719839 0.017829731045437714 0.0068636971433950001 0.024605775051260985 -0.021101744767648437 0 -0.022223672843145574 0.0033545675062020171
leaf_weight=52.998733624815941 13.795883744955061 9.8286265283822996 15.978545784950258 12.463739365339277 12.550338566303251 26.97568291425705 11.152009800076483
leaf_count=215 56 40 65 51 51 112 45
internal_value=0.000290022 -0.0015345 0.00263306 -0.00239429 0.0140613 -0.00978132 -0.0145741
internal_weight=155.744 141.948 93.9914 65.4625 28.5289 47.9563 38.1277
internal_count=635 579 382 266 116 197 157
is_linear=0
shrinkage=0.03


Tree=30
num_leaves=11
num_cat=0
split_feature=20 19 19 19 11 19 37 10 34 4
split_gain=6.98813 9.54384 9.30086 7.40198 11.4757 7.30305 6.22358 6.02165 3.6533 0.662825
threshold=0.015064394860144865 0.03677375705843109 0.092828587835569756 0.049886961261635276 0.002682200347952302 0.043287327658775292 0.02281370126891347 0.0050416335694046807 0.012379088295233378 -0.022798039728373794
decision_type=2 2 2 2 2 2 2 2 2 2
left_child=1 7 9 5 -5 -3 -4 8 -1 -2
right_child=2 3 6 4 -6 -7 -8 -9 -10 -11
leaf_value=0.005369569474102596 -0.01165879554984979 0.0030542132982674737 0.016306402524510741 -0.018821455386982957 0.010708978598907615 0.031614953112173307 -0.015637312208299042 -0.030238825017259489 -0.015158971945559714 -0.034746942689623417
leaf_weight=17.737375721335415 7.3336249887943294 17.572009712457657 10.287023171782495 16.440306857228279 31.097499489784241 16.290143370628357 7.7633669823408118 8.0402135699987394 10.51009441912174 9.2847473472356779
leaf_count=72 30 72 42 67 126 66 32 33 43 39
internal_value=-0.0012641 0.00215664 -0.0127696 0.0079183 0 0.0182091 0.00163011 -0.0101146 -0.00226991 -0.0277108
internal_weight=152.356 117.688 34.6688 81.4 47.5378 33.8622 18.0504 36.2877 28.2475 16.6184
internal_count=622 479 143 331 193 138 74 148 115 69
is_linear=0
shrinkage=0.03


Tree=31
num_leaves=13
num_cat=0
split_feature=26 26 4 38 36 38 4 1 1 38 40 26
split_gain=5.19327 6.72154 6.0897 5.84771 4.80734 4.26039 4.17418 8.02436 6.65355 2.98359 2.66515 1.63845
threshold=0.28571228382499658 0.0512850608988605 0.0007935695218458384 0.0090356108761418964 0.0070911961006431814 0.0086866232559700395 -0.014171263847062741 -0.00046906471333352234 0.0044245437068413116 0.010782881054116357 0.017280220207760991 0.45454398331954088
decision_type=2 2 2 2 2 2 2 2 2 2 2 2
left_child=1 4 3 -3 5 -1 11 10 -9 -4 -8 -2
right_child=6 2 9 -5 -6 -7 7 8 -10 -11 -12 -13
leaf_value=0.02714911439377006 0.0011552160707700798 0.018715213573964915 -0.0236946593004373 -0.010238032334123435 -0.010959614792721213 0 0.032117211405432451 -0.01737226613966673 0.0097989889591759728 -0.0029226796645835862 0.0064132213883539447 -0.015582358705925009
leaf_weight=8.8446703106164986 7.3650691956281653 8.1321975290775317 27.183772712945938 14.371855378150938 7.7685803323984137 9.3380403369665128 11.134303420782091 11.314073294401171 18.586492165923119 10.929334968328474 9.1056641936302167 8.1121268570423108
leaf_count=36 30 33 112 59 32 38 45 46 76 45 37 33
internal_value=-0.00125092 -0.00609262 -0.0115348 0.000286102 0.00599841 0.014355 0.0049061 0.00917696 -0.000456695 -0.0185547 0.0228445 -0.00753852
internal_weight=152.186 86.5685 60.6172 22.5041 25.9513 18.1827 65.6177 50.1405 29.9006 38.1131 20.24 15.4772
internal_count=622 355 249 92 106 74 267 204 122 157 82 63
is_linear=0
shrinkage=0.03


Tree=32
num_leaves=10
num_cat=0
split_feature=20 19 21 36 8 7 33 36 33
split_gain=6.56587 8.99247 10.9706 8.90674 6.36235 6.28111 5.89604 5.52273 2.47839
threshold=0.015064394860144865 0.03677375705843109 0.011438761409951851 0.0082353779796109187 -0.025012716380922648 0.0015407575460567237 0.68354718249209967 0.0064025124615287952 0.77387807415318721
decision_type=2 2 2 2 2 2 2 2 2
left_child=1 6 5 4 -2 -3 7 -1 -6
right_child=3 2 -4 -5 8 -7 -8 -9 -10
leaf_value=0.010591873893450334 0.001116012114348857 0.022239362057126035 -0.018755199999805166 0.013091366770043885 -0.03719709524351604 0.0037366432218734744 -0.026890554696951424 -0.015207829702890245 -0.0089718664945398294
leaf_weight=13.956513479351999 7.6274227797985104 29.617220520973206 9.9922579675912839 7.433418244123458 11.858804613351824 41.731665760278702 10.395167231559752 11.862849056720732 7.6051938980817786
leaf_count=57 31 120 41 31 50 170 43 48 31
internal_value=-0.00120672 0.00210372 0.00769895 -0.0123873 -0.0203132 0.0120187 -0.00981636 -0.000963878 -0.0287311
internal_weight=152.081 117.556 81.3411 34.5248 27.0914 71.3489 36.2145 25.8194 19.464
internal_count=622 479 331 143 112 290 148 105 81
is_linear=0
shrinkage=0.03


Tree=33
num_leaves=10
num_cat=0
split_feature=20 19 19 21 18 7 37 36 6
split_gain=6.21932 8.63299 8.52381 10.4223 8.20951 5.93405 5.7412 5.21209 1.59731
threshold=0.015064394860144865 0.092828587835569756 0.03677375705843109 0.011438761409951851 0.77081107543958072 0.0015407575460567237 0.02281370126891347 0.0053836867069834453 -0.0066471698162375832
decision_type=2 2 2 2 2 2 2 2 2
left_child=2 8 4 5 7 -4 -3 -1 -2
right_child=1 6 3 -5 -6 -7 -8 -9 -10
leaf_value=0.016275457142402867 -0.0088987875272183124 0.015857208950495538 0.021632393272052061 -0.018322609199287427 -0.032377245272482133 0.0036292467665196369 -0.01486570612247801 -0.0094688604662389667 -0.034905790782543161
leaf_weight=8.5446161478757876 7.1673682034015682 10.256866052746775 29.591282039880753 9.9689005762338621 8.3848447650670987 41.736696779727936 7.7124460041522971 19.245045244693756 9.2814803570508939
leaf_count=35 30 42 120 41 35 170 32 78 39
internal_value=-0.00119141 -0.0120926 0.00202596 0.00747717 -0.0095818 0.0116889 0.00175155 -0.000488355 -0.0265798
internal_weight=151.89 34.4182 117.471 81.2969 36.1745 71.328 17.9693 27.7897 16.4488
internal_count=622 143 479 331 148 290 74 113 69
is_linear=0
shrinkage=0.03


Tree=34
num_leaves=12
num_cat=0
split_feature=37 35 14 17 0 0 36 4 21 7 2
split_gain=5.39648 6.28312 10.1946 6.71493 5.75741 4.96589 4.88598 4.85704 6.40163 4.0874 2.85086
threshold=0.011647472816881168 0.01729069766411007 1.0000000180025095e-35 0.059768775888466137 0.0074383578177865681 -0.0047177608401509077 0.0068428575992175245 -0.0036081896791823605 0.011616901914524969 0.017981895824623641 0.013181608231578103
decision_type=2 2 2 2 2 2 2 2 2 2 2
left_child=1 2 -1 5 7 -3 -4 8 -2 -9 -6
right_child=4 3 6 -5 10 -7 -8 9 -10 -11 -12
leaf_value=0.01816200188845947 0.013728723098731049 0.0017828835281964816 0.0020234546162280209 -0.0084136729165217184 -0.0025621051825441186 0.029101189394485943 -0.02521058364603402 -0.019613268218247892 -0.016782619940403476 0.0024977072413931464 0.018800256496916731
leaf_weight=9.7180322557687777 13.103369027376177 10.834046661853792 7.3951544761657741 7.8927487432956687 8.9868772178888339 17.440283581614494 14.240208730101584 37.810147687792778 8.3970213383436185 7.3343051522970191 8.5292347818613035
leaf_count=40 53 44 30 32 37 71 58 157 35 30 35
internal_value=-0.00118452 0.00493079 -0.00442508 0.0132413 -0.00626536 0.0199382 -0.0158836 -0.0103377 0.000760018 -0.0157493 0.00793205
internal_weight=151.681 67.5205 31.3534 36.1671 84.161 28.2743 21.6354 66.6448 21.5004 45.1445 17.5161
internal_count=622 275 128 147 347 115 88 275 88 187 72
is_linear=0
shrinkage=0.03


Tree=35
num_leaves=7
num_cat=0
split_feature=21 20 11 21 20 8
split_gain=7.51366 9.21776 7.62436 7.47582 3.46954 3.21556
threshold=0.015382159349533901 0.015976867269854606 -0.0090556763452737648 0.0051818859068732039 0.012709812280116793 -0.017304038182614175
decision_type=2 2 2 2 2 2
left_child=1 2 4 -4 -1 -3
right_child=-2 5 3 -5 -6 -7
leaf_value=-0.02287001533634413 0.02670663839438173 -0.0016824867852814444 -0.018489812449124499 0.0082088474057439714 -0.00028212687277551945 -0.027866503114114042
leaf_weight=11.659674227237703 7.2436092942953101 8.2731543034315127 8.2831460088491422 94.303528666496277 13.709294840693472 12.057450726628302
leaf_count=48 30 34 34 385 56 51
internal_value=0.000389944 -0.00113409 0.00183585 0.00559734 -0.0121243 -0.0189881
internal_weight=155.53 148.286 127.956 102.587 25.369 20.3306
internal_count=638 608 523 419 104 85
is_linear=0
shrinkage=0.03


Tree=36
num_leaves=7
num_cat=0
split_feature=21 20 15 19 33 15
split_gain=7.20178 8.7648 6.78038 7.21103 5.6248 2.98342
threshold=0.015382159349533901 0.015976867269854606 -0.65857616059806567 0.030611936218743824 0.25331107453962137 -1.3130487743669383
decision_type=2 2 2 2 2 2
left_child=1 2 5 -4 -3 -1
right_child=-2 4 3 -5 -6 -7
leaf_value=0 0.026164993138479548 0 -0.0097705778196018733 0.0091721699609653793 -0.029907978057875283 -0.019678480717515375
leaf_weight=9.5292319804430026 7.213609278202056 8.0164611041545886 20.478273764252663 83.576089382171631 12.247178524732588 14.352347955107687
leaf_count=39 30 33 84 341 52 59
internal_value=0.000353086 -0.00113511 0.00175511 0.00518878 -0.018575 -0.011871
internal_weight=155.413 148.2 127.936 104.054 20.2636 23.8816
internal_count=638 608 523 425 85 98
is_linear=0
shrinkage=0.03


Tree=37
num_leaves=7
num_cat=0
split_feature=21 20 7 7 5 33
split_gain=6.89662 8.31924 6.52998 10.4195 9.08714 5.396
threshold=0.015382159349533901 0.015976867269854606 -0.0050380164154173639 -0.017397464806715748 0.030091494017898349 0.25331107453962137
decision_type=2 2 2 2 2 2
left_child=1 2 3 -1 -4 -3
right_child=-2 5 4 -5 -6 -7
leaf_value=-0.014336550069391687 0.025639717512765853 0 -0.0085815826779592364 0.021772713577439054 0.010879058497344926 -0.029293048415598811
leaf_weight=7.6229653954505912 7.1820030212402335 8.0164611041545886 65.000836491584778 25.760760292410851 29.530974552035332 12.17226757109165
leaf_count=31 30 33 267 105 120 52
internal_value=0.000332861 -0.00111969 0.00168972 0.0127592 -0.0022474 -0.0181439
internal_weight=155.286 148.104 127.916 33.3837 94.5318 20.1887
internal_count=638 608 523 136 387 85
is_linear=0
shrinkage=0.03


Tree=38
num_leaves=9
num_cat=0
split_feature=37 4 4 38 26 26 0 17
split_gain=6.00211 4.78075 7.12672 6.98463 5.54792 4.50185 3.8631 3.65363
threshold=-0.048088694556365268 -0.0021827504165704554 0.02200580764357896 0.0090356108761418964 0.2105253647525864 0.39262326383522517 -0.0021798526535784508 0.091902983429849608
decision_type=2 2 2 2 2 2 2 2
left_child=-1 3 4 5 -3 -2 -5 -4
right_child=1 2 7 6 -6 -7 -8 -9
leaf_value=0.021904839430540658 0.024693458853137101 -0.024011004457071852 0.010466514464250846 -0.012490025679069119 -0.0035273516513233227 -0.00084851123794268968 0.0073410851855026989 -0.0075962702758842456
leaf_weight=8.8759238570928556 17.138635620474819 20.771392181515694 25.630498096346855 17.622325927019123 31.087922051548958 7.3760134428739539 13.404385805130003 13.210560485720633
leaf_count=37 70 87 105 72 128 30 55 54
internal_value=0.000324948 -0.00116148 -0.00544577 0.00552029 -0.0125972 0.0169583 -0.00354254 0.00388461
internal_weight=155.118 146.242 90.7004 55.5414 51.8593 24.5146 31.0267 38.8411
internal_count=638 601 374 227 215 100 127 159
is_linear=0
shrinkage=0.03


Tree=39
num_leaves=9
num_cat=0
split_feature=21 36 21 33 19 14 4 38
split_gain=6.47484 6.32713 10.7952 7.55805 6.47625 5.77746 5.72989 5.005
threshold=0.015382159349533901 0.0065992573228417662 0.0067206955099908842 0.4961303956129936 0.030807979116214485 -0.91635910851282165 0.024475208239417626 0.010285484321453283
decision_type=2 2 2 2 2 2 2 2
left_child=1 2 4 7 -1 -4 -5 -3
right_child=-2 3 5 6 -6 -7 -8 -9
leaf_value=2.4012146106340269e-05 0.024913426842614016 0.013131191106432211 -0.017386321918072791 -0.02548989663808773 0.035501154467562926 0.0026764144418153584 0 -0.012449637920610719
leaf_weight=8.4523823559284228 7.1286895275115958 16.204992979764942 14.549938410520552 22.91966225206852 11.230144068598745 54.503644973039627 11.214694797992705 8.7549542784690839
leaf_count=35 30 66 60 95 46 224 46 36
internal_value=0.00031579 -0.00108697 0.00383994 -0.00861425 0.0223653 -0.00171019 -0.0174748 0.00334414
internal_weight=154.959 147.83 88.7361 59.0943 19.6825 69.0536 34.1344 24.9599
internal_count=638 608 365 243 81 284 141 102
is_linear=0
shrinkage=0.03


Tree=40
num_leaves=11
num_cat=0
split_feature=21 35 8 32 13 19 35 19 15 35
split_gain=9.34205 12.9201 12.2193 7.69559 10.7839 8.55542 4.80001 4.40441 4.18034 2.59888
threshold=0.0067206955099908842 0.022589612287033049 -0.00078278302027153803 0.0015533743761839693 -4.9295172400255032 0.08933743976261628 0.027902596173809194 0.050334595634688832 -0.75648761203293557 0.054654599517179332
decision_type=2 2 2 2 2 2 2 2 2 2
left_child=1 2 -1 4 6 8 -2 -6 -5 -3
right_child=3 9 -4 5 7 -7 -8 -9 -10 -11
leaf_value=0.016443012844260058 0.018166158007781673 0.034284116780652359 -0.030088740906554164 -0.020202810209112052 -0.0050767005971466116 0.025177323647963181 -0.0090002019833809559 -0.025119226311293805 0.0026964652536592836 0.0076318849217531732
leaf_weight=8.077372148633005 12.176831081509592 14.195382162928583 8.0336079895496351 7.1766856163740149 19.384010076522827 11.685798853635786 7.5365687757730475 29.189787074923515 28.551209926605225 7.9953664094209662
leaf_count=33 50 58 33 30 80 48 31 121 118 33
internal_value=0.000106234 0.0126628 -0.00669187 -0.00406759 -0.0104616 0.00488847 0.00721709 -0.0179347 -0.00233288 0.0267262
internal_weight=154.003 38.3017 16.111 115.701 68.2872 47.4137 19.7134 48.5738 35.7279 22.1907
internal_count=635 157 66 478 282 196 81 201 148 91
is_linear=0
shrinkage=0.03


Tree=41
num_leaves=11
num_cat=0
split_feature=21 36 32 13 19 8 19 15 36 32
split_gain=8.87035 11.4456 7.28367 10.212 8.131 5.07466 4.16018 3.994 3.40968 3.34411
threshold=0.0067206955099908842 0.006660659854349567 0.0015533743761839693 -4.9295172400255032 0.08933743976261628 -0.00078278302027153803 0.050334595634688832 -0.75648761203293557 0.0046520226676130963 -0.0039559110890294283
decision_type=2 2 2 2 2 2 2 2 2 2
left_child=1 8 3 9 7 -3 -5 -4 -1 -2
right_child=2 5 4 6 -6 -7 -8 -9 -10 -11
leaf_value=0.0054161660227018162 -0.0067566585451238614 0.011007485380860941 -0.019777870162433573 -0.0049396931140268741 0.024535397759364135 -0.018274245792116124 -0.024462108182720897 0.0026204217382498059 0.034654981990115089 0.015897807029063592
leaf_weight=7.5174445658922222 7.2668716609478023 7.3842658549547222 7.1542663723230353 19.379533767700195 11.684134587645529 9.7055206745862943 29.129322156310081 28.556323438882828 13.617964655160902 12.449566200375555
leaf_count=31 30 30 30 80 48 40 121 118 56 51
internal_value=0.000108738 0.0123598 -0.00395536 -0.0101814 0.00475282 -0.00500856 -0.0174642 -0.00228003 0.0262709 0.00700406
internal_weight=153.845 38.2252 115.62 68.2253 47.3947 17.0898 48.5089 35.7106 21.1354 19.7164
internal_count=635 157 478 282 196 70 201 148 87 81
is_linear=0
shrinkage=0.03


Tree=42
num_leaves=10
num_cat=0
split_feature=20 19 32 5 22 28 11 28 22
split_gain=6.23871 10.0295 9.70137 9.46518 7.72284 7.21287 6.30838 5.24733 3.58551
threshold=0.01407107197369249 0.092828587835569756 0.0017387242676347727 -0.015600935896478095 0.1136602005220745 8.5000000000000018 -0.0090556763452737648 5.5000000000000009 1.0000000180025095e-35
decision_type=2 2 2 2 2 2 2 2 2
left_child=3 8 -3 5 6 -1 -5 -6 -2
right_child=1 2 -4 4 7 -7 -8 -9 -10
leaf_value=0.033911357396113201 -0.029591744336733384 -0.011227123675463382 0.02756105375037814 -0.013681753977860653 -0.025145461878924174 0 0.010994966227276222 -0.00020402169773110594 -0.0050903799414415852
leaf_weight=12.672490581870081 14.728499159216883 10.260810703039171 8.7541328519582731 9.3499570935964567 13.105543568730356 10.025829508900641 45.064014688134193 17.840368032455444 11.901470124721525
leaf_count=52 63 43 36 39 54 41 184 73 50
internal_value=0.000113122 -0.00885819 0.00683997 0.0041311 -0.000420145 0.020502 0.00615415 -0.0121072 -0.0202861
internal_weight=153.703 45.6449 19.0149 108.058 85.3599 22.6983 54.414 30.9459 26.63
internal_count=635 192 79 443 350 93 223 127 113
is_linear=0
shrinkage=0.03


Tree=43
num_leaves=12
num_cat=0
split_feature=21 35 33 32 13 34 23 35 3 35 35
split_gain=8.18129 11.9202 10.1681 6.75834 9.59169 5.24036 6.46025 4.54557 4.15219 3.73938 2.4489
threshold=0.0067206955099908842 0.022589612287033049 0.50956625962742141 0.0015533743761839693 -4.9295172400255032 -0.0038068581678278308 1.0487003881953856 0.027902596173809194 -1.0000000180025095e-35 0.049449557973192511 0.054654599517179332
decision_type=2 2 2 2 2 2 2 2 2 2 2
left_child=1 2 -1 4 7 6 -5 -2 -7 -6 -3
right_child=3 10 -4 5 9 8 -8 -9 -10 -11 -12
leaf_value=0.013888706922327371 0.017505668088676592 0.032760206739336932 -0.028627356215667886 0.033224328108971676 -0.021882553378758107 0.010523992155233506 -0.00086356058839950607 -0.0089257665421359073 -0.010609610477002498 -0.0017812170979189634 0.0070175798703241248
leaf_weight=8.2754561752080935 12.172529533505442 14.106703385710718 7.7426998019218436 8.3032809048891085 34.940446510910988 11.194855287671091 7.9466560184955588 7.5235784351825705 19.849584087729454 13.428392395377157 8.013777092099188
leaf_count=34 50 58 32 34 146 46 33 31 83 55 33
internal_value=9.50189e-05 0.0118772 -0.00672627 -0.00380849 -0.00981572 0.00458018 0.0174647 0.00682585 -0.00235904 -0.016892 0.0254112
internal_weight=153.498 38.1386 16.0182 115.359 68.0649 47.2944 16.2499 19.6961 31.0444 48.3688 22.1205
internal_count=635 157 66 478 282 196 67 81 129 201 91
is_linear=0
shrinkage=0.03


Tree=44
num_leaves=11
num_cat=0
split_feature=21 35 18 32 13 19 38 35 19 35
split_gain=7.75852 11.3501 10.7492 6.41471 9.08144 7.32128 5.08849 4.3248 3.82963 2.31703
threshold=0.0067206955099908842 0.022589612287033049 0.4796797478212072 0.0015533743761839693 -4.9295172400255032 0.08933743976261628 0.0091083201923271243 0.027902596173809194 0.050334595634688832 0.054654599517179332
decision_type=2 2 2 2 2 2 2 2 2 2
left_child=1 2 -1 4 7 6 -5 -2 -6 -3
right_child=3 9 -4 5 8 -7 -8 -9 -10 -11
leaf_value=0.015150531702484673 0.017048382844409998 0.031998333692145491 -0.02861077810139866 0.010317682277330539 -0.0044373359880172485 0.023278450893118977 -0.011391888982739656 -0.0087188554511205708 -0.023181288739281838 0.0068483869113129753
leaf_weight=8.020373120903967 12.177622869610788 14.057658135890962 7.9549233615398398 14.302980542182921 19.336108863353729 11.649323761463164 21.301633790135384 7.5185984671115866 28.952875226736069 8.0148034095764142
leaf_count=33 50 58 33 59 80 48 89 31 121 33
internal_value=0.000105644 0.0115961 -0.00656479 -0.00369326 -0.00955186 0.00447669 -0.00218698 0.00662393 -0.016449 0.0248169
internal_weight=153.287 38.0478 15.9753 115.239 67.9852 47.2539 35.6046 19.6962 48.289 22.0725
internal_count=635 157 66 478 282 196 148 81 201 91
is_linear=0
shrinkage=0.03


Tree=45
num_leaves=9
num_cat=0
split_feature=37 2 8 5 35 35 3 8
split_gain=6.05494 6.79035 6.40616 5.7151 8.30771 6.28065 2.65471 2.09049
threshold=0.038888425555249746 -0.01759670195763274 0.029186154368845987 0.011885143370842012 0.044156441153378807 0.04845855219862983 0.0091097917554692227 0.0025379568042541941
decision_type=2 2 2 2 2 2 2 2
left_child=1 -1 6 5 -5 -3 7 -2
right_child=2 3 -4 4 -6 -7 -8 -9
leaf_value=-0.017266403697871833 0.0016044892535782736 0.018437961077572607 0.011832869597919108 -0.012217853931356522 0.013197257628750148 -0.001973426692194771 -0.025706277026931713 -0.014816105070127927
leaf_weight=10.39833442866802 10.668350547552111 40.340547159314156 7.8907138258218756 26.682036936283112 17.191538408398628 17.598215565085411 12.637762799859045 11.619472861289976
leaf_count=43 44 167 32 110 71 72 54 50
internal_value=-6.33162e-05 0.003509 -0.00949896 0.00606711 -0.00179095 0.012129 -0.0151045 -0.00685369
internal_weight=155.027 112.211 42.8163 101.812 43.8736 57.9388 34.9256 22.2878
internal_count=643 463 180 420 181 239 148 94
is_linear=0
shrinkage=0.03


Tree=46
num_leaves=10
num_cat=0
split_feature=37 12 34 6 4 16 6 21 6
split_gain=5.72625 8.33141 5.46952 4.53393 4.23164 7.41123 3.2782 2.42938 1.61621
threshold=0.038888425555249746 68.688638065693212 -0.0060182771961215234 -0.0089580028463545399 0.0027252529126700069 0.11554398661915267 0.0023895156284588783 0.010142416806517285 -0.0014552136836569623
decision_type=2 2 2 2 2 2 2 2 2
left_child=3 2 -2 7 6 -6 -5 -1 -4
right_child=1 -3 8 4 5 -7 -8 -9 -10
leaf_value=-0.0209950393012685 0.0030424836594512392 0.010454073215289496 -0.0070985021457331283 0.0068672626715781905 -0.016398578046180796 0.0070670092057793987 0.027417972459171346 0.0001179118920847749 -0.029494810097365112
leaf_weight=7.4105511456727964 7.3884581476449993 11.58630423247814 7.7450471371412304 33.057291343808174 15.021430358290671 39.905783906579018 9.3633085042238218 7.3757825046777725 15.988578543066977
leaf_count=30 31 47 33 136 62 165 39 31 69
internal_value=-7.19834e-05 -0.00926333 -0.0172447 0.00339827 0.00588164 3.55069e-05 0.0127712 -0.0108105 -0.0238888
internal_weight=154.843 42.7084 31.1221 112.134 97.3478 54.9272 42.4206 14.7863 23.7336
internal_count=643 180 133 463 402 227 175 61 102
is_linear=0
shrinkage=0.03


Tree=47
num_leaves=10
num_cat=0
split_feature=25 11 11 9 40 0 12 38 36
split_gain=5.43422 5.39793 5.71438 6.96325 4.45067 5.46605 3.62624 4.06161 1.61586
threshold=0.48423329309964863 0.01849429689414506 0.0066915674232233 -0.021103654833055822 0.053548436504946346 -0.0048395423089316872 58.539941212828971 0.010030671911122427 0.0074235845784227919
decision_type=2 2 2 2 2 2 2 2 2
left_child=1 2 3 -1 5 -3 7 -2 -4
right_child=6 4 8 -5 -6 -7 -8 -9 -10
leaf_value=0.014699286672398802 0.032481711732802357 -0.023819262585077237 0.020627058264525801 -0.0074919146391866443 -0.029262746683655437 0.0037525820923719083 -0.00058551065123472112 0.00078621874354701648 0.0011126681855043341
leaf_weight=13.770093157887457 8.2492507398128527 7.2289304733276394 12.158912673592569 60.23218509554863 8.7151582241058332 18.281489044427872 10.748205989599226 7.370113492012023 7.9231802970170966
leaf_count=57 34 30 50 250 37 76 45 31 33
internal_value=-6.88583e-05 -0.00275193 0.000870785 -0.00288714 -0.0126229 -0.0046789 0.0117323 0.0201642 0.0144052
internal_weight=154.678 128.31 94.0844 74.0023 34.2256 25.5104 26.3676 15.6194 20.0821
internal_count=643 533 390 307 143 106 110 65 83
is_linear=0
shrinkage=0.03


Tree=48
num_leaves=9
num_cat=0
split_feature=37 12 2 5 35 35 34 8
split_gain=5.25509 7.96488 6.19506 5.24516 7.83035 5.8924 5.21572 1.12844
threshold=0.038888425555249746 68.688638065693212 -0.01759670195763274 0.011885143370842012 0.044156441153378807 0.04845855219862983 -0.0060182771961215234 0.0036115497904994618
decision_type=2 2 2 2 2 2 2 2
left_child=2 6 -1 5 -5 -4 -2 -8
right_child=1 -3 3 4 -6 -7 7 -9
leaf_value=-0.016581945994556653 0.0030234947530309308 0.010361339769462184 0.017661921874743379 -0.011935528372071449 0.012743260382919303 -0.002091376984867074 -0.010890710039334678 -0.030542353449471475
leaf_weight=10.379538625478743 7.3824094384908703 11.57930728793144 40.238362997770309 26.650241896510124 17.179504245519638 17.591039970517159 11.341149672865869 12.222556725144385
leaf_count=43 31 47 167 110 71 72 48 54
internal_value=-5.36665e-05 -0.0088852 0.00326394 0.00571577 -0.00180115 0.0115334 -0.0167339 -0.0232629
internal_weight=154.564 42.5254 112.039 101.659 43.8297 57.8294 30.9461 23.5637
internal_count=643 180 463 420 181 239 133 102
is_linear=0
shrinkage=0.03


Tree=49
num_leaves=8
num_cat=0
split_feature=37 12 2 34 26 34 6
split_gain=4.97389 7.59554 5.88419 5.01043 4.00101 3.81182 1.551
threshold=0.038888425555249746 68.688638065693212 -0.01759670195763274 -0.0060182771961215234 0.0512850608988605 -0.045724781043979527 -0.0014552136836569623
decision_type=2 2 2 2 2 2 2
left_child=2 3 -1 -2 -4 -6 -5
right_child=1 -3 4 6 5 -7 -8
leaf_value=-0.016187430211292327 0.0029512928909908105 0.01009389013588052 0.01963667475122808 -0.0064754579718083304 0.020992129224529754 0.00047216978269088334 -0.028299172199874916
leaf_weight=10.362531915307043 7.3850158751010921 11.582473680377005 13.824546188116072 7.6928991377353695 7.3173157423734656 80.44634598493576 15.741440802812575
leaf_count=43 31 47 57 33 31 332 69
internal_value=-6.32756e-05 -0.00867163 0.00316051 -0.0163664 0.00555334 0.00277973 -0.0227973
internal_weight=154.353 42.4018 111.951 30.8194 101.588 87.7637 23.4343
internal_count=643 180 463 133 420 363 102
is_linear=0
shrinkage=0.03


Tree=50
num_leaves=7
num_cat=0
split_feature=15 19 21 35 7 6
split_gain=6.22465 6.71735 11.8201 8.65428 5.38983 3.70581
threshold=3.4586626078211729 0.030611936218743824 0.0067698047604022879 0.022589612287033049 0.0019006966594283467 -0.0097377440423350638
decision_type=2 2 2 2 2 2
left_child=1 4 3 -3 -1 -4
right_child=-2 2 5 -5 -6 -7
leaf_value=0 -0.026334758113071857 -0.0036874063316951491 -0.015526900915097822 0.033562603937150944 -0.026690709056441539 0
leaf_weight=12.966071933507921 7.6996594816446295 7.0750859379768398 14.794741272926329 13.905649647116659 13.192686423659323 85.209816306829453
leaf_count=53 32 30 62 58 56 355
internal_value=-0.00296459 -0.00130437 0.00163069 0.0211208 -0.0145635 -0.00264519
internal_weight=154.844 147.144 120.985 20.9807 26.1588 100.005
internal_count=646 614 505 88 109 417
is_linear=0
shrinkage=0.03


Tree=51
num_leaves=10
num_cat=0
split_feature=20 5 23 34 20 11 12 15 5
split_gain=7.88521 9.85516 9.05393 7.45461 6.08188 5.20209 4.7204 3.73252 2.21068
threshold=0.01407107197369249 -0.017960563164158557 1.2127576503161537 -0.012685669110371887 0.017548710494298281 0.014365065818364166 36.121020717839137 -0.71424046595225388 0.019147123579891904
decision_type=2 2 2 2 2 2 2 2 2
left_child=1 7 5 4 -2 -3 -5 -1 -4
right_child=3 2 8 6 -6 -7 -8 -9 -10
leaf_value=0.0019556668797909571 -0.013277288833970835 -0.0012267100442127723 0.0017875312271064521 -0.00023313020656565061 0.019913045822377271 -0.01793202991112822 -0.029157466443054465 0.030165622258263157 0.027085390730417234
leaf_weight=8.5582492500543612 8.0984662771224958 51.981411948800087 7.1971242874860746 7.9755812883377102 7.5573632419109336 24.706988975405693 20.451581865549088 10.801224812865255 7.3385160565376282
leaf_count=35 34 215 30 33 32 103 89 45 30
internal_value=-0.00290214 0.00129728 -0.00279705 -0.0133611 0.00233554 -0.00711833 -0.0220841 0.0197479 0.0171979
internal_weight=154.667 110.584 91.224 44.083 15.6558 76.6884 28.4272 19.3595 14.5356
internal_count=646 458 378 188 66 318 122 80 60
is_linear=0
shrinkage=0.03


Tree=52
num_leaves=10
num_cat=0
split_feature=20 5 34 5 9 20 12 5 28
split_gain=7.52324 9.37972 7.11101 5.89385 7.16754 5.80786 4.50378 3.87182 2.35812
threshold=0.01407107197369249 -0.017960563164158557 -0.012685669110371887 0.029541722979090638 0.022852118122620595 0.017548710494298281 36.121020717839137 0.056702504162536867 8.5000000000000018
decision_type=2 2 2 2 2 2 2 2 2
left_child=1 8 5 4 -3 -2 -4 -5 -1
right_child=2 3 6 7 -6 -7 -8 -9 -10
leaf_value=0.029061351558731789 -0.012973902470942419 -0.0016390817616720502 -0.00022754316260024829 0.017029971560701941 -0.024888026840326222 0.019482084644597785 -0.028552083930140252 -0.00633320160160665 0.0051792211325107692
leaf_weight=9.5485080033540743 8.0861646831035596 53.165945321321487 7.9753708243370083 16.518482178449634 14.191245064139364 7.5373483002185813 20.30331489443779 7.2970504164695731 9.7649989575147611
leaf_count=40 34 220 33 68 60 32 89 30 40
internal_value=-0.00281016 0.00128592 -0.0130522 -0.00270359 -0.00733002 0.00226689 -0.0216019 0.00935441 0.0193093
internal_weight=154.388 110.486 43.9022 91.1727 67.3572 15.6235 28.2787 23.8155 19.3135
internal_count=646 458 188 378 280 66 122 98 80
is_linear=0
shrinkage=0.03


Tree=53
num_leaves=9
num_cat=0
split_feature=11 10 25 16 3 3 35 33
split_gain=5.97088 9.31694 5.91762 5.50808 6.45694 7.2801 7.25371 5.32945
threshold=0.01849429689414506 0.0011048925287935332 0.23809714113717045 -0.75718572375844417 0.0071664170810746839 0.03110176456575198 0.012921829100281725 0.85339376791228994
decision_type=2 2 2 2 2 2 2 2
left_child=3 2 -2 -1 6 -6 -5 -3
right_child=1 7 -4 4 5 -7 -8 -9
leaf_value=-0.020301248631068448 -0.0097892124751602586 -0.031989076425078401 0.021618226352759347 -0.0046058433298593656 -0.012571511682706805 0.015949586901441434 0.0164348539704261 -0.0038485038106745558
leaf_weight=7.7964522242546073 9.2078202515840548 16.528882667422298 8.0490720868110639 20.002964675426483 31.664626568555832 8.3621218502521497 40.58009235560894 11.894237816333769
leaf_count=33 38 72 33 84 133 35 168 50
internal_value=-0.00273589 -0.0116121 0.0048049 0.0010111 0.00317233 -0.00578069 0.0093229 -0.0217333
internal_weight=154.086 45.68 17.2569 108.406 100.61 40.0267 60.5831 28.4231
internal_count=646 193 71 453 420 168 252 122
is_linear=0
shrinkage=0.03


Tree=54
num_leaves=10
num_cat=0
split_feature=11 16 40 3 16 19 3 26 15
split_gain=5.66561 8.50395 5.89985 5.31296 5.24884 6.09281 8.06717 4.22958 3.9952
threshold=0.01849429689414506 -0.52417210666689018 0.021619436998289724 -0.018017532676363409 -0.75718572375844417 0.030010668457225841 0.0071664170810746839 0.27271907588947691 2.2742479157682802
decision_type=2 2 2 2 2 2 2 2 2
left_child=4 3 8 -2 -1 7 -7 -6 -3
right_child=1 2 -4 -5 5 6 -8 -9 -10
leaf_value=-0.019845822227394842 -0.0092386544768114885 0.0073372621568549472 -0.032805453118233741 0.021940814458841326 -0.023514688320573816 0.01469309876714028 -0.0036545519082007063 0.0024470924932675545 -0.019490866060326736
leaf_weight=7.782217249274253 7.8941088169813156 8.3708649277687091 14.796307787299154 7.3555626273155195 9.6333402246236819 46.764580234885216 35.621973916888237 8.5225680917501432 7.1300542950630179
leaf_count=33 33 35 65 30 40 195 150 35 30
internal_value=-0.00267488 -0.0113364 -0.0202144 0.00573115 0.000970504 0.00308367 0.00668366 -0.0115502 -0.00496311
internal_weight=153.872 45.5469 30.2972 15.2497 108.325 100.542 82.3866 18.1559 15.5009
internal_count=646 193 130 63 453 420 345 75 65
is_linear=0
shrinkage=0.03


Tree=55
num_leaves=9
num_cat=0
split_feature=37 36 36 12 12 33 35 21
split_gain=6.8307 6.82894 8.85128 10.2277 5.87837 5.48616 2.88109 1.11176
threshold=-0.012269727836211773 0.0043786339792509241 0.0065817846364864411 66.147448894303082 40.72963361189953 0.42631806411253198 -0.029073676457082417 0.0094627062793417194
decision_type=2 2 2 2 2 2 2 2
left_child=4 7 3 -3 -1 -4 -6 -2
right_child=1 2 5 -5 6 -7 -8 -9
leaf_value=-0.005458901232570014 -0.0072929020431517612 -0.0025560441689218075 0.0023302743735614741 0.024330959998106871 0.0013466611655532901 -0.018038923619513675 0.026909233557850389 -0.029422792734003854
leaf_weight=12.303305983543394 7.2618453353643444 39.164126336574554 15.4184313416481 16.131404548883438 7.5459730774164209 33.673420816659927 12.548233270645142 9.4016658365726453
leaf_count=51 30 166 65 66 32 142 52 40
internal_value=-0.00221129 -0.00556678 -0.00236854 0.00560143 0.00948489 -0.0115071 0.0189795 -0.0223974
internal_weight=153.448 121.051 104.387 55.2955 32.3975 49.0919 20.0942 16.6635
internal_count=644 509 439 232 135 207 84 70
is_linear=0
shrinkage=0.03


end of trees

feature_importances:
bb_bandwidth=32
volatility=31
macro_topix_ret_20=28
atr_pct=27
macro_usdjpy_ret_60=23
macro_topix_vol_20=23
return_20d=22
rsi=18
macd_hist=18
macd_signal=17
macro_usdjpy_vol_20=17
return_5d=16
price_position_20d=16
return_10d=15
ma_20_60_cross=15
gap=15
macro_usdjpy_ret_20=15
div_ma_20=14
vol_ratio=14
lower_shadow_pct=14
macro_nikkei_ret_20=14
div_ma_10=10
month=9
div_ma_5=8
bb_pct_b=8
return_2d=7
return_3d=7
rsi_change=7
return_1d=6
ma_5_20_cross=6
macd_hist_change=6
div_ma_60=5
candle_body_pct=5
macd=4
upper_shadow_pct=4
vol_change=3
day_of_week=1

parameters:
[boosting: gbdt]
[objective: binary]
[metric: binary_logloss]
[tree_learner: serial]
[device_type: cpu]
[data_sample_strategy: bagging]
[data: ]
[valid: ]
[num_iterations: 500]
[learning_rate: 0.03]
[num_leaves: 15]
[num_threads: 0]
[seed: 42]
[deterministic: 0]
[force_col_wise: 0]
[force_row_wise: 0]
[histogram_pool_size: -1]
[max_depth: 4]
[min_data_in_leaf: 30]
[min_sum_hessian_in_leaf: 0.001]
[bagging_fraction: 0.7]
[pos_bagging_fraction: 1]
[neg_bagging_fraction: 1]
[bagging_freq: 5]
[bagging_seed: 400]
[bagging_by_query: 0]
[feature_fraction: 0.6]
[feature_fraction_bynode: 1]
[feature_fraction_seed: 30056]
[extra_trees: 0]
[extra_seed: 12879]
[early_stopping_round: 0]
[early_stopping_min_delta: 0]
[first_metric_only: 0]
[max_delta_step: 0]
[lambda_l1: 0.5]
[lambda_l2: 2]
[linear_lambda: 0]
[min_gain_to_split: 0]
[drop_rate: 0.1]
[max_drop: 50]
[skip_drop: 0.5]
[xgboost_dart_mode: 0]
[uniform_drop: 0]
[drop_seed: 17869]
[top_rate: 0.2]
[other_rate: 0.1]
[min_data_per_group: 100]
[max_cat_threshold: 32]
[cat_l2: 10]
[cat_smooth: 10]
[max_cat_to_onehot: 4]
[top_k: 20]
[monotone_constraints: ]
[monotone_constraints_method: basic]
[monotone_penalty: 0]
[feature_contri: ]
[forcedsplits_filename: ]
[refit_decay_rate: 0.9]
[cegb_tradeoff: 1]
[cegb_penalty_split: 0]
[cegb_penalty_feature_lazy: ]
[cegb_penalty_feature_coupled: ]
[path_smooth: 0]
[interaction_constraints: ]
[verbosity: -1]
[saved_feature_importance_type: 0]
[use_quantized_grad: 0]
[num_grad_quant_bins: 4]
[quant_train_renew_leaf: 0]
[stochastic_rounding: 1]
[linear_tree: 0]
[max_bin: 255]
[max_bin_by_feature: ]
[min_data_in_bin: 5]
[bin_construct_sample_cnt: 200000]
[data_random_seed: 175]
[is_enable_sparse: 1]
[enable_bundle: 1]
[use_missing: 1]
[zero_as_missing: 0]
[feature_pre_filter: 1]
[pre_partition: 0]
[two_round: 0]
[header: 0]
[label_column: ]
[weight_column: ]
[group_column: ]
[ignore_column: ]
[categorical_feature: ]
[forcedbins_filename: ]
[precise_float_parser: 0]
[parser_config_file: ]
[objective_seed: 16083]
[num_class: 1]
[is_unbalance: 0]
[scale_pos_weight: 1]
[sigmoid: 1]
[boost_from_average: 1]
[reg_sqrt: 0]
[alpha: 0.9]
[fair_c: 1]
[poisson_max_delta_step: 0.7]
[tweedie_variance_power: 1.5]
[lambdarank_truncation_level: 30]
[lambdarank_norm: 1]
[label_gain: ]
[lambdarank_position_bias_regularization: 0]
[eval_at: ]
[multi_error_top_k: 1]
[auc_mu_weights: ]
[num_machines: 1]
[local_listen_port: 12400]
[time_out: 120]
[machine_list_filename: ]
[machines: ]
[gpu_platform_id: -1]
[gpu_device_id: -1]
[gpu_use_dp: 0]
[num_gpu: 1]

end of parameters

pandas_categorical:[]
