tree
version=v4
num_class=1
num_tree_per_iteration=1
label_index=0
max_feature_idx=44
objective=binary sigmoid:1
feature_names=return_1d return_2d return_3d return_5d return_10d return_20d div_ma_5 div_ma_10 div_ma_20 div_ma_60 ma_5_20_cross ma_20_60_cross rsi rsi_change macd macd_signal macd_hist macd_hist_change bb_pct_b bb_bandwidth atr_pct volatility vol_change vol_ratio candle_body_pct upper_shadow_pct lower_shadow_pct day_of_week month is_month_end is_month_start streak gap price_position_20d macro_usdjpy_ret_20 macro_usdjpy_ret_60 macro_usdjpy_vol_20 macro_topix_ret_20 macro_topix_vol_20 macro_topix_above_200dma macro_nikkei_ret_20 macro_nikkei_above_200dma macro_nikkei_vi macro_jgb10y macro_bias_score
feature_infos=[-0.047573324675198925:0.047032439022514749] [-0.052871223227637376:0.050100198868800794] [-0.078625938667899131:0.060579091775125216] [-0.079144063347538429:0.070190430904915058] [-0.10699996948242185:0.11742775503970204] [-0.1182423924334487:0.15884581472014592] [-0.046754045093518014:0.03136102171888943] [-0.065679653588011352:0.057611183675024734] [-0.095283898731975444:0.091383476178522549] [-0.086355409043981882:0.12109266072274501] [-0.058392300957105903:0.065549920908115844] [-0.042748625708304955:0.064274238635985359] [4.3321721234716364:99.078285278722376] [-31.4914123830169:24.909606094271432] [-4.0148556247349632:6.6759841301698373] [-3.5218467914220124:5.4278448928573138] [-2.4130647582626752:2.3328558279840159] [-0.79483865050966607:0.60413765747863146] [-0.29899250290519275:1.2942002598775366] [0.015966985924506762:0.20663538136815932] [0.0062028219888735359:0.03098835320355546] [0.0037467866522835347:0.018685482479757546] [-0.82513331758797714:3.6311208267090622] [0.55432004082819386:1.8220195466454623] [-1:1] [0:0.9499969482421875] [0:0.97058638734056779] [0:4] [1:12] none [0:1] [-11:9] [-0.063431099566931937:0.055611174876266878] [0:1] [-0.10288784967882303:0.08505611680078462] [-0.13986255140503889:0.13160084488587853] [0.0024251968629527628:0.011841457708833433] [-0.22586491944566001:0.19897857359448179] [0.0040695656242548776:0.036437272436454948] [0:1] [-0.22859537662338159:0.23022297972565586] [0:1] none none none
tree_sizes=1405 1308 1400 1077 1305 867 786 1206 681 995 1102 998 1316 1061 999 1206 1210 1282 1300 1199 1313 677 792 993 1292 1322 686 897 1525 1420 1315 1419 792 1359 1422 874 1102 899 1089 682 1100 1108 998 1096 1096 889 980 1107 994 862

Tree=0
num_leaves=12
num_cat=0
split_feature=37 4 16 35 9 15 16 34 5 37 17
split_gain=11.0315 8.62972 14.6706 8.15933 5.52931 5.416 12.2697 8.07565 10.1224 3.88557 2.04171
threshold=0.0095500936794210584 -0.0023701991114457028 0.0090756342358132586 0.054654599517179332 -0.0065407592435213985 0.47457034101315804 0.11554398661915267 0.024050874637299716 -0.0014564665568019273 -0.010198201783399972 -0.038875512535780511
decision_type=2 2 2 2 2 2 2 2 2 2 2
left_child=5 4 -3 -4 -2 7 9 8 -1 -7 -6
right_child=1 2 3 -5 10 6 -8 -9 -10 -11 -12
leaf_value=-0.063982692884377163 -0.10976218971164037 -0.14122289451648765 -0.10137253907357215 -0.12997446369209115 -0.10105410061324313 -0.10512954210327147 -0.08127822142027688 -0.10762699292971907 -0.10512954210327147 -0.13052878145366156 -0.075735815400141501
leaf_weight=15.207941010594366 14.210698977112772 14.210698977112768 37.645886763930321 9.4737993180751783 7.4793152511119843 10.47104135155678 11.468283385038374 9.7231098264455778 8.7258677929639834 8.7258677929639834 7.4793152511119825
leaf_count=61 57 57 151 38 30 42 46 39 35 35 30
internal_value=-0.103541 -0.110146 -0.116518 -0.107595 -0.0973602 -0.0941492 -0.104 -0.0861614 -0.0773425 -0.117836 -0.0855369
internal_weight=154.822 90.4997 61.3304 47.1197 29.1693 64.3221 30.6652 33.6569 23.9338 19.1969 14.9586
internal_count=621 363 246 189 117 258 123 135 96 77 60
is_linear=0
shrinkage=1


Tree=1
num_leaves=11
num_cat=0
split_feature=40 26 1 12 36 20 26 20 35 34
split_gain=10.0267 7.37491 6.60873 7.21838 10.9613 5.84239 5.02102 4.57684 4.2563 0.205052
threshold=0.051935666033145929 0.044464065495181261 -0.0068826108012306477 43.983224953105633 0.0065992573228417662 0.015976867269854606 0.33333439297415751 0.013988332071893299 0.032465131591025827 0.015569977603789422
decision_type=2 2 2 2 2 2 2 2 2 2
left_child=2 -2 5 7 -5 8 9 -4 -1 -3
right_child=1 6 3 4 -6 -7 -8 -9 -10 -11
leaf_value=0.015730849905775033 0.011834429978839189 -0.012820530946186277 0.036684681455265766 0.016226956416403798 -0.0076777942433871905 -0.023324086295099095 -0.0019976326927202909 0.0050240006442813963 -0.0082562446834214369 -0.033468635517873761
leaf_weight=10.472993150353437 7.7269659489393225 7.7261047810316148 11.477433368563654 34.154024988412857 30.412961348891258 8.9729804396629316 13.459128245711325 8.7308111041784269 11.7170322984457 9.9662233889102918
leaf_count=42 31 31 46 137 122 36 54 35 47 40
internal_value=0.00154452 -0.0111539 0.00604691 0.0103847 0.0048494 -0.00521591 -0.0176785 0.0253657 0.00280941 -0.0274313
internal_weight=154.817 38.8784 115.938 84.7752 64.567 31.163 31.1515 20.2082 22.19 17.6923
internal_count=621 156 465 340 259 125 125 81 89 71
is_linear=0
shrinkage=0.03


Tree=2
num_leaves=12
num_cat=0
split_feature=37 12 8 20 25 15 25 10 13 38 32
split_gain=10.1885 7.18766 13.3221 7.65163 6.29137 9.33747 7.21383 9.11766 4.84724 4.48182 0.22404
threshold=0.0095500936794210584 66.336500910294504 -0.00038241151601215578 0.013156078789394772 0.23809714113717045 0.63418230899036121 0.14928669916898038 -0.007286535386412051 0.58170605518560603 0.0082385630512303264 -0.00063284472363067657
decision_type=2 2 2 2 2 2 2 2 2 2 2
left_child=4 2 3 -2 6 10 7 -1 -3 -4 -6
right_child=1 8 9 -5 5 -7 -8 -9 -10 -11 -12
leaf_value=-0.011995103710225094 0.015755042817670067 -0.0046632709020618061 -0.035887970505726105 -0.011379611254324908 0.015496869103617491 0 -0.01652627399017419 0.025402015277208201 0.020886382690805241 -0.011218473260770943 0.038094282982865671
leaf_weight=7.4814348369836852 18.699815347790718 10.219585642218592 12.946856573224066 14.699716091156004 7.9849198907613763 13.213178992271422 11.472286432981489 12.971150726079941 11.967995226383207 21.922529354691505 11.232412770390511
leaf_count=30 75 41 52 59 32 53 46 52 48 88 45
internal_value=0.00149148 -0.00485568 -0.00972971 0.00342067 0.0105164 0.0194275 0.000410316 0.0112043 0.00908556 -0.0222349 0.0317577
internal_weight=154.812 90.4565 68.2689 33.3995 64.3554 32.4305 31.9249 20.4526 22.1876 34.8694 19.2173
internal_count=621 363 274 134 258 130 128 82 89 140 77
is_linear=0
shrinkage=0.03


Tree=3
num_leaves=9
num_cat=0
split_feature=40 26 2 5 5 26 3 20
split_gain=9.30362 6.96475 5.58121 6.93234 13.7931 4.80171 4.29261 0.169928
threshold=0.051935666033145929 0.044464065495181261 -0.020751841576142235 0.013135753332377932 0.030943595581396036 0.33333439297415751 0.0081324523340574623 0.012427829763913529
decision_type=2 2 2 2 2 2 2 2
left_child=2 -2 -1 6 -5 7 -4 -3
right_child=1 5 3 4 -6 -7 -8 -9
leaf_value=-0.015741131402062306 0.011514840763898165 -0.013424818974071944 0.0181693595634328 -0.017533093895002783 0.01394181814876843 -0.0018101948387451695 0 -0.03341094872672723
leaf_weight=7.7215796560049048 7.7313028573989859 8.7050434499979072 48.393369719386101 21.922031939029694 24.196401074528694 13.451880946755407 13.718995630741118 8.9502184242010099
leaf_count=31 31 35 194 88 97 54 55 36
internal_value=0.00144913 -0.0107861 0.00578791 0.00771768 -0.000814693 -0.0171426 0.0141147 -0.0266886
internal_weight=154.791 38.8384 115.952 108.231 46.1184 31.1071 62.1124 17.6553
internal_count=621 156 465 434 185 125 249 71
is_linear=0
shrinkage=0.03


Tree=4
num_leaves=11
num_cat=0
split_feature=40 1 33 36 21 20 36 36 35 8
split_gain=8.82136 6.13569 7.13884 10.5552 6.29414 5.36191 4.86592 6.13325 4.0351 3.64003
threshold=0.051935666033145929 -0.0068826108012306477 0.4961303956129936 0.0065992573228417662 0.010511333758284924 0.015976867269854606 0.0060592821187525608 0.0051283570860321129 0.035347488336312967 -0.0039897280157381787
decision_type=2 2 2 2 2 2 2 2 2 2
left_child=1 5 4 -4 -3 8 7 -2 -1 -8
right_child=6 2 3 -5 -6 -7 9 -9 -10 -11
leaf_value=0.014594031662263076 -0.012264124593607036 0.030342501113883383 0.014879238424377706 -0.010641626050768292 0.00082944975562803443 -0.022592512959105353 -0.001829497062162909 0.018247565604959683 -0.0087425303661210312 -0.031258166217338082
leaf_weight=10.981086105108266 13.18147633969784 19.724160835146908 28.697005227208138 25.41518822312355 10.979421660304068 8.9541099667549116 7.4679432660341289 7.7199745923280707 11.216616302728651 10.439024999737738
leaf_count=44 53 79 115 102 44 36 30 31 45 42
internal_value=0.00138026 0.00560625 0.00979012 0.00267332 0.0209436 -0.00523595 -0.0105362 0 0.0024341 -0.0211555
internal_weight=154.776 115.968 84.8158 54.1122 30.7036 31.1518 38.8084 20.9015 22.1977 17.907
internal_count=621 465 340 217 123 125 156 84 89 72
is_linear=0
shrinkage=0.03


Tree=5
num_leaves=7
num_cat=0
split_feature=21 20 30 4 12 33
split_gain=14.7354 24.0332 9.89807 10.4951 7.43738 3.2017
threshold=0.015382159349533901 0.014782687894752624 1.0000000180025095e-35 0.022644349089573804 37.565334900679794 0.81147006602775151
decision_type=2 2 2 2 2 2
left_child=1 2 3 -1 -3 -6
right_child=-2 4 -4 -5 5 -7
leaf_value=0.001502057462143818 0.036007716537392355 0 -0.023668576083679015 0.023253508139985734 -0.037869889496510226 -0.0085289142545620956
leaf_weight=83.005808398127556 7.7325150072574607 8.220998287200926 8.2189833670854551 25.194791316986084 18.147845417261127 7.4720032960176459
leaf_count=333 31 33 33 101 73 30
internal_value=0.000136292 -0.00205989 0.00437587 0.00703316 -0.0236275 -0.031093
internal_weight=157.993 150.26 116.42 108.201 33.8408 25.6198
internal_count=634 603 467 434 136 103
is_linear=0
shrinkage=0.03


Tree=6
num_leaves=6
num_cat=0
split_feature=21 20 30 5 38
split_gain=14.03 22.7847 9.42089 8.64232 3.22887
threshold=0.015382159349533901 0.014782687894752624 1.0000000180025095e-35 0.039514438409042459 0.0081573184294964889
decision_type=2 2 2 2 2
left_child=1 2 3 -1 -3
right_child=-2 4 -4 -5 -6
leaf_value=0.0026363848151656896 0.035113738530242578 -0.0044832106510246713 -0.023125457460872814 0.024803630805880033 -0.028545987756770995
leaf_weight=90.24850931763649 7.7422558963298789 9.1879545003175718 8.2068044394254667 17.978171318769455 24.594695344567299
leaf_count=362 31 37 33 72 99
internal_value=0.00012787 -0.00201446 0.00424455 0.00683803 -0.0230371
internal_weight=157.958 150.216 116.433 108.227 33.7826
internal_count=634 603 467 434 136
is_linear=0
shrinkage=0.03


Tree=7
num_leaves=10
num_cat=0
split_feature=37 23 20 19 15 14 23 16 10
split_gain=10.3467 11.7132 10.0395 10.2868 12.3602 6.50562 6.16975 5.86097 7.73473
threshold=0.02210808534461051 1.0552429230122866 0.015668522909115353 0.029341874786792635 -0.71424046595225388 -0.50953834199887627 1.1595079731281348 0.32935288578012073 0.0064679610287752274
decision_type=2 2 2 2 2 2 2 2 2
left_child=1 7 3 -2 -5 -3 -7 8 -1
right_child=2 5 -4 4 -6 6 -8 -9 -10
leaf_value=0.014964562003733552 -0.028432252300089451 0.012935364070040728 -0.029592643345137788 -0.024899728280220162 0.011127097367564032 -0.02849974172549756 9.647944217596702e-05 0.033229460201709526 -0.014450051746039512
leaf_weight=36.397026747465134 8.9559506773948652 8.2360050082206744 13.613023966550825 8.7095135897397977 39.363120079040527 11.955337196588518 11.207991182804106 11.491772428154944 7.9786819964647284
leaf_count=146 36 33 55 35 158 48 45 46 32
internal_value=0.000123435 0.00705395 -0.00819015 -0.00199759 0.00356657 -0.00700741 -0.0151589 0.0151852 0.00895732
internal_weight=157.908 87.2668 70.6416 57.0286 48.0726 31.3993 23.1633 55.8675 44.3757
internal_count=634 350 284 229 193 126 93 224 178
is_linear=0
shrinkage=0.03


Tree=8
num_leaves=5
num_cat=0
split_feature=38 38 40 11
split_gain=9.94024 11.1625 7.80511 5.84926
threshold=0.019784473925122878 0.012683569007772974 0.078772876878322698 0.02136774167313216
decision_type=2 2 2 2
left_child=1 2 3 -1
right_child=-2 -3 -4 -5
leaf_value=0.0076037612352574425 0.02996009619864223 -0.025080855452791859 -0.019182661657509179 -0.0066817738274820198
leaf_weight=89.705230072140694 7.4963559508323661 14.410048916935919 13.126673161983488 33.11553543806076
leaf_count=360 30 58 53 133
internal_value=9.65534e-05 -0.00166764 0.00103301 0.00358651
internal_weight=157.854 150.357 135.947 122.821
internal_count=634 604 546 493
is_linear=0
shrinkage=0.03


Tree=9
num_leaves=8
num_cat=0
split_feature=21 20 4 8 12 17 33
split_gain=12.6098 20.8675 7.91266 9.71203 6.96998 6.68717 3.02481
threshold=0.015382159349533901 0.014782687894752624 0.022644349089573804 0.0027083768647548768 37.565334900679794 0.088214836608157113 0.81147006602775151
decision_type=2 2 2 2 2 2 2
left_child=1 2 3 -1 -3 -4 -6
right_child=-2 4 5 -5 6 -7 -8
leaf_value=0.0079233652836638822 0.033253538609417758 0.00032645097591457002 0.026886108989763582 -0.011659577705655877 -0.035955363878683928 -0.0027076010144988895 -0.0076430142888615979
leaf_weight=51.63734932243824 7.7438263595104209 8.2043266743421537 18.729935020208362 37.563340082764626 18.012059539556507 8.4811048954725248 7.4495175778865805
leaf_count=207 31 33 75 151 73 34 30
internal_value=8.2901e-05 -0.00194484 0.00403393 -0.00023359 -0.0221061 0.017595 -0.0293779
internal_weight=157.821 150.078 116.412 89.2007 33.6659 27.211 25.4616
internal_count=634 603 467 358 136 109 103
is_linear=0
shrinkage=0.03


Tree=10
num_leaves=9
num_cat=0
split_feature=17 4 19 20 19 21 18 12
split_gain=10.0975 7.36294 7.85903 7.80058 7.73686 7.78603 7.07796 6.564
threshold=-0.23937296943880573 -0.0023701991114457028 0.061755210839614376 0.012058127146846049 0.04464232020647816 0.0094529051671314469 0.72788458941923795 37.404696122611483
decision_type=2 2 2 2 2 2 2 2
left_child=-1 2 3 -2 6 -6 -3 -4
right_child=1 4 7 -5 5 -7 -8 -9
leaf_value=-0.026731954073124835 0.005719945444749755 -0.00065748900457034468 0.0094103214625398408 0.035249640715347134 0.013602601838459259 -0.0086903637350084391 -0.027447005396660357 -0.022530125354268137
leaf_weight=10.109065547585486 22.459228202700615 19.920103415846825 10.963640347123148 13.20589931309223 29.686541050672531 22.860672995448112 16.143193706870079 8.1668771803379041
leaf_count=41 90 80 44 53 119 92 65 33
internal_value=-0.000336157 0.00176348 0.0102796 0.0183434 -0.00344792 0.00366602 -0.0138556 -0.00435716
internal_weight=153.515 143.406 54.7956 35.6651 88.6105 52.5472 36.0633 19.1305
internal_count=617 576 220 143 356 211 145 77
is_linear=0
shrinkage=0.03


Tree=11
num_leaves=8
num_cat=0
split_feature=17 5 7 28 11 11 28
split_gain=9.61568 8.80047 8.81808 9.96045 7.80819 7.05873 2.74648
threshold=-0.23937296943880573 -0.012230528088395585 -0.015822841237490785 8.5000000000000018 -0.011292205708507029 -0.0034686826273053746 9.5000000000000018
decision_type=2 2 2 2 2 2 2
left_child=-1 2 -2 -4 6 -6 -3
right_child=1 4 3 -5 5 -7 -8
leaf_value=-0.026129781334996847 -0.012558254741685447 -0.031909246556093132 0.035171384441925531 0.0017711464675413638 0.022515944716500345 -0.0023791335350296702 -0.0042224205323622786
leaf_weight=10.078326448798178 7.4668042957782736 7.9547748863697034 16.464247331023216 16.400965303182602 9.7242472320795041 77.412638545036316 7.9442527890205383
leaf_count=41 30 32 66 66 39 311 32
internal_value=-0.000335007 0.00170965 0.0133024 0.0199914 -0.00285225 0.000673674 -0.0209306
internal_weight=153.446 143.368 40.332 32.8652 103.036 87.1369 15.899
internal_count=617 576 162 132 414 350 64
is_linear=0
shrinkage=0.03


Tree=12
num_leaves=11
num_cat=0
split_feature=40 18 12 23 38 37 40 21 9 33
split_gain=10.3663 8.91973 10.3329 7.91086 10.1935 9.34456 10.8118 8.12258 3.63581 2.45525
threshold=0.035913360362268561 0.40125718524802217 66.178085623839962 1.0552429230122866 0.0070848891582593184 -0.023883302913021928 1.0000000180025095e-35 0.010511333758284924 -0.013759548107004638 0.61423166510858207
decision_type=2 2 2 2 2 2 2 2 2 2
left_child=3 8 9 4 -1 -5 -7 -6 -2 -3
right_child=1 2 -4 5 7 6 -8 -9 -10 -11
leaf_value=-0.013139354540475892 -0.0050520024542122293 -0.012585883266649039 0.0027321825207200535 0.020222525147922592 0.026178036930666108 -0.032480773808579222 0.0017924202958317678 0.00012408047704162573 0.020155765467850591 -0.036666646710450369
leaf_weight=9.7150778174400312 8.1758479624986631 12.111569508910181 13.179047971963881 7.9668783694505683 32.439375922083855 12.159432455897333 17.677322372794151 17.398801803588867 7.7254042774438849 14.840409547090529
leaf_count=39 33 49 53 32 130 49 71 70 31 60
internal_value=-0.000334975 -0.0104942 -0.0178874 0.00545458 0.0121851 -0.00485091 -0.0128669 0.0177275 0.00724053 -0.0279804
internal_weight=153.389 56.0323 40.131 97.3569 59.5533 37.8036 29.8368 49.8382 15.9013 26.952
internal_count=617 226 162 391 239 152 120 200 64 109
is_linear=0
shrinkage=0.03


Tree=13
num_leaves=9
num_cat=0
split_feature=40 5 7 28 9 5 10 16
split_gain=9.81232 9.41993 8.78113 9.85046 11.2366 6.69777 3.22231 5.36225
threshold=0.035913360362268561 -0.012230528088395585 -0.017397464806715748 8.5000000000000018 0.024781616377746118 -0.024772191464905054 0.013933734291965873 -0.26529424124850137
decision_type=2 2 2 2 2 2 2 2
left_child=2 -2 -1 4 -4 -5 7 -3
right_child=1 6 3 5 -6 -7 -8 -9
leaf_value=-0.016673964172761874 0.0095419766043645694 0 0.027798975404084096 0.018283082122668506 0 -0.010623667267902821 -0.0035171018446349162 -0.030419130482744028
leaf_weight=11.886788398027418 13.904832437634466 7.6782785803079596 30.915213957428932 7.4770011305809012 20.401394784450531 26.644652709364891 14.101429060101507 20.28002288937569
leaf_count=48 56 31 124 30 82 107 57 82
internal_value=-0.000330772 -0.0102244 0.00529862 0.00883862 0.016953 -0.00321255 -0.017236 -0.0229581
internal_weight=153.29 55.9646 97.3251 85.4383 51.3166 34.1217 42.0597 27.9583
internal_count=617 226 391 343 206 137 170 113
is_linear=0
shrinkage=0.03


Tree=14
num_leaves=8
num_cat=0
split_feature=7 5 16 16 21 4 4
split_gain=8.50946 14.9164 9.89987 7.46227 5.93852 3.02047 2.57342
threshold=-0.017397464806715748 -0.012230528088395585 -0.4236155194634651 0.10716944041664346 0.0074487563748463917 -0.020589378198832938 -0.036287815152950313
decision_type=2 2 2 2 2 2 2
left_child=6 4 -3 -4 -2 -6 -1
right_child=1 2 3 -5 5 -7 -8
leaf_value=-0.0041508336224463562 0.034569384210790269 0.024729712725539827 -0.017871988238208954 -0.00022136613949756801 0.020670826472295751 -0.00012386688103909092 -0.031414239601806559
leaf_weight=7.9410904496908188 11.970162779092787 7.9620151668786994 32.028846576809883 63.824558779597282 7.4384544193744651 14.670621976256372 7.3640709668397886
leaf_count=32 48 32 129 257 30 59 30
internal_value=-0.000327514 0.00203438 -0.00355692 -0.00651724 0.0187359 0.00738459 -0.02025
internal_weight=153.2 137.895 103.815 95.8534 34.0792 22.1091 15.3052
internal_count=617 555 418 386 137 89 62
is_linear=0
shrinkage=0.03


Tree=15
num_leaves=10
num_cat=0
split_feature=37 16 11 38 20 18 3 3 20
split_gain=13.3303 9.04959 6.44418 8.01331 5.62773 5.3853 7.64583 4.97164 4.69888
threshold=0.011647472816881168 0.56305896131921152 0.0095791948025818491 0.0077277549065625064 0.009253886120716601 0.2963264175032001 0.03110176456575198 -0.015753389360619981 0.014145628445757981
decision_type=2 2 2 2 2 2 2 2 2
left_child=1 2 3 -1 -2 8 -7 -4 -6
right_child=4 -3 7 -5 5 6 -8 -9 -10
leaf_value=-0.0011403500308739426 0.0085383520023153657 -0.015358458529424144 -0.014606703484808029 0.031106152095330322 0.018163882625846828 -0.019213088197628441 0.010131283327964169 0.011051425233590654 -0.010350945679575124
leaf_weight=7.9757701605558387 14.659682929515837 8.4708107411861402 7.6710558086633709 24.914394304156303 8.2304454296827334 48.964999869465828 7.4647295325994483 19.677440032362938 8.1576761901378614
leaf_count=32 59 34 31 100 33 198 30 79 33
internal_value=0.000555926 0.0103708 0.0146072 0.0232394 -0.00704507 -0.0105272 -0.0148607 0.00283845 0.00357204
internal_weight=156.187 68.7095 60.2387 32.8902 87.4775 72.8179 56.4297 27.3485 16.3881
internal_count=629 276 242 132 353 294 228 110 66
is_linear=0
shrinkage=0.03


Tree=16
num_leaves=10
num_cat=0
split_feature=37 14 21 16 12 16 16 35 32
split_gain=12.6309 8.02565 7.36469 4.95813 8.53101 4.23155 7.07669 2.93905 2.77788
threshold=0.02210808534461051 -0.25543371091190176 0.011438761409951851 -0.29965098946754049 66.178085623839962 0.56305896131921152 0.21647694427698438 0.034654756365754109 -0.00046202887239338292
decision_type=2 2 2 2 2 2 2 2 2
left_child=1 7 3 -2 -5 6 -3 -1 -4
right_child=2 5 8 4 -6 -7 -8 -9 -10
leaf_value=0.029706307061946449 0.017058407658245598 -0.0015551198650517893 -0.03757481915388465 -0.015352420940586328 0.0099284224656789877 -0.016084146030475976 0.023644051881432294 0.0077646194922680288 -0.0085214688387674244
leaf_weight=14.916491091251375 7.4278199374675742 35.057566955685616 7.3648703098297146 31.890706643462181 16.198221355676651 8.2173669040203077 11.454670533537863 14.443930596113203 9.1189785748720151
leaf_count=60 30 141 30 129 65 33 46 58 37
internal_value=0.000543544 0.00843726 -0.00845175 -0.00258709 -0.00648097 0.00116617 0.00506045 0.0205739 -0.024975
internal_weight=156.091 84.09 72.0006 55.5167 48.0889 54.7296 46.5122 29.3604 16.4838
internal_count=629 338 291 224 194 220 187 118 67
is_linear=0
shrinkage=0.03


Tree=17
num_leaves=11
num_cat=0
split_feature=40 16 16 10 4 12 11 11 27 16
split_gain=11.2151 8.527 10.2042 14.5235 6.59567 8.96537 4.36961 3.93545 3.8315 1.90308
threshold=0.021619436998289724 0.56305896131921152 0.21647694427698438 0.0055141079208558272 -0.0023701991114457028 62.490490319099877 -0.0037486438866222156 0.017475977036311877 1.5000000000000002 -0.31528091638971184
decision_type=2 2 2 2 2 2 2 2 2 2
left_child=1 2 3 -1 8 6 -6 -7 -2 -10
right_child=4 -3 -4 -5 5 7 -8 -9 9 -11
leaf_value=0.012326049105453773 -0.0087651603970592858 -0.014153463800550121 0.032351937409817032 -0.024675406997372511 -0.0069575509097984465 0.0097862998088185833 -0.036013021459437397 -0.014783316735638681 0.021315640886929769 0
leaf_weight=48.218868300318718 10.668070763349535 11.178478091955183 15.203341498970984 9.6738656312227231 10.098590001463892 12.931152373552324 14.73821187019348 7.6635033041238776 7.9363037794828415 7.6815206706523878
leaf_count=194 43 45 61 39 41 52 60 31 32 31
internal_value=0.000527965 0.00795116 0.0118183 0.00527514 -0.00797056 -0.0147309 -0.026157 0 0.00339884 0.0126109
internal_weight=155.992 84.2746 73.0961 57.8927 71.7174 45.4315 24.8368 20.5947 26.2859 15.6178
internal_count=629 339 294 233 290 184 101 83 106 63
is_linear=0
shrinkage=0.03


Tree=18
num_leaves=11
num_cat=0
split_feature=40 16 16 10 4 10 23 9 14 15
split_gain=10.6004 8.0842 9.70208 13.7884 6.28995 8.60636 4.8156 3.97492 2.32218 2.16702
threshold=0.021619436998289724 0.56305896131921152 0.21647694427698438 0.0055141079208558272 -0.0023701991114457028 0.013933734291965873 1.047306949062371 0.0049441779256659451 -0.28130000293811003 1.549517109627788
decision_type=2 2 2 2 2 2 2 2 2 2
left_child=1 2 3 -1 6 7 8 -6 -2 -7
right_child=4 -3 -4 -5 5 9 -8 -9 -10 -11
leaf_value=0.011969771465879785 -0.01651367576104204 -0.01379963791454066 0.031515073026463301 -0.024100592952161836 -0.0093187184190896815 0.012924180469813357 0.01753701140204883 -0.034773178475177489 0.0035962290260755747 -0.00631543405189344
leaf_weight=48.22391115128994 7.9129075556993484 11.172513484954832 15.192107185721396 9.6554324328899366 14.555241346359255 7.4620729237794903 10.704459726810454 14.215935781598089 7.6676746904850024 9.1233528107404691
leaf_count=194 32 45 61 39 59 30 43 58 31 37
internal_value=0.000494376 0.00771417 0.0114834 0.00509802 -0.00777068 -0.0143826 0.00331861 -0.023826 -0.00648052 0.001993
internal_weight=155.886 84.244 73.0715 57.8793 71.6416 45.3566 26.285 28.7712 15.5806 16.5854
internal_count=629 339 294 233 290 184 106 117 63 67
is_linear=0
shrinkage=0.03


Tree=19
num_leaves=10
num_cat=0
split_feature=37 15 12 4 19 19 11 11 16
split_gain=11.1131 7.33605 6.08544 6.9803 9.79099 6.00551 5.71469 5.0246 4.12942
threshold=0.02210808534461051 -1.3130487743669383 66.178085623839962 -0.0023701991114457028 0.070131179694767801 0.025496970328996432 -0.0032610810143580689 -0.0068932839765570844 0.65339358764926825
decision_type=2 2 2 2 2 2 2 2 2
left_child=1 -1 3 4 -2 -3 -5 -7 -4
right_child=2 5 8 6 -6 7 -8 -9 -10
leaf_value=0.030525324537236373 0.013309840885345791 0.02648530179310133 0.016056951085890593 -0.0032445073246881863 -0.024909991577560176 -0.018855004815002574 -0.031874511515439206 0.0040810512655178217 -0.009167584686657541
leaf_weight=9.4343659430742246 14.932928219437601 7.4855880141258231 11.714870870113375 11.570620685815813 7.366824507713317 7.9464037269353858 18.501221686601639 59.117494761943817 7.6846511065959922
leaf_count=38 60 30 47 47 30 32 76 238 31
internal_value=0.000463601 0.00787532 -0.00798436 -0.0132505 0 0.00409033 -0.0222156 0.000678852 0.00544097
internal_weight=155.755 83.9839 71.7711 52.3716 22.2998 74.5495 30.0718 67.0639 19.3995
internal_count=629 338 291 213 90 300 123 270 78
is_linear=0
shrinkage=0.03


Tree=20
num_leaves=11
num_cat=0
split_feature=37 23 23 21 35 2 17 7 19 32
split_gain=11.0276 15.5281 8.66122 7.8073 11.2715 7.30174 10.2423 5.09772 2.80618 5.21613
threshold=0.0078052303214100069 1.0552429230122866 1.1595079731281348 0.0066759196265546239 0.032465131591025827 -0.0059194972857508068 -0.14138250400283373 0.021895084214438438 0.035646685891208355 0.0017918036750416146
decision_type=2 2 2 2 2 2 2 2 2 2
left_child=1 8 -3 4 -2 6 -5 -7 -1 -10
right_child=3 2 -4 5 -6 7 -8 -9 9 -11
leaf_value=0.0028292213553696537 -0.011538552395309641 -0.026301484827164531 0.0066196963343087773 -0.015213468423069025 0.02629313062542292 -0.021948736441458012 0.023205238928298608 0.0021128718711614994 0.012032961895344944 0.040523664183675569
leaf_weight=8.7207097113132459 12.117976874113085 11.154220029711725 13.382844924926756 11.253087148070337 11.920800298452376 41.674836024641991 9.6575037688016874 7.9268638640642157 18.920173794031147 11.183410063385962
leaf_count=35 49 45 54 46 48 169 39 32 76 45
internal_value=-0.000209276 0.00921274 -0.00863493 -0.00673864 0.00722463 -0.0117738 0.00235218 -0.0178799 0.0207304 0.0249496
internal_weight=157.912 63.3614 24.5371 94.5511 24.0388 70.5123 20.9106 49.6017 38.8243 30.1036
internal_count=638 255 99 383 97 286 85 201 156 121
is_linear=0
shrinkage=0.03


Tree=21
num_leaves=5
num_cat=0
split_feature=38 15 38 5
split_gain=12.0737 8.60468 10.092 9.58301
threshold=0.01731743684756832 3.5743924086543184 0.012683569007772974 0.039514438409042459
decision_type=2 2 2 2
left_child=1 2 3 -1
right_child=-2 -3 -4 -5
leaf_value=-0.0016373881561257261 0.030575219139167949 -0.029584643966985683 -0.025660492340665395 0.019449383244159794
leaf_weight=108.84396842122078 8.6630643308162671 7.8480510711669913 11.074611157178877 21.339853733778
leaf_count=440 35 32 45 86
internal_value=-0.000177602 -0.00244464 -0.000440112 0.00194768
internal_weight=157.77 149.106 141.258 130.184
internal_count=638 603 571 526
is_linear=0
shrinkage=0.03


Tree=22
num_leaves=6
num_cat=0
split_feature=38 38 4 16 2
split_gain=11.5153 8.14721 6.55631 10.0086 7.87091
threshold=0.01731743684756832 0.012683569007772974 0.0027414966095820064 0.041575313572929144 -0.020751841576142235
decision_type=2 2 2 2 2
left_child=1 2 4 -4 -1
right_child=-2 -3 3 -5 -6
leaf_value=-0.017976553982420391 0.029883860168608795 -0.025055738214142434 -0.027458927713564275 -0.00037014261795594565 0.010722538919823653
leaf_weight=7.8825741261243811 8.6441289037466031 11.050291821360586 13.917961373925207 59.134326606988907 57.064419865608215
leaf_count=32 35 45 57 239 230
internal_value=-0.000175021 -0.00239019 -0.000136091 -0.00632517 0.00658231
internal_weight=157.694 149.05 137.999 73.0523 64.947
internal_count=638 603 558 296 262
is_linear=0
shrinkage=0.03


Tree=23
num_leaves=8
num_cat=0
split_feature=15 5 18 34 21 15 32
split_gain=9.49815 6.22816 10.3611 9.80237 8.22078 3.04472 2.46093
threshold=3.5743924086543184 0.039514438409042459 0.72431776723818364 -0.018521515752735914 0.0074487563748463917 0.9073170916806601 0.0017918036750416146
decision_type=2 2 2 2 2 2 2
left_child=1 2 3 -1 -3 -4 -6
right_child=-2 4 5 -5 6 -7 -8
leaf_value=0.021017745039247009 -0.028865068129987695 0.037420209868481491 -0.0080482112256265639 -0.00124952490797706 -0.0087263583208229325 -0.031066147973345989 0.012401766741759523
leaf_weight=20.794697985053062 7.814901039004325 7.4552432149648693 22.732592433691028 75.65447436273098 8.1234916448593122 7.5572170764207831 7.4605048149824134
leaf_count=84 32 30 92 306 33 31 30
internal_value=-0.000184231 0.00157405 -0.00100123 0.00372844 0.0152881 -0.0158242 0.000795369
internal_weight=157.593 149.778 126.739 96.4492 23.0392 30.2898 15.584
internal_count=638 606 513 390 93 123 63
is_linear=0
shrinkage=0.03


Tree=24
num_leaves=11
num_cat=0
split_feature=37 23 37 2 20 8 20 23 32 1
split_gain=9.99312 14.537 8.12672 7.43508 14.2904 6.47829 4.81326 3.21224 2.22279 2.72214
threshold=0.0078052303214100069 1.0552429230122866 -0.023883302913021928 -0.0078844343292734358 0.014145628445757981 0.030737104346545498 0.0088704854761906485 1.1655040517858501 0.0016869251062447967 -1.0000000180025095e-35
decision_type=2 2 2 2 2 2 2 2 2 2
left_child=1 8 -3 4 -2 6 -5 -4 9 -1
right_child=3 2 7 5 -6 -7 -8 -9 -10 -11
leaf_value=0.019228547780475353 0.030100215925428025 0.012961157234871429 -0.031526164935373198 0.0014373334552965317 -0.01520681667005706 0.008631821484446257 -0.018520894800813332 -0.0028758470760049844 0.029999918478866652 0
leaf_weight=14.66009233891964 10.934837877750399 8.1423322409391421 8.3895517736673373 11.622956469655035 9.9499412924051267 10.647109791636465 51.126143798232079 7.9303545951843253 14.116500452160833 9.9684265851974487
leaf_count=59 44 33 34 47 41 43 208 32 57 40
internal_value=-0.000184446 0.00878978 -0.00848925 -0.00641429 0.00841699 -0.0109448 -0.0146622 -0.0202567 0.0199485 0.0118035
internal_weight=157.488 63.2073 24.4622 94.281 20.8848 73.3962 62.7491 16.3199 38.745 24.6285
internal_count=638 255 99 383 85 298 255 66 156 99
is_linear=0
shrinkage=0.03


Tree=25
num_leaves=11
num_cat=0
split_feature=21 25 34 5 18 11 32 0 34 24
split_gain=7.20239 8.9309 8.25811 5.85189 9.1187 5.20772 4.42311 2.64118 1.89352 1.30893
threshold=0.0098010045665514207 0.33045893561899553 -0.032317857037125745 0.029586450282283797 0.49472696618479534 -0.0093947486746477887 0.0023244439260048382 -0.005102309857431985 -0.0026877033262277523 -0.054096906304627476
decision_type=2 2 2 2 2 2 2 2 2 2
left_child=1 3 -2 4 -1 -3 7 -4 -7 -8
right_child=2 5 6 -5 -6 8 9 -9 -10 -11
leaf_value=0.0057808247226140367 0.01384981801828428 -0.0046554866555938677 -0.0076414880704068306 0.012413650458859362 -0.018708448621596496 0.0048473562434286173 -0.009584406361403142 -0.029404194283394271 0.025088548470319334 0.0057614545494685627
leaf_weight=21.893433585762978 8.6432124823331815 7.8942563831806174 12.408322930335997 14.136809900403021 29.023566320538521 8.9259728938341159 7.3296870440244666 16.907155469059948 21.054901033639908 8.119002550840376
leaf_count=88 35 32 51 57 118 36 30 69 85 33
internal_value=-0.00111416 0.00341518 -0.00992221 -0.00316108 -0.00807451 0.0146787 -0.015229 -0.0217481 0.0202113 -0.000923814
internal_weight=156.336 102.929 53.4074 65.0538 50.917 37.8751 44.7642 29.3155 29.9809 15.4487
internal_count=634 416 218 263 206 153 183 120 121 63
is_linear=0
shrinkage=0.03


Tree=26
num_leaves=5
num_cat=0
split_feature=35 20 40 5
split_gain=8.23296 7.06874 6.91138 6.2149
threshold=-0.081090102485088508 0.0088704854761906485 -0.051122137190517551 0.029586450282283797
decision_type=2 2 2 2
left_child=-1 -2 -3 -4
right_child=1 2 3 -5
leaf_value=-0.026681280042034319 0.019637794118215673 0.020513585589810302 -0.0078171482989215779 0.0066799599335525131
leaf_weight=8.5781625062227231 13.89318138360977 9.6101999282836896 89.351752102375031 34.778910055756569
leaf_count=35 56 39 363 141
internal_value=-0.00107699 0.000647214 -0.00147532 -0.00359491
internal_weight=156.212 147.634 133.741 124.131
internal_count=634 599 543 504
is_linear=0
shrinkage=0.03


Tree=27
num_leaves=7
num_cat=0
split_feature=35 37 6 21 19 18
split_gain=7.86338 8.68469 8.28912 7.1661 7.86615 6.96496
threshold=-0.081090102485088508 0.011098321753809872 -0.0093502693435994055 0.012958567282644473 0.030611936218743824 0.88572252230840187
decision_type=2 2 2 2 2 2
left_child=-1 2 -2 4 -3 -4
right_child=1 3 5 -5 -6 -7
leaf_value=-0.026086938466873561 -0.014471741112150155 -0.021968614597149046 0.018698731357433766 -0.025586970958966716 0.0027481044003348364 -0.0089535195495542858
leaf_weight=8.5562863200902921 8.8954032957553846 11.979844525456427 43.89279268682003 11.397891595959662 63.508995816111565 7.9214486628770819
leaf_count=35 36 49 177 47 258 32
internal_value=-0.00103479 0.000646579 0.00927496 -0.00528655 -0.00144656 0.0140168
internal_weight=156.153 147.596 60.7096 86.8867 75.4888 51.8142
internal_count=634 599 245 354 307 209
is_linear=0
shrinkage=0.03


Tree=28
num_leaves=13
num_cat=0
split_feature=21 34 33 14 1 38 32 12 20 12 28 34
split_gain=6.65511 7.66264 6.1367 12.2562 9.18071 4.94496 4.29508 2.84541 2.53422 2.33051 2.02963 1.83589
threshold=0.0098010045665514207 -0.032317857037125745 0.52941202869890824 0.18225632055818156 -0.0068826108012306477 0.0077277549065625064 0.0023244439260048382 40.221402380830902 0.015976867269854606 48.561080792598567 9.5000000000000018 0.010798732777574817
decision_type=2 2 2 2 2 2 2 2 2 2 2 2
left_child=2 -2 4 11 7 -5 10 -1 -8 -6 -3 -4
right_child=1 6 3 5 9 -7 8 -9 -10 -11 -12 -13
leaf_value=-0.016006302011211906 0.013366039703641391 -0.02633866406294624 -0.032791686594182912 -0.0064133849904905423 0.031237423766334697 0.012664842607454246 0.0092648989751320989 0.0061839012898471978 -0.01229191570066032 0.0065332847518905189 -0.0053272029207840198 -0.0080066505883825967
leaf_weight=7.4598985761404064 8.6202838122844678 20.176590681076053 8.0691026598215121 16.994235664606094 14.395891442894937 30.144513711333275 7.8959880322217924 8.6981108188629133 7.5133519768714905 8.1975962519645673 9.0196710228919965 8.83327469229698
leaf_count=30 35 83 33 69 58 122 32 35 31 33 37 36
internal_value=-0.0010392 -0.00952645 0.00331029 -0.00222033 0.0124787 0.0055005 -0.0146561 -0.00386947 -0.000588879 0.0241442 -0.021086 -0.0228501
internal_weight=156.019 53.2259 102.793 64.0411 38.7515 47.1387 44.6056 16.158 15.4093 22.5935 29.1963 16.9024
internal_count=634 218 416 260 156 191 183 65 63 91 120 69
is_linear=0
shrinkage=0.03


Tree=29
num_leaves=12
num_cat=0
split_feature=20 34 19 14 8 19 19 24 34 20 8
split_gain=6.3435 11.6021 11.0292 9.45351 7.59373 6.54218 5.40287 2.6989 2.24054 1.31097 2.22238
threshold=0.01407107197369249 -0.0043324841583393106 0.043287327658775292 -0.95639600626347476 0.0035121340305013715 0.053449102528327998 0.092828587835569756 0.55086522777415714 0.013821019345783616 0.015668522909115353 -0.019766372397675393
decision_type=2 2 2 2 2 2 2 2 2 2 2
left_child=2 6 4 -4 8 -5 -2 -6 -1 -3 -11
right_child=1 9 3 5 7 -7 -8 -9 -10 10 -12
leaf_value=0.0091890272917437722 -0.010317885178571049 -0.0089236160718465102 -0.010283003418084047 0.033524390286132508 -0.026230601587747916 0.0081962667483317063 0.017950306842204968 -0.0020962154910175966 -0.0060796309420226022 -0.0088497447455454376 -0.037260205358150854
leaf_weight=18.879119202494625 8.0891264975070971 10.563168451189997 11.087261691689489 15.354522988200186 14.420129761099817 28.235581517219543 12.491158574819563 8.0188791453838331 11.898834079504011 7.3344586342573193 9.486691400408743
leaf_count=76 33 43 45 62 59 114 51 33 48 30 40
internal_value=-0.0010199 -0.00994085 0.00291816 0.0122631 -0.00650801 0.0185264 0.00624537 -0.019097 0.00281772 -0.022213 -0.0279262
internal_weight=155.859 47.9646 107.894 54.6774 53.217 43.5901 20.5803 22.439 30.778 27.3843 16.8212
internal_count=634 197 437 221 216 176 84 92 124 113 70
is_linear=0
shrinkage=0.03


Tree=30
num_leaves=11
num_cat=0
split_feature=37 5 19 36 5 20 2 20 25 2
split_gain=14.9539 9.461 16.9498 6.77318 6.21466 6.26044 5.74888 4.18073 2.50204 2.05266
threshold=-0.0046578348466431154 -0.014276425707940575 0.061755210839614376 0.0064712341951762295 0.029586450282283797 0.014834881369238908 -0.0077316064002497234 0.017548710494298281 0.26393165124397627 -0.00092081355390344333
decision_type=2 2 2 2 2 2 2 2 2 2
left_child=3 2 -2 8 6 -6 -3 9 -1 -5
right_child=1 4 -4 7 5 -7 -8 -9 -10 -11
leaf_value=0.0079196367748541521 0.030276767492476261 0.0013442264398762769 -0.016871962839312093 0.0041586673293594837 0.0085453594969441393 -0.016989079543317138 -0.022286982914977115 0.019507564597668725 0.036269008490874027 -0.013858300450482084
leaf_weight=7.4461078196764019 13.373028799891474 10.039393052458761 10.242147162556646 8.6633238345384633 21.542279615998268 11.586178228259085 41.03961905837059 7.3090042620897284 10.598707169294356 8.8943926244974136
leaf_count=30 54 41 42 35 87 48 168 30 43 36
internal_value=-0.00030816 -0.00636283 0.00952157 0.0141771 -0.011109 -0.00041674 -0.0174841 0.0027902 0.0272765 -0.00468524
internal_weight=150.734 107.823 23.6152 42.9115 84.2075 33.1285 51.079 24.8667 18.0448 17.5577
internal_count=614 440 96 174 344 135 209 101 73 71
is_linear=0
shrinkage=0.03


Tree=31
num_leaves=12
num_cat=0
split_feature=5 5 21 34 3 0 28 15 4 24 38
split_gain=7.61637 9.57444 9.92309 5.96508 10.094 11.3788 5.36278 5.18388 4.0123 2.89355 1.17788
threshold=0.0097027217821006335 0.029586450282283797 0.0072962037176987861 0.024050874637299716 0.0026671125675489242 0.0025464931346527169 2.5000000000000004 0.60688142774877984 0.0027414966095820064 -0.2413811851909258 0.0098489056799924892
decision_type=2 2 2 2 2 2 2 2 2 2 2
left_child=3 8 -3 4 7 -6 -4 -1 -2 -5 -10
right_child=1 2 6 9 5 -7 -8 -9 10 -11 -12
leaf_value=0.025629942137626597 -0.001942711402027036 0.028430561583490287 0.011373529624988709 0.0018625661559527312 -0.024693434876254569 0.014426845131292561 -0.013714686372912271 0.00054812014146411866 -0.033678120832989378 -0.018646152044969687 -0.0099963004907114399
leaf_weight=28.389594420790672 9.8179858177900332 7.8811353147029868 8.9187101870775241 10.760617807507517 11.293773964047434 11.209076926112173 21.938956752419472 11.575462177395819 12.360579803586008 9.0577928274869901 7.3029816299676886
leaf_count=115 40 32 36 44 46 46 90 47 51 37 30
internal_value=-0.000272731 -0.0076587 0.00188506 0.00570915 0.0102938 -0.00500773 -0.00575607 0.019095 -0.0199988 -0.00767323 -0.02731
internal_weight=150.507 68.2203 38.7388 82.2863 62.4679 22.5029 30.8577 39.9651 29.4815 19.8184 19.6636
internal_count=614 279 158 335 254 92 126 162 121 81 81
is_linear=0
shrinkage=0.03


Tree=32
num_leaves=6
num_cat=0
split_feature=21 21 33 36 21
split_gain=6.48385 13.7457 13.2592 9.49922 6.15429
threshold=0.015382159349533901 0.012958567282644473 0.42631806411253198 0.0064025124615287952 0.0074487563748463917
decision_type=2 2 2 2 2
left_child=1 2 4 -4 -1
right_child=-2 -3 3 -5 -6
leaf_value=0.028467737637288437 0.023245064039785424 -0.031391368692721355 0.0025823216588515578 -0.016852782049140872 0.0046191018946200096
leaf_weight=15.063848510384558 7.7896640747785559 11.026966944336889 49.180883198976517 37.675034299492836 29.590808406472206
leaf_count=61 32 46 201 154 120
internal_value=-0.000270154 -0.0019629 0.000825561 -0.00586871 0.0138612
internal_weight=150.327 142.538 131.511 86.8559 44.6547
internal_count=614 582 536 355 181
is_linear=0
shrinkage=0.03


Tree=33
num_leaves=12
num_cat=0
split_feature=37 18 21 5 5 36 20 0 20 25 7
split_gain=13.8087 10.3112 16.5047 7.78144 7.50787 6.33128 5.1579 4.55032 3.83941 2.30636 1.98806
threshold=-0.0046578348466431154 0.40125718524802217 0.012958567282644473 0.029586450282283797 -0.012230528088395585 0.0064712341951762295 0.011724887410728664 0.0071425304979783064 0.010808053203490377 0.26393165124397627 0.001564120993151198
decision_type=2 2 2 2 2 2 2 2 2 2 2
left_child=5 2 4 7 -2 9 -5 -3 -7 -1 -10
right_child=1 3 -4 6 -6 8 -8 -9 10 -11 -12
leaf_value=0.0076552098759268689 0.032765689260383639 -0.024530526789954325 -0.026024119252702319 0.014295681104177317 0 -0.01092955426661182 -0.0091483646015492002 0 0 0.035075577930482348 0.020530232162523879
leaf_weight=7.4439237564802196 14.068968549370769 35.219904944300652 7.4326099008321753 11.152226671576498 9.6938009560108185 8.8850354850292224 21.391810148954391 8.4440015256404859 8.0970952063798887 10.53385518491268 7.8022053837776175
leaf_count=30 57 145 31 45 39 36 88 35 33 43 32
internal_value=-0.000249406 -0.00608451 0.00781708 -0.0120212 0.0201829 0.0136883 -0.000317762 -0.0200198 0.00264288 0.0263757 0.0114393
internal_weight=150.165 107.403 31.1954 76.2079 23.7628 42.7621 32.544 43.6639 24.7843 17.9778 15.8993
internal_count=614 440 127 313 96 174 133 180 101 73 65
is_linear=0
shrinkage=0.03


Tree=34
num_leaves=12
num_cat=0
split_feature=37 5 21 36 5 17 33 4 36 40 5
split_gain=13.1389 8.1241 11.7712 6.04062 5.56116 8.90118 5.20149 4.32959 3.35397 2.74886 2.09226
threshold=-0.0046578348466431154 -0.014276425707940575 0.012894849207060469 0.0064712341951762295 0.029586450282283797 -0.06940449872683721 0.63822787282019533 -0.011714252656594202 0.00760446360765783 -0.056129189648050686 -0.009891675240909335
decision_type=2 2 2 2 2 2 2 2 2 2 2
left_child=3 2 7 10 6 -6 -3 -2 -5 -10 -1
right_child=1 4 -4 8 5 -7 -8 -9 9 -11 -12
leaf_value=0.0074952501698678179 0.036406849686383115 -0.0067936144699719233 -0.018814553309352163 -0.010305561067286339 -0.020522047977916444 0.01025393484544675 -0.027387642431804065 0.003688623628333713 -2.8535771018105227e-05 0.021741742315353817 0.034064088259348854
leaf_weight=7.3350564688444164 7.8659149110317275 29.560153022408485 7.1925655156373969 8.6372866779565829 11.042678833007811 21.962179705500603 21.18274787068367 8.3887217491865158 8.5207553952932376 7.6047529727220526 10.599396511912344
leaf_count=30 32 121 30 35 46 89 88 34 35 31 43
internal_value=-0.000221704 -0.00592272 0.00882427 0.0133802 -0.0103359 -0.000198711 -0.0163876 0.0225974 0.00257449 0.0106769 0.0257923
internal_weight=149.892 107.195 23.4472 42.6972 83.7478 33.0049 50.7429 16.2546 24.7628 16.1255 17.9345
internal_count=614 440 96 174 344 135 209 66 101 66 73
is_linear=0
shrinkage=0.03


Tree=35
num_leaves=7
num_cat=0
split_feature=38 20 16 11 19 8
split_gain=8.48934 13.9728 6.90414 10.4046 6.32799 5.11816
threshold=0.014373776526546008 0.015668522909115353 -0.52417210666689018 0.022191098244735311 0.092828587835569756 -0.020267280031536942
decision_type=2 2 2 2 2 2
left_child=1 2 5 -4 -3 -1
right_child=-2 4 3 -5 -6 -7
leaf_value=0 0.022025031450960561 -0.035183572873864012 0.0020559407102454983 -0.022294281786465989 -0.0026034899455906722 0.033385719098498023
leaf_weight=7.368723601102829 10.628668218851088 14.143439397215845 89.617517709732056 16.950685530900955 10.140641793608664 7.3548342585563642
leaf_count=30 44 60 365 70 42 30
internal_value=-0.00144485 -0.00353532 0.000631543 -0.00201838 -0.0233827 0.0186561
internal_weight=156.205 145.576 121.292 106.568 24.2841 14.7236
internal_count=641 597 495 435 102 60
is_linear=0
shrinkage=0.03


Tree=36
num_leaves=9
num_cat=0
split_feature=37 20 5 21 4 19 4 36
split_gain=8.50107 8.33757 9.09316 7.29624 6.92597 6.06878 5.43725 1.26311
threshold=-0.010198201783399972 0.015668522909115353 -0.016496842997336444 0.009033808491339777 -0.013737796796487454 0.092828587835569756 0.021986053093202455 0.0065992573228417662
decision_type=2 2 2 2 2 2 2 2
left_child=4 2 3 -2 -1 -3 -4 -6
right_child=1 5 6 -5 7 -7 -8 -9
leaf_value=-0.0048989807734853624 0.032650046156350976 -0.034875300683433703 -0.010653866155011089 -0.0019124555160573218 0.028197437345525132 -0.00082107777550492419 0.0057319843036994786 0.0086284921177571233
leaf_weight=13.203251063823698 9.288860961794855 11.299238562583925 59.230262383818626 8.8305392861366254 11.3190313577652 8.8912894576787931 23.148284956812859 10.806712925434111
leaf_count=54 38 49 243 36 46 37 94 44
internal_value=-0.0014017 -0.00528231 -0.00141779 0.0165447 0.0110259 -0.0219804 -0.00584496 0.0207689
internal_weight=156.017 120.688 100.498 18.1194 35.329 20.1905 82.3785 22.1257
internal_count=641 497 411 74 144 86 337 90
is_linear=0
shrinkage=0.03


Tree=37
num_leaves=7
num_cat=0
split_feature=38 20 4 16 19 7
split_gain=7.94611 12.9422 6.58168 8.20128 5.80448 4.58132
threshold=0.014373776526546008 0.015668522909115353 -0.0023701991114457028 0.087848340833232244 0.092828587835569756 -0.015591052962129644
decision_type=2 2 2 2 2 2
left_child=1 2 5 -4 -3 -1
right_child=-2 4 3 -5 -6 -7
leaf_value=-0.0087989469090598814 0.021388988003514603 -0.034008449488121324 -0.017793337488616827 0.0022479012675990289 -0.0026060147073469868 0.014013033819721932
leaf_weight=7.6176835596561423 10.584937483072279 13.931674852967264 25.67902971804142 50.620089054107666 10.132326945662497 37.215750202536583
leaf_count=31 44 60 106 207 42 151
internal_value=-0.00135352 -0.00338146 0.000614692 -0.00458776 -0.0225763 0.00960652
internal_weight=155.781 145.197 121.133 76.2991 24.064 44.8334
internal_count=641 597 495 313 102 182
is_linear=0
shrinkage=0.03


Tree=38
num_leaves=9
num_cat=0
split_feature=37 36 32 4 26 36 4 39
split_gain=8.01507 7.13198 9.59454 6.50916 4.89102 3.90955 2.9562 1.44985
threshold=-0.010198201783399972 0.004366907809785772 0.0016661231872467932 -0.013737796796487454 0.28571228382499658 0.0065817846364864411 0.0032708701808150669 1.0000000180025095e-35
decision_type=2 2 2 2 2 2 2 2
left_child=3 6 4 -1 -3 -4 -2 -5
right_child=1 2 5 7 -6 -7 -8 -9
leaf_value=-0.0046777983174074236 -0.0056707432046329267 -0.016956694636475676 0.015192578837551466 0.0071133923866516175 0 -0.0017073523713978652 -0.034795330860678417 0.027210748404858466
leaf_weight=13.179040148854254 8.2671315968036634 33.839441105723381 26.518599092960358 9.838748484849928 25.654460519552231 18.505595982074738 7.5338837653398505 12.230784952640535
leaf_count=54 34 141 109 40 105 77 31 50
internal_value=-0.00132482 -0.00510295 -0.00191734 0.0107505 -0.0097976 0.00815029 -0.0227491 0.0202099
internal_weight=155.568 120.319 104.518 35.2486 59.4939 45.0242 15.801 22.0695
internal_count=641 497 432 144 246 186 65 90
is_linear=0
shrinkage=0.03


Tree=39
num_leaves=5
num_cat=0
split_feature=38 38 21 10
split_gain=7.42174 7.02965 8.27138 6.43825
threshold=0.014373776526546008 0.012683569007772974 0.012958567282644473 -0.008951142137745392
decision_type=2 2 2 2
left_child=1 2 3 -1
right_child=-2 -3 -4 -5
leaf_value=0.015836609201828122 0.020720978371982786 -0.02539265122516296 -0.024363972487461045 -0.0019104778286774874
leaf_weight=20.10972735285759 10.540284484624861 9.9382981508970243 10.624017328023909 104.22242650389671
leaf_count=82 44 42 45 428
internal_value=-0.00129363 -0.0032575 -0.00117091 0.00104651
internal_weight=155.435 144.894 134.956 124.332
internal_count=641 597 555 510
is_linear=0
shrinkage=0.03


Tree=40
num_leaves=9
num_cat=0
split_feature=21 35 18 36 13 11 25 4
split_gain=10.2824 19.8886 10.5408 10.0229 6.78504 4.14947 3.82009 0.38656
threshold=0.0067698047604022879 0.030214068013356913 0.52640421628435163 0.0086915059876981407 3.9410114380452588 -0.0071437753261455175 0.17857172051434897 0.012219084594513931
decision_type=2 2 2 2 2 2 2 2
left_child=1 2 -1 4 5 -2 -6 -3
right_child=3 7 -4 -5 6 -7 -8 -9
leaf_value=0.013934481946280162 -0.023719898225948347 0.044121601699012657 -0.026867043222917209 0.021119384828705439 -0.0061053423183043557 -0.0062762149386129023 0.015077285744960974 0.019635788596509569
leaf_weight=9.0998362600803393 16.247197180986404 8.8701221793890017 9.4316581934690458 11.614642292261122 10.679256796836855 58.887461006641388 15.87992252409458 10.480686813592909
leaf_count=37 67 36 39 48 44 243 65 43
internal_value=0.00154676 0.0147236 -0.00669529 -0.00290752 -0.00615075 -0.0107599 0.00620359 0.0346439
internal_weight=151.191 37.8823 18.5315 113.308 101.694 75.1347 26.5592 19.3508
internal_count=622 155 76 467 419 310 109 79
is_linear=0
shrinkage=0.03


Tree=41
num_leaves=9
num_cat=0
split_feature=21 36 36 36 13 11 25 8
split_gain=9.79161 9.52323 9.26222 7.42975 6.42079 3.94764 3.62616 3.22501
threshold=0.0067698047604022879 0.0086915059876981407 0.0065992573228417662 0.0048985038653485777 3.9410114380452588 -0.0071437753261455175 0.17857172051434897 0.00068359967221948007
decision_type=2 2 2 2 2 2 2 2
left_child=2 4 3 -1 5 -2 -6 -4
right_child=1 -3 7 -5 6 -7 -8 -9
leaf_value=0.00069646042973179906 -0.023140096848012558 0.020610087727842296 0.011253055439888393 0.039724646485651875 -0.0059537392001819634 -0.0060971869495092855 0.014670328411327413 -0.01192953840988588
leaf_weight=7.4977661222219494 16.205404549837112 11.594330966472624 7.6504290997982052 12.732799738645552 10.673664927482607 58.857230097055435 15.886199712753294 9.9346243292093259
leaf_count=31 67 48 31 52 44 243 65 41
internal_value=0.00152177 -0.00282261 0.0143937 0.0272989 -0.00598704 -0.0104763 0.00602036 -0.000958779
internal_weight=151.032 113.217 37.8156 20.2306 101.622 75.0626 26.5599 17.5851
internal_count=622 467 155 83 419 310 109 72
is_linear=0
shrinkage=0.03


Tree=42
num_leaves=8
num_cat=0
split_feature=20 20 15 19 38 32 15
split_gain=6.65999 15.465 6.53317 5.3282 4.8256 4.76357 3.37235
threshold=0.017548710494298281 0.015064394860144865 -0.65857616059806567 0.092828587835569756 0.0074198257890737062 0.0025947081861934511 -1.3130487743669383
decision_type=2 2 2 2 2 2 2
left_child=1 2 6 -2 -4 -3 -1
right_child=3 5 4 -5 -6 -7 -8
leaf_value=0.002923105564406937 -1.0175163252268251e-05 -0.038074233452821273 -0.0035138925071730091 0.031295703606532187 0.010675473275150759 -0.0032877611648644447 -0.019786995359841599
leaf_weight=7.2896613627672222 6.9757004082202938 9.7025899738073367 27.711667656898499 9.2964874505996686 69.875153124332428 7.1367575824260703 12.888160377740858
leaf_count=30 30 41 113 39 286 30 53
internal_value=0.00149333 -0.000696511 0.00317673 0.0185221 0.00650586 -0.0260416 -0.0113824
internal_weight=150.876 134.604 117.765 16.2722 97.5868 16.8393 20.1778
internal_count=622 553 482 69 399 71 83
is_linear=0
shrinkage=0.03


Tree=43
num_leaves=9
num_cat=0
split_feature=21 35 20 20 33 13 32 34
split_gain=9.2035 18.4408 10.5975 9.00939 8.9102 6.23767 4.56716 3.56789
threshold=0.0067698047604022879 0.030214068013356913 0.017548710494298281 0.015064394860144865 0.55291163067608384 3.9410114380452588 0.0025947081861934511 -0.012685669110371887
decision_type=2 2 2 2 2 2 2 2
left_child=1 4 3 5 -1 -2 -5 -4
right_child=2 -3 7 6 -6 -7 -8 -9
leaf_value=0.011839563005415886 -0.0074291127908196605 0.033152862373315127 0.03153187472456398 -0.03737357747757751 -0.025684022898157424 0.01046918985365307 -0.0032120725456561828 0.0023351423547999495
leaf_weight=9.3282800167799014 57.492062538862228 19.279416546225548 7.1596483290195492 9.6265944093465823 9.1385472714900953 22.497455030679703 7.1329651027917853 9.092414125800131
leaf_count=38 235 79 30 41 38 92 30 39
internal_value=0.00143288 0.0139262 -0.00277949 -0.00672784 -0.00669184 -0.00207959 -0.0255264 0.018065
internal_weight=150.747 37.7462 113.001 96.7491 18.4668 79.9895 16.7596 16.2521
internal_count=622 155 467 398 76 327 71 69
is_linear=0
shrinkage=0.03


Tree=44
num_leaves=9
num_cat=0
split_feature=21 35 18 36 13 28 15 4
split_gain=8.70908 17.5011 9.47848 8.57151 5.73397 4.41512 3.37604 0.531003
threshold=0.0067698047604022879 0.030214068013356913 0.52640421628435163 0.0086915059876981407 3.9410114380452588 10.500000000000002 0.88865574897110167 0.012219084594513931
decision_type=2 2 2 2 2 2 2 2
left_child=1 2 -1 4 5 -2 -6 -3
right_child=3 7 -4 -5 6 -7 -8 -9
leaf_value=0.013003137294433273 -0.013617390983399532 0.041596746712707272 -0.025754906594213266 0.019596352636170707 0.012983661638823274 0.0033062667362480105 -0.0075245899734511477 0.017835823914503418
leaf_weight=9.0757008641958254 59.498842507600784 8.8121155649423617 9.3479175865650159 11.508421838283537 17.765353247523311 15.333383560180662 8.7724058628082258 10.422807782888411
leaf_count=37 247 36 39 48 73 63 36 43
internal_value=0.00139778 0.0135677 -0.0065241 -0.00269729 -0.00570355 -0.00995865 0.00562654 0.0323203
internal_weight=150.537 37.6585 18.4236 112.878 101.37 74.8322 26.5378 19.2349
internal_count=622 155 76 467 419 310 109 79
is_linear=0
shrinkage=0.03


Tree=45
num_leaves=7
num_cat=0
split_feature=21 37 21 35 19 5
split_gain=8.29867 6.43617 7.0085 15.1628 5.59225 1.91785
threshold=0.015382159349533901 0.0605077526919593 0.0069252398621971129 0.033399540715166161 0.059948604378162289 0.015842042956108474
decision_type=2 2 2 2 2 2
left_child=1 2 3 -1 -4 -3
right_child=-2 5 4 -5 -6 -7
leaf_value=-0.0055919119422447316 0.027702046224920899 -0.029178855895457635 0.0020172912657448173 0.030678536498700351 -0.012237904639696456 -0.0041812508992256732
leaf_weight=20.898579120635986 7.010030820965766 7.2898583412170392 54.342138648033142 16.735456168651581 40.813488781452179 7.3805906623601913
leaf_count=87 30 31 223 69 170 31
internal_value=-0.000155001 -0.00193262 0.000159067 0.0108929 -0.00406862 -0.019513
internal_weight=154.47 147.46 132.79 37.634 95.1556 14.6704
internal_count=641 611 549 156 393 62
is_linear=0
shrinkage=0.03


Tree=46
num_leaves=8
num_cat=0
split_feature=21 20 7 19 38 19 33
split_gain=7.94966 7.78177 9.09462 9.20859 4.92031 4.60326 3.36156
threshold=0.015382159349533901 0.014782687894752624 0.003535079634937818 0.032958294695786768 0.0081573184294964889 0.059948604378162289 0.27228591877371067
decision_type=2 2 2 2 2 2 2
left_child=1 2 5 -4 -3 -1 -6
right_child=-2 4 3 -5 6 -7 -8
leaf_value=0.012977653537765269 0.027180925257258119 0.0017036788139585533 -0.028346570590688281 0 -0.0043576187000552045 -0.006966537423841083 -0.031781042141350024
leaf_weight=52.294827952980995 6.9690616875886908 9.1929148584604281 11.881643399596213 42.551531821489334 8.5702966600656527 10.481340512633322 12.32349908351898
leaf_count=214 30 39 50 175 36 43 54
internal_value=-0.000146918 -0.00188716 0.00155577 -0.00712711 -0.0150283 0.00930385 -0.022551
internal_weight=154.265 147.296 117.209 54.4332 30.0867 62.7762 20.8938
internal_count=641 611 482 225 129 257 90
is_linear=0
shrinkage=0.03


Tree=47
num_leaves=9
num_cat=0
split_feature=21 40 21 23 23 36 7 36
split_gain=7.62718 6.51378 8.697 13.3372 4.59796 4.38484 4.50463 1.64237
threshold=0.015382159349533901 0.035073714590360357 0.0072962037176987861 0.96032198249278411 0.94779708795500739 0.0064025124615287952 0.0028572559023794745 0.0080627815361906854
decision_type=2 2 2 2 2 2 2 2
left_child=1 2 4 -4 -1 6 -3 -7
right_child=-2 5 3 -5 -6 7 -8 -9
leaf_value=-0.0010720657891672434 0.026674945963761621 0.0091851359017990283 0.010882620265781582 -0.015987482233845964 0.022522568253583251 -0.025810330137774087 -0.011875969977714654 -0.0045223112456202735
leaf_weight=8.8891553729772586 6.9267933219671241 14.321348160505293 28.76335546374321 33.653671413660049 21.586066827178001 14.033268272876741 18.105431199073792 7.7562390416860572
leaf_count=37 30 59 118 139 89 60 76 33
internal_value=-0.000156133 -0.00186095 0.00283815 -0.00341876 0.0155363 -0.00999359 -0.00214536 -0.0198804
internal_weight=154.035 147.109 92.8922 62.417 30.4752 54.2163 32.4268 21.7895
internal_count=641 611 383 257 126 228 135 93
is_linear=0
shrinkage=0.03


Tree=48
num_leaves=8
num_cat=0
split_feature=21 20 7 5 38 20 33
split_gain=7.30953 7.23627 8.37868 12.7969 4.69881 4.4131 3.14972
threshold=0.015382159349533901 0.014782687894752624 0.003535079634937818 0.030451800620170947 0.0081573184294964889 0.0088704854761906485 0.27228591877371067
decision_type=2 2 2 2 2 2 2
left_child=1 2 5 -4 -3 -1 -6
right_child=-2 4 3 -5 6 -7 -8
leaf_value=0.023695869268586502 0.026183287193712615 0.001766699382178986 -0.017673141236733515 0.01123648687484954 -0.0042524672444368304 0.0041367214830980853 -0.030955801627378564
leaf_weight=12.696191743016241 6.883369803428649 9.1836743205785769 34.507587164640427 19.793159931898117 8.561335429549219 50.01016066968441 12.167174905538557
leaf_count=52 30 39 144 81 36 205 54
internal_value=-0.000147934 -0.00181739 0.00149626 -0.00684405 -0.0145308 0.0089387 -0.0219314
internal_weight=153.803 146.919 117.007 54.3007 29.9122 62.7064 20.7285
internal_count=641 611 482 225 129 257 90
is_linear=0
shrinkage=0.03


Tree=49
num_leaves=7
num_cat=0
split_feature=37 38 20 33 38 12
split_gain=6.26076 5.86015 5.99574 7.34258 7.30395 4.21189
threshold=0.059569275798479267 0.014373776526546008 0.014782687894752624 0.63822787282019533 0.0081829894855656189 63.171679309014074
decision_type=2 2 2 2 2 2
left_child=1 2 3 -1 -4 -2
right_child=5 -3 4 -5 -6 -7
leaf_value=0.010562397063642455 -0.02952261441579063 0.022268174695209871 0.0096031917888293114 -0.0050673581813859281 -0.022828807222221213 0
leaf_weight=55.830519407987595 8.225399121642111 9.6761088818311674 7.1374699622392681 47.721943661570549 17.201186001300812 7.7586835920810691
leaf_count=229 36 42 30 197 75 32
internal_value=-0.000129909 0.00192226 0 0.00325781 -0.0127414 -0.0168756
internal_weight=153.551 137.567 127.891 103.552 24.3387 15.9841
internal_count=641 573 531 426 105 68
is_linear=0
shrinkage=0.03


end of trees

feature_importances:
atr_pct=33
volatility=31
return_20d=24
macro_topix_vol_20=21
return_10d=19
macd_hist=19
macro_usdjpy_vol_20=19
macro_topix_ret_20=19
bb_bandwidth=18
ma_20_60_cross=12
rsi=12
macd_signal=12
macro_nikkei_ret_20=12
price_position_20d=11
macro_usdjpy_ret_20=11
macro_usdjpy_ret_60=11
vol_ratio=10
gap=10
div_ma_10=9
bb_pct_b=9
div_ma_20=8
ma_5_20_cross=7
upper_shadow_pct=7
return_3d=6
macd_hist_change=6
month=6
rsi_change=5
macd=5
lower_shadow_pct=5
return_2d=4
return_5d=4
div_ma_60=4
return_1d=3
candle_body_pct=3
is_month_start=2
div_ma_5=1
day_of_week=1
macro_topix_above_200dma=1

parameters:
[boosting: gbdt]
[objective: binary]
[metric: binary_logloss]
[tree_learner: serial]
[device_type: cpu]
[data_sample_strategy: bagging]
[data: ]
[valid: ]
[num_iterations: 50]
[learning_rate: 0.03]
[num_leaves: 15]
[num_threads: 0]
[seed: 42]
[deterministic: 0]
[force_col_wise: 0]
[force_row_wise: 0]
[histogram_pool_size: -1]
[max_depth: 4]
[min_data_in_leaf: 30]
[min_sum_hessian_in_leaf: 0.001]
[bagging_fraction: 0.7]
[pos_bagging_fraction: 1]
[neg_bagging_fraction: 1]
[bagging_freq: 5]
[bagging_seed: 400]
[bagging_by_query: 0]
[feature_fraction: 0.6]
[feature_fraction_bynode: 1]
[feature_fraction_seed: 30056]
[extra_trees: 0]
[extra_seed: 12879]
[early_stopping_round: 0]
[early_stopping_min_delta: 0]
[first_metric_only: 0]
[max_delta_step: 0]
[lambda_l1: 0.5]
[lambda_l2: 2]
[linear_lambda: 0]
[min_gain_to_split: 0]
[drop_rate: 0.1]
[max_drop: 50]
[skip_drop: 0.5]
[xgboost_dart_mode: 0]
[uniform_drop: 0]
[drop_seed: 17869]
[top_rate: 0.2]
[other_rate: 0.1]
[min_data_per_group: 100]
[max_cat_threshold: 32]
[cat_l2: 10]
[cat_smooth: 10]
[max_cat_to_onehot: 4]
[top_k: 20]
[monotone_constraints: ]
[monotone_constraints_method: basic]
[monotone_penalty: 0]
[feature_contri: ]
[forcedsplits_filename: ]
[refit_decay_rate: 0.9]
[cegb_tradeoff: 1]
[cegb_penalty_split: 0]
[cegb_penalty_feature_lazy: ]
[cegb_penalty_feature_coupled: ]
[path_smooth: 0]
[interaction_constraints: ]
[verbosity: -1]
[saved_feature_importance_type: 0]
[use_quantized_grad: 0]
[num_grad_quant_bins: 4]
[quant_train_renew_leaf: 0]
[stochastic_rounding: 1]
[linear_tree: 0]
[max_bin: 255]
[max_bin_by_feature: ]
[min_data_in_bin: 5]
[bin_construct_sample_cnt: 200000]
[data_random_seed: 175]
[is_enable_sparse: 1]
[enable_bundle: 1]
[use_missing: 1]
[zero_as_missing: 0]
[feature_pre_filter: 1]
[pre_partition: 0]
[two_round: 0]
[header: 0]
[label_column: ]
[weight_column: ]
[group_column: ]
[ignore_column: ]
[categorical_feature: ]
[forcedbins_filename: ]
[precise_float_parser: 0]
[parser_config_file: ]
[objective_seed: 16083]
[num_class: 1]
[is_unbalance: 0]
[scale_pos_weight: 1]
[sigmoid: 1]
[boost_from_average: 1]
[reg_sqrt: 0]
[alpha: 0.9]
[fair_c: 1]
[poisson_max_delta_step: 0.7]
[tweedie_variance_power: 1.5]
[lambdarank_truncation_level: 30]
[lambdarank_norm: 1]
[label_gain: ]
[lambdarank_position_bias_regularization: 0]
[eval_at: ]
[multi_error_top_k: 1]
[auc_mu_weights: ]
[num_machines: 1]
[local_listen_port: 12400]
[time_out: 120]
[machine_list_filename: ]
[machines: ]
[gpu_platform_id: -1]
[gpu_device_id: -1]
[gpu_use_dp: 0]
[num_gpu: 1]

end of parameters

pandas_categorical:[]
