tree
version=v4
num_class=1
num_tree_per_iteration=1
label_index=0
max_feature_idx=44
objective=binary sigmoid:1
feature_names=return_1d return_2d return_3d return_5d return_10d return_20d div_ma_5 div_ma_10 div_ma_20 div_ma_60 ma_5_20_cross ma_20_60_cross rsi rsi_change macd macd_signal macd_hist macd_hist_change bb_pct_b bb_bandwidth atr_pct volatility vol_change vol_ratio candle_body_pct upper_shadow_pct lower_shadow_pct day_of_week month is_month_end is_month_start streak gap price_position_20d macro_usdjpy_ret_20 macro_usdjpy_ret_60 macro_usdjpy_vol_20 macro_topix_ret_20 macro_topix_vol_20 macro_topix_above_200dma macro_nikkei_ret_20 macro_nikkei_above_200dma macro_nikkei_vi macro_jgb10y macro_bias_score
feature_infos=[-0.19711853307138183:0.13504273504273501] [-0.28450539830755761:0.14946982055464919] [-0.28886310904872392:0.17230769230769227] [-0.27795606023204145:0.16823001631321377] [-0.33249657690552259:0.26060358890701463] [-0.30142450142450139:0.27936378466557921] [-0.21716365493902046:0.066209787041232496] [-0.25636853612650634:0.10715795406509786] [-0.28241109870833997:0.14352976533346684] [-0.29204182399070583:0.29442443809760338] [-0.18656547063718198:0.11488144922026722] [-0.14527657521550907:0.14255958037173588] [17.237903225806463:96.028037383177576] [-25.000938332770346:27.728982072944575] [-263.58885642980886:408.19007934855017] [-218.12307519609428:343.30395389030264] [-148.17114725430511:93.517612130795641] [-49.139421189342215:29.687898264740596] [-0.44979986384889986:1.3735004984632544] [0.024154389231556928:0.55295253894360785] [0.008909034073147859:0.085348151999653371] [0.0059784954589238463:0.062472626747607757] [-0.8140130501280578:3.3778891538124665] [0.4226264082472177:2.078603599909461] [-0.9887640449438202:1] [0:0.86206896551724133] [0:0.94214876033057848] [0:4] [1:12] none [0:1] [-7:8] [-0.17699115044247793:0.15130544196288143] [0:1] [-0.10288784967882303:0.08505611680078462] [-0.13986255140503889:0.13160084488587853] [0.0024251968629527628:0.011841457708833433] [-0.21871130063915301:0.21255327098343968] [0.0039190675958463003:0.04064098432711951] [0:1] [-0.22859537662338159:0.23022297972565586] [0:1] none none none
tree_sizes=1164 1184 1093 1186 1101 1091 1366 1291 1204 1173 1088 1203 1099 983 894 1079 1261 1095 1315 1292 1275 776 1107 976 857 1179 1413 884 1397 884 1531 1190 1205 1203 1082 1286 890 1107 1316 1203 1515 1422 1003 1412 1418 1296 1426 1204 1315 1313

Tree=0
num_leaves=10
num_cat=0
split_feature=9 17 24 28 35 9 18 36 37
split_gain=24.3734 8.96367 13.0178 6.68773 6.05035 4.62485 3.45184 3.10478 1.66184
threshold=0.11502471680704801 -1.6468276675909788 0.64575131233595806 9.5000000000000018 0.052646717785798776 0.076750599802382261 0.85500095741260351 0.0060038208782324251 0.038998692071975934
decision_type=2 2 2 2 2 2 2 2 2
left_child=1 3 4 5 -3 -1 -4 -2 -9
right_child=7 2 6 -5 -6 -7 -8 8 -10
leaf_value=0.10585134351052816 0.073895302422312348 0.132256674791351 0.1118674521072657 0.1223937799262569 0.10951852580649016 0.079144981632358682 0.090485833598712859 0.10951852580649016 0.089511568345475995
leaf_weight=20.438652306795124 11.714837297797205 51.844386339187622 12.462592869997026 10.468578010797499 14.456607729196547 7.7268075793981543 9.9700742959976179 8.2253112941980344 7.4775557219982138
leaf_count=82 47 208 50 42 58 31 40 33 30
internal_value=0.110095 0.115785 0.121012 0.104174 0.127626 0.0964995 0.102198 0.0855444 0.0981251
internal_weight=154.785 127.368 88.7337 38.634 66.301 28.1655 22.4327 27.4177 15.7029
internal_count=621 511 356 155 266 113 90 110 63
is_linear=0
shrinkage=1


Tree=1
num_leaves=10
num_cat=0
split_feature=9 17 40 36 38 38 28 36 12
split_gain=23.1274 8.49786 6.98079 10.2273 9.59662 6.94983 9.3117 2.89852 2.15152
threshold=0.11502471680704801 -1.4667207110951705 0.040222250475199235 0.0051865800687811939 0.011980601587655371 0.0074107392280813623 9.5000000000000018 0.0060038208782324251 68.880440868448247
decision_type=2 2 2 2 2 2 2 2 2
left_child=1 5 4 -4 -3 -1 -7 -2 -9
right_child=7 2 3 -5 -6 6 -8 8 -10
leaf_value=0.016999698321573789 -0.034661213420323599 0.023871756452781265 0.024050012805982301 -0.013657730053270402 -0.0016960610149427443 -0.021032556409397572 0.011361616275583946 0 -0.020100327330309586
leaf_weight=7.9771322309970847 11.733974486589434 44.087279140949249 7.4721876531839397 18.183236807584763 16.686243161559105 23.44096727669239 9.4646964371204358 7.4825166165828696 8.2277917414903623
leaf_count=32 47 177 30 73 67 94 38 30 33
internal_value=0.000524228 0.00607383 0.0113723 -0.00118787 0.0167824 -0.00478567 -0.0111681 -0.0233744 -0.0111351
internal_weight=154.756 127.312 86.4289 25.6554 60.7735 40.8828 32.9057 27.4443 15.7103
internal_count=621 511 347 103 244 164 132 110 63
is_linear=0
shrinkage=0.03


Tree=2
num_leaves=9
num_cat=0
split_feature=14 35 33 6 28 35 20 15
split_gain=20.0269 10.278 14.6631 11.6102 10.1534 5.66276 4.52569 1.55686
threshold=59.494811093267806 0.051589454852216783 0.94588963963963979 -0.013086221604936396 10.500000000000002 0.070933477916663504 0.025251297258760498 91.840731171001465
decision_type=2 2 2 2 2 2 2 2
left_child=1 2 3 -1 6 -3 7 -2
right_child=4 5 -4 -5 -6 -7 -8 -9
leaf_value=-0.0064589700677403199 -0.038215194486830327 -0.023360793836148138 -0.023131225162358743 0.021523052357371938 0.0065720945052660665 0.0065346626914430175 -0.0062310776810591629 -0.013111653348281935
leaf_weight=14.704677075147627 13.725145831704141 11.211824357509615 7.476972132921218 65.458559736609459 12.459960967302321 7.7242418229579917 13.222024366259573 8.7334807366132718
leaf_count=59 55 45 30 263 50 31 53 35
internal_value=0.00049912 0.00782594 0.0122133 0.0161753 -0.0150874 -0.0109903 -0.0229965 -0.0309369
internal_weight=154.717 106.576 87.6402 80.1632 48.1406 18.9361 35.6807 22.4586
internal_count=621 428 352 322 193 76 143 90
is_linear=0
shrinkage=0.03


Tree=3
num_leaves=10
num_cat=0
split_feature=9 10 8 40 5 0 2 36 10
split_gain=21.3076 8.02982 8.5365 7.42032 7.97523 6.73898 2.92365 2.58977 1.71131
threshold=0.11502471680704801 0.0064898319877222397 0.0079804768164637354 -0.016048729264473312 0.013851909026351474 0.0071691311719882531 -0.020237528501266585 0.0060038208782324251 0.041119712741632182
decision_type=2 2 2 2 2 2 2 2 2
left_child=1 3 -3 6 -5 -4 -1 -2 -9
right_child=7 2 5 4 -6 -7 -8 8 -10
leaf_value=-0.010966706712677035 -0.033214146382975922 -0.024711273961334091 0.011175795685268282 0.033278815199482226 0.00012612298080322824 -0.0083497269119387173 0.0087208800334513965 -0.019464597925220459 0
leaf_weight=8.7240381389856356 11.748010471463205 9.4736089855432493 37.83849810063839 20.880333632230762 10.446641519665716 23.913932964205742 15.914536729454992 7.4849670380353919 8.2343216538429242
leaf_count=35 47 38 152 84 42 96 64 30 33
internal_value=0.0004441 0.00578171 -0.000746658 0.0140881 0.0233445 0.00335442 0.000886802 -0.0224784 -0.010765
internal_weight=154.659 127.192 71.226 55.9656 31.327 61.7524 24.6386 27.4673 15.7193
internal_count=621 511 286 225 126 248 99 110 63
is_linear=0
shrinkage=0.03


Tree=4
num_leaves=9
num_cat=0
split_feature=9 10 8 40 5 0 33 33
split_gain=20.2426 7.63212 8.10043 7.05415 7.55809 6.37053 3.561 2.71168
threshold=0.11502471680704801 0.0064898319877222397 0.0079804768164637354 -0.016048729264473312 0.013851909026351474 0.0071691311719882531 0.27898483345731057 0.81002220883836495
decision_type=2 2 2 2 2 2 2 2
left_child=1 3 -3 6 -5 -4 -1 -2
right_child=7 2 5 4 -6 -7 -8 -9
leaf_value=-0.013098718516877193 -0.0052827361153014833 -0.024077254905448962 0.01086484788824546 0.032450118540661002 0.00012294911025931678 -0.0081151126577967171 0.0090027202359488495 -0.028552142601641798
leaf_weight=7.9741942435503033 9.4886954128742236 9.4838821440935117 37.811430931091309 20.823086559772495 10.446550682187079 23.924795582890511 16.658913835883141 17.984678134322166
leaf_count=32 38 38 152 84 42 96 67 72
internal_value=0.000407666 0.00561586 -0.000742117 0.0137208 0.0227578 0.00325031 0.000838498 -0.0219282
internal_weight=154.596 127.123 71.2201 55.9027 31.2696 61.7362 24.6331 27.4734
internal_count=621 511 286 225 126 248 99 110
is_linear=0
shrinkage=0.03


Tree=5
num_leaves=9
num_cat=0
split_feature=33 14 28 35 35 20 22 20
split_gain=17.0901 8.70766 13.0181 6.85548 6.69494 5.22393 4.48421 4.29495
threshold=0.90046701366042969 53.037550868420347 9.5000000000000018 0.027430432568370081 0.053985687629103836 0.02220911877413698 0.38940510419480739 0.020428989309523981
decision_type=2 2 2 2 2 2 2 2
left_child=1 4 5 -2 6 -3 -1 -5
right_child=3 2 -4 7 -6 -7 -8 -9
leaf_value=0.018535225417154289 -0.032738912622323722 -0.02745081900053694 0.021653308639898831 0.009448721970659546 -0.0060475527302037502 -0.0018304259681733636 -0.00053468792086090245 -0.017613928063963311
leaf_weight=63.035775944590569 12.971856743097307 13.21751978993416 10.2074768692255 8.7221747040748614 13.44356609880924 16.721715971827507 11.42681862413883 7.9849963039159766
leaf_count=254 52 53 41 35 54 67 46 32
internal_value=0.00183108 0.00670656 -0.00445278 -0.0178265 0.0119556 -0.0146216 0.0154752 -0.00318403
internal_weight=157.732 128.053 40.1467 29.679 87.9062 29.9392 74.4626 16.7072
internal_count=634 515 161 119 354 120 300 67
is_linear=0
shrinkage=0.03


Tree=6
num_leaves=12
num_cat=0
split_feature=14 40 6 17 21 21 13 2 3 40 17
split_gain=15.1515 12.076 11.6048 6.14201 6.22921 6.02915 4.20395 4.04226 5.40666 3.9236 3.51582
threshold=60.38481754459395 0.031369558146411076 0.010002897473399134 -1.994588854225064 0.017380687337431876 0.01660034173292722 1.9771892302823633 0.024122473188743502 0.041839633384951565 0.067571267656330272 -2.7311016104230617
decision_type=2 2 2 2 2 2 2 2 2 2 2
left_child=2 5 3 4 -1 -2 -3 -4 -9 -5 -7
right_child=1 6 7 9 -6 10 -8 8 -10 -11 -12
leaf_value=-0.012442749386187847 -0.013977270138811554 -0.035455791182376337 -0.019716212882412473 0.022764520304127983 0.015861434557177215 0.025698413937916897 -0.0049866625454626778 0.014496218523906385 -0.013437992459445963 0 0
leaf_weight=12.443328559398653 9.7241741120815295 14.976550519466402 11.178056269884108 46.345224022865295 11.448757797479628 7.7289386987686157 7.9876106530427924 11.176547884941103 9.6986112147569639 7.4516419619321814 7.4844147413969022
leaf_count=50 39 60 45 187 46 31 32 45 39 30 30
internal_value=0.00175237 -0.0118969 0.00795073 0.0141732 0.000718439 0.00215482 -0.0267072 -0.00663717 0.000822039 0.0196399 0.0137636
internal_weight=157.644 47.9017 109.742 77.689 23.8921 24.9375 22.9642 32.0532 20.8752 53.7969 15.2134
internal_count=634 192 442 313 96 100 92 129 84 217 61
is_linear=0
shrinkage=0.03


Tree=7
num_leaves=11
num_cat=0
split_feature=33 36 36 19 9 9 36 34 3 20
split_gain=15.7462 7.86286 7.52984 9.55149 6.01295 6.1537 5.58772 5.15735 5.00501 4.36769
threshold=0.90046701366042969 0.0059373126222766305 0.0050177200738143321 0.1381946274402078 0.038475041845530959 0.096774302694262793 0.0068428575992175245 0.011970520060167413 -0.011220379054773964 0.019498477417284315
decision_type=2 2 2 2 2 2 2 2 2 2
left_child=1 2 3 -1 8 -6 9 -4 -3 -2
right_child=6 4 7 -5 5 -7 -8 -9 -10 -11
leaf_value=0.014774968905536022 0.0083015864963825389 0.0033326274314549264 -0.028569412003153657 -0.01638004391920081 -0.010333699668657447 0.016666901790673767 -0.034051151726854641 0 0.026830828833051358 -0.017171794357617971
leaf_weight=28.796731248497963 8.4700192958116585 14.143972322344778 10.434065178036692 10.214634880423544 15.164742767810823 11.468615204095839 9.7419440895318967 9.1978971213102323 28.444222152233124 11.473829522728918
leaf_count=116 34 57 42 41 61 46 39 37 115 46
internal_value=0.00168136 0.00637232 -0.00148755 0.00585068 0.0130965 0.00112124 -0.0171774 -0.0159558 0.0198628 -0.00589924
internal_weight=157.551 127.865 58.6433 39.0114 69.2216 26.6334 29.6858 19.632 42.5882 19.9438
internal_count=634 515 236 157 279 107 119 79 172 80
is_linear=0
shrinkage=0.03


Tree=8
num_leaves=10
num_cat=0
split_feature=14 40 6 6 31 32 13 26 38
split_gain=13.8233 11.4044 10.8161 5.96956 5.37242 4.91385 4.01202 3.80335 2.57014
threshold=60.38481754459395 0.031369558146411076 0.010002897473399134 0.0061544873547472101 1.0000000180025095e-35 -0.015695149518375803 1.9771892302823633 0.18624359479700436 0.009985217641030204
decision_type=2 2 2 2 2 2 2 2 2
left_child=2 4 3 5 -2 -1 -3 -4 -9
right_child=1 6 7 -5 -6 -7 -8 8 -10
leaf_value=-0.010870453589698549 0.015439983830237616 -0.034344561582568121 0.0037645715596023228 0.031610582205832467 -0.01025450911723816 0.012117988276944981 -0.0046282286317827501 -0.00058224569060433783 -0.024910946148065913
leaf_weight=7.4633987098932257 12.460070773959162 14.977633893489839 14.663790777325628 12.605282112956045 12.467134475708006 57.452059432864189 7.9868994802236548 8.1901479363441485 9.1887544542551023
leaf_count=30 50 60 59 51 50 232 32 33 37
internal_value=0.00161754 -0.0114127 0.0075502 0.0135719 0.00222488 0.00900491 -0.0258091 -0.00651898 -0.015463
internal_weight=157.455 47.8917 109.563 77.5207 24.9272 64.9155 22.9645 32.0427 17.3789
internal_count=634 192 442 313 100 262 92 129 70
is_linear=0
shrinkage=0.03


Tree=9
num_leaves=10
num_cat=0
split_feature=33 15 40 21 31 21 16 26 26
split_gain=14.5179 7.01665 7.5998 10.2739 5.21552 4.60814 9.05768 6.34923 3.8419
threshold=0.90046701366042969 60.407206174233295 0.031947984421408789 0.01660034173292722 1.5000000000000002 0.015375578926387129 0.28128756577133368 0.14650406504065042 0.16321353065539115
decision_type=2 2 2 2 2 2 2 2 2
left_child=1 5 3 -3 -2 6 -1 -7 -6
right_child=4 2 -4 -5 8 7 -8 -9 -10
leaf_value=0.030675677486218942 0 -0.014623714324737636 -0.020106145193100465 0.022963137351714617 -0.0046347002707210691 0.017384828820762196 0.00067640279990875468 -0.0032448225482773719 -0.034791860396831069
leaf_weight=20.982320547103882 9.9659193158149737 9.712176442146303 14.716120153665541 12.4462733566761 7.9880318045616177 18.822841137647629 16.838855609297752 34.152757316827774 11.724990040063856
leaf_count=85 40 39 59 50 32 76 68 138 47
internal_value=0.00155328 0.00606759 -0.00451813 0.00602093 -0.0165497 0.0105331 0.0184008 0.00417808 -0.024815
internal_weight=157.35 127.671 36.8746 22.1584 29.6789 90.7968 37.8212 52.9756 19.713
internal_count=634 515 148 89 119 367 153 214 79
is_linear=0
shrinkage=0.03


Tree=10
num_leaves=9
num_cat=0
split_feature=33 14 28 21 35 20 15 12
split_gain=12.7764 11.5348 14.2385 5.90282 12.1103 8.04039 5.46625 2.07291
threshold=0.94588963963963979 60.38481754459395 9.5000000000000018 0.013566952679222801 0.048697796915044174 0.017708097210544217 91.840731171001465 69.371296905859126
decision_type=2 2 2 2 2 2 2 2
left_child=1 3 6 5 -5 -1 -3 -2
right_child=7 2 -4 4 -6 -7 -8 -9
leaf_value=0.0047115176837963652 -0.0072452526201284883 -0.031953482390943824 0.017971467743986405 0.0070074976615846106 -0.029711392346541868 0.03504265716358728 -0.0048133807261204328 -0.032014618818963447
leaf_weight=22.733794033527374 8.4861096739769 16.71679095923901 9.1911124289035779 51.966410681605339 7.4682735651731482 12.097872465848921 13.978069007396696 10.479460656642912
leaf_count=92 34 67 37 210 30 49 56 42
internal_value=-0.00155971 0.00171543 -0.011313 0.00750433 0.00133237 0.0169843 -0.0211035 -0.0233955
internal_weight=153.118 134.152 39.886 94.2664 59.4347 34.8317 30.6949 18.9656
internal_count=617 541 160 381 240 141 123 76
is_linear=0
shrinkage=0.03


Tree=11
num_leaves=10
num_cat=0
split_feature=12 36 36 21 36 22 5 26 28
split_gain=11.7503 10.4242 6.70839 10.6439 7.36319 5.71567 5.39011 4.75216 3.03532
threshold=71.160340099417496 0.0059373126222766305 0.0048865997776431375 0.012681445278459878 0.004449892135848065 0.23208660774782833 0.075931141976229979 0.47259759759759762 8.5000000000000018
decision_type=2 2 2 2 2 2 2 2 2
left_child=1 2 4 -4 -1 7 -2 -3 -8
right_child=6 5 3 -5 -6 -7 8 -9 -10
leaf_value=-0.0090368724500277196 0.00041417869061218291 0.0084812483574335344 0.0062946369452567376 -0.032361459525389408 0.017861446669839125 -0.0060876990251773075 -0.036888505540091349 0.030349049952792338 -0.0075833560851996454
leaf_weight=20.859290823340416 7.7104264646768597 43.807706579566002 8.4279576092958468 15.166064098477362 13.126076295971869 13.401119709014891 10.71310603618622 11.836843624711035 7.9646752327680579
leaf_count=84 31 177 34 61 53 54 43 48 32
internal_value=-0.0015296 0.0022422 -0.00690308 -0.0185543 0.00135047 0.0100595 -0.01904 0.0142848 -0.0270596
internal_weight=153.013 126.625 57.5794 23.594 33.9854 69.0457 26.3882 55.6446 18.6778
internal_count=617 511 232 95 137 279 106 225 75
is_linear=0
shrinkage=0.03


Tree=12
num_leaves=9
num_cat=0
split_feature=37 40 19 40 28 9 23 0
split_gain=12.2815 14.6349 13.9684 8.01668 6.93531 8.86993 6.49955 3.59029
threshold=0.01601439565633345 -0.011786574193163367 0.18202690705591432 -0.059148255344268423 2.5000000000000004 0.010840512732655435 0.87596966278761201 0.0060190736233280981
decision_type=2 2 2 2 2 2 2 2
left_child=1 3 4 -1 -2 -6 -5 -3
right_child=2 7 -4 6 5 -7 -8 -9
leaf_value=0.017214217931239322 0.016273566636987338 0.030760618201808181 -0.035599411049476296 0.0047879015650642591 0.011697177517879366 -0.013806245398707836 -0.022499730943961422 0.0062656171069264948
leaf_weight=9.1663239300250989 11.187726050615309 18.490017265081409 12.942641928791998 10.632402971386911 14.074769720435141 46.942336514592171 18.133561804890633 11.375469371676443
leaf_count=37 45 75 52 43 57 189 73 46
internal_value=-0.0014923 0.00779099 -0.0090653 -0.00426466 -0.00327565 -0.00750083 -0.0122706 0.0228803
internal_weight=152.945 67.7978 85.1475 37.9323 72.2048 61.0171 28.766 29.8655
internal_count=617 274 343 153 291 246 116 121
is_linear=0
shrinkage=0.03


Tree=13
num_leaves=8
num_cat=0
split_feature=10 0 24 40 9 32 13
split_gain=12.1228 7.4343 8.88015 8.04876 6.54186 5.38071 3.37377
threshold=0.059614337126984392 0.0052588555449243355 -0.12834591626630057 -0.011786574193163367 -0.014963174094746403 -0.011417474531078995 -0.15068052360922832
decision_type=2 2 2 2 2 2 2
left_child=1 2 3 -1 -3 -4 -6
right_child=-2 4 5 -5 6 -7 -8
leaf_value=-0.020578963313424809 -0.031198734892493019 0.013497639332483984 0 0.0059738930938420393 -0.024305064780418474 0.027502086107137683 -0.0058314491185882224
leaf_weight=11.683065325021742 9.4327164590358716 9.8680510222911817 8.4215174466371554 38.875346571207047 11.649045392870901 20.202339917421341 42.732882589101791
leaf_count=47 38 40 34 157 47 82 172
internal_value=-0.00143053 0.000826136 0.00699112 -0.000426161 -0.00652691 0.0197543 -0.0107765
internal_weight=152.865 143.432 79.1823 50.5584 64.25 28.6239 54.3819
internal_count=617 579 320 204 259 116 219
is_linear=0
shrinkage=0.03


Tree=14
num_leaves=7
num_cat=0
split_feature=10 33 36 26 36 21
split_gain=11.5364 9.02246 8.80517 8.30909 7.51415 1.00598
threshold=0.059614337126984392 0.94588963963963979 0.0060592821187525608 0.47259759759759762 0.0048865997776431375 0.013664532321943793
decision_type=2 2 2 2 2 2
left_child=1 2 4 -4 -1 -3
right_child=-2 5 3 -5 -6 -7
leaf_value=0.0048079103618551486 -0.030457953756919363 -0.026946040098627409 0.0052457060434993067 0.031895274602379495 -0.015871225250703495 -0.0067904403721679944
leaf_weight=31.962279126048088 9.4210796952247602 7.4801117777824429 56.372638702392578 12.012157291173933 26.818359151482582 8.72756779193878
leaf_count=129 38 30 228 49 108 35
internal_value=-0.00140268 0.00079613 0.00366996 0.0109133 -0.00459184 -0.0188545
internal_weight=152.794 143.373 127.165 68.3848 58.7806 16.2077
internal_count=617 579 514 277 237 65
is_linear=0
shrinkage=0.03


Tree=15
num_leaves=9
num_cat=0
split_feature=10 40 37 17 28 37 8 37
split_gain=14.2317 8.19556 10.2838 10.6243 8.13941 11.6301 8.08201 6.16633
threshold=0.020289436574682188 0.063760679059580619 -0.017821967987405481 -1.6868094230093822 1.5000000000000002 0.016162258578280356 -0.021574043714691443 0.067332747449474831
decision_type=2 2 2 2 2 2 2 2
left_child=1 2 6 -4 -2 -6 -1 -7
right_child=4 -3 3 -5 5 7 -8 -9
leaf_value=0.0081005717091883755 0.0083946535722329418 -0.015884821194248489 -0.005336099204124904 0.022661652233577224 0.0071162518551280678 -0.029322169708497662 -0.027178822534697576 0
leaf_weight=10.158831521868708 11.667458906769751 11.415273904800413 14.630120769143103 43.966541811823845 11.911211505532263 35.558440327644348 8.9300470501184446 7.44862475991249
leaf_count=41 47 46 59 179 48 143 36 30
internal_value=-0.00207434 0.00561209 0.00927854 0.0154784 -0.0124423 -0.017272 -0.0087047 -0.024376
internal_weight=155.687 89.1008 77.6855 58.5967 66.5857 54.9183 19.0889 43.0071
internal_count=629 361 315 238 268 221 77 173
is_linear=0
shrinkage=0.03


Tree=16
num_leaves=11
num_cat=0
split_feature=10 21 40 28 28 14 7 15 33 38
split_gain=13.362 9.21998 7.7537 7.70335 11.1982 6.93236 6.05277 5.717 4.53137 4.21594
threshold=0.020289436574682188 0.013566952679222801 0.047334094691330326 1.5000000000000002 10.500000000000002 -2.4046092653129558 0.042611391508928544 41.777287984942809 0.27898483345731057 0.0090968537888961847
decision_type=2 2 2 2 2 2 2 2 2 2
left_child=1 2 9 -2 6 8 -5 -7 -3 -1
right_child=3 5 -4 4 -6 7 -8 -9 -10 -11
leaf_value=0.034222723388918568 0.0081802375822395239 -0.0060320436440967238 -0.0053189143970623727 -0.028968756188505203 0.0068476529811122427 -0.023678290282397187 0 0 0.019055644085280005 0.0038944008614166521
leaf_weight=16.080180227756507 11.666517764329909 7.9033517837524441 7.9215736687183371 34.783185094594955 12.168060198426245 13.882082387804983 7.9509747773408881 20.112868070602417 15.482160985469816 7.6267874538898459
leaf_count=66 47 32 32 140 49 56 32 81 63 31
internal_value=-0.00202151 0.00542827 0.0179452 -0.0120692 -0.016772 -0.0015906 -0.0238382 -0.0102194 0.0101789 0.0261113
internal_weight=155.578 89.009 31.6285 66.5687 54.9022 57.3805 42.7342 33.995 23.3855 23.707
internal_count=629 361 129 268 221 232 172 137 95 97
is_linear=0
shrinkage=0.03


Tree=17
num_leaves=9
num_cat=0
split_feature=10 40 40 28 28 28 15 6
split_gain=12.5967 7.58512 9.04918 8.04576 7.29166 10.6019 5.43991 4.50847
threshold=0.020289436574682188 0.063760679059580619 -0.016048729264473312 8.5000000000000018 1.5000000000000002 10.500000000000002 34.510889027881248 0.014558256858447515
decision_type=2 2 2 2 2 2 2 2
left_child=1 2 3 -1 -2 7 -4 -6
right_child=4 -3 6 -5 5 -7 -8 -9
leaf_value=0.0057979510953837894 0.0079715161770170361 -0.015363255868917894 0.024950254752770216 -0.026222298666456742 -0.029914495938350012 0.0066725236385544971 0.0038038794924201672 -0.0066002758629513337
leaf_weight=20.009929135441784 11.665213525295256 11.429943829774855 27.516013190150261 8.2075833529233915 28.571045786142349 12.165338590741156 21.74877618253231 14.156281262636183
leaf_count=81 47 46 113 33 115 49 88 57
internal_value=-0.00195157 0.00528409 0.00882858 -0.00413845 -0.0117084 -0.0162874 0.01642 -0.023166
internal_weight=155.47 88.9122 77.4823 28.2175 66.5579 54.8927 49.2648 42.7273
internal_count=629 361 315 114 268 221 201 172
is_linear=0
shrinkage=0.03


Tree=18
num_leaves=11
num_cat=0
split_feature=10 40 41 36 10 10 20 26 9 15
split_gain=11.8724 7.19435 9.65608 9.84828 6.98483 8.98943 4.90276 3.09099 3.05732 2.58703
threshold=0.020289436574682188 0.063760679059580619 1.0000000180025095e-35 0.0043757886670886008 0.036224578944065729 0.057064947862673916 0.029650591058302835 0.21015826278984176 0.041704947030907241 80.38738000251
decision_type=2 2 2 2 2 2 2 2 2 2
left_child=1 2 6 -4 8 7 -1 -6 -2 -10
right_child=4 -3 3 -5 5 -7 -8 -9 9 -11
leaf_value=-0.022953110330174515 -0.0020532466554476648 -0.014959887306812143 -0.0094408142166636268 0.019829981543097151 0.019329262072879733 -0.021361872450149009 0.0059746331864661438 -0.00037230762447084965 -0.033355518878462373 -0.0067132524745763733
leaf_weight=9.4272798299789446 7.7046632170677212 11.439761087298391 10.888248711824415 49.666062131524086 10.430931255221369 11.863820582628248 7.3878604769706717 13.416877120733259 15.674687027931215 7.4437146186828604
leaf_count=38 31 46 44 203 42 48 30 54 63 30
internal_value=-0.00189958 0.00512725 0.00858843 0.0141935 -0.0113736 -0.00163388 -0.0101622 0.0084936 -0.021414 -0.0265919
internal_weight=155.344 88.8092 77.3695 60.5543 66.5347 35.7116 16.8151 23.8478 30.8231 23.1184
internal_count=629 361 315 247 268 144 68 96 124 93
is_linear=0
shrinkage=0.03


Tree=19
num_leaves=11
num_cat=0
split_feature=37 37 15 33 37 1 36 25 19 4
split_gain=11.7051 9.34398 8.05324 7.31401 6.55393 5.51316 4.91427 6.24538 5.47535 4.37583
threshold=0.01601439565633345 -0.017821967987405481 14.534537292563709 0.77407129439908928 0.039901790716104786 -1.0000000180025095e-35 0.004949048457051501 0.18127053669222346 0.075633005700989769 -0.022546006789351421
decision_type=2 2 2 2 2 2 2 2 2 2
left_child=1 5 4 9 -2 -1 7 -4 -8 -3
right_child=2 3 6 -5 -6 -7 8 -9 -10 -11
leaf_value=0.0069056881579944969 0.020752878945119593 0.002544689343073002 -0.014906554004235321 -0.0046355695744108557 -0.0086529197368554484 -0.019681364355208921 0 0.012623721213398465 -0.026979409193557354 0.028559484498947737
leaf_weight=10.914145246148111 10.969226241111757 9.7903344929218274 15.845507934689524 10.654955729842184 11.863729462027548 12.63552814722061 8.9222249388694745 10.382243975996969 29.576776459813118 23.649649694561958
leaf_count=44 45 40 64 43 48 51 36 42 119 97
internal_value=-0.00188066 0.00725131 -0.00910747 0.0152702 0.00540359 -0.00719642 -0.0144597 -0.00335503 -0.0211152 0.0219397
internal_weight=155.204 67.6446 87.5597 44.0949 22.833 23.5497 64.7268 26.2278 38.499 33.44
internal_count=629 275 354 180 93 95 261 106 155 137
is_linear=0
shrinkage=0.03


Tree=20
num_leaves=11
num_cat=0
split_feature=7 23 35 14 19 20 23 19 0 11
split_gain=12.4073 8.70581 8.10058 7.76676 6.39928 5.6436 5.45967 5.63286 4.34544 2.62684
threshold=0.019735900400829721 0.89082740583000897 0.056583047709623642 82.811006445300123 0.18752886530579024 0.028903742705262858 1.0323620439055843 0.12618201370196111 0.0081657606079471607 0.051953506793019362
decision_type=2 2 2 2 2 2 2 2 2 2
left_child=1 2 9 5 6 -3 8 -8 -2 -1
right_child=4 3 -4 -5 -6 -7 7 -9 -10 -11
leaf_value=0.030075356024419395 0.019623559995724228 0 -0.0076078092410516284 -0.02055846777435584 -0.032850099630577258 0.022392727341132422 -0.027324479392749065 0.00035833525575285205 -0.0066315975455541075 0.0067514850597979528
leaf_weight=20.816904291510586 8.6520595699548739 48.234413355588913 7.4437862336635581 11.67750823497772 8.6099377125501615 10.541064560413359 12.167283475399019 10.369385883212088 9.4451576024293882 9.4103455394506437
leaf_count=85 35 196 30 47 35 43 49 42 38 38
internal_value=0.000428189 0.0061869 0.0174288 0 -0.0116714 0.00446066 -0.00550148 -0.014985 0.00587801 0.0241492
internal_weight=157.368 108.124 37.671 70.453 49.2438 58.7755 40.6339 22.5367 18.0972 30.2272
internal_count=638 439 153 286 199 239 164 91 73 123
is_linear=0
shrinkage=0.03


Tree=21
num_leaves=6
num_cat=0
split_feature=31 12 19 16 26
split_gain=12.9456 5.77875 7.27346 5.45817 0.833875
threshold=3.5000000000000004 40.238238394465377 0.049116017217877284 -17.545311535986759 0.24471218206157966
decision_type=2 2 2 2 2
left_child=1 4 -3 -4 -1
right_child=-2 2 3 -5 -6
leaf_value=0.02612892729473314 -0.02547310159527005 0.020317033165901 -0.018802346119389707 0.00068596681223806314 0.0071206618457743381
leaf_weight=8.0677739232778567 13.591240420937536 13.315135791897772 12.641489028930662 100.75886991620064 8.8543088138103467
leaf_count=33 55 55 51 408 36
internal_value=0.000405364 0.00327321 0.000826264 -0.00164475 0.0187796
internal_weight=157.229 143.638 126.715 113.4 16.9221
internal_count=638 583 514 459 69
is_linear=0
shrinkage=0.03


Tree=22
num_leaves=9
num_cat=0
split_feature=3 37 0 36 25 10 0 16
split_gain=12.2689 5.03486 6.05762 6.08489 5.56829 4.44568 2.73878 1.59175
threshold=0.037597471636215747 0.020289289423307991 0.015827005666323783 0.0058446579029881639 0.42354323889644935 0.0057595269737957819 0.0076089542301492905 20.278047298504003
decision_type=2 2 2 2 2 2 2 2
left_child=1 2 3 -1 5 -3 -2 -8
right_child=6 4 -4 -5 -6 -7 7 -9
leaf_value=0.0019578655931449889 -0.0021954622401709838 -0.023353307619046502 -0.0092641638464683075 0.021931845145417645 0.017778314284184249 -0.00097423739338759396 -0.0099214266921849228 -0.032641440874782997
leaf_weight=26.110585600137711 11.585881114006044 8.6332744508981687 10.112585514783857 33.22620989382267 8.5866880118846876 39.615868270397186 11.130476757884027 8.1393804848194105
leaf_count=106 47 35 41 136 35 160 45 33
internal_value=0.000400166 0.00467511 0.0100127 0.0137375 -0.00171073 -0.00604719 -0.0158592 -0.0223902
internal_weight=157.141 126.285 69.4494 59.3368 56.8358 48.2491 30.8557 19.2699
internal_count=638 513 283 242 230 195 125 78
is_linear=0
shrinkage=0.03


Tree=23
num_leaves=8
num_cat=0
split_feature=31 0 24 23 0 21 36
split_gain=11.9671 7.84679 10.4262 7.8029 6.39267 5.76222 4.60308
threshold=3.5000000000000004 0.0097558875122828476 -0.12834591626630057 0.96584262813820387 -0.0037282678586965097 0.022787993248616373 0.0048985038653485777
decision_type=2 2 2 2 2 2 2
left_child=1 2 3 -1 -4 6 -3
right_child=-2 5 4 -5 -6 -7 -8
leaf_value=0.01065721229201781 -0.024534602359842089 0.00024952394944723918 0 -0.010361058577599551 0.026167296127074524 0.012156440328279739 -0.021027688352867571
leaf_weight=28.103149846196175 13.566059559583662 12.85556088387966 12.520699337124823 31.59088696539402 29.020696595311165 8.3575353771448118 21.010928243398666
leaf_count=114 55 52 51 128 119 34 85
internal_value=0.000363489 0.00312603 0.00769077 -0.000198098 0.0188598 -0.00733197 -0.0129692
internal_weight=157.026 143.459 101.235 59.694 41.5414 42.224 33.8665
internal_count=638 583 412 242 170 171 137
is_linear=0
shrinkage=0.03


Tree=24
num_leaves=7
num_cat=0
split_feature=31 35 23 25 35 11
split_gain=11.3626 8.06976 6.75975 5.87727 5.75995 5.41189
threshold=3.5000000000000004 0.055945437953714434 0.93340417138249598 0.42354323889644935 0.070933477916663504 0.051953506793019362
decision_type=2 2 2 2 2 2
left_child=1 2 5 -4 -3 -1
right_child=-2 4 3 -5 -6 -7
leaf_value=0.020682095268171208 -0.023919927185162657 -0.024810472768060185 -0.0043622777289814424 0.016370140325265247 0.0024999967404288736 0
leaf_weight=34.923159465193748 13.548878178000448 12.418341979384424 55.199257507920265 13.676728904247282 11.063089117407797 16.077540189027786
leaf_count=143 55 50 224 56 45 65
internal_value=0.000352359 0.0030471 0.00630136 0 -0.0121684 0.014356
internal_weight=156.907 143.358 119.877 68.876 23.4814 51.0007
internal_count=638 583 488 280 95 208
is_linear=0
shrinkage=0.03


Tree=25
num_leaves=10
num_cat=0
split_feature=37 40 25 12 15 4 23 32 36
split_gain=11.838 8.97504 7.30434 6.90307 5.17938 4.90487 4.79601 3.81668 1.38012
threshold=0.020668775905635099 -0.016048729264473312 0.48297676558546127 34.98477884179816 -8.989077488240266 -0.0022663824171361697 0.80867951581625996 0.010092140992638889 0.0064361885678310355
decision_type=2 2 2 2 2 2 2 2 2
left_child=1 3 4 -1 -2 -5 -3 -6 -8
right_child=2 6 -4 5 7 -7 8 -9 -10
leaf_value=0.021730035652661416 0.0093749715215026216 0 0.013792445222755316 -0.02067602026231611 -0.01717163834176243 0.0016624204001489335 0.014808536396276916 0.0026560407618929694 0.03425609344346979
leaf_weight=7.3795911967754355 7.6469572335481635 10.404382809996603 10.513873413205145 12.405407756567003 49.886560559272766 19.469964563846588 17.862618342041973 8.4006269276142103 11.796822383999823
leaf_count=30 31 43 43 50 202 79 73 34 49
internal_value=0.00114312 0.0092311 -0.00707878 -0.00068684 -0.0109358 -0.00729599 0.018876 -0.0140719 0.0246928
internal_weight=155.767 79.3188 76.448 39.255 65.9341 31.8754 40.0638 58.2872 29.6594
internal_count=634 324 310 159 267 129 165 236 122
is_linear=0
shrinkage=0.03


Tree=26
num_leaves=12
num_cat=0
split_feature=25 26 2 40 27 25 18 27 22 2 6
split_gain=7.3248 8.66607 8.5795 4.13244 3.47928 5.60107 4.53856 2.68883 6.44189 3.73398 1.3755
threshold=0.3590353260869566 0.4066648230088496 0.0060826663523948507 0.024990937407106232 1.5000000000000002 0.22863731995468525 0.78754316548055336 3.5000000000000004 0.07963318921073427 0.0006207408926784953 -0.0039189408051399756
decision_type=2 2 2 2 2 2 2 2 2 2 2
left_child=1 4 10 -4 5 -1 -6 8 9 -2 -3
right_child=7 2 3 -5 6 -7 -8 -9 -10 -11 -12
leaf_value=-0.0065003176212672905 0.0010861249765941269 0.0090643666570554681 0.0072686485977906225 -0.019666691264895526 0.0047046216032275365 -0.034224792606661648 -0.014196602580477913 0.025312247988157389 -0.0079068443369097793 0.029122913459934945 0.031016107571989464
leaf_weight=26.898365005850792 9.0821861326694506 9.806884437799452 8.0663673877716047 7.8467824459075919 28.753489658236504 8.4255579710006696 15.816145956516264 9.0064405649900419 13.774649977684019 9.1962257921695691 8.9678596705198306
leaf_count=109 37 40 33 32 117 34 64 37 56 38 37
internal_value=0.00114681 -0.00266928 0.00931418 -0.00588868 -0.00815579 -0.0149947 -0.00200227 0.0117738 0.00626598 0.0174128 0.0222483
internal_weight=155.641 114.581 34.6879 15.9131 79.8936 35.3239 44.5696 41.0595 32.0531 18.2784 18.7747
internal_count=634 466 142 65 324 143 181 168 131 75 77
is_linear=0
shrinkage=0.03


Tree=27
num_leaves=7
num_cat=0
split_feature=19 12 19 35 32 37
split_gain=14.2334 8.91999 7.37308 7.65546 4.67589 2.90964
threshold=0.052962608196913015 40.787025633807779 0.1949520336244365 -0.045041447882702028 -0.010532483560731718 0.021251687773168219
decision_type=2 2 2 2 2 2
left_child=5 4 3 -3 -2 -1
right_child=1 2 -4 -5 -6 -7
leaf_value=0.036664483470480298 -0.0014053445297212098 0.016524591870884797 -0.026359138098418645 -0.0058079006958423832 0.02535504688488676 0.0070242139432594572
leaf_weight=8.8282961547374743 7.8351354897022274 13.99166180193424 11.521767064929007 92.996217578649521 12.569396451115606 7.7746049463748923
leaf_count=37 32 57 47 377 52 32
internal_value=0.001126 -0.00204599 -0.0053431 -0.00250003 0.0152017 0.0258386
internal_weight=155.517 138.914 118.51 106.988 20.4045 16.6029
internal_count=634 565 481 434 84 69
is_linear=0
shrinkage=0.03


Tree=28
num_leaves=12
num_cat=0
split_feature=37 37 6 9 28 38 17 21 24 34 37
split_gain=10.6806 8.05903 6.61937 6.0503 5.91348 5.77473 5.68598 5.5876 4.75718 3.43534 2.80362
threshold=0.020668775905635099 -0.017821967987405481 0.010002897473399134 0.010119231217984371 3.5000000000000004 0.0085487765347508401 -1.6868094230093822 0.019271384814291154 0.60208333333333341 -0.0074501124407075339 0.004710217587338473
decision_type=2 2 2 2 2 2 2 2 2 2 2
left_child=1 2 9 -2 5 -5 10 -6 -8 -1 -3
right_child=3 6 -4 4 7 -7 8 -9 -10 -11 -12
leaf_value=0.017106655990212018 0.0098467460576888866 -0.010393212242722001 -0.023965891090912177 0.015125647842330623 -0.023337802666894496 -0.013553588565259502 0.028609636717495696 0.00014355633501380292 0 -0.0051274348563307851 0.01104107175983712
leaf_weight=9.5509135723114067 13.660899370908735 7.6290795356035259 7.9312587529420844 11.649154290556909 30.560835957527161 9.5735195577144605 25.562188997864723 10.893348172307013 7.3285819143056861 10.680980816483496 10.35275863111019
leaf_count=39 56 31 32 47 124 39 107 44 30 43 42
internal_value=0.0011134 0.00881671 -0.00349549 -0.00669216 -0.0107219 0.00148947 0.0157909 -0.0170996 0.0228884 0.00528865 0.0010665
internal_weight=155.374 79.0358 28.1632 76.3378 62.6769 21.2227 50.8726 41.4542 32.8908 20.2319 17.9818
internal_count=634 324 114 310 254 86 210 168 137 82 73
is_linear=0
shrinkage=0.03


Tree=29
num_leaves=7
num_cat=0
split_feature=19 12 19 20 2 37
split_gain=13.5209 8.2677 6.84723 6.5847 5.72285 2.55704
threshold=0.052962608196913015 40.787025633807779 0.1949520336244365 0.023664199967724217 -0.029586908025626298 0.021251687773168219
decision_type=2 2 2 2 2 2
left_child=5 4 3 -3 -2 -1
right_child=1 2 -4 -5 -6 -7
leaf_value=0.035609031609347544 -0.0024423482819821958 -0.0077692448513857551 -0.025460492932487297 0.0075552293017503332 0.026846706605555493 0.0072066875687443084
leaf_weight=8.713599771261217 8.6239082664251345 70.908956378698349 11.488055676221846 35.978997245430946 11.69026744365692 7.7809294164180747
leaf_count=37 35 288 47 146 49 32
internal_value=0.00108573 -0.00199963 -0.00517479 -0.00242917 0.014636 0.0252501
internal_weight=155.185 138.69 118.376 106.888 20.3142 16.4945
internal_count=634 565 481 434 84 69
is_linear=0
shrinkage=0.03


Tree=30
num_leaves=13
num_cat=0
split_feature=2 26 37 38 37 34 1 22 34 13 23 22
split_gain=11.901 9.67518 7.8486 5.89825 4.5548 5.85446 4.05226 4.74564 3.49928 3.31971 2.10252 0.0864683
threshold=0.0088164044972930417 0.25101626016260165 0.023503082253192979 0.0078170397880376868 -0.016029189049153954 0.0090423461855321258 0.0055491418456091743 -0.17347490700585036 0.0059245021097857906 -0.15068052360922832 1.0228489103366176 -0.10003954581219719
decision_type=2 2 2 2 2 2 2 2 2 2 2 2
left_child=1 6 4 -4 -2 -6 7 -1 9 -3 -5 -10
right_child=2 8 3 10 5 -7 -8 -9 11 -11 -12 -13
leaf_value=-0.021106631229245703 -0.01234641943875465 -0.0035100415787658254 -0.00027288827524743958 -0.013710981395444284 -0.0048799455715662233 0.024616719863415217 0.014089799798352825 0.00066073205856479399 0.036303382077859346 0.019667744394905914 -0.036186153747054285 0.015663056584323036
leaf_weight=11.104360923171042 10.124189734458925 9.8143267035484332 13.806510597467421 15.827555060386659 9.6343335658311862 10.156556621193884 9.008716866374014 24.615713432431221 7.4432837963104275 7.7885679900646201 10.970533803105353 10.054965317249296
leaf_count=45 41 40 56 64 40 42 37 100 31 32 45 41
internal_value=-0.000305301 0.0074398 -0.00924316 -0.0175591 0.00196739 0.0104392 -0.0015813 -0.00646879 0.0188051 0.00694032 -0.0253068 0.0280354
internal_weight=150.35 79.8299 70.5197 40.6046 29.9151 19.7909 44.7288 35.7201 35.1011 17.6029 26.7981 17.4982
internal_count=614 326 288 165 123 82 182 145 144 72 109 72
is_linear=0
shrinkage=0.03


Tree=31
num_leaves=10
num_cat=0
split_feature=3 5 26 13 36 14 21 8 38
split_gain=10.6455 8.20358 6.89962 6.57379 4.65705 3.96012 3.76234 5.15556 0.301597
threshold=0.032916053208549186 0.051151159631642747 0.25101626016260165 4.1061828220214851 0.008138132147436021 -0.99671425292092397 0.021520026796668677 0.02860075340546598 0.0091592896522639054
decision_type=2 2 2 2 2 2 2 2 2
left_child=2 -2 4 8 5 -1 7 -4 -3
right_child=1 3 6 -5 -6 -7 -8 -9 -10
leaf_value=0.0090595807859168726 0.0029984836137838008 -0.04275687152522404 0.022195166469458159 0 0.017110202046887246 -0.0097349266942220649 -0.0022838207930402218 -0.00065032691620417254 -0.016557928804656619
leaf_weight=10.427449524402617 14.262381315231321 8.0719395726919192 30.218957975506783 7.628232777118682 7.2516978979110709 44.118945971131325 10.503398060798643 10.400531426072119 7.3199962526559821
leaf_count=43 58 33 125 31 30 179 43 42 30
internal_value=-0.000288752 -0.0138574 0.00422383 -0.0243051 -0.00232105 -0.00568342 0.0122073 0.0162377 -0.0344967
internal_weight=150.204 37.2825 112.921 23.0202 61.7981 54.5464 51.1229 40.6195 15.3919
internal_count=614 152 462 94 252 222 210 167 63
is_linear=0
shrinkage=0.03


Tree=32
num_leaves=10
num_cat=0
split_feature=7 0 28 2 25 19 36 33 36
split_gain=12.115 6.18413 5.4661 7.11656 5.42086 5.02957 4.14431 3.62475 8.24947
threshold=0.019735900400829721 -0.017202185041288617 5.5000000000000009 -0.0074589774784131193 0.27361853832442073 0.18056779889813659 0.0063794003401976612 0.84160124910180301 0.0048865997776431375
decision_type=2 2 2 2 2 2 2 2 2
left_child=1 6 4 -4 -3 7 -1 -2 -9
right_child=5 2 3 -5 -6 -7 -8 8 -10
leaf_value=-0.022591210384562691 0.0074084220603133164 0.0069393669675242341 0.01665505217573672 -0.0048209496987952211 0.034851477635858864 -0.02868344803966871 0.0036967998000773865 0.0079379145685907863 -0.023909515047376574
leaf_weight=8.6505306512117404 10.340489268302916 18.854102358222011 19.497585281729698 36.049825564026833 10.486069843173025 11.388101086020468 8.350238695740698 9.8896265029907244 16.528854429721832
leaf_count=35 42 77 80 149 43 47 34 40 67
internal_value=-0.000290042 0.00545907 0.00885603 0.00277349 0.0189811 -0.0124879 -0.0098599 -0.00586222 -0.0117401
internal_weight=150.035 101.888 84.8876 55.5474 29.3402 48.1471 17.0008 36.759 26.4185
internal_count=614 418 349 229 120 196 69 149 107
is_linear=0
shrinkage=0.03


Tree=33
num_leaves=10
num_cat=0
split_feature=7 0 5 28 2 25 19 5 13
split_gain=11.4915 5.87771 6.78333 5.21126 6.74397 5.18034 4.80467 4.00453 4.56445
threshold=0.019735900400829721 -0.017202185041288617 0.0023723255980673268 5.5000000000000009 -0.0074589774784131193 0.27361853832442073 0.18056779889813659 0.051151159631642747 0.59711713438180436
decision_type=2 2 2 2 2 2 2 2 2
left_child=1 2 -1 5 -5 -3 7 -2 -9
right_child=6 3 -4 4 -6 -7 -8 8 -10
leaf_value=0.0077529817277616694 0.00680724926197274 0.0067546688008886004 -0.02606007731895521 0.016230757400703712 -0.0046813833672869863 0.034096518160786717 -0.028018802723391297 -0.027301202926230162 -0.00081295698823603303
leaf_weight=8.3448787927627581 12.330536261200903 18.843406975269321 8.6527936756610853 19.459917455911636 36.0701554864645 10.441652849316595 11.356414034962652 9.1176243126392382 15.27952319383621
leaf_count=34 50 77 35 80 149 43 47 37 62
internal_value=-0.000273627 0.00532389 -0.00960165 0.00864017 0.0026958 0.0185394 -0.0121646 -0.00568122 -0.0125988
internal_weight=149.897 101.813 16.9977 84.8151 55.5301 29.2851 48.0841 36.7277 24.3971
internal_count=614 418 69 349 229 120 196 149 99
is_linear=0
shrinkage=0.03


Tree=34
num_leaves=9
num_cat=0
split_feature=7 36 0 28 35 3 5 33
split_gain=10.9426 5.61379 5.2212 6.38364 3.42792 5.04751 3.03269 1.21171
threshold=0.019735900400829721 0.0091331274483767901 -0.017202185041288617 5.5000000000000009 0.044315875004821932 0.032916053208549186 0.015693498366918805 0.84437302722097829
decision_type=2 2 2 2 2 2 2 2
left_child=1 2 6 -4 5 -2 -1 -7
right_child=4 -3 3 -5 -6 7 -8 -9
leaf_value=0.00052980518949627008 0 0.027853360916414546 0.016966961557996148 -0.00013992301332113943 0.00021654612148904885 -0.0083173264798580698 -0.022943327898322294 -0.029984896250583835
leaf_weight=7.3765794336795789 12.559454932808874 7.154766470193862 28.246460169553757 51.039579346776009 13.037154600024222 7.6240316480398205 7.8979334235191345 14.810138344764708
leaf_count=30 51 30 116 210 53 31 32 61
internal_value=-0.000268647 0.00519341 0.00278214 0.00603756 -0.0118807 -0.0165612 -0.0119901 -0.0245188
internal_weight=149.746 101.715 94.5606 79.286 48.0308 34.9936 15.2745 22.4342
internal_count=614 418 388 326 196 143 62 92
is_linear=0
shrinkage=0.03


Tree=35
num_leaves=11
num_cat=0
split_feature=38 18 34 17 15 2 4 22 24 34
split_gain=6.5547 6.80365 6.99786 6.41606 8.78301 5.24927 4.81289 4.56576 3.0523 0.64907
threshold=0.011980601587655371 0.74565975695598563 0.037397177722281134 -2.2672938993985094 86.733069915900685 0.0033692855681133342 0.072344315047237276 -0.25705185372289985 -0.5263888888888888 0.016229913177655656
decision_type=2 2 2 2 2 2 2 2 2 2
left_child=1 3 6 4 -1 -5 -3 -2 -9 -10
right_child=7 2 -4 5 -6 -7 -8 8 9 -11
leaf_value=-0.014069294542960416 0.0060462780132870897 -0.015915525377439843 0.018090999203990609 0.027695639341521801 0.020079698738471385 0.0046944393968537798 0.0030103383800597953 0 -0.02903871331197171 -0.009033132758521625
leaf_weight=18.023571237921718 7.300508886575698 33.1778504550457 7.565740004181861 17.520271345973015 8.1282944828271848 21.839133560657501 15.764527723193167 7.3143990188837078 11.992774292826654 7.3890318125486365
leaf_count=73 30 135 31 74 33 91 65 30 49 30
internal_value=-0.00099791 0.00218394 -0.00518463 0.00872733 -0.0022501 0.0161399 -0.00964613 -0.0123216 -0.0179386 -0.0236717
internal_weight=156.016 122.019 56.5081 65.5113 26.1519 39.3594 48.9424 33.9967 26.6962 19.3818
internal_count=641 502 231 271 106 165 200 139 109 79
is_linear=0
shrinkage=0.03


Tree=36
num_leaves=7
num_cat=0
split_feature=33 21 9 21 24 36
split_gain=5.6561 6.21612 6.86185 5.71936 5.89691 1.81461
threshold=0.94588963963963979 0.028712227492113145 -0.05683850288738302 0.023112591657667395 0.77599039615846344 0.0049292197497667325
decision_type=2 2 2 2 2 2
left_child=1 3 -3 4 -1 -2
right_child=5 2 -4 -5 -6 -7
leaf_value=0.0037146855875518012 -0.0018081456208158635 0.0040972472654013129 -0.030291201379453101 0.025797488745435988 -0.019382927787095428 -0.024163139591819781
leaf_weight=105.73038068413734 7.2628799229860332 7.8085948973894146 9.1141575276851636 7.6734691411256781 8.8653008788824064 9.4648067355155927
leaf_count=435 30 32 37 32 36 39
internal_value=-0.000956898 0.00101041 -0.0148748 0.00353374 0.00149734 -0.0164876
internal_weight=155.92 139.192 16.9228 122.269 114.596 16.7277
internal_count=641 572 69 503 471 69
is_linear=0
shrinkage=0.03


Tree=37
num_leaves=9
num_cat=0
split_feature=38 7 4 34 38 36 36 20
split_gain=6.07642 7.77231 8.37629 7.30234 7.24835 5.6031 5.96439 4.98139
threshold=0.011980601587655371 0.0050865637464870368 -0.022546006789351421 0.037397177722281134 0.0082223818779949779 0.0062086792255458163 0.0073652107951238102 0.027413924028383819
decision_type=2 2 2 2 2 2 2 2
left_child=1 2 -1 7 -4 -2 -7 -3
right_child=5 3 4 -5 -6 6 -8 -9
leaf_value=-0.0074860289130275794 -0.02523815330929776 -0.011246565171094862 0.0021959442431228131 0.019347143834951595 0.029415237713169149 0.017342255796717786 -0.013101677120941135 0.012134866302785124
leaf_weight=14.017832636833189 13.841236248612402 54.900852218270302 17.206060960888863 8.0389378964900953 20.367469027638435 7.5167703777551678 12.633523464202879 7.3029786944389334
leaf_count=58 56 225 71 33 85 31 52 30
internal_value=-0.000944707 0.00211885 0.0108266 -0.00419175 0.0180707 -0.0118496 -0.000527371 -0.00797536
internal_weight=155.826 121.834 51.5914 70.2428 37.5735 33.9915 20.1503 62.2038
internal_count=641 502 214 288 156 139 83 255
is_linear=0
shrinkage=0.03


Tree=38
num_leaves=11
num_cat=0
split_feature=38 4 36 11 4 24 36 36 5 0
split_gain=5.76796 6.29438 7.2398 6.37675 6.3489 5.64545 5.3171 5.67601 3.83024 2.26636
threshold=0.011980601587655371 0.022025418168068026 0.0048661564967369562 -0.0084436202690392186 -0.022546006789351421 0.60208333333333341 0.0062086792255458163 0.0073652107951238102 0.10586930883752156 -0.0037720946899168491
decision_type=2 2 2 2 2 2 2 2 2 2
left_child=1 4 8 -4 9 -6 -2 -8 -3 -1
right_child=6 2 3 -5 5 -7 7 -9 -10 -11
leaf_value=-0.016827304744941055 -0.024563824091250699 0.01851368592950332 0.0095178643836960741 -0.018153027244183689 0.019206249416924517 -0.003979452799724453 0.016954514276020946 -0.012752162256889316 -0.0055520741284757072 0.0033196302746278392
leaf_weight=7.8468046188354492 13.849339783191679 12.340418547391893 7.5174622684717169 31.345963314175606 37.554362639784813 10.314857497811316 7.5039479136467007 12.645029574632643 7.6395485252141944 7.1725607961416227
leaf_count=32 56 50 31 128 157 42 31 52 32 30
internal_value=-0.000901997 0.00208248 -0.00472968 -0.0122296 0.00863694 0.0139502 -0.0115267 -0.000479524 0.00896155 -0.00706523
internal_weight=155.73 121.732 58.8434 38.8634 62.8886 47.8692 33.9983 20.149 19.98 15.0194
internal_count=641 502 241 159 261 199 139 83 82 62
is_linear=0
shrinkage=0.03


Tree=39
num_leaves=10
num_cat=0
split_feature=38 23 4 40 40 36 11 14 23
split_gain=5.45591 5.95968 5.9183 7.54963 7.7542 6.83069 6.05499 3.11848 2.9079
threshold=0.011980601587655371 1.278504225108914 0.022025418168068026 0.063760679059580619 -0.01725763975552624 0.0048661564967369562 -0.0084436202690392186 82.811006445300123 0.88649690896220734
decision_type=2 2 2 2 2 2 2 2 2
left_child=2 8 3 4 -1 7 -7 -4 -2
right_child=1 -3 5 -5 -6 6 -8 -9 -10
leaf_value=-0.0058640905845820405 -0.0041272781523151282 0.0097618055025899403 0.018091746518076286 -0.014959492061540744 0.01893475633518036 0.0092967190032249084 -0.017648696875864296 -0.0032582738110147188 -0.026122457260953181
leaf_weight=13.209622651338575 12.064239010214807 7.2467888742685309 11.324676409363748 8.3797589838504773 41.189399734139442 7.5130373686552039 31.331814810633659 8.6413583010435087 14.687790885567663
leaf_count=54 49 30 46 34 173 31 128 36 60
internal_value=-0.000880917 -0.0112145 0.0020219 0.00838723 0.0126525 -0.0045786 -0.0118699 0.00871319 -0.0177022
internal_weight=155.588 33.9988 121.59 62.7788 54.399 58.8109 38.8449 19.966 26.752
internal_count=641 139 502 261 227 241 159 82 109
is_linear=0
shrinkage=0.03


Tree=40
num_leaves=13
num_cat=0
split_feature=37 25 40 8 11 35 9 0 13 4 0 35
split_gain=9.43271 6.17618 5.07689 6.77898 4.24276 3.54862 3.41414 3.3811 4.23567 2.30617 2.14723 2.08951
threshold=0.019717993130543125 0.26365441906653431 -0.016048729264473312 -0.021574043714691443 0.050259702713735151 0.032465131591025827 0.10184635820749018 -0.0045601216526963686 -1.0000000180025095e-35 0.0084067597426510394 0.0071691311719882531 0.004257431469596896
decision_type=2 2 2 2 2 2 2 2 2 2 2 2
left_child=2 5 3 -1 -5 9 11 -3 -9 -2 -7 -4
right_child=1 7 6 4 -6 10 -8 8 -10 -11 -12 -13
leaf_value=0.016077853462208823 -0.0037367285773220174 0.018304968095593982 0.0059360816179859785 0 -0.025206384141360189 0.0075188848608313029 -0.0014691307533983085 -0.018471901626879259 0.0067398354106502946 -0.02443719199030751 -0.011078350009859099 0.025262631940664363
leaf_weight=11.500216856598852 9.2978889942169172 7.3858115822076824 11.985160455107691 15.40392227470875 8.1514769792556745 8.2975120842456835 7.5930420011281958 7.7269331365823808 12.886654734611506 23.178399428725243 9.5086455643177015 18.048180967569351
leaf_count=47 38 30 51 63 33 34 31 32 53 95 39 76
internal_value=-0.000437893 -0.00766191 0.00713867 -0.000735742 -0.0101473 -0.0138207 0.0145205 0.00308225 -0.00284525 -0.0195063 -0.00177071 0.0188706
internal_weight=150.964 78.2818 72.682 35.0556 23.5554 50.2824 37.6264 27.9994 20.6136 32.4763 17.8062 30.0333
internal_count=622 321 301 143 96 206 158 115 85 133 73 127
is_linear=0
shrinkage=0.03


Tree=41
num_leaves=12
num_cat=0
split_feature=37 6 25 36 36 3 0 13 17 11 36
split_gain=8.92988 6.45229 5.86575 5.42511 10.6414 4.5438 3.22631 4.03588 2.9895 2.47608 5.28576
threshold=0.019717993130543125 0.010002897473399134 0.26365441906653431 0.0058446579029881639 0.0048025343773244068 0.025482345219915107 -0.0045601216526963686 -1.0000000180025095e-35 -1.4667207110951705 0.066350248080891863 0.0050722237368389655
decision_type=2 2 2 2 2 2 2 2 2 2 2
left_child=1 3 9 4 -1 -3 -4 -8 -5 10 -2
right_child=2 5 6 8 -6 -7 7 -9 -10 -11 -12
leaf_value=0.019336867527603319 0.0055143803139581938 -0.018148677260205002 0.017887160866614099 0.0079652730764052122 -0.020173859278368487 0.0060748425353435382 -0.018041307519110612 0.006565760136662044 0.03036927585634721 -0.02446128141544817 -0.016414227763715327
leaf_weight=11.125006109476091 13.648051127791403 11.003612861037256 7.3784057050943401 14.200149685144426 9.4793396443128568 12.219998642802237 7.7218222171068254 12.884521901607508 14.518977195024489 13.337675899267195 23.245257303118706
leaf_count=46 56 45 30 58 39 50 32 53 63 55 95
internal_value=-0.000424689 0.00695276 -0.0074572 0.013014 0.000319139 -0.00533683 0.00300442 -0.00277206 0.0210197 -0.0134646 -0.00805002
internal_weight=150.763 72.5471 78.2157 49.3235 20.6043 23.2236 27.9847 20.6063 28.7191 50.231 36.8933
internal_count=622 301 321 206 85 95 115 85 121 206 151
is_linear=0
shrinkage=0.03


Tree=42
num_leaves=8
num_cat=0
split_feature=5 34 34 34 40 40 10
split_gain=6.54713 5.36338 6.00439 6.28191 3.29915 3.32909 1.38688
threshold=-0.0012555323383813819 0.039765647226320595 0.030210685170191879 0.0090423461855321258 -0.013586814766345766 -0.059148255344268423 0.0032445668075807847
decision_type=2 2 2 2 2 2 2
left_child=4 2 3 -2 5 -1 -6
right_child=1 -3 -4 -5 6 -7 -8
leaf_value=0.015034605694845302 -0.010116505038413166 0.013542459022411281 -0.026638879936741147 0.0053779631135164978 0.025233091282102209 -0.0078345260655883833 0.004097941005798216
leaf_weight=7.3256014585495022 53.641108125448227 11.355457946658133 10.037869229912756 37.811030015349388 10.597451269626619 12.562939405441282 7.243486985564231
leaf_count=30 221 47 41 156 46 51 30
internal_value=-0.000404627 -0.00412381 -0.0064689 -0.00357179 0.00998918 0.000507709 0.0186862
internal_weight=150.575 112.845 101.49 91.4521 37.7295 19.8885 17.8409
internal_count=622 465 418 377 157 81 76
is_linear=0
shrinkage=0.03


Tree=43
num_leaves=12
num_cat=0
split_feature=33 34 14 11 36 21 3 20 33 33 1
split_gain=6.36088 6.0173 5.94723 4.85992 5.26258 3.73287 6.3606 4.8661 3.13666 2.80304 1.21501
threshold=0.57108302868477645 0.0084672293851539866 3.9551610641250368 0.016429696802777508 0.0059373126222766305 0.016197565106920886 0.0356102382774185 0.019559328773820533 0.45355318707829179 0.25464581794303542 0.0039946749015479241
decision_type=2 2 2 2 2 2 2 2 2 2 2
left_child=2 3 9 -2 -5 7 -7 -3 -4 -1 -11
right_child=1 5 8 4 -6 6 -8 -9 -10 10 -12
leaf_value=0.00029367693449250626 -0.026518477172324743 0.0023694932125974399 -0.010645361212766522 -0.018079862341475631 0.0034898658408194986 0.024627149428846213 -0.0054592090467644166 -0.022104461753506593 0.01076132954742111 0.032946320589359035 0.0093424031115419449
leaf_weight=7.1806825697422054 13.153825074434279 25.78127084672451 13.929341629147531 14.794920951128004 22.47636304795742 12.038859426975252 9.2130120843648893 7.6612851321697226 7.7066299617290488 8.6547317653894442 7.8795986473560324
leaf_count=30 54 106 57 61 93 49 38 32 32 37 33
internal_value=-0.000376347 -0.00451173 0.00867801 -0.0118281 -0.00517504 0.00214823 0.0115915 -0.00374493 -0.00212038 0.0185117 0.0247289
internal_weight=150.471 105.12 45.351 50.4251 37.2713 54.6944 21.2519 33.4426 21.636 23.715 16.5343
internal_count=622 433 189 208 154 225 87 138 89 100 70
is_linear=0
shrinkage=0.03


Tree=44
num_leaves=12
num_cat=0
split_feature=37 28 6 2 17 21 34 34 2 36 38
split_gain=8.19776 5.86147 5.69713 8.346 6.02523 7.0328 3.58102 7.91261 6.97827 3.18779 2.06224
threshold=0.017686934477405662 2.5000000000000004 0.010002897473399134 0.023264206079883668 -1.5250484791241126 0.018425328102513575 0.0096596483548980778 0.029179363729959332 -0.010106681917512404 0.0051419596736966243 0.01204646150840614
decision_type=2 2 2 2 2 2 2 2 2 2 2
left_child=2 9 4 -4 5 -1 8 -8 -3 -2 -6
right_child=1 6 3 -5 10 -7 7 -9 -10 -11 -12
leaf_value=-0.0098558930484206261 0.020474745181008353 0.0035870156342304722 -0.026293579414930969 0.0083579439903034899 0.029220943637709648 0.021240614874622199 0.0068245047866821442 -0.021805418615233951 -0.026374391446412796 -0.0025891895553875827 0.0060759750673937806
leaf_weight=15.673981353640558 7.2907107770442989 8.0240179598331469 8.0846522301435488 13.911611586809157 15.458615437150003 8.2985256910324079 21.65318264067173 11.489931657910345 22.530737444758415 9.7176117449998838 8.2255554944276792
leaf_count=64 30 33 33 57 68 34 89 47 93 40 34
internal_value=-0.000355772 -0.00687825 0.00697345 -0.00488298 0.0127242 0.0011379 -0.0110926 -0.00335008 -0.0183084 0.00762223 0.0228657
internal_weight=150.359 80.7062 69.6529 21.9963 47.6567 23.9725 63.6979 33.1431 30.5548 17.0083 23.6842
internal_count=622 332 290 90 200 98 262 136 126 70 102
is_linear=0
shrinkage=0.03


Tree=45
num_leaves=11
num_cat=0
split_feature=18 36 13 5 36 35 32 2 37 3
split_gain=6.41516 7.55582 6.15151 7.00897 9.18497 4.62376 5.82963 5.01822 4.46024 1.61553
threshold=0.84658333068339486 0.0048865997776431375 -4.8005148036031811 0.0023723255980673268 0.0059031337116351992 0.048697796915044174 0.014117543859649142 0.0006207408926784953 0.01335639315092463 0.032916053208549186
decision_type=2 2 2 2 2 2 2 2 2 2
left_child=2 -2 3 -1 -5 6 -4 -7 -3 -10
right_child=1 8 5 4 -6 7 -8 -9 9 -11
leaf_value=0.011576610109804814 0.0075545351300319403 0 0.015523290154960064 -0.038206018117522889 0.0010211934016509288 0.0094910485132196059 -0.007468198098150634 -0.01911411308653814 -0.0082909742115130462 -0.031234092137470661
leaf_weight=8.9071020931005496 14.108655124902723 8.0021224319934863 57.590283811092377 8.1051367968320864 9.7435461878776533 8.8979528248310107 9.7043694704771024 8.7167901843786222 8.3684260249137896 12.697003751993178
leaf_count=37 58 33 240 33 40 37 40 36 34 53
internal_value=0.000411061 -0.00905187 0.00429683 -0.00757473 -0.0180911 0.0082985 0.0118714 -0.00440531 -0.0175625 -0.0242793
internal_weight=154.841 43.1762 111.665 26.7558 17.8487 84.9094 67.2947 17.6147 29.0676 21.0654
internal_count=641 178 463 110 73 353 280 73 120 87
is_linear=0
shrinkage=0.03


Tree=46
num_leaves=12
num_cat=0
split_feature=18 12 34 37 24 6 32 21 21 33 20
split_gain=6.06296 4.44714 5.9997 4.12524 3.95931 4.6908 5.35085 3.98992 11.7887 1.55475 1.01016
threshold=0.84658333068339486 62.629094087587667 0.001982249704764905 0.025304869562056024 -0.12834591626630057 -0.00040393682084765843 -0.0090174708415391974 0.013721459400306486 0.016284772449093505 0.67574992574992587 0.016793193258169612
decision_type=2 2 2 2 2 2 2 2 2 2 2
left_child=4 -2 -3 -4 5 6 -1 10 -9 -7 -6
right_child=1 2 3 -5 7 9 -8 8 -10 -11 -12
leaf_value=-0.015397238328830297 -0.025559953913446724 -0.022372166850343093 0.018773039246220157 -0.0040728246070052473 0.0068396448276372805 -0.0021429955223216308 0.0098910823924289269 -0.024233740543520975 0.01216221116675895 -0.022917388967428353 0.028786133240187493
leaf_weight=7.5421283543109885 9.0824043154716474 8.3570275306701642 9.0577291399240512 16.609718158841133 6.9016797542572013 8.3232929408550245 30.777452021837234 8.2369148135185224 33.462094396352768 7.5822500586509696 8.6814929544925672
leaf_count=31 37 35 37 69 30 35 127 34 138 31 37
internal_value=0.000376462 -0.00882752 -0.00277356 0.00422132 0.00415957 -0.00141291 0.00402489 0.00955737 0.00384949 -0.0143376 0.0218028
internal_weight=154.614 43.1069 34.0245 25.6674 111.507 54.2251 38.3196 57.2822 41.699 15.9055 15.5832
internal_count=641 178 141 106 463 224 158 239 172 66 67
is_linear=0
shrinkage=0.03


Tree=47
num_leaves=10
num_cat=0
split_feature=18 36 13 36 37 0 28 36 7
split_gain=5.75415 7.09391 5.70132 6.1006 4.21283 4.03223 4.71198 3.62144 0.615987
threshold=0.84658333068339486 0.0048865997776431375 -4.8005148036031811 0.0059031337116351992 0.01335639315092463 0.018782064606982955 5.5000000000000009 0.0075240820502567559 0.0292359296311928
decision_type=2 2 2 2 2 2 2 2 2
left_child=2 -2 3 -1 -3 6 -4 -5 -6
right_child=1 4 5 7 8 -7 -8 -9 -10
leaf_value=-0.022162251860989017 0.0074269942150661915 3.907872722330113e-05 0.01942487664401123 0.017415634170072504 -0.010283216083046425 -0.0070022530912540416 0.003481701076575128 -0.0083859897589504961 -0.029246570011148262
leaf_weight=11.685235887765886 14.103530436754225 7.9868867397308376 29.97437646985054 7.7066099345684034 8.8700665384531039 11.458722040057181 43.264954686164856 7.3082321286201477 12.083858728408812
leaf_count=48 58 33 125 32 36 47 181 30 51
internal_value=0.000341695 -0.00862911 0.00403136 -0.00739746 -0.0169127 0.00789471 0.010549 0.00446598 -0.023468
internal_weight=154.442 43.0443 111.398 26.7001 28.9408 84.6981 73.2393 15.0148 20.9539
internal_count=641 178 463 110 120 353 306 62 87
is_linear=0
shrinkage=0.03


Tree=48
num_leaves=11
num_cat=0
split_feature=37 7 18 36 34 34 37 10 21 12
split_gain=5.49395 4.80475 6.37635 8.25393 6.87034 4.28941 6.32305 4.15789 5.47202 3.47613
threshold=0.01601439565633345 -0.013001089056344266 0.84658333068339486 0.0048865997776431375 0.011970520060167413 -0.012751597448073691 -0.015033077603841092 -0.024874905021102563 0.014359757703094224 56.517560546776487
decision_type=2 2 2 2 2 2 2 2 2 2
left_child=5 -2 4 -4 -3 7 -7 -1 -9 -8
right_child=1 2 3 -5 -6 6 9 8 -10 -11
leaf_value=0.013975452038601868 -0.025180110598343811 -0.0041214595640549087 0.0067036551353067608 -0.022683678124283485 0.018635304537707082 -0.0023304910542472344 0.031241409595116714 0.0094502418511080866 -0.01931635353974645 0.0068578810132949213
leaf_weight=7.9396267533302334 7.34120088815689 26.684007927775383 11.644877523183821 20.636526882648468 17.885844260454178 14.470953851938246 13.194916397333147 7.1113082319498089 14.116978868842123 13.235316485166548
leaf_count=34 30 110 48 86 74 59 57 30 58 55
internal_value=0.000317659 -0.0046972 -0.00196129 -0.0118726 0.00509683 0.00651459 0.0126059 -0.00180655 -0.00905005 0.0209
internal_weight=154.262 84.1925 76.8513 32.2814 44.5699 70.0691 40.9012 29.1679 21.2283 26.4302
internal_count=641 348 318 134 184 293 171 122 88 112
is_linear=0
shrinkage=0.03


Tree=49
num_leaves=11
num_cat=0
split_feature=37 13 18 34 6 2 35 36 34 36
split_gain=5.23424 5.26591 5.5568 5.45895 4.94413 8.65639 3.53194 3.01333 2.32802 0.494411
threshold=0.01601439565633345 -4.8005148036031811 1.005188535576784 0.0090423461855321258 0.0084554981212854458 0.022316012353662876 0.014920402801057777 0.0069740304329113621 0.025455770057296493 0.005660661170519706
decision_type=2 2 2 2 2 2 2 2 2 2
left_child=4 9 3 -3 6 -6 7 -1 -8 -2
right_child=1 2 -4 -5 5 -7 8 -9 -10 -11
leaf_value=-0.010249045996235138 -0.026320016931676234 -0.0063106238933836089 -0.018577324449181622 0.011344430517430878 -0.024206134365257734 0.0099140034439394419 0.025332324437047089 0.010599878360067467 0.0032855235517818501 -0.0074267872130747052
leaf_weight=8.19800052046776 7.2974040508270246 27.173394829034805 11.079838365316389 31.208385229110718 9.4636484235525149 13.62187500298023 16.683201491832737 13.288937970995901 8.6844941079616529 7.326236680150032
leaf_count=34 30 112 47 129 39 56 71 57 36 30
internal_value=0.000313965 -0.00458072 -0.000704721 0.00294175 0.00637084 -0.00428994 0.0118911 0.00181127 0.0191245 -0.0197894
internal_weight=154.025 84.0853 69.4616 58.3818 69.9402 23.0855 46.8546 21.4869 25.3677 14.6236
internal_count=641 348 288 241 293 95 198 91 107 60
is_linear=0
shrinkage=0.03


end of trees

feature_importances:
macro_usdjpy_vol_20=41
macro_topix_ret_20=26
macro_nikkei_ret_20=22
month=19
volatility=18
macro_usdjpy_ret_20=18
return_1d=17
price_position_20d=17
macro_usdjpy_ret_60=15
ma_5_20_cross=14
return_3d=13
div_ma_60=13
macro_topix_vol_20=13
bb_bandwidth=12
div_ma_5=11
rsi_change=11
atr_pct=11
return_20d=10
macd=10
upper_shadow_pct=10
lower_shadow_pct=10
rsi=9
macd_signal=9
macd_hist_change=9
vol_ratio=9
return_5d=8
return_10d=8
div_ma_10=8
bb_pct_b=8
candle_body_pct=8
ma_20_60_cross=7
vol_change=6
gap=6
div_ma_20=5
streak=5
return_2d=3
macd_hist=3
day_of_week=2
macro_nikkei_above_200dma=1

parameters:
[boosting: gbdt]
[objective: binary]
[metric: binary_logloss]
[tree_learner: serial]
[device_type: cpu]
[data_sample_strategy: bagging]
[data: ]
[valid: ]
[num_iterations: 50]
[learning_rate: 0.03]
[num_leaves: 15]
[num_threads: 0]
[seed: 42]
[deterministic: 0]
[force_col_wise: 0]
[force_row_wise: 0]
[histogram_pool_size: -1]
[max_depth: 4]
[min_data_in_leaf: 30]
[min_sum_hessian_in_leaf: 0.001]
[bagging_fraction: 0.7]
[pos_bagging_fraction: 1]
[neg_bagging_fraction: 1]
[bagging_freq: 5]
[bagging_seed: 400]
[bagging_by_query: 0]
[feature_fraction: 0.6]
[feature_fraction_bynode: 1]
[feature_fraction_seed: 30056]
[extra_trees: 0]
[extra_seed: 12879]
[early_stopping_round: 0]
[early_stopping_min_delta: 0]
[first_metric_only: 0]
[max_delta_step: 0]
[lambda_l1: 0.5]
[lambda_l2: 2]
[linear_lambda: 0]
[min_gain_to_split: 0]
[drop_rate: 0.1]
[max_drop: 50]
[skip_drop: 0.5]
[xgboost_dart_mode: 0]
[uniform_drop: 0]
[drop_seed: 17869]
[top_rate: 0.2]
[other_rate: 0.1]
[min_data_per_group: 100]
[max_cat_threshold: 32]
[cat_l2: 10]
[cat_smooth: 10]
[max_cat_to_onehot: 4]
[top_k: 20]
[monotone_constraints: ]
[monotone_constraints_method: basic]
[monotone_penalty: 0]
[feature_contri: ]
[forcedsplits_filename: ]
[refit_decay_rate: 0.9]
[cegb_tradeoff: 1]
[cegb_penalty_split: 0]
[cegb_penalty_feature_lazy: ]
[cegb_penalty_feature_coupled: ]
[path_smooth: 0]
[interaction_constraints: ]
[verbosity: -1]
[saved_feature_importance_type: 0]
[use_quantized_grad: 0]
[num_grad_quant_bins: 4]
[quant_train_renew_leaf: 0]
[stochastic_rounding: 1]
[linear_tree: 0]
[max_bin: 255]
[max_bin_by_feature: ]
[min_data_in_bin: 5]
[bin_construct_sample_cnt: 200000]
[data_random_seed: 175]
[is_enable_sparse: 1]
[enable_bundle: 1]
[use_missing: 1]
[zero_as_missing: 0]
[feature_pre_filter: 1]
[pre_partition: 0]
[two_round: 0]
[header: 0]
[label_column: ]
[weight_column: ]
[group_column: ]
[ignore_column: ]
[categorical_feature: ]
[forcedbins_filename: ]
[precise_float_parser: 0]
[parser_config_file: ]
[objective_seed: 16083]
[num_class: 1]
[is_unbalance: 0]
[scale_pos_weight: 1]
[sigmoid: 1]
[boost_from_average: 1]
[reg_sqrt: 0]
[alpha: 0.9]
[fair_c: 1]
[poisson_max_delta_step: 0.7]
[tweedie_variance_power: 1.5]
[lambdarank_truncation_level: 30]
[lambdarank_norm: 1]
[label_gain: ]
[lambdarank_position_bias_regularization: 0]
[eval_at: ]
[multi_error_top_k: 1]
[auc_mu_weights: ]
[num_machines: 1]
[local_listen_port: 12400]
[time_out: 120]
[machine_list_filename: ]
[machines: ]
[gpu_platform_id: -1]
[gpu_device_id: -1]
[gpu_use_dp: 0]
[num_gpu: 1]

end of parameters

pandas_categorical:[]
