tree
version=v4
num_class=1
num_tree_per_iteration=1
label_index=0
max_feature_idx=44
objective=binary sigmoid:1
feature_names=return_1d return_2d return_3d return_5d return_10d return_20d div_ma_5 div_ma_10 div_ma_20 div_ma_60 ma_5_20_cross ma_20_60_cross rsi rsi_change macd macd_signal macd_hist macd_hist_change bb_pct_b bb_bandwidth atr_pct volatility vol_change vol_ratio candle_body_pct upper_shadow_pct lower_shadow_pct day_of_week month is_month_end is_month_start streak gap price_position_20d macro_usdjpy_ret_20 macro_usdjpy_ret_60 macro_usdjpy_vol_20 macro_topix_ret_20 macro_topix_vol_20 macro_topix_above_200dma macro_nikkei_ret_20 macro_nikkei_above_200dma macro_nikkei_vi macro_jgb10y macro_bias_score
feature_infos=[-0.08998342410608573:0.098630136986301409] [-0.12659090909090909:0.1462399167317201] [-0.18958245466048085:0.15846994535519121] [-0.1956885726245291:0.19698152485037723] [-0.1721649484536083:0.25631017434296122] [-0.18907392363931763:0.32500650533437425] [-0.12312326016519881:0.065407798078734272] [-0.13665670702940719:0.071963427130133234] [-0.15452697552299485:0.10344227905611782] [-0.18837889202437783:0.19571724791810657] [-0.10060494052671742:0.084427362238728598] [-0.096776128249273285:0.10469874453048633] [8.9709762532981472:91.891891891891888] [-21.361363058404677:34.541519195188734] [-214.17157527709151:160.01799357818618] [-174.87759164473817:141.66388464243769] [-79.353853718466553:68.581447762036646] [-39.672322527598858:27.29331678903651] [-0.4506449203614159:1.401901282826606] [0.028043880450589889:0.30805203127185676] [0.0094208922139096696:0.052406832298136648] [0.0058160750964768235:0.042906960731702255] [-0.90090628423463803:4.8037400985382588] [0.51147786911122772:2.1065748981165942] [-1:1] [0:0.92000000000000004] [0:0.92957746478873238] [0:4] [1:12] none [0:1] [-7:7] [-0.081699346405228801:0.098879202988791937] [0:1] [-0.10288784967882303:0.08505611680078462] [-0.13986255140503889:0.13160084488587853] [0.0024251968629527628:0.011841457708833433] [-0.21871130063915301:0.21255327098343968] [0.0039190675958463003:0.04064098432711951] [0:1] [-0.22859537662338159:0.23022297972565586] [0:1] none none none
tree_sizes=672 1098 1095 1200 1188 1176 1177 1304 1286 1091 1022 756 1091 993 875 1421 1514 1395 1364 1416 882 961 1197 972 1397 872 997 766 1081 971 994 1074 961 978 1078 973 1186 888 1424 1102 874 1507 891 980 997 986 980 979 985 979

Tree=0
num_leaves=5
num_cat=0
split_feature=18 15 14 5
split_gain=11.8905 8.22292 15.2824 11.3628
threshold=0.032075051262471309 -65.65928008871721 -47.304957325670323 -0.020652307237698616
decision_type=2 2 2 2
left_child=-1 -2 -3 -4
right_child=1 2 3 -5
leaf_value=-0.048206615007909723 -0.054394490032434926 -0.11647508976421891 -0.06228991790820694 -0.084004640321137775
leaf_weight=8.9860374927520734 7.9875888824462882 8.9860374927520734 25.2108274102211 103.83865547180176
leaf_count=36 32 36 101 416
internal_value=-0.0783893 -0.0805339 -0.0824808 -0.0794606
internal_weight=155.009 146.023 138.036 129.049
internal_count=621 585 553 517
is_linear=0
shrinkage=1


Tree=1
num_leaves=9
num_cat=0
split_feature=20 12 8 28 36 36 9 12
split_gain=13.3524 11.1263 8.18784 7.38426 12.6685 7.31119 6.23076 5.2326
threshold=0.020591249940790195 58.213641052088711 -0.023570693548753907 5.5000000000000009 0.0065716592877551995 0.0071034741981649404 -0.039444675771635865 39.689826302729536
decision_type=2 2 2 2 2 2 2 2
left_child=2 7 6 5 -5 -4 -1 -2
right_child=1 -3 3 4 -6 -7 -8 -9
leaf_value=-0.0036637101095691365 0.0044789392959735013 -0.0073854047677712857 -0.006431960855840713 -0.0039114100474270394 -0.032589944774493319 0.019750508226070908 0.028135191861902081 0.036233842922945382
leaf_weight=8.7344719469547289 8.7381256967782992 10.732335388660429 25.708153381943703 43.425388842821121 19.96548618376255 12.478475436568258 9.2417987883090955 15.976426303386686
leaf_count=35 35 43 103 174 80 50 37 64
internal_value=0.000424121 0.0161674 -0.00430945 -0.00773133 -0.0138939 0.00230772 0.0131137 0.0267439
internal_weight=155.001 35.4469 119.554 101.578 63.3909 38.1866 17.9763 24.7146
internal_count=621 142 479 407 254 153 72 99
is_linear=0
shrinkage=0.03


Tree=2
num_leaves=9
num_cat=0
split_feature=20 14 8 15 28 36 36 15
split_gain=12.6319 13.3923 7.76094 7.50067 7.00379 12.0086 6.92981 5.4867
threshold=0.020591249940790195 27.283870436612236 -0.023570693548753907 -17.612858854976349 5.5000000000000009 0.0065716592877551995 0.0071034741981649404 -23.525950789663835
decision_type=2 2 2 2 2 2 2 2
left_child=2 7 3 -1 6 -6 -4 -2
right_child=1 -3 4 -5 5 -7 -8 -9
leaf_value=-0.0072761081847874847 0.0057543633543500547 -0.0070447098393091523 -0.0062545058328005833 0.027841716729658187 -0.003799841632251093 -0.031748058778761086 0.019227749561576846 0.039672620163138349
leaf_weight=7.7347730100154903 8.490363821387291 12.98008920252323 25.70127709209919 10.246014937758444 43.418240755796432 19.933577284216881 12.48743614554405 13.991095021367073
leaf_count=31 34 52 103 41 174 80 50 56
internal_value=0.000418739 0.0157293 -0.00418452 0.0127682 -0.00752003 -0.0135257 0.00224697 0.0289923
internal_weight=154.983 35.4615 119.521 17.9808 101.541 63.3518 38.1887 22.4815
internal_count=621 142 479 72 407 254 153 90
is_linear=0
shrinkage=0.03


Tree=3
num_leaves=10
num_cat=0
split_feature=20 14 17 19 19 23 19 23 4
split_gain=11.9672 12.7215 7.89931 12.596 7.79541 7.38899 6.21293 4.46884 2.14365
threshold=0.020591249940790195 27.283870436612236 0.25787967053112842 0.071219673545315249 0.09369674994549361 0.74556072281151209 0.11041948889465497 1.0766865003084278 -0.0011139238385982628
decision_type=2 2 2 2 2 2 2 2 2
left_child=2 6 5 8 -5 -1 -2 -7 -4
right_child=1 -3 3 4 -6 7 -8 -9 -10
leaf_value=-0.019949143850161298 0.040895242568471483 -0.0068632665472251504 -0.0084234330050007526 0.014436308276681154 -0.016520958820988536 0.012564419354960204 0.0062620211531394668 -0.004489939525517803 -0.032054904817791219
leaf_weight=8.7251125723123533 12.747942388057711 12.976474970579146 8.7186129987239855 16.465976446866993 9.9764799326658231 39.162751138210297 9.7422390729188901 17.962843239307404 18.460992515087128
leaf_count=35 51 52 35 66 40 157 39 72 74
internal_value=0.000414271 0.0153166 -0.0040655 -0.0124491 0.00188864 0.0027059 0.028242 0.00697759 -0.0260854
internal_weight=154.939 35.4667 119.473 53.6221 26.4425 65.8507 22.4902 57.1256 27.1796
internal_count=621 142 479 215 106 264 90 229 109
is_linear=0
shrinkage=0.03


Tree=4
num_leaves=10
num_cat=0
split_feature=21 13 36 3 21 14 22 1 40
split_gain=15.5452 11.5687 7.39588 7.31706 7.38537 6.79553 5.81053 3.38595 2.89195
threshold=0.018542219852674305 -2.2249226886968105 0.0064025124615287952 0.0018978895803881681 0.01276222315925289 32.697851517586521 -0.082084207161453357 -0.0044055176590800374 0.05249650944735907
decision_type=2 2 2 2 2 2 2 2 2
left_child=1 2 8 4 -3 -2 -5 -4 -1
right_child=5 3 7 6 -6 -7 -8 -9 -10
leaf_value=0.021459663992009249 0.033606493534720186 -0.012939487684971707 0.0035850973570668572 -0.032885192897040415 0.012709734033397561 0.00022046119562874067 -0.0086796287752257256 -0.01820042360556243 0
leaf_weight=22.215486541390423 14.240442633628847 19.193290263414383 12.229658633470537 15.705458655953406 17.217101633548737 9.7182188034057599 27.180403053760529 8.9729781448841077 8.2322655171155912
leaf_count=89 57 77 49 63 69 39 109 36 33
internal_value=0.00038776 -0.00366708 0.00704529 -0.0108309 -0.000390157 0.0217025 -0.0189486 -0.0057622 0.0162316
internal_weight=154.905 130.947 51.6504 79.2963 36.4104 23.9587 42.8859 21.2026 30.4478
internal_count=621 525 207 318 146 96 172 85 122
is_linear=0
shrinkage=0.03


Tree=5
num_leaves=10
num_cat=0
split_feature=21 14 15 20 28 36 21 23 15
split_gain=15.552 8.99638 23.1727 13.705 8.14827 6.92756 6.2939 6.14852 5.02829
threshold=0.018786315106055999 3.1450849201205533 -17.612858854976349 0.01510018788278729 6.5000000000000009 0.00452127651180798 0.011922553047659367 0.88831174398474433 16.826911994254974
decision_type=2 2 2 2 2 2 2 2 2
left_child=1 2 6 4 -3 -5 -1 -4 -2
right_child=8 3 7 5 -6 -7 -8 -9 -10
leaf_value=-0.025580160806593089 0.030254869504360755 0.018125790736089449 0.00071970788532027996 -0.0015050532617088589 -0.015975975818899046 -0.027759694536824444 0 0.030558300631801111 0.0011065432406792267
leaf_weight=17.669825330376629 13.741143256425859 15.213523089885713 10.474684402346613 13.716565445065497 7.7258371859788886 36.892721071839333 13.725359648466108 18.967085510492325 9.9726861119270307
leaf_count=71 55 61 42 55 31 148 55 76 40
internal_value=-0.00167428 -0.00577441 0.00253241 -0.0127292 0.00567893 -0.0212568 -0.0146898 0.0211406 0.0196196
internal_weight=158.099 134.386 60.837 73.5486 22.9394 50.6093 31.3952 29.4418 23.7138
internal_count=634 539 244 295 92 203 126 118 95
is_linear=0
shrinkage=0.03


Tree=6
num_leaves=10
num_cat=0
split_feature=21 17 20 14 1 16 5 37 37
split_gain=14.7544 9.49313 10.308 18.7982 8.20716 7.48388 6.53725 4.29001 0.630404
threshold=0.018786315106055999 0.58892326069595324 0.01510018788278729 3.1450849201205533 0.022028569406674196 1.9306700337550373 -0.011865263773994437 0.046245645516964314 -0.0048739530927431321
decision_type=2 2 2 2 2 2 2 2 2
left_child=1 2 5 -4 6 -1 -3 8 -2
right_child=7 4 3 -5 -6 -7 -8 -9 -10
leaf_value=-0.0032810322310323145 0.011959625618079417 -0.0046492957489221807 0.01582392160753196 -0.019916875995474263 0.0065676950672765811 0.029689204845491392 -0.028272557988230397 0 0.0348582749656745
leaf_weight=8.2201558053493518 7.7416842579841623 19.919457137584686 19.721824765205383 31.392954736948013 11.712927937507628 14.224525064229963 29.119391575455666 7.730876997113227 8.2367556542158127
leaf_count=33 31 80 79 126 47 57 117 31 33
internal_value=-0.0016134 -0.00561121 0.00147965 -0.00576787 -0.0142095 0.01772 -0.0195289 0.0191251 0.0271627
internal_weight=158.021 134.311 73.5595 51.1148 60.7518 22.4447 49.0388 23.7093 15.9784
internal_count=634 539 295 205 244 90 197 95 64
is_linear=0
shrinkage=0.03


Tree=7
num_leaves=11
num_cat=0
split_feature=15 5 28 15 37 20 20 36 37 3
split_gain=11.5507 18.7634 15.2449 13.9163 16.2522 8.40013 8.23127 6.67335 9.46605 4.46114
threshold=22.20552317786041 0.078145670834075656 5.5000000000000009 -17.612858854976349 0.051169296057535736 0.01894590737661284 0.020681654112337543 0.0046947725878894427 1.0000000180025095e-35 -0.018584467088168462
decision_type=2 2 2 2 2 2 2 2 2 2
left_child=3 7 -3 6 5 -5 9 -2 -9 -1
right_child=1 2 -4 4 -6 -7 -8 8 -10 -11
leaf_value=0.00059618917484763464 -0.00436238096893475 0.039254267671829997 -0.012477175907600162 0.01076623646156491 -0.016183547704934822 0.038360764098484983 0.011097992344147337 -0.0021887142734946059 -0.042531682037815544 -0.02414280335829673
leaf_weight=7.4782208800315884 14.700217723846434 7.9856778830289867 8.4575578570365888 34.400130897760391 11.452951475977896 15.461661115288733 10.736382022500036 8.4727220088243502 18.154981702566147 20.63291534781456
leaf_count=30 59 32 34 138 46 62 43 34 73 83
internal_value=-0.0015438 -0.012071 0.0133653 0.00449868 0.0133305 0.0207616 -0.00904395 -0.0226874 -0.0312686 -0.017461
internal_weight=157.933 57.7712 16.4432 100.162 61.3147 49.8618 38.8475 41.3279 26.6277 28.1111
internal_count=634 232 66 402 246 200 156 166 107 113
is_linear=0
shrinkage=0.03


Tree=8
num_leaves=11
num_cat=0
split_feature=15 5 28 15 37 11 14 11 24 13
split_gain=10.9536 17.8432 14.5187 13.1354 15.4212 11.249 8.68392 6.57538 4.29735 4.12001
threshold=22.20552317786041 0.078145670834075656 5.5000000000000009 -17.612858854976349 0.051169296057535736 -0.037984702379091011 -47.304957325670323 0.013083045452868871 -0.49528301886792447 3.5778102815928468
decision_type=2 2 2 2 2 2 2 2 2 2
left_child=3 8 -3 5 7 -1 -7 -5 -2 -10
right_child=1 2 -4 4 -6 6 -8 -9 9 -11
leaf_value=0.011618236461868544 -0.0022670062488416047 0.038281246374402465 -0.012183271231527926 0.025811195895286916 -0.01578300734048025 -0.040025550083037341 -0.0039806306309480002 0 -0.033907632809080282 -0.0060492301233499527
leaf_weight=13.467013254761694 9.7036481499671918 7.9936919510364559 8.4500972926616651 38.657943040132523 11.44221320748329 9.6825773864984495 15.659889832139017 11.207634806632994 22.615342929959301 8.9453413039445859
leaf_count=54 39 32 34 155 46 39 63 45 91 36
internal_value=-0.00149952 -0.0117595 0.0130263 0.00438197 0.0129632 -0.00877736 -0.0202213 0.0202029 -0.0221289 -0.0272896
internal_weight=157.825 57.7081 16.4438 100.117 61.3078 38.8095 25.3425 49.8656 41.2643 31.5607
internal_count=634 232 66 402 246 156 102 200 166 127
is_linear=0
shrinkage=0.03


Tree=9
num_leaves=9
num_cat=0
split_feature=21 17 20 12 1 16 15 3
split_gain=13.2244 9.03984 9.48288 13.0547 7.41097 6.73102 4.50298 4.11337
threshold=0.018786315106055999 0.58892326069595324 0.01510018788278729 59.838492305016963 0.022028569406674196 1.9306700337550373 16.826911994254974 1.0000000180025095e-35
decision_type=2 2 2 2 2 2 2 2
left_child=1 2 5 -4 7 -1 -2 -3
right_child=6 4 3 -5 -6 -7 -8 -9
leaf_value=-0.0027079030933391899 0.028224490813688111 -0.0020047300038832649 0.0026646137630767465 -0.031672575207079778 0.0060322101557309556 0.028547045412309058 0.00066015186721329704 -0.023653208107211318
leaf_weight=8.2042208760976809 13.709189400076868 12.41637961566448 40.085681453347206 10.906563565135 11.710196509957312 14.227853268384932 9.9701918363571149 36.485611543059349
leaf_count=33 55 50 161 44 47 57 40 147
internal_value=-0.00147911 -0.00527449 0.00164381 -0.00531478 -0.0136795 0.0172161 0.018158 -0.018746
internal_weight=157.716 134.037 73.4243 50.9922 60.6122 22.4321 23.6794 48.902
internal_count=634 539 295 205 244 90 95 197
is_linear=0
shrinkage=0.03


Tree=10
num_leaves=9
num_cat=0
split_feature=35 17 35 35 16 2 3 27
split_gain=12.028 11.7806 9.09861 9.95163 5.56684 5.39415 9.04619 2.57299
threshold=-0.056255757477277006 0.10780762891798547 0.0046911314008757374 0.034654756365754109 -7.4330524414536923 0.03845991812856709 0.02065056564291479 1.5000000000000002
decision_type=2 2 2 2 2 2 2 2
left_child=4 2 7 -4 -1 6 -3 -2
right_child=1 5 3 -5 -6 -7 -8 -9
leaf_value=0 -0.021952704287133355 -0.006391090007634671 0.02607629390936048 0 0.033446253759780317 0.0085331395385089513 -0.032736586838461257 0
leaf_weight=7.4604941010475185 8.4558487385511416 38.22296130657196 21.917481973767281 30.085947513580322 10.970192506909369 7.4730446934700003 17.36312198638916 11.453295722603796
leaf_count=30 34 154 88 121 44 30 70 46
internal_value=0 -0.00311168 0.00499109 0.0116319 0.0215624 -0.012452 -0.0157321 -0.0111488
internal_weight=153.402 134.972 71.9126 52.0034 18.4307 63.0591 55.5861 19.9091
internal_count=617 543 289 209 74 254 224 80
is_linear=0
shrinkage=0.03


Tree=11
num_leaves=6
num_cat=0
split_feature=35 14 3 35 16
split_gain=11.4355 11.2944 11.7829 8.31698 5.28254
threshold=-0.056255757477277006 92.839426760111124 -0.031922523971151466 0.010217251351392511 -7.4330524414536923
decision_type=2 2 2 2 2
left_child=4 2 -2 -4 -1
right_child=1 -3 3 -5 -6
leaf_value=0 0.021158971112199942 0.023777279320526597 -0.020728518815229333 -0.0030364073179543938 0.032607048059417436
leaf_weight=7.4604941010475185 10.957954898476599 10.695270493626593 34.758150205016136 78.504927113652229 10.966471418738363
leaf_count=30 44 43 140 316 44
internal_value=0 -0.00303362 -0.00580102 -0.00886136 0.0210275
internal_weight=153.343 134.916 124.221 113.263 18.427
internal_count=617 543 500 456 74
is_linear=0
shrinkage=0.03


Tree=12
num_leaves=9
num_cat=0
split_feature=38 17 37 33 20 3 3 38
split_gain=10.2697 10.6836 6.11546 9.71753 7.07802 5.40165 8.41311 5.99868
threshold=0.018027802689417078 0.10780762891798547 0.030673746043742959 0.178119368063826 0.01615251068289103 0.02065056564291479 0.04800797150586212 0.0070408782178053618
decision_type=2 2 2 2 2 2 2 2
left_child=1 2 3 -1 -4 7 -7 -3
right_child=-2 5 4 -5 -6 6 -8 -9
leaf_value=0.014901394591375194 0.025702322086625106 -0.024022802670958868 0.029995697753254436 -0.01292261343881765 0.0020051298816110949 -0.03221798284526823 0.0028836339128815759 0.002307700107411801
leaf_weight=16.183398112654686 10.949200347065924 7.9030770510435095 13.222834825515745 27.334019184112549 20.876006320118904 17.321608960628513 7.473114237189292 32.01819372177124
leaf_count=65 44 32 53 110 84 70 30 129
internal_value=1.68538e-05 -0.0021839 0.00514185 -0.00204568 0.0143353 -0.0110855 -0.021653 -0.00344445
internal_weight=153.281 142.332 77.6163 43.5174 34.0988 64.716 24.7947 39.9213
internal_count=617 573 312 175 137 261 100 161
is_linear=0
shrinkage=0.03


Tree=13
num_leaves=8
num_cat=0
split_feature=38 17 38 40 16 36 7
split_gain=9.75234 10.1527 5.83499 5.13944 5.01175 8.69091 4.03004
threshold=0.018027802689417078 0.10780762891798547 0.01204646150840614 -0.022572985183564483 8.268261220981687 0.00452127651180798 0.035296466320119131
decision_type=2 2 2 2 2 2 2
left_child=1 2 3 -1 5 -3 -6
right_child=-2 4 -4 -5 6 -7 -8
leaf_value=-0.0092130943995671882 0.025064040036454783 0.017684288267741665 -0.012248773817145361 0.012321796673860068 -0.033872213873761714 -0.011639605274300109 -0.0028084946480698048
leaf_weight=9.7143487036228162 10.942222371697424 9.7065981924533826 12.173004657030104 55.711170703172684 10.874597549438478 36.608900785446167 7.4629440754652014
leaf_count=39 44 39 49 224 44 148 30
internal_value=2.52916e-05 -0.00211755 0.00501992 0.0087234 -0.0108028 -0.00470593 -0.023487
internal_weight=153.194 142.252 77.5985 65.4255 64.653 46.3155 18.3375
internal_count=617 573 312 263 261 187 74
is_linear=0
shrinkage=0.03


Tree=14
num_leaves=7
num_cat=0
split_feature=35 3 35 35 16 11
split_gain=10.4264 9.53938 10.6142 9.02594 5.01476 3.48057
threshold=-0.056255757477277006 -0.031922523971151466 0.010217251351392511 0.039505712788034282 -7.4330524414536923 -0.0093008348896738129
decision_type=2 2 2 2 2 2
left_child=4 -2 5 -4 -1 -3
right_child=1 2 3 -5 -6 -7
leaf_value=0 0.021215418367515133 -0.030374105924406022 0.0099471502795132703 -0.008822097963260566 0.031411840060214531 -0.0089093260274921583
leaf_weight=7.449673235416415 11.199737802147864 13.836176350712774 42.232274100184441 46.140525281429291 10.936272338032721 21.334183767437935
leaf_count=30 45 56 170 186 44 86
internal_value=9.97841e-06 -0.00287824 -0.0054851 3.1497e-06 0.0201181 -0.0189372
internal_weight=153.129 134.743 123.543 88.3728 18.3859 35.1704
internal_count=617 543 498 356 74 142
is_linear=0
shrinkage=0.03


Tree=15
num_leaves=12
num_cat=0
split_feature=17 20 5 20 40 36 38 25 3 40 35
split_gain=8.31105 13.1332 6.76304 9.8764 10.5041 6.6284 6.14747 5.81811 4.74506 3.17785 1.68136
threshold=1.4628597625089166 0.016782303119137226 0.0063326776027355933 0.01510018788278729 0.041145533942059893 0.0076140057937867777 0.0072506190487595934 0.24880952380952384 0.014685475148990547 -0.023458395231907733 0.035920908882282949
decision_type=2 2 2 2 2 2 2 2 2 2 2
left_child=2 10 6 4 -4 8 -1 -5 -3 -8 -2
right_child=1 5 3 7 -6 -7 9 -9 -10 -11 -12
leaf_value=-0.0061687532132883209 -0.030893356647866868 0.0080317458400265447 -0.0040289990329036296 0.0024266949714751664 0.038413538813118389 0.023267495761929664 0.0040843589138407563 -0.021079411507325431 -0.015299483115463497 0.025109930282681405 -0.0072578468730221885
leaf_weight=8.172242805361746 13.774195477366449 13.157368943095209 9.2020758837461489 15.890976533293722 7.9630519151687613 9.4130522608757001 11.694208502769468 17.337937161326408 13.618164122104643 28.357314273715019 7.4323783069849005
leaf_count=33 56 53 37 64 32 38 47 70 55 114 30
internal_value=0.00193899 -0.0068597 0.00724344 -0.000222038 0.0168318 0.0038845 0.0150417 -0.00991278 -0.00355197 0.0198138 -0.0245955
internal_weight=156.013 57.3952 98.6178 50.394 17.1651 36.1886 48.2238 33.2289 26.7755 40.0515 21.2066
internal_count=629 232 397 203 69 146 194 134 108 161 86
is_linear=0
shrinkage=0.03


Tree=16
num_leaves=13
num_cat=0
split_feature=14 15 21 32 7 40 37 36 21 21 27 28
split_gain=10.7176 22.198 10.0759 8.56758 7.00369 5.65565 7.51676 5.64177 4.74726 7.63347 2.70419 1.62346
threshold=3.7978205512740719 -17.612858854976349 0.011922553047659367 0.00054488660183149584 -0.0034734580318734718 0.040222250475199235 0.065507382456691202 0.0071333786806057464 0.01376551221238345 0.011818411846330576 2.5000000000000004 6.5000000000000009
decision_type=2 2 2 2 2 2 2 2 2 2 2 2
left_child=1 2 11 -4 10 7 -7 -6 9 -3 -2 -1
right_child=4 8 3 -5 5 6 -8 -9 -10 -11 -12 -13
leaf_value=-0.029398706352695189 -0.027789952686514061 0.030041327911591881 0.024438415202535833 -0.0098848569170961118 -0.015838917609578524 0.019294104563591652 -0.0096553507848204587 0.010483546048904734 0.042132276549532936 -0.0034277840016869758 -0.0038406632658915469 -0.0061246646415968539
leaf_weight=9.0852844715118426 12.149397432804109 11.187685668468477 11.424506559967996 10.415245458483694 23.766410648822788 20.08292651176453 10.404460430145262 7.9327474534511557 12.641105994582174 9.4457383602857572 9.4580199271440488 7.9042972773313513
leaf_count=37 49 45 46 42 96 81 42 32 51 38 38 32
internal_value=0.00188542 0.010291 -0.00480544 0.00798459 -0.00524394 0 0.00896658 -0.00857534 0.0276065 0.0151078 -0.0191557 -0.021146
internal_weight=155.898 72.1039 38.8293 21.8398 83.794 62.1865 30.4874 31.6992 33.2745 20.6334 21.6074 16.9896
internal_count=629 291 157 88 338 251 123 128 134 83 87 69
is_linear=0
shrinkage=0.03


Tree=17
num_leaves=12
num_cat=0
split_feature=15 15 11 18 15 24 36 36 15 13 38
split_gain=7.8951 10.791 14.4314 13.244 10.2497 8.83166 6.98157 7.578 5.10045 2.81181 0.218551
threshold=21.771133359222507 -22.878907196986543 -0.037984702379091011 0.74737340426873622 39.964656852365344 -0.49528301886792447 0.0075713970907196277 0.0053029672641741509 -34.969583722877211 1.2817463519040191 0.0084086498360949041
decision_type=2 2 2 2 2 2 2 2 2 2 2
left_child=1 2 -1 5 10 -3 7 -6 -4 -5 -2
right_child=4 3 8 9 6 -7 -8 -9 -10 -11 -12
leaf_value=0.014623212183708491 -0.030307264598586528 0 -0.036093317528865104 0.0047552668828337525 -0.0012586124995481909 0.028902291350809881 -0.017020361000349832 0.029907211087033352 -0.0037317077118981215 -0.016329099390631437 -0.013275151805497133
leaf_weight=14.389801666140555 8.1375103741884249 12.666676074266432 9.8135063201189023 7.7073258906602886 15.620576456189157 36.223122298717499 8.8898571133613569 9.4303892552852613 9.6261257231235522 10.377226606011389 12.882054716348646
leaf_count=58 33 51 40 31 63 146 36 38 39 42 52
internal_value=0.00182666 0.00684468 -0.00642216 0.0137553 -0.00703081 0.0217079 0.00290267 0.0112629 -0.0226111 -0.00701773 -0.0225809
internal_weight=155.764 100.804 33.8294 66.9744 54.9604 48.8898 33.9408 25.051 19.4396 18.0846 21.0196
internal_count=629 407 137 270 222 197 137 101 79 73 85
is_linear=0
shrinkage=0.03


Tree=18
num_leaves=12
num_cat=0
split_feature=14 15 1 5 14 4 13 9 28 36 20
split_gain=9.79908 20.9195 9.75137 7.8824 6.69906 5.94084 5.29179 4.23377 3.34811 2.19753 5.27236
threshold=3.1450849201205533 -17.612858854976349 0.0015782503672521211 0.079760519784382158 56.22486161657708 -0.032298022235077044 -2.3429588803039603 -0.033793469847589817 5.5000000000000009 0.005551938831567846 0.018098663023650482
decision_type=2 2 2 2 2 2 2 2 2 2 2
left_child=1 2 5 4 6 -1 -2 -4 -5 -3 -11
right_child=3 9 7 8 -6 -7 -8 -9 -10 10 -12
leaf_value=-0.0084441455064539119 0.0057798041082900067 0.039074135371089794 0 0.024204023930548456 -0.029878050501821546 0.022347423393510313 -0.012101949900250557 -0.028833654068990494 0 0.0026264434397446261 0.033671588827913788
leaf_weight=7.4230763614177731 22.364819064736366 11.420116379857062 8.1368017643690127 7.7111151218414333 10.575517416000364 11.391947388648985 34.339429393410683 11.780175626277922 9.6814808100461942 12.917514756321909 7.8984032720327368
leaf_count=30 90 46 33 31 43 46 139 48 39 52 32
internal_value=0.0017464 0.0098974 -0.00465631 -0.00498302 -0.00973857 0.00983452 -0.00483703 -0.0186781 0.0117465 0.0270725 0.0169827
internal_weight=155.64 70.968 38.732 84.6724 67.2798 18.815 56.7042 19.917 17.3926 32.236 20.8159
internal_count=629 287 157 342 272 76 229 81 70 130 84
is_linear=0
shrinkage=0.03


Tree=19
num_leaves=12
num_cat=0
split_feature=17 19 19 15 5 10 24 19 34 25 37
split_gain=7.69376 14.8319 8.55538 7.51151 7.67634 5.15946 5.13874 7.71461 4.20421 3.69665 0.442969
threshold=1.4628597625089166 0.071219673545315249 0.080901429965355431 21.771133359222507 0.079760519784382158 0.0030857296739870148 -0.42264957264957259 0.05774297236144664 0.0013658598621949516 0.24190177638453506 0.019717993130543125
decision_type=2 2 2 2 2 2 2 2 2 2 2
left_child=3 10 -3 6 5 -5 8 -8 -1 -4 -2
right_child=1 2 9 4 -6 -7 7 -9 -10 -11 -12
leaf_value=0.015560356827804685 -0.012270673611405077 0.027179836787782605 -0.013274030767470585 0.003257669016296105 0.015188854468032541 -0.020490639554350824 0.00040420912732527288 0.03029365892415059 -0.0093613242745081444 0.0070315939530772474 -0.031957839316380562
leaf_weight=8.6720665842294711 8.8344670087099093 8.9198710322380048 15.085598886013033 11.668627455830576 12.666494324803351 17.728051662445068 12.91550140082836 22.763413891196251 11.910655111074446 12.563756465911863 11.760430902242659
leaf_count=35 36 36 61 47 51 72 52 92 48 51 48
internal_value=0.00171319 -0.00676572 0.0044702 0.00682879 -0.00242709 -0.0109793 0.013852 0.0204678 0.000922786 -0.0036894 -0.0260103
internal_weight=155.489 57.1641 36.5692 98.3248 42.0632 29.3967 56.2616 35.6789 20.5827 27.6494 20.5949
internal_count=629 232 148 397 170 119 227 144 83 112 84
is_linear=0
shrinkage=0.03


Tree=20
num_leaves=7
num_cat=0
split_feature=21 14 8 20 15 13
split_gain=11.5132 6.27296 13.8292 8.19446 2.9466 0.727272
threshold=0.019781888851660896 -47.304957325670323 -0.022204844043256806 0.0154720407292649 4.8014481338695001 -4.40367958852823
decision_type=2 2 2 2 2 2
left_child=1 -1 5 -4 -2 -3
right_child=4 2 3 -5 -6 -7
leaf_value=-0.019229799983926328 0.029511747703809772 0.0090161609519703659 0.0065016951820317881 -0.010448515633293661 0.0030825200036904777 0.028681829401503735
leaf_weight=14.549026131629942 12.559459224343302 8.1691944897174853 38.810570254921913 65.005411386489868 7.692011132836341 10.913554623723028
leaf_count=59 51 33 157 263 31 44
internal_value=0.0012437 -0.00187118 0.000338693 -0.00396697 0.0213267 0.0226285
internal_weight=157.699 137.448 122.899 103.816 20.2515 19.0827
internal_count=638 556 497 420 82 77
is_linear=0
shrinkage=0.03


Tree=21
num_leaves=8
num_cat=0
split_feature=21 16 16 3 16 11 15
split_gain=10.9472 6.96708 13.5851 11.2743 7.15115 3.24708 2.79412
threshold=0.019781888851660896 11.208474016294119 1.9306700337550373 -0.035401331473726087 8.1468638939097282 0.0132068314109155 4.8014481338695001
decision_type=2 2 2 2 2 2 2
left_child=1 2 3 -1 -4 -3 -2
right_child=6 5 4 -5 -6 -7 -8
leaf_value=0.022264541101457445 0.028830890473168606 -0.022031815731164774 0.026217739609661582 -0.0097159217547101023 -0.001436519082443662 0 0.0030091321811585
leaf_weight=9.3736633509397489 12.518226817250254 17.455009162425998 22.089753791689873 69.911341547966003 11.113124206662176 7.418993651866912 7.6919948756694785
leaf_count=38 51 71 89 283 45 30 31
internal_value=0.00123077 -0.00180351 0.00133015 -0.00529563 0.0169799 -0.0155774 0.0208345
internal_weight=157.572 137.362 112.488 79.285 33.2029 24.874 20.2102
internal_count=638 556 455 321 134 101 82
is_linear=0
shrinkage=0.03


Tree=22
num_leaves=10
num_cat=0
split_feature=20 20 2 34 37 36 38 3 16
split_gain=7.83068 7.37288 6.17485 11.7611 5.37526 4.87389 7.37513 9.00867 3.01169
threshold=0.020591249940790195 0.018614532257207432 0.011707240559266753 0.024717792884767834 0.038780158265781746 0.005155580732846987 0.017169742794053169 -0.011148980349153235 -2.1294721496338869
decision_type=2 2 2 2 2 2 2 2 2
left_child=1 2 4 -4 -1 -2 7 -7 -3
right_child=5 8 3 -5 -6 6 -8 -9 -10
leaf_value=0.0011080111747044619 0.031337959445696756 -0.02649444819644205 -0.021989399535311357 0.01746813583682846 0.020478731191322555 0.017976682141279138 0.027537786139869753 -0.020029134314027544 -0.0030483246203132927
leaf_weight=56.329810589551926 8.3768229782581312 11.85751946270466 20.155576556921009 7.6766608953475943 15.621000558137892 7.368011265993121 7.3456723392009726 11.609031558036806 11.09807004034519
leaf_count=228 34 48 82 31 63 30 30 47 45
internal_value=0.00121447 -0.00228272 0.00120188 -0.010162 0.00595647 0.0134437 0.00540865 -0.0042509 -0.016913
internal_weight=157.438 122.739 99.783 27.8322 71.9508 34.6995 26.3227 18.977 22.9556
internal_count=638 497 404 113 291 141 107 77 93
is_linear=0
shrinkage=0.03


Tree=23
num_leaves=8
num_cat=0
split_feature=21 6 34 15 5 34 15
split_gain=10.1548 6.66591 7.47843 6.77382 5.46497 3.5903 2.64853
threshold=0.019781888851660896 -0.015200976342533907 0.0096596483548980778 -13.146822480012412 0.085065963255634883 -0.0076709669993653687 4.8014481338695001
decision_type=2 2 2 2 2 2 2
left_child=1 5 3 -3 -4 -1 -2
right_child=6 2 4 -5 -6 -7 -8
leaf_value=0.027990865219457532 0.027927566910075776 -0.026097383691631861 -0.0010084670192917699 -0.0040423683499623466 0.021651914204779136 0 0.002762952694603043
leaf_weight=7.4176687747240093 12.445465162396433 18.425331026315689 52.868595644831657 40.433846041560173 9.4084066301584226 8.6387235224246961 7.680244803428649
leaf_count=30 51 75 214 164 38 35 31
internal_value=0.0011984 -0.00171882 -0.00428713 -0.0118237 0.00274874 0.0151555 0.0201202
internal_weight=157.318 137.193 121.136 58.8592 62.277 16.0564 20.1257
internal_count=638 556 491 239 252 65 82
is_linear=0
shrinkage=0.03


Tree=24
num_leaves=12
num_cat=0
split_feature=15 11 15 11 8 37 15 6 34 8 34
split_gain=7.99694 18.7702 9.45618 15.1788 8.39928 6.89353 7.53397 5.82636 4.23814 4.04135 3.54918
threshold=22.20552317786041 0.028928506720424133 -18.553009792436452 -0.036016155085333394 0.033616644812307243 0.052941756857457396 -3.8522306969869438 0.005934585833668668 0.013855002821535513 0.007160293184898585 -0.0046431712640508374
decision_type=2 2 2 2 2 2 2 2 2 2 2
left_child=2 10 3 7 9 6 -4 -1 -5 -3 -2
right_child=1 4 5 8 -6 -7 -8 -9 -10 -11 -12
leaf_value=0.031703328602214607 -0.005848276640608472 0.0073132155468043575 0.032208271898381921 -0.027386653278717074 0.027777507846640542 -0.0086958796331401949 0.0079036836074591211 -0.0011785834497298566 0 -0.017755417208788524 -0.033373308669692292
leaf_weight=7.8882098793983442 8.5821156352758425 10.892651885747915 18.506677642464638 16.378227367997173 10.158523947000502 8.8698711693286878 35.8342115432024 7.624082088470459 7.4181208610534659 8.0870371460914594 16.954540014266968
leaf_count=32 35 44 75 67 41 36 145 31 30 33 69
internal_value=0.00118384 -0.00779079 0.00617112 -0.00496238 0.00812252 0.0132645 0.0172968 0.0163968 -0.0196592 -0.00332764 -0.0257643
internal_weight=157.194 54.6749 102.519 39.3086 29.1382 63.2108 54.3409 15.5123 23.7963 18.9797 25.5367
internal_count=638 222 416 160 118 256 220 63 97 77 104
is_linear=0
shrinkage=0.03


Tree=25
num_leaves=7
num_cat=0
split_feature=21 14 5 14 11 36
split_gain=6.89797 7.474 9.23979 8.22288 5.51131 4.80515
threshold=0.021909946211949614 -47.304957325670323 -0.023235645263422807 79.335529321006348 -0.028415732846644223 0.0062389476842729021
decision_type=2 2 2 2 2 2
left_child=1 4 5 -4 -1 -3
right_child=-2 2 3 -5 -6 -7
leaf_value=0 0.017823553623403932 0.028582648328226025 -0.0081700880984795308 0.014996749506012517 -0.035185243076194556 0.0020534639865687279
leaf_weight=7.428573176264762 13.904899820685385 10.814342930912973 86.224693164229393 14.094521611928938 8.4493067860603315 15.067138895392416
leaf_count=30 57 44 350 57 35 61
internal_value=-0.000805525 -0.00295493 -0.000258371 -0.00453911 -0.0211221 0.0149316
internal_weight=155.983 142.079 126.201 100.319 15.8779 25.8815
internal_count=634 577 512 407 65 105
is_linear=0
shrinkage=0.03


Tree=26
num_leaves=8
num_cat=0
split_feature=20 38 38 16 35 38 5
split_gain=7.46323 6.29001 13.9078 6.96297 4.76056 8.73856 1.9388
threshold=0.020591249940790195 0.011980601587655371 0.011228117444619127 1.6852036651188922 0.010217251351392511 0.015857483599670503 0.0034710514751598036
decision_type=2 2 2 2 2 2 2
left_child=1 2 3 -1 5 -2 -3
right_child=4 6 -4 -5 -6 -7 -8
leaf_value=-0.012247000853539096 -0.01251771087514552 -0.0047264983521145042 0.030515387454697833 0.0037936527360281475 0.023230768648423328 0.022393145718755308 -0.028958683823920899
leaf_weight=52.662776917219162 14.022142499685289 7.6210317611694363 8.9223833382129651 40.656220749020576 13.947329863905905 8.7261470556259138 9.2744873166084272
leaf_count=214 57 31 36 165 57 36 38
internal_value=-0.000767897 -0.00450977 -0.00138459 -0.00516825 0.0105981 0.000995286 -0.0204794
internal_weight=155.833 119.137 102.241 93.319 36.6956 22.7483 16.8955
internal_count=634 484 415 379 150 93 69
is_linear=0
shrinkage=0.03


Tree=27
num_leaves=6
num_cat=0
split_feature=21 16 14 19 11
split_gain=6.24136 8.03205 9.0951 6.25364 5.29106
threshold=0.021909946211949614 21.809839458277263 -47.304957325670323 0.046779041662526076 -0.028415732846644223
decision_type=2 2 2 2 2
left_child=1 2 4 -4 -1
right_child=-2 -3 3 -5 -6
leaf_value=0 0.017022477205468633 -0.025537881663117303 -0.012639224242466348 0.0056300899165894437 -0.034348251356030389
leaf_weight=7.4247339814901343 13.833997398614882 10.751351952552794 18.040771707892418 97.267616733908653 8.3869342654943448
leaf_count=30 57 44 73 395 35
internal_value=-0.000734523 -0.00278285 -0.00044869 0.00247711 -0.0205099
internal_weight=155.705 141.871 131.12 115.308 15.8117
internal_count=634 577 533 468 65
is_linear=0
shrinkage=0.03


Tree=28
num_leaves=9
num_cat=0
split_feature=20 14 38 38 16 14 11 14
split_gain=7.02549 6.1911 6.03626 13.1371 6.56935 3.90035 1.28746 0.693594
threshold=0.020591249940790195 27.283870436612236 0.011980601587655371 0.011228117444619127 1.6852036651188922 -47.304957325670323 -0.00041638428209561645 -8.8189078547470654
decision_type=2 2 2 2 2 2 2 2
left_child=2 5 3 4 -1 -2 -4 -7
right_child=1 -3 6 -5 -6 7 -8 -9
leaf_value=-0.011875692041481544 0 -0.0064384316713484123 -0.0057327915140696559 0.029685153008744532 0.0037048127735162259 0.032918666938978526 -0.027336471200789404 0.011473400621287686
leaf_weight=52.587008029222488 7.6967525929212561 11.325921535491942 7.5959882885217693 8.9272004663944227 40.650855138897896 8.9428014010190982 9.2485851496458036 8.6107627898454684
leaf_count=214 32 46 31 36 165 37 38 35
internal_value=-0.00073387 0.0103102 -0.00436641 -0.00130437 -0.00499009 0.0182944 -0.0200327 0.0254155
internal_weight=155.586 36.5762 119.01 102.165 93.2379 25.2503 16.8446 17.5536
internal_count=634 150 484 415 379 104 69 72
is_linear=0
shrinkage=0.03


Tree=29
num_leaves=8
num_cat=0
split_feature=20 14 20 13 15 38 37
split_gain=6.68078 5.91714 5.7956 5.50405 4.63448 3.92107 1.18788
threshold=0.020591249940790195 27.283870436612236 0.012207660559584792 -8.4060931548259124 66.824681378070366 0.010753029862483684 0.0062843607760382234
decision_type=2 2 2 2 2 2 2
left_child=2 5 -1 -4 -5 -2 -7
right_child=1 -3 3 4 -6 6 -8
leaf_value=0.017483545119562058 0 -0.0062767793973017684 0.011127770370637525 -0.01100994908309889 0.0079934493286079461 0.011614658934857375 0.034560042002960818
leaf_weight=7.9296676069498053 7.2739387452602413 11.320669934153555 12.102177798748015 88.054362326860428 10.850481599569319 10.150198772549631 7.7715778052806845
leaf_count=32 30 46 49 359 44 42 32
internal_value=-0.000699229 0.0100774 -0.0042439 -0.00621066 -0.00865939 0.0178983 0.0247883
internal_weight=155.453 36.5164 118.937 111.007 98.9048 25.1957 17.9218
internal_count=634 150 484 452 403 104 74
is_linear=0
shrinkage=0.03


Tree=30
num_leaves=8
num_cat=0
split_feature=37 40 20 5 20 37 23
split_gain=7.73468 8.31484 10.0779 6.52932 5.78646 5.14087 3.14705
threshold=0.0699147590214131 0.041145533942059893 0.021087920096338215 -0.023235645263422807 0.014926706589280398 0.050085093688953315 1.0751604056783399
decision_type=2 2 2 2 2 2 2
left_child=1 2 3 -1 -3 -6 -4
right_child=-2 4 6 -5 5 -7 -8
leaf_value=0.0026781488214888283 -0.023108923750194736 0.030853475630369609 0.0013421015127171947 -0.014579430700810128 0.013867156406340737 -0.0099756884349453817 0.024910109505134198
leaf_weight=29.25094310939312 10.285002440214155 10.058484405279158 11.704634353518488 48.846907630562782 19.636530473828319 10.599404811859129 10.171540126204489
leaf_count=119 42 41 48 199 80 43 42
internal_value=-0.000187046 0.00168947 -0.00285403 -0.00802299 0.0129189 0.00494322 0.0140972
internal_weight=150.553 140.268 99.974 78.0979 40.2944 30.2359 21.8762
internal_count=614 572 408 318 164 123 90
is_linear=0
shrinkage=0.03


Tree=31
num_leaves=9
num_cat=0
split_feature=21 17 8 15 38 9 9 40
split_gain=12.2894 8.86439 5.03411 7.47106 5.90125 3.67174 13.2901 3.59791
threshold=0.018786315106055999 1.3426242983322674 0.017899747196069671 66.824681378070366 0.0071439465349373765 -0.012810572716069071 0.010539257997787415 0.055330986572809888
decision_type=2 2 2 2 2 2 2 2
left_child=1 2 4 -4 -1 -3 -7 -2
right_child=7 5 3 -5 -6 6 -8 -9
leaf_value=-0.010409229286505259 0.026770142706030346 -0.028146397402639019 -0.025519227798881629 0.0094027606962326666 0.010506957798279695 0.01746958758507507 -0.020500452964749907 0
leaf_weight=13.28819492459297 15.149257704615595 11.818833336234091 10.924012720584871 7.3974136412143698 51.603883445262909 10.380045518279074 22.448079720139503 7.4076315909624091
leaf_count=54 63 49 45 30 209 42 92 30
internal_value=-0.000162569 -0.00393689 0.00173243 -0.0111434 0.00581646 -0.0144462 -0.00775013 0.019199
internal_weight=150.417 127.86 83.2135 18.3214 64.8921 44.647 32.8281 22.5569
internal_count=614 521 338 75 263 183 134 93
is_linear=0
shrinkage=0.03


Tree=32
num_leaves=8
num_cat=0
split_feature=21 16 17 35 20 15 22
split_gain=11.6968 9.05445 7.08102 6.09314 4.65984 3.3255 1.07566
threshold=0.018786315106055999 11.208474016294119 1.3426242983322674 0.046382564110417863 0.01703573695607832 27.15289687112919 -0.054264886286794982
decision_type=2 2 2 2 2 2 2
left_child=1 2 3 -1 -4 -2 -3
right_child=5 6 4 -5 -6 -7 -8
leaf_value=0.010553954966391445 0.027051119429484939 -0.029059613702602894 -0.021212564990302558 -0.0082156033031010964 0 0.0015180179789539175 -0.0099131898520448663
leaf_weight=52.53750304877758 13.826737537980081 9.4192776679992694 16.987353414297104 19.217564702033997 17.39490807056427 8.6686868816614133 12.164321750402449
leaf_count=213 58 39 70 78 71 35 50
internal_value=-0.000160794 -0.00384519 0 0.00523722 -0.0109344 0.0187515 -0.0206607
internal_weight=150.216 127.721 106.137 71.7551 34.3823 22.4954 21.5836
internal_count=614 521 432 291 141 93 89
is_linear=0
shrinkage=0.03


Tree=33
num_leaves=8
num_cat=0
split_feature=21 7 19 21 11 37 19
split_gain=11.1561 6.49944 5.98537 11.8182 7.76995 3.69807 3.67026
threshold=0.018786315106055999 0.01598729997462885 0.090540105421855963 0.012556050439307501 0.029662690461003564 0.045152797112084316 0.072402192613893065
decision_type=2 2 2 2 2 2 2
left_child=1 2 3 -1 -4 -2 -3
right_child=5 6 4 -5 -6 -7 -8
leaf_value=-0.0045412708284331875 0.026400373892079311 -0.031688248804099893 -0.0197115842884606 0.020024644956484604 0.0090301679917540578 0 -0.0054594673798259614
leaf_weight=45.382888108491898 14.549941286444666 8.4527886956930178 23.601514860987663 25.670051053166389 10.390508592128752 7.8775368928909293 14.121736779808996
leaf_count=185 61 35 97 104 42 32 58
internal_value=-0.000166805 -0.00376564 -0.000362965 0.00443383 -0.0104956 0.0183293 -0.0176706
internal_weight=150.047 127.619 105.045 71.0529 33.992 22.4275 22.5745
internal_count=614 521 428 289 139 93 93
is_linear=0
shrinkage=0.03


Tree=34
num_leaves=9
num_cat=0
split_feature=21 17 35 15 35 1 37 37
split_gain=10.6194 7.85432 4.5677 5.82489 5.23456 3.59832 3.52113 2.47105
threshold=0.018786315106055999 1.3426242983322674 0.046382564110417863 14.06754451509692 0.014920402801057777 0.021215169717542341 0.045152797112084316 -0.0024423568469256192
decision_type=2 2 2 2 2 2 2 2
left_child=1 2 4 -4 -1 7 -2 -3
right_child=6 5 3 -5 -6 -7 -8 -9
leaf_value=-0.0022222684506280122 0.025813555177719123 -0.0033190200966506421 0.0064315590889432719 -0.021251320517258018 0.014734077746196965 4.5856500277989312e-05 0 -0.023543892607408579
leaf_weight=30.34695328772068 14.480799093842508 10.264380469918249 10.134284257888796 12.956330224871634 29.687341541051865 11.017173931002615 7.8775368928909293 23.10123410820961
leaf_count=124 61 42 41 53 120 45 32 96
internal_value=-0.000162297 -0.0036746 0.001647 -0.0089595 0.00612565 -0.0136061 0.0179093 -0.0182857
internal_weight=149.866 127.508 83.1249 23.0906 60.0343 44.3828 22.3583 33.3656
internal_count=614 521 338 94 244 183 93 138
is_linear=0
shrinkage=0.03


Tree=35
num_leaves=8
num_cat=0
split_feature=21 14 8 20 38 13 15
split_gain=6.83991 9.60732 9.26872 8.59411 4.09071 1.47776 1.24435
threshold=0.018786315106055999 -45.396222894426494 -0.020988084110624482 0.012207660559584792 0.011636530123606008 -3.2501368836544091 -59.474618728428624
decision_type=2 2 2 2 2 2 2
left_child=1 6 5 -4 -2 -3 -1
right_child=4 2 3 -5 -6 -7 -8
leaf_value=-0.007415745127747779 0.025090266382332038 0.0061226658060186236 0.022039068071861557 -0.0057393546564580228 0 0.028215103348279098 -0.030491128936708176
leaf_weight=7.3946047872304908 12.744333297014238 8.3545342832803744 9.1474409997463209 89.612079575657845 11.472714170813559 8.9048275500535947 8.4931553751230222
leaf_count=30 53 34 37 367 48 36 36
internal_value=0.00053452 -0.00211829 0.000897849 -0.00263117 0.0146154 0.0200463 -0.0226197
internal_weight=156.124 131.907 116.019 98.7595 24.217 17.2594 15.8878
internal_count=641 540 474 404 101 70 66
is_linear=0
shrinkage=0.03


Tree=36
num_leaves=10
num_cat=0
split_feature=21 19 7 21 5 23 36 36 22
split_gain=6.49832 8.01904 7.11262 11.0309 5.7016 5.20341 4.13753 2.56141 1.71529
threshold=0.018786315106055999 0.095045752350698856 0.01502431288589335 0.012918848420069927 0.092021840873634977 1.0102578119014785 0.0070693433510855509 0.0083377806787460953 -0.06911157714940773
decision_type=2 2 2 2 2 2 2 2 2
left_child=1 2 3 -1 5 -3 -2 -8 -4
right_child=6 4 8 -5 -6 -7 7 -9 -10
leaf_value=-0.00074790126882444364 0.027858254686174599 -0.026010151437021137 -0.022828611197487192 0.023232465830609613 0.0080094147622591268 0 -0.0079612647951673894 0.014005003838548266 -0.0022080298643236298
leaf_weight=51.117965027689934 9.5670818984508532 22.062291607260704 7.447729721665385 23.152183905243874 7.3626668602228156 10.937098145484923 7.5243025422096235 7.0813060104846954 9.6955883055925351
leaf_count=209 40 91 31 94 30 45 31 30 40
internal_value=0.000535905 -0.00204785 0.00276317 0.006944 -0.0129141 -0.018202 0.0142743 0.00218952 -0.0133991
internal_weight=155.948 131.776 91.4135 74.2701 40.3621 32.9994 24.1727 14.6056 17.1433
internal_count=641 540 374 303 166 136 101 61 71
is_linear=0
shrinkage=0.03


Tree=37
num_leaves=7
num_cat=0
split_feature=3 12 12 20 8 2
split_gain=6.3936 8.24521 5.74003 4.14739 2.92401 3.32015
threshold=-0.037038556260015225 39.51575245633979 42.033601033877979 0.012207660559584792 -0.023570693548753907 -0.012485583119544673
decision_type=2 2 2 2 2 2
left_child=-1 4 -3 -4 5 -2
right_child=1 2 3 -5 -6 -7
leaf_value=0.022258738478105198 -0.016196572812597738 0.023791577245438653 0.018471594167318243 -0.0013934712465073437 -0.024690433706931431 0.0068422866778360134
leaf_weight=9.3669095486402494 9.0573126971721667 8.457380607724188 8.4010180085897428 98.935564815998077 12.823261991143225 8.7348330616951007
leaf_count=39 37 35 34 407 53 36
internal_value=0.000517509 -0.00105359 0.00254911 0.000333581 -0.0144604 -0.00457958
internal_weight=155.776 146.409 115.794 107.337 30.6154 17.7921
internal_count=641 602 476 441 126 73
is_linear=0
shrinkage=0.03


Tree=38
num_leaves=12
num_cat=0
split_feature=17 37 38 35 22 24 17 27 5 38 22
split_gain=6.00195 9.19102 7.86422 7.08976 6.6023 6.48203 5.51642 5.10178 4.62359 3.31232 3.14785
threshold=0.25787967053112842 0.029831807943131897 0.0088523169981425277 0.033776019470644243 -0.082084207161453357 -0.38516483516483513 -3.2392326615304632 2.5000000000000004 -0.0059304338318799102 0.0078652866883210087 0.045738004298957587
decision_type=2 2 2 2 2 2 2 2 2 2 2
left_child=1 2 9 6 8 -6 -3 -4 -2 -1 -7
right_child=4 3 7 -5 5 10 -8 -9 -10 -11 -12
leaf_value=-0.0027750547797418387 -0.0022944660770606428 0.0039754857995369843 -0.0027871376283750194 -0.0021129034273405195 -0.021213044392727278 0.019189467952267756 0.036526787162079695 0.020893191672351603 -0.027724382836335656 -0.028506845089409347 0.000505034258488211
leaf_weight=11.464233696460726 13.834355667233469 8.8068727105855924 16.24609182775021 9.789640396833418 7.1897706985473624 10.488432854413984 14.745974600315096 12.207042679190634 13.91837829351425 8.3459783643484098 28.657630056142807
leaf_count=47 58 36 67 40 30 43 60 50 58 34 118
internal_value=0.000513256 0.00614084 -0.00201576 0.0178179 -0.00548666 0.00124517 0.0262061 0.00758464 -0.0165584 -0.0159235 0.00656514
internal_weight=155.694 81.6058 48.2633 33.3425 74.0886 46.3358 23.5528 28.4531 27.7527 19.8102 39.1461
internal_count=641 334 198 136 307 191 96 117 116 81 161
is_linear=0
shrinkage=0.03


Tree=39
num_leaves=9
num_cat=0
split_feature=21 14 3 36 36 3 36 23
split_gain=6.05428 8.93287 9.14852 9.87703 3.84339 3.77276 2.48838 1.63355
threshold=0.018786315106055999 -45.396222894426494 0.02065056564291479 0.0062389476842729021 0.0070693433510855509 0.049677123463584667 0.0083377806787460953 0.97905477306401034
decision_type=2 2 2 2 2 2 2 2
left_child=1 7 3 -3 -2 -4 -6 -1
right_child=4 2 5 -5 6 -7 -8 -9
leaf_value=-0.0065174776725661823 0.026921381730937336 0.013856604783344641 -0.020823688150907051 -0.0057221466362193368 -0.0078957270068982944 0.0020861183036439386 0.013770644297141806 -0.030765958461556497
leaf_weight=7.6960146129131308 9.5025278031826037 52.323855742812157 18.396586045622829 37.635272681713104 7.5175721943378431 7.3440149724483481 7.0630258917808533 8.0780049562454206
leaf_count=32 40 213 77 154 31 30 30 34
internal_value=0.000487268 -0.00200449 0.000898098 0.00555622 0.0137759 -0.0140674 0.00209013 -0.0218439
internal_weight=155.557 131.474 115.7 89.9591 24.0831 25.7406 14.5806 15.774
internal_count=641 540 474 367 101 107 61 66
is_linear=0
shrinkage=0.03


Tree=40
num_leaves=7
num_cat=0
split_feature=40 21 35 13 3 26
split_gain=6.19192 6.763 6.56248 7.81509 6.0724 1.4092
threshold=0.090387545670883931 0.019193033666563136 0.0046911314008757374 -2.4223580036241752 -0.022888328616659067 0.19017642341619892
decision_type=2 2 2 2 2 2
left_child=1 2 4 -4 -1 -3
right_child=-2 5 3 -5 -6 -7
leaf_value=0.0094278359000805438 -0.02071421708291022 0.0050144211132023605 0.016467949513936899 -0.0020360957637278335 -0.016432631328799852 0.024329255463596763
leaf_weight=8.7638449966907483 8.7055071890354139 9.2663301825523394 30.159246489405632 52.73078927397728 29.477712228894234 11.944965243339537
leaf_count=36 36 39 123 216 122 50
internal_value=0.00115249 0.00286223 0 0.0047492 -0.0099594 0.0176968
internal_weight=151.048 142.343 121.132 82.89 38.2416 21.2113
internal_count=622 586 497 339 158 89
is_linear=0
shrinkage=0.03


Tree=41
num_leaves=13
num_cat=0
split_feature=32 14 21 15 5 21 19 24 37 15 3 17
split_gain=4.99447 4.48804 6.1076 6.43799 5.39325 5.33491 4.37954 4.42997 3.73503 4.00244 2.46386 1.01899
threshold=0.0013888098643232152 8.2019773253518924 0.011784766048535136 -23.525950789663835 0.0051371132110431547 0.013350096937264707 0.072102682796111497 -0.049590163934426224 0.052000068616219315 -17.612858854976349 -0.0039164574537678401 3.118678428097525
decision_type=2 2 2 2 2 2 2 2 2 2 2 2
left_child=1 2 3 -1 -3 -6 7 -2 9 -8 -4 -9
right_child=6 4 10 -5 5 -7 8 11 -10 -11 -12 -13
leaf_value=-0.019659703178074878 0 -0.01959520865431889 0.029158565054184144 0.013853154550522447 0.018557960637865686 -0.0042448002802658001 -0.0070602321931030393 -0.0090277939228847592 -0.013115355226031016 0.014455530865860287 0.0064470879636278127 -0.031930301297576534
leaf_weight=7.3572590798139599 12.861162170767786 8.6586588919162732 14.836073547601702 9.3822578042745572 13.008015081286429 20.778090283274651 9.5060968995094317 7.8412336707115156 9.0908778607845289 19.868369400501251 10.354957476258276 7.3643077462911606
leaf_count=31 53 35 62 38 53 85 40 32 37 82 43 31
internal_value=0.00112522 0.00598851 0.0127312 -0.000601977 -0.000608147 0.00466186 -0.00481826 -0.0134577 0.00146848 0.00700835 0.0215354 -0.023414
internal_weight=150.907 84.3753 41.9305 16.7395 42.4448 33.7861 66.532 28.0667 38.4653 29.3745 25.191 15.2055
internal_count=622 347 174 69 173 138 275 116 159 122 105 63
is_linear=0
shrinkage=0.03


Tree=42
num_leaves=7
num_cat=0
split_feature=40 32 32 2 11 15
split_gain=5.82539 4.93666 4.78446 4.5441 3.95545 6.26695
threshold=0.090387545670883931 0.0013888098643232152 0.013298970199679629 0.0091938816148351438 -0.0313972846603549 -26.818958688256249
decision_type=2 2 2 2 2 2
left_child=1 4 3 -3 -1 -6
right_child=-2 2 -4 -5 5 -7
leaf_value=0.026418148398017222 -0.020165820429538971 0.0011111814703691921 0.015198967861673608 -0.015532961851543917 -0.017587207658832957 0.0081129808216127454
leaf_weight=7.4171453863382331 8.6718295812606794 27.452011853456497 8.1588045060634595 26.017837420105934 7.5817781984806052 65.442230001091957
leaf_count=31 36 113 34 108 32 268
internal_value=0.00107468 0.00273724 -0.00342723 -0.0069853 0.00761057 0.00484699
internal_weight=150.742 142.07 61.6287 53.4698 80.4412 73.024
internal_count=622 586 255 221 331 300
is_linear=0
shrinkage=0.03


Tree=43
num_leaves=8
num_cat=0
split_feature=20 35 13 9 20 10 1
split_gain=5.50415 10.6277 7.05464 6.86474 6.7529 4.60739 4.08271
threshold=0.025763244020906493 0.0065938654777143455 -2.4223580036241752 -0.046032121880893007 0.013757471010771179 -0.019226795244863423 -0.014453496296939315
decision_type=2 2 2 2 2 2 2
left_child=1 3 6 -1 -5 -4 -3
right_child=-2 2 5 4 -6 -7 -8
leaf_value=0.011215884088390166 0.021621815691979105 0 0.017769741536960544 0.0052432026482993497 -0.023313997318516126 -0.0042191731792020322 0.022514551373582492
leaf_weight=7.2868022769689551 8.8944485038518888 10.660916194319723 8.0510557591915113 7.7821412384510031 30.798967316746712 54.353242874145508 22.808652058243752
leaf_count=30 38 44 33 32 128 224 93
internal_value=0.00104211 -0.000427809 0.00513652 -0.0121005 -0.0172096 -0.00068566 0.0158415
internal_weight=150.636 141.742 95.8739 45.8679 38.5811 62.4043 33.4696
internal_count=622 584 394 190 160 257 137
is_linear=0
shrinkage=0.03


Tree=44
num_leaves=8
num_cat=0
split_feature=3 35 21 13 1 21 9
split_gain=4.63448 6.25039 8.29465 6.47709 6.004 4.36307 4.36212
threshold=-0.031922523971151466 0.013501011316779056 0.019193033666563136 -2.4223580036241752 -0.014453496296939315 0.0095979835676053855 1.0000000180025095e-35
decision_type=2 2 2 2 2 2 2
left_child=-1 2 5 4 -3 -2 -5
right_child=1 3 -4 6 -6 -7 -8
leaf_value=0.016434852317989333 0.0031828926049085392 -0.0046400293913104471 0.01040897532354902 0.010701460844039277 0.023794427882873611 -0.020033583165127888 -0.0068192416728771977
leaf_weight=13.848145380616186 7.2743563354015341 7.6165443807840374 12.943124756217001 16.050027638673782 20.085802063345909 32.306694462895393 40.375720754265785
leaf_count=58 30 31 54 66 82 135 166
internal_value=0.00103821 -0.000628441 -0.00866082 0.00429696 0.0156856 -0.0154582 -0.0013831
internal_weight=150.5 136.652 52.5242 84.1281 27.7023 39.5811 56.4257
internal_count=622 564 219 345 113 165 232
is_linear=0
shrinkage=0.03


Tree=45
num_leaves=8
num_cat=0
split_feature=18 21 22 37 22 37 5
split_gain=7.03204 7.869 5.74354 5.64483 9.02768 7.02343 2.79218
threshold=0.10990118233347353 0.019193033666563136 0.045738004298957587 0.033855495066580261 1.0000000180025095e-35 0.065507382456691202 -0.044083275669064219
decision_type=2 2 2 2 2 2 2
left_child=6 3 -3 4 -2 -5 -1
right_child=1 2 -4 5 -6 -7 -8
leaf_value=0.0017367693039704666 -0.020064260902550327 0.02613282731953457 -0.0029408872466562402 0.0092349350667605135 1.0290887214010153e-05 -0.018503689713421975 0.028785809944557893
leaf_weight=7.7094552516937256 38.560887321829796 11.749929696321489 8.8640309125184995 34.800361320376396 37.143495991826057 8.421064153313635 7.7399254441261274
leaf_count=32 160 50 37 142 153 35 32
internal_value=0 -0.00228929 0.0138134 -0.00538678 -0.0102751 0.00291943 0.0178937
internal_weight=154.989 139.54 20.614 118.926 75.7044 43.2214 15.4494
internal_count=641 577 87 490 313 177 64
is_linear=0
shrinkage=0.03


Tree=46
num_leaves=8
num_cat=0
split_feature=18 12 21 7 8 38 28
split_gain=6.71651 8.02754 4.20526 5.58216 2.43833 2.13221 0.80072
threshold=0.10990118233347353 39.689826302729536 0.019193033666563136 0.014057732439207543 -0.023570693548753907 0.011636530123606008 7.5000000000000009
decision_type=2 2 2 2 2 2 2
left_child=6 4 3 -3 -2 -4 -1
right_child=1 2 5 -5 -6 -7 -8
leaf_value=0.0059136992365058502 -0.0041253243434879521 0.0029273084419186657 0.022129682940266345 -0.012660332523505907 -0.025501376108448257 0.00073323562348991838 0.024816656378359576
leaf_weight=8.1430063694715482 11.265578880906107 69.601869404315948 9.4963781833648699 26.747981265187263 13.011374011635779 9.2435955852270109 7.2751938700675955
leaf_count=34 47 285 40 111 55 39 30
internal_value=0 -0.00222286 0.00105301 -0.00141696 -0.0172218 0.0133875 0.0175197
internal_weight=154.785 139.367 115.09 96.3499 24.277 18.74 15.4182
internal_count=641 577 475 396 102 79 64
is_linear=0
shrinkage=0.03


Tree=47
num_leaves=8
num_cat=0
split_feature=18 12 15 11 37 12 15
split_gain=6.41885 7.65619 6.53684 9.00788 7.19688 2.04177 1.04524
threshold=0.10990118233347353 39.689826302729536 7.366223343169815 0.028928506720424133 0.052541701263471914 32.348929509754612 -0.2584990523520338
decision_type=2 2 2 2 2 2 2
left_child=6 5 4 -4 -3 -2 -1
right_child=1 2 3 -5 -6 -7 -8
leaf_value=0.0047001030185654562 -0.0023273831219960401 0.014026948570553281 -0.013564628497507971 0.0086399054096300155 -0.014513591544610441 -0.022942151824420651 0.02459241560332286
leaf_weight=7.7314818799495697 8.7243128716945666 42.640090480446815 40.69535094499588 24.205297917127609 7.4802364110946646 15.489692866802214 7.6603171676397306
leaf_count=32 36 177 168 99 31 66 32
internal_value=0 -0.00216217 0.00103261 -0.00504831 0.00908613 -0.0168311 0.0171523
internal_weight=154.627 139.235 115.021 64.9006 50.1203 24.214 15.3918
internal_count=641 577 475 267 208 102 64
is_linear=0
shrinkage=0.03


Tree=48
num_leaves=8
num_cat=0
split_feature=18 12 14 3 20 5 35
split_gain=6.14345 7.27636 5.88779 8.15577 5.1675 2.63668 2.55666
threshold=0.10990118233347353 39.689826302729536 6.6740826457744342 -0.0077104889562429882 0.016742241142370821 -0.044083275669064219 0.014920402801057777
decision_type=2 2 2 2 2 2 2
left_child=5 6 4 -4 -3 -1 -2
right_child=1 2 3 -5 -6 -7 -8
leaf_value=0.0012141199515388209 -0.024489770157184659 -0.0014467114254051335 -0.021339477032795633 0.0013671750732433545 0.018900105180795847 0.027402046264832829 -0.0028987480372758001
leaf_weight=7.6956046670675278 13.437122806906702 17.696259260177612 16.377206236124039 57.998860776424408 22.870257869362831 7.6637791991233808 10.731037333607672
leaf_count=32 58 73 67 239 96 32 44
internal_value=0 -0.00211558 0.000995571 -0.00386418 0.0100209 0.0167966 -0.0164305
internal_weight=154.47 139.111 114.943 74.3761 40.5665 15.3594 24.1682
internal_count=641 577 475 306 169 64 102
is_linear=0
shrinkage=0.03


Tree=49
num_leaves=8
num_cat=0
split_feature=18 12 15 37 37 35 15
split_gain=5.8814 6.92532 5.86634 7.78951 6.78007 2.42903 0.954787
threshold=0.10990118233347353 39.689826302729536 7.366223343169815 0.031141403165861007 0.052541701263471914 0.014920402801057777 -0.2584990523520338
decision_type=2 2 2 2 2 2 2
left_child=6 5 4 -4 -3 -2 -1
right_child=1 2 3 -5 -6 -7 -8
leaf_value=0.0044471509400054862 -0.023936629306303005 0.0134105050136736 -0.0150733442269277 0.0049752095358913378 -0.014288784813924545 -0.0028258416484372977 0.023618481146885462
leaf_weight=7.7218238413333893 13.382257282733919 42.5943663418293 31.806203931570053 33.002791464328766 7.4675632119178763 10.729285478591917 7.6017372161149961
leaf_count=32 58 177 132 135 31 44 32
internal_value=0 -0.00207007 0.000961117 -0.00479616 0.00860039 -0.0160531 0.0164523
internal_weight=154.306 138.982 114.871 64.809 50.0619 24.1115 15.3236
internal_count=641 577 475 267 208 102 64
is_linear=0
shrinkage=0.03


end of trees

feature_importances:
macd_signal=36
volatility=30
atr_pct=27
macd=23
macro_topix_ret_20=23
macro_usdjpy_vol_20=20
macro_usdjpy_ret_60=19
return_5d=18
macro_topix_vol_20=18
return_20d=16
macd_hist=14
macd_hist_change=14
ma_20_60_cross=13
bb_bandwidth=11
rsi=10
rsi_change=10
div_ma_20=9
macro_nikkei_ret_20=9
month=8
return_2d=7
bb_pct_b=7
vol_change=7
div_ma_60=6
vol_ratio=6
macro_usdjpy_ret_20=6
div_ma_10=5
candle_body_pct=5
return_3d=4
gap=4
day_of_week=3
return_10d=2
div_ma_5=2
ma_5_20_cross=2
upper_shadow_pct=2
lower_shadow_pct=1
price_position_20d=1

parameters:
[boosting: gbdt]
[objective: binary]
[metric: binary_logloss]
[tree_learner: serial]
[device_type: cpu]
[data_sample_strategy: bagging]
[data: ]
[valid: ]
[num_iterations: 50]
[learning_rate: 0.03]
[num_leaves: 15]
[num_threads: 0]
[seed: 42]
[deterministic: 0]
[force_col_wise: 0]
[force_row_wise: 0]
[histogram_pool_size: -1]
[max_depth: 4]
[min_data_in_leaf: 30]
[min_sum_hessian_in_leaf: 0.001]
[bagging_fraction: 0.7]
[pos_bagging_fraction: 1]
[neg_bagging_fraction: 1]
[bagging_freq: 5]
[bagging_seed: 400]
[bagging_by_query: 0]
[feature_fraction: 0.6]
[feature_fraction_bynode: 1]
[feature_fraction_seed: 30056]
[extra_trees: 0]
[extra_seed: 12879]
[early_stopping_round: 0]
[early_stopping_min_delta: 0]
[first_metric_only: 0]
[max_delta_step: 0]
[lambda_l1: 0.5]
[lambda_l2: 2]
[linear_lambda: 0]
[min_gain_to_split: 0]
[drop_rate: 0.1]
[max_drop: 50]
[skip_drop: 0.5]
[xgboost_dart_mode: 0]
[uniform_drop: 0]
[drop_seed: 17869]
[top_rate: 0.2]
[other_rate: 0.1]
[min_data_per_group: 100]
[max_cat_threshold: 32]
[cat_l2: 10]
[cat_smooth: 10]
[max_cat_to_onehot: 4]
[top_k: 20]
[monotone_constraints: ]
[monotone_constraints_method: basic]
[monotone_penalty: 0]
[feature_contri: ]
[forcedsplits_filename: ]
[refit_decay_rate: 0.9]
[cegb_tradeoff: 1]
[cegb_penalty_split: 0]
[cegb_penalty_feature_lazy: ]
[cegb_penalty_feature_coupled: ]
[path_smooth: 0]
[interaction_constraints: ]
[verbosity: -1]
[saved_feature_importance_type: 0]
[use_quantized_grad: 0]
[num_grad_quant_bins: 4]
[quant_train_renew_leaf: 0]
[stochastic_rounding: 1]
[linear_tree: 0]
[max_bin: 255]
[max_bin_by_feature: ]
[min_data_in_bin: 5]
[bin_construct_sample_cnt: 200000]
[data_random_seed: 175]
[is_enable_sparse: 1]
[enable_bundle: 1]
[use_missing: 1]
[zero_as_missing: 0]
[feature_pre_filter: 1]
[pre_partition: 0]
[two_round: 0]
[header: 0]
[label_column: ]
[weight_column: ]
[group_column: ]
[ignore_column: ]
[categorical_feature: ]
[forcedbins_filename: ]
[precise_float_parser: 0]
[parser_config_file: ]
[objective_seed: 16083]
[num_class: 1]
[is_unbalance: 0]
[scale_pos_weight: 1]
[sigmoid: 1]
[boost_from_average: 1]
[reg_sqrt: 0]
[alpha: 0.9]
[fair_c: 1]
[poisson_max_delta_step: 0.7]
[tweedie_variance_power: 1.5]
[lambdarank_truncation_level: 30]
[lambdarank_norm: 1]
[label_gain: ]
[lambdarank_position_bias_regularization: 0]
[eval_at: ]
[multi_error_top_k: 1]
[auc_mu_weights: ]
[num_machines: 1]
[local_listen_port: 12400]
[time_out: 120]
[machine_list_filename: ]
[machines: ]
[gpu_platform_id: -1]
[gpu_device_id: -1]
[gpu_use_dp: 0]
[num_gpu: 1]

end of parameters

pandas_categorical:[]
