tree
version=v4
num_class=1
num_tree_per_iteration=1
label_index=0
max_feature_idx=44
objective=binary sigmoid:1
feature_names=return_1d return_2d return_3d return_5d return_10d return_20d div_ma_5 div_ma_10 div_ma_20 div_ma_60 ma_5_20_cross ma_20_60_cross rsi rsi_change macd macd_signal macd_hist macd_hist_change bb_pct_b bb_bandwidth atr_pct volatility vol_change vol_ratio candle_body_pct upper_shadow_pct lower_shadow_pct day_of_week month is_month_end is_month_start streak gap price_position_20d macro_usdjpy_ret_20 macro_usdjpy_ret_60 macro_usdjpy_vol_20 macro_topix_ret_20 macro_topix_vol_20 macro_topix_above_200dma macro_nikkei_ret_20 macro_nikkei_above_200dma macro_nikkei_vi macro_jgb10y macro_bias_score
feature_infos=[-0.19711853307138183:0.13504273504273501] [-0.28450539830755761:0.14946982055464919] [-0.28886310904872392:0.17230769230769227] [-0.27795606023204145:0.16823001631321377] [-0.33249657690552259:0.26060358890701463] [-0.30142450142450139:0.27936378466557921] [-0.21716365493902046:0.066209787041232496] [-0.25636853612650634:0.10715795406509786] [-0.28241109870833997:0.1414709646694646] [-0.29204182399070583:0.23818184753305316] [-0.18656547063718198:0.10715587236337654] [-0.14527657521550907:0.14255958037173588] [17.237903225806463:96.028037383177576] [-25.000938332770346:27.728982072944575] [-263.58885642980886:193.14793917128145] [-218.12307519609428:169.15673526528911] [-138.75579608869995:68.592938696300308] [-49.139421189342215:25.741350633930779] [-0.44979986384889986:1.3455071702688537] [0.024154389231556928:0.55295253894360785] [0.008909034073147859:0.085348151999653371] [0.0059784954589238463:0.062472626747607757] [-0.8140130501280578:3.3778891538124665] [0.4226264082472177:2.078603599909461] [-0.9887640449438202:1] [0:0.86206896551724133] [0:0.9107142857142857] [0:4] [1:12] none [0:1] [-7:8] [-0.17699115044247793:0.15130544196288143] [0.0095785440613026813:1] [-0.10288784967882303:0.08505611680078462] [-0.13986255140503889:0.13160084488587853] [0.0024251968629527628:0.011841457708833433] [-0.22586491944566001:0.19897857359448179] [0.0040695656242548776:0.036437272436454948] [0:1] [-0.22859537662338159:0.23022297972565586] [0:1] none none none
tree_sizes=1161 1204 1406 1416 1202 891 994 885 888 867 863 1313 1059 1203 1213 1299 1396 1086 1103 1073 766 1098 1100 1075 894 1200 1188 1164 1307 1397 1302 1308 1305 1163 1294 1208 1621 1394 1078 1195 1079 1093 997 1304 996 1077 1078 1198 1178 1096

Tree=0
num_leaves=10
num_cat=0
split_feature=33 14 33 35 21 19 33 35 22
split_gain=25.0759 8.60069 6.71043 6.24294 5.48403 5.59805 5.40011 3.94713 3.38905
threshold=0.68248905565978746 58.485100224546734 0.95038860103626954 0.026671048474220752 0.013835673276505674 0.092400464980887512 0.39987457048708136 0.030870281672012782 -0.13705963089087977
decision_type=2 2 2 2 2 2 2 2 2
left_child=4 2 3 -2 8 -6 -7 -3 -1
right_child=1 7 -4 -5 5 6 -8 -9 -10
leaf_value=0.24339711048752735 0.25226981055166026 0.20533849480173733 0.21351207355955851 0.22909838035086752 0.22957967516025457 0.26363378325115028 0.23865062903454876 0.23064724089333705 0.27270565607876585
leaf_weight=7.3948824405670193 20.212678670883179 15.775749206542971 7.6413785219192496 17.254725694656372 12.078307986259459 15.282757043838499 16.761733531951904 12.81779623031616 14.05027663707733
leaf_count=30 82 64 31 70 49 62 68 52 57
internal_value=0.239071 0.227311 0.236088 0.241314 0.252434 0.245309 0.251819 0.214978 0.264571
internal_weight=139.27 73.7023 45.1088 37.4674 65.568 44.1228 32.0445 28.5935 21.4452
internal_count=565 299 183 152 266 179 130 116 87
is_linear=0
shrinkage=1


Tree=1
num_leaves=10
num_cat=0
split_feature=5 12 38 34 32 40 17 40 32
split_gain=20.925 10.7551 7.11711 10.6726 5.00359 6.74782 3.75138 3.71736 2.84815
threshold=0.069060043156884979 50.251052683117912 0.010903145749426033 0.011779419329153608 0.0042590288374796401 0.020066308428835836 -2.9715302762683309 0.047865265280182208 0.0069544508485430709
decision_type=2 2 2 2 2 2 2 2 2
left_child=1 6 3 -3 5 -2 -1 -6 -8
right_child=4 2 -4 -5 7 -7 8 -9 -10
leaf_value=0.00025914158899759538 -0.0037704441280344311 -0.0085598214392941692 -0.019485861901733979 0.018904001632444035 -0.012745397168789469 -0.035460726842433746 0.031073539814538417 0.011988109834803315 0.005175892824854339
leaf_weight=7.6309730261564246 12.092360228300096 21.684087038040161 10.348105311393736 24.884606301784515 10.619730278849604 14.809699609875677 22.38637246191502 7.3978575915098181 7.3816421031951895
leaf_count=31 49 88 42 101 43 60 91 30 30
internal_value=0.00114212 0.00922701 0.000592049 0.00598112 -0.0151834 -0.0229817 0.0212905 -0.00165759 0.025854
internal_weight=139.235 94.3158 56.9168 46.5687 44.9196 26.9021 37.399 18.0176 29.768
internal_count=565 383 231 189 182 109 152 73 121
is_linear=0
shrinkage=0.03


Tree=2
num_leaves=12
num_cat=0
split_feature=33 14 38 18 21 21 13 33 31 17 25
split_gain=23.1189 7.79164 6.52238 6.63512 5.25628 9.67549 4.99807 3.60905 2.19893 1.6855 1.43187
threshold=0.68248905565978746 58.485100224546734 0.01058747560597317 0.75680206014560947 0.015439832167867099 0.018086953175573229 2.1557243556999492 0.52911550906431459 1.5000000000000002 -3.7758744203853669 0.21483516483516488
decision_type=2 2 2 2 2 2 2 2 2 2 2
left_child=4 2 3 -2 6 -6 10 -7 9 -3 -1
right_child=1 8 -4 -5 5 7 -8 -9 -10 -11 -12
leaf_value=0.014738137450794947 0.024214906855520885 -0.0096292883748675274 -0.024025857078300721 -0.0033150762552054788 -0.018652733186072617 0.020766938674476779 2.9550727069985916e-05 -0.0010564568007578167 -0.0064260812024501124 -0.035463617583173894 0.039026940674098357
leaf_weight=10.561503678560262 8.3654365539550763 7.4219792783260372 7.6526245325803748 29.088130369782448 8.8578067123889905 19.407651677727703 7.6209513992071143 7.892374411225318 9.894073158502577 11.381509050726892 11.043403416872023
leaf_count=43 34 30 31 118 36 79 31 32 40 46 45
internal_value=0.00110041 -0.0101669 -0.00178265 0.00336949 0.0139656 0.00528313 0.0232007 0.0143044 -0.0218817 -0.0278936 0.0300436
internal_weight=139.187 73.8038 45.1062 37.4536 65.3837 36.1578 29.2259 27.3 28.6976 18.8035 21.6049
internal_count=565 299 183 152 266 147 119 111 116 76 88
is_linear=0
shrinkage=0.03


Tree=3
num_leaves=12
num_cat=0
split_feature=33 14 33 34 21 21 12 22 23 31 17
split_gain=21.9891 7.39903 6.19188 6.67511 5.05499 9.18424 5.38998 4.10212 3.68734 2.06452 1.55683
threshold=0.68248905565978746 58.485100224546734 0.95038860103626954 0.037289155105246337 0.015439832167867099 0.018086953175573229 45.766285356190721 -0.13705963089087977 0.83054872532120361 1.5000000000000002 -3.7758744203853669
decision_type=2 2 2 2 2 2 2 2 2 2 2
left_child=4 2 3 -2 6 -6 -1 -8 -7 10 -3
right_child=1 9 -4 -5 5 8 7 -9 -10 -11 -12
leaf_value=0.040965770355039545 -0.0030941760450504353 -0.0093945465987015885 -0.023382778927379284 0.025224794774704004 -0.018162388470676485 -7.6963246890393073e-05 -0.0044914219356069832 0.020507645789005536 0.021246278582555029 -0.0062622890354899728 -0.034461415726823694
leaf_weight=8.7848954051733035 29.805821269750595 7.4290735125541714 7.6726576238870612 7.6318432986736289 8.8777249306440336 9.3288694769144076 7.3779366612434432 12.979987889528271 17.917291238903999 9.9004826396703702 11.418701693415644
leaf_count=36 121 30 31 31 36 38 30 53 73 40 46
internal_value=0.00105911 -0.00991528 -0.00173264 0.00328489 0.0136267 0.00510785 0.0226985 0.0111855 0.0139265 -0.0213194 -0.0271496
internal_weight=139.125 73.8586 45.1103 37.4377 65.2667 36.1239 29.1428 20.3579 27.2462 28.7483 18.8478
internal_count=565 299 183 152 266 147 119 83 111 116 76
is_linear=0
shrinkage=0.03


Tree=4
num_leaves=10
num_cat=0
split_feature=5 12 41 34 21 37 37 7 20
split_gain=18.1076 9.55756 9.85718 7.70116 6.24712 5.04851 4.93042 4.31922 3.89347
threshold=0.069060043156884979 50.251052683117912 1.0000000180025095e-35 0.016456838395251031 0.015439832167867099 0.055549047289299554 0.035747725460602904 0.011523886612549454 0.029570704591432302
decision_type=2 2 2 2 2 2 2 2 2
left_child=1 4 -3 -4 -1 6 7 -2 -6
right_child=5 2 3 -5 8 -7 -8 -9 -10
leaf_value=0.034867400425262055 0.0047417531812787963 -0.025560962295930963 -0.0049356158447223216 0.017926203498365528 -0.0025990130563676547 0.0052312273956460903 -0.033134015226597223 -0.018535600726563416 0.019827090363907781
leaf_weight=14.099784806370733 10.139513075351717 8.6257549822330457 24.642532214522362 23.58625465631485 12.034138381481172 7.8978254944086066 12.64987203478813 14.377106338739393 10.9891000688076
leaf_count=58 41 35 100 96 49 32 51 58 45
internal_value=0.00101639 0.00857473 0.000434335 0.0062149 0.0199989 -0.0141217 -0.0186743 -0.0087114 0.00823479
internal_weight=139.042 93.9776 56.8545 48.2288 37.123 45.0643 37.1665 24.5166 23.0232
internal_count=565 383 231 196 152 182 150 99 94
is_linear=0
shrinkage=0.03


Tree=5
num_leaves=7
num_cat=0
split_feature=9 38 4 21 36 16
split_gain=14.3256 13.2979 8.34448 12.2664 8.92409 3.08618
threshold=-0.045384210741203551 0.01058747560597317 0.020313161143618922 0.013981960567036206 0.0050015167229655027 0.49375329242502192
decision_type=2 2 2 2 2 2
left_child=-1 2 3 -2 -4 -3
right_child=1 5 4 -5 -6 -7
leaf_value=0.026874745287404068 0.025195011580947557 -0.0061938199080944414 0.011145309932381442 -0.0036134160514000833 -0.015218844979804158 -0.032065720142850106
leaf_weight=14.427066966891287 23.651356667280197 9.7748893201351184 14.811863258481024 25.140404522418976 33.367371276021004 12.607938438653944
leaf_count=59 97 40 60 102 135 51
internal_value=0.000496883 -0.00295834 0.00184235 0.0104981 -0.00669355 -0.0228171
internal_weight=133.781 119.354 96.971 48.7918 48.1792 22.3828
internal_count=544 485 394 199 195 91
is_linear=0
shrinkage=0.03


Tree=6
num_leaves=8
num_cat=0
split_feature=14 23 24 18 37 1 7
split_gain=13.5741 8.14666 8.72263 8.6459 7.83102 3.09983 1.97567
threshold=1.0000000180025095e-35 0.84076616808300486 -0.69525904203323552 1.0356234838708451 0.0091342512688116235 -0.012799942052907463 0.011523886612549454
decision_type=2 2 2 2 2 2 2
left_child=5 4 -3 -4 -2 -1 -7
right_child=1 2 3 -5 -6 6 -8
leaf_value=0.00065024218844650188 0.0001774833201515735 -0.021432334951149622 0.0091645743244289542 -0.018518508857252019 -0.030999741134130707 0.034371786927110341 0.0079269279050682481
leaf_weight=7.3176323771476772 11.046044975519182 11.57435631752014 61.487080216407776 9.9070273488759977 14.837941884994505 10.191538840532305 7.3548720777034751
leaf_count=30 45 47 250 40 60 42 30
internal_value=0.000478971 -0.00405273 0.000475488 0.00471879 -0.0180984 0.0197014 0.0259997
internal_weight=133.716 108.852 82.9685 71.3941 25.884 24.864 17.5464
internal_count=544 442 337 290 105 102 72
is_linear=0
shrinkage=0.03


Tree=7
num_leaves=7
num_cat=0
split_feature=12 17 24 38 15 2
split_gain=14.474 7.81303 6.75463 6.75456 6.77011 4.69936
threshold=45.029977511106203 -1.3135094005123233 -0.73176392572944282 0.01058747560597317 60.028734866356466 0.012520233216739009
decision_type=2 2 2 2 2 2
left_child=1 -1 -2 4 -4 -5
right_child=2 -3 3 5 -6 -7
leaf_value=-0.0037414878636334334 -0.024868195696118568 0.029421719076752537 0.0086288585109675197 -0.001877480216864469 -0.0096577647859736344 -0.032145209755828588
leaf_weight=7.5850266963243511 10.878013744950293 18.63129960000515 52.330534547567368 11.564394637942316 24.994733154773712 7.6769877672195426
leaf_count=31 44 77 213 47 101 31
internal_value=0.000460406 0.0197101 -0.00437378 -0.0014552 0.0024343 -0.0165496
internal_weight=133.661 26.2163 107.445 96.5667 77.3253 19.2414
internal_count=544 108 436 392 314 78
is_linear=0
shrinkage=0.03


Tree=8
num_leaves=7
num_cat=0
split_feature=9 38 15 4 19 16
split_gain=12.9775 12.3489 10.1459 10.2344 8.48426 2.59298
threshold=-0.045384210741203551 0.01058747560597317 60.028734866356466 0.023876462496217891 0.14897617952488781 0.49375329242502192
decision_type=2 2 2 2 2 2
left_child=-1 2 3 -2 -4 -3
right_child=1 5 4 -5 -6 -7
leaf_value=0.025645086260887944 0.019064845756307264 -0.0063036476368402618 -0.025184179210059599 -0.0035819713800912104 0.0049724160799562885 -0.030517117734559757
leaf_weight=14.294033512473105 35.305994167923927 9.7625778466463107 16.806024476885799 31.833800360560417 12.911287441849707 12.663317754864691
leaf_count=59 145 40 68 129 52 51
internal_value=0.000418985 -0.0028533 0.00177602 0.00831708 -0.0121217 -0.0219697
internal_weight=133.577 119.283 96.8571 67.1398 29.7173 22.4259
internal_count=544 485 394 274 120 91
is_linear=0
shrinkage=0.03


Tree=9
num_leaves=7
num_cat=0
split_feature=12 24 24 22 2 4
split_gain=13.2305 6.34645 6.14115 7.181 5.65297 4.81763
threshold=45.029977511106203 -0.73176392572944282 0.043305243445692886 0.15343382632149352 -0.019298984556110618 0.010459261160030821
decision_type=2 2 2 2 2 2
left_child=4 -2 3 -3 -1 -4
right_child=1 2 5 -5 -6 -7
leaf_value=0 -0.024054124390947201 -0.00025083265034062953 0.006473445923889729 0.026067912787480656 0.028880754089749328 -0.013148988385602431
leaf_weight=9.9738339334726351 10.90477931499481 32.474157422780991 12.750064104795454 10.492402225732802 16.073178604245186 40.81675411760807
leaf_count=41 44 132 52 43 67 165
internal_value=0.000393626 -0.00421172 -0.00137527 0.00671618 0.0188702 -0.00814359
internal_weight=133.485 107.438 96.5334 42.9666 26.047 53.5668
internal_count=544 436 392 175 108 217
is_linear=0
shrinkage=0.03


Tree=10
num_leaves=7
num_cat=0
split_feature=14 33 28 0 2 1
split_gain=11.3661 4.69582 5.56463 5.60618 3.90187 4.30092
threshold=69.432284865053148 0.95038860103626954 2.5000000000000004 -0.010172404821937707 -0.0052324413469544964 0.02221451628552629
decision_type=2 2 2 2 2 2
left_child=1 2 -1 -4 -2 -6
right_child=4 -3 3 -5 5 -7
leaf_value=0.023249589026109494 0 -0.013765268915979742 -0.011538879018807227 0.0069956742298884229 -0.034767191454039531 -0.00316850345774515
leaf_weight=12.796188697218893 7.6866537183523205 9.6906615793704969 16.639532685279846 63.046880602836609 11.202990680933 7.7075098007917395
leaf_count=52 31 39 68 258 45 31
internal_value=-0.000573561 0.00391701 0.00618074 0.00275404 -0.0174162 -0.0241405
internal_weight=128.77 102.173 92.4826 79.6864 26.5972 18.9105
internal_count=524 417 378 326 107 76
is_linear=0
shrinkage=0.03


Tree=11
num_leaves=11
num_cat=0
split_feature=15 2 37 38 15 36 38 2 36 13
split_gain=12.6597 10.0807 6.82424 9.42917 6.44551 5.87396 6.70835 5.46036 4.29391 2.50799
threshold=62.801107298283867 -0.0084081022294725232 0.020327459045181299 0.01030694302783612 13.081387913813325 0.0051736327028402999 0.0069493180922519529 0.018005024310531751 0.0060613379873813303 -3.3526128951023924
decision_type=2 2 2 2 2 2 2 2 2 2
left_child=2 -2 3 9 -5 7 -7 -4 -3 -1
right_child=1 8 5 4 -6 6 -8 -9 -10 -11
leaf_value=0.0043390104609143344 0.0077640381787969547 -0.041197423957692138 0.025214042426506652 0.00943817781549002 -0.019262963442339822 0.0080463623097654455 -0.020789131323553447 -0.0059958085912458067 -0.010821383854180912 0.028936472683161317
leaf_weight=7.3252575099468258 8.9078297764062899 9.7084020525217074 7.8394122272729856 17.000438347458843 9.1091182529926282 8.5922294855117816 20.154016360640526 7.9181074202060699 12.413383588194845 19.75821253657341
leaf_count=30 36 39 32 70 37 35 82 32 50 81
internal_value=-0.000573306 -0.0167619 0.00465104 0.0117842 -0.000699585 -0.00369238 -0.0117196 0.00977751 -0.0270846 0.0235552
internal_weight=128.726 31.0296 97.6968 53.193 26.1096 44.5038 28.7462 15.7575 22.1218 27.0835
internal_count=524 125 399 218 107 181 117 64 89 111
is_linear=0
shrinkage=0.03


Tree=12
num_leaves=9
num_cat=0
split_feature=14 37 25 38 7 12 2 32
split_gain=10.2453 4.844 6.49871 7.5379 5.38552 7.46711 3.52255 3.8007
threshold=69.432284865053148 0.020327459045181299 0.069537186276767235 0.01030694302783612 0.029243704776145914 54.586502200865219 -0.0052324413469544964 0.0042590288374796401
decision_type=2 2 2 2 2 2 2 2
left_child=1 2 -1 -4 5 -3 -2 -8
right_child=6 4 3 -5 -6 -7 7 -9
leaf_value=-0.0088314595534861109 0 -0.016741488202393517 0.024730414296669494 0 -0.022494660373645361 0.010786023955155839 -0.033775231247686437 -0.0041479775756451407
leaf_weight=11.528509318828581 7.6849804073572185 10.996874421834944 25.531654581427574 20.223166480660439 8.429135784506796 25.318880304694176 10.483109533786775 8.4654839336872083
leaf_count=47 31 45 105 83 34 103 42 34
internal_value=-0.000555396 0.00370969 0.00941981 0.0145098 -0.00336988 0.00162009 -0.0165359 -0.0229147
internal_weight=128.662 102.028 57.2833 45.7548 44.7449 36.3158 26.6336 18.9486
internal_count=524 417 235 188 182 148 107 76
is_linear=0
shrinkage=0.03


Tree=13
num_leaves=10
num_cat=0
split_feature=15 2 37 38 15 28 35 2 13
split_gain=11.6519 9.29397 6.18191 8.60944 6.12339 5.06432 3.44683 3.06506 2.4136
threshold=62.801107298283867 -0.0084081022294725232 0.020327459045181299 0.01030694302783612 13.081387913813325 2.5000000000000004 0.016006689504870945 0.015206747537903189 -3.3526128951023924
decision_type=2 2 2 2 2 2 2 2 2
left_child=2 -2 3 8 -5 -4 -7 -3 -1
right_child=1 7 5 4 -6 6 -8 -9 -10
leaf_value=0.003823394850233767 0.007438779344298721 -0.035751527188409453 0.014283958735800796 0.0092528446287177494 -0.018712363831199074 -0.020103061219910279 -0.00071435530412871609 -0.0087884326586508375 0.027842272503166034
leaf_weight=7.297746658325198 8.8943402320146578 12.202799007296564 8.8291990607976896 16.980070784687999 9.1298685371875745 12.841644018888472 22.853729531168938 9.9497824311256391 19.606673300266266
leaf_count=30 36 49 36 70 37 52 93 40 81
internal_value=-0.0005644 -0.0160908 0.00445101 0.0112604 -0.000627767 -0.00346984 -0.00878402 -0.0259927 0.0225615
internal_weight=128.586 31.0469 97.5389 53.0144 26.1099 44.5246 35.6954 22.1526 26.9044
internal_count=524 125 399 218 107 181 145 89 111
is_linear=0
shrinkage=0.03


Tree=14
num_leaves=10
num_cat=0
split_feature=15 2 7 17 35 20 23 20 32
split_gain=11.0484 8.84099 4.98443 9.43328 5.05593 10.0381 4.17633 4.00783 3.5552
threshold=62.801107298283867 -0.0084081022294725232 0.0041626687572992082 -3.7758744203853669 -0.030362176332628717 0.021292897893650565 0.97809085280802222 0.023992758872641597 -0.003663115995318988
decision_type=2 2 2 2 2 2 2 2 2
left_child=2 -2 3 -1 6 -6 -4 -3 -5
right_child=1 7 4 8 5 -7 -8 -9 -10
leaf_value=-0.013283275481460691 0.0072611227432951972 -0.033724107912156402 -0.0013624572816733228 0.00021979130422892607 0.00036844504110342293 -0.033977588685293193 0.024746789893799609 -0.0036021788220266734 0.026515318945470875
leaf_weight=7.5682062655687323 8.8876333832740801 14.692361742258074 9.0395349264144915 7.2806069701910046 36.347114577889442 7.4244681298732749 8.5630871802568418 7.4768539518117896 21.214654088020325
leaf_count=31 36 59 37 30 148 30 35 30 88
internal_value=-0.000553736 -0.0156705 0.00433192 0.012886 -0.000705812 -0.00635966 0.0118026 -0.0253245 0.0207437
internal_weight=128.495 31.0568 97.4377 36.0635 61.3742 43.7716 17.6026 22.1692 28.4953
internal_count=524 125 399 149 250 178 72 89 118
is_linear=0
shrinkage=0.03


Tree=15
num_leaves=11
num_cat=0
split_feature=33 11 11 15 20 20 40 28 11 23
split_gain=13.556 5.90985 6.0372 5.1279 7.17773 10.2217 6.02043 6.41266 3.2665 1.29076
threshold=0.67667430289580144 0.051326954683116773 0.0698976108092665 29.460703492819192 0.016053394889674874 0.018806595643083238 0.05563511802297972 9.5000000000000018 -0.0072587436519291329 0.88372603093850144
decision_type=2 2 2 2 2 2 2 2 2 2
left_child=1 8 -3 4 -2 -6 7 -5 -1 -10
right_child=3 2 -4 6 5 -7 -8 -9 9 -11
leaf_value=0.0027078585025950863 -0.016597226478997227 -0.017124319459901186 0.014806559130920586 -0.026491609051262858 0.034422068749385394 -0.0054489155849084588 0.005104472816923878 0.0013391198110651442 0.0062725999867179636 0.026808568085851178
leaf_weight=12.95820105075836 10.330776274204256 10.014407068490984 7.3556859940290442 26.969063445925713 8.0535749644041079 11.378164693713186 9.3967646062374097 8.4381887763738614 7.24358803033829 20.44085781276226
leaf_count=54 42 41 30 109 33 46 38 34 30 85
internal_value=0.000268298 0.0110457 -0.00269555 -0.00799008 0.00121249 0.0120461 -0.0142143 -0.0197411 0.0171212 0.0227253
internal_weight=132.579 58.0127 17.3701 74.5665 29.7625 19.4317 44.804 35.4073 40.6426 27.6844
internal_count=542 240 71 302 121 79 181 143 169 115
is_linear=0
shrinkage=0.03


Tree=16
num_leaves=12
num_cat=0
split_feature=9 33 11 11 16 10 21 19 18 10 21
split_gain=14.8928 5.5054 6.19171 8.87996 4.42717 6.36623 4.43206 5.82123 2.75525 7.49743 1.09106
threshold=0.046748561197551823 0.77253018462704626 0.04910749752502664 0.0698976108092665 0.83500526743318704 0.012546622007562293 0.013981960567036206 0.095286521185579953 1.0356234838708451 0.027560916683154416 0.017835852085699967
decision_type=2 2 2 2 2 2 2 2 2 2 2
left_child=4 2 -2 -4 6 -6 -1 -8 9 -3 -7
right_child=1 8 3 -5 5 10 7 -9 -10 -11 -12
leaf_value=0.030680091092040868 0.017293967222184785 0.006508852595945816 -0.025995309533650313 0.0081005217591005318 -0.014474683020371989 0.020749452484038731 -0.010219747713862621 0.019120732158075981 -0.03048654384733282 -0.021785858839320701 0.002082052988553663
leaf_weight=13.541571095585821 10.728981152176855 12.521001055836679 11.071962311863901 12.08204999566078 10.791444107890131 7.335325747728346 8.0543747544288653 12.608505412936209 8.7033850848674756 17.375444144010544 7.6715517789125443
leaf_count=57 44 51 45 49 44 30 33 53 35 70 31
internal_value=0.000279349 -0.00865311 0 -0.0083779 0.0112427 0.00103199 0.0180472 0.00712937 -0.0161061 -0.00980033 0.0134557
internal_weight=132.486 72.4828 33.883 23.154 60.0028 25.7983 34.2045 20.6629 38.5998 29.8964 15.0069
internal_count=542 294 138 94 248 105 143 86 156 121 61
is_linear=0
shrinkage=0.03


Tree=17
num_leaves=9
num_cat=0
split_feature=9 23 2 19 13 23 17 9
split_gain=14.1553 6.14943 7.78775 4.45028 4.22636 4.97451 2.81104 2.79487
threshold=0.046748561197551823 0.80670138493279986 0.0089498947222401721 0.10178346676546901 5.0099654527439066 0.78725381611987422 -2.8853909468818197 0.1297470185107085
decision_type=2 2 2 2 2 2 2 2
left_child=4 -2 3 -3 5 -1 -7 -4
right_child=1 2 7 -5 -6 6 -8 -9
leaf_value=-0.0040923800676940479 -0.02688144083796893 0.01819409674626149 -0.018464688680884977 -0.0037141900359902078 -0.0028072520687646074 0.0017548191329381784 0.023638161278858018 4.193811933881655e-05
leaf_weight=8.0336467921733838 11.644171237945555 13.86017329990864 24.429479092359543 14.602844923734663 13.13919375836849 8.5597092509269661 30.13405537605286 7.954528644680976
leaf_count=33 47 57 99 59 54 35 126 32
internal_value=0.000276018 -0.00842347 -0.00390948 0.00695582 0.0109843 0.0151262 0.01949 -0.0137446
internal_weight=132.358 72.4912 60.847 28.463 59.8666 46.7274 38.6938 32.384
internal_count=542 294 247 116 248 194 161 131
is_linear=0
shrinkage=0.03


Tree=18
num_leaves=9
num_cat=0
split_feature=9 25 38 40 0 14 38 36
split_gain=13.3852 5.31896 6.46095 4.60132 4.37642 4.20646 6.45299 1.51807
threshold=0.046748561197551823 0.0096638655462184895 0.0066337295957452358 0.05271988891180069 0.013165763726054715 1.0000000180025095e-35 0.007566951312943845 0.0069995519183116096
decision_type=2 2 2 2 2 2 2 2
left_child=4 -2 -3 -4 5 7 -7 -1
right_child=1 2 3 -5 -6 6 -8 -9
leaf_value=0.037224282661518462 -0.02933268295848698 -0.025031367475368146 -0.0046872437914641484 0.015757839610086762 -0.0032573393497628608 0.026454412780150583 -0.0011910468433917669 0.010462350670169625
leaf_weight=7.5379723310470563 7.6931250691413871 9.5920816510915738 44.669920146465302 10.550703838467596 13.258010119199751 8.6916376650333422 22.594279035925865 7.6527213454246521
leaf_count=32 31 39 181 43 55 36 93 32
internal_value=0.000256328 -0.00819362 -0.004657 -0.000104531 0.010689 0.0149471 0.00716664 0.0274005
internal_weight=132.24 72.5058 64.8127 55.2206 59.7346 46.4766 31.2859 15.1907
internal_count=542 294 263 224 248 193 129 64
is_linear=0
shrinkage=0.03


Tree=19
num_leaves=9
num_cat=0
split_feature=33 38 22 23 33 23 11 17
split_gain=11.7579 6.18165 6.58483 4.30145 4.23187 6.06075 7.06869 4.09333
threshold=0.67667430289580144 0.0096669461471962006 0.17974703703305342 0.9167289253524048 0.95038860103626954 0.84702526680042223 0.044838041504963851 2.7074454931389416
decision_type=2 2 2 2 2 2 2 2
left_child=1 2 3 -1 5 -2 -7 -3
right_child=4 7 -4 -5 -6 6 -8 -9
leaf_value=-0.021942540469080909 -0.019325376033660378 0.027368143936468654 0.020465611735626183 0.0022861467395136211 -0.02247214840644916 0.012075473690174794 -0.010072400869026096 0
leaf_weight=8.7767851352691704 14.594681695103644 18.845918700098995 8.8399374932050687 13.77733677625656 12.201235353946684 25.462475419044495 22.268272891640663 7.384625479578971
leaf_count=36 59 79 37 57 49 104 90 31
internal_value=0.000254426 0.0103444 0.000642187 -0.0075507 -0.00741765 -0.00363023 0.00145147 0.020557
internal_weight=132.151 57.6246 31.3941 22.5541 74.5267 62.3254 47.7307 26.2305
internal_count=542 240 130 93 302 253 194 110
is_linear=0
shrinkage=0.03


Tree=20
num_leaves=6
num_cat=0
split_feature=12 0 37 0 17
split_gain=11.805 5.72766 7.36316 7.21862 3.79507
threshold=45.029977511106203 -0.017202185041288617 -0.021933368583336606 -0.0032303605207522064 -1.0741816158602673
decision_type=2 2 2 2 2
left_child=4 -2 -3 -4 -1
right_child=1 2 3 -5 -6
leaf_value=0 -0.025791839582877285 -0.026497471870314999 0.012837030838159845 -0.0057181008630618289 0.024005113797758274
leaf_weight=7.449412718415263 10.124201998114584 9.1258133202791196 24.057574510574341 65.863574758172035 15.978049933910368
leaf_count=31 41 37 99 268 68
internal_value=-0.00178942 -0.00608126 -0.00344745 -0.000419369 0.0165257
internal_weight=132.599 109.171 99.047 89.9211 23.4275
internal_count=544 445 404 367 99
is_linear=0
shrinkage=0.03


Tree=21
num_leaves=9
num_cat=0
split_feature=20 21 18 21 20 11 23 35
split_gain=11.4066 10.4363 10.3907 9.9955 6.39054 4.49496 2.47045 1.38045
threshold=0.029570704591432302 0.013835673276505674 0.65442823355460367 0.012998387671180838 0.019133704421432276 0.047823721174256158 1.0063471866479758 0.051822133691253554
decision_type=2 2 2 2 2 2 2 2
left_child=1 2 7 -4 -3 -6 -2 -1
right_child=6 4 3 -5 5 -7 -8 -9
leaf_value=0.029408563119959007 0.0028239870498349847 0.0084714125056351113 -0.014829142391585209 0.019720962255028517 -0.027225405732625781 -0.0085682310650568062 0.028873448479096862 0.0066861221018320541
leaf_weight=10.092155799269678 7.226681441068652 8.5716499835252744 24.494454488158226 8.3682160526514036 22.097038552165031 34.820657655596733 9.4503484368324262 7.4139378964900962
leaf_count=43 30 35 100 34 90 141 40 31
internal_value=-0.00174808 -0.00527623 0.00468097 -0.00497434 -0.0130685 -0.0167444 0.0198997 0.0222267
internal_weight=132.535 115.858 50.3688 32.8627 65.4893 56.9177 16.677 17.5061
internal_count=544 474 208 134 266 231 70 74
is_linear=0
shrinkage=0.03


Tree=22
num_leaves=9
num_cat=0
split_feature=12 23 0 0 6 36 26 8
split_gain=10.9257 8.83599 7.15172 4.74053 3.99741 2.71259 4.43162 0.492985
threshold=45.029977511106203 0.83480595151006065 -0.017202185041288617 -0.0054944554944555404 -0.011805239093655497 0.0060481643155248571 0.21194295900178256 -0.021071773813012059
decision_type=2 2 2 2 2 2 2 2
left_child=4 5 -3 -4 -1 -2 -7 -6
right_child=1 2 3 -5 7 6 -8 -9
leaf_value=-0.0005166555918796039 -0.034976324673416596 -0.02442117705800315 0.015462829990056265 -0.0017757083423514011 0.031900292809726637 0.0047067992975355199 -0.023363537499653319 0.011323285383685771
leaf_weight=7.3868356496095684 7.9155207276344326 8.4004354327917081 16.317200392484665 60.749134436249733 6.9605217278003702 7.3821521401405326 8.4232400655746442 8.9380993396043742
leaf_count=31 32 34 67 248 30 30 34 38
internal_value=-0.00166206 -0.00578618 -0.000939549 0.00198329 0.0160111 -0.0212346 -0.0103544 0.023728
internal_weight=132.473 109.188 85.4668 77.0663 23.2855 23.7209 15.8054 15.8986
internal_count=544 445 349 315 99 96 64 68
is_linear=0
shrinkage=0.03


Tree=23
num_leaves=9
num_cat=0
split_feature=20 21 4 20 37 38 4 23
split_gain=10.5983 9.82542 19.486 8.36865 6.19554 8.53028 4.99237 2.37142
threshold=0.029570704591432302 0.013835673276505674 0.033583345268292215 0.016592444995917079 0.015436339371304621 0.01030694302783612 0.037956321910513909 1.0063471866479758
decision_type=2 2 2 2 2 2 2 2
left_child=1 2 3 -1 5 -3 -6 -2
right_child=7 4 -4 -5 6 -7 -8 -9
leaf_value=0 0.0025870482385855131 0.0081048488229853496 -0.02403821306418134 0.027636135962563375 -0.030103170779297146 -0.023286329566731066 -0.0050537206775509592 0.028138509874337816
leaf_weight=16.306792750954628 7.2035084217786816 21.311185181140903 13.166609033942221 20.826039016246796 20.296262726187706 9.5756058543920499 14.349887639284132 9.36097404360771
leaf_count=68 30 87 53 87 82 39 58 40
internal_value=-0.00162237 -0.00502012 0.00464447 0.0159069 -0.0125781 -0.00199532 -0.0209794 0.0193106
internal_weight=132.397 115.832 50.2994 37.1328 65.5329 30.8868 34.6462 16.5645
internal_count=544 474 208 155 266 126 140 70
is_linear=0
shrinkage=0.03


Tree=24
num_leaves=7
num_cat=0
split_feature=12 23 0 24 6 26
split_gain=10.1345 8.30345 6.66437 8.68388 3.91553 1.73555
threshold=45.029977511106203 0.83480595151006065 -0.017202185041288617 -1.0000000180025095e-35 -0.011805239093655497 0.21194295900178256
decision_type=2 2 2 2 2 2
left_child=4 5 -3 -4 -1 -2
right_child=1 2 3 -5 -6 -7
leaf_value=-0.00081011137454256544 -0.0066550601135580605 -0.023507000844277648 0.01325252528785841 -0.0064921776896145556 0.023181921272836109 -0.027346091842443923
leaf_weight=7.3622182756662395 9.8611750304698962 8.4089916646480543 33.289260640740395 43.69282054901123 15.775134906172751 13.872364297509192
leaf_count=31 40 34 137 178 68 56
internal_value=-0.00158023 -0.00554911 -0.000842858 0.00197546 0.015494 -0.0205173
internal_weight=132.262 109.125 85.3911 76.9821 23.1374 23.7335
internal_count=544 445 349 315 99 96
is_linear=0
shrinkage=0.03


Tree=25
num_leaves=10
num_cat=0
split_feature=7 36 35 19 36 28 15 34 13
split_gain=5.60356 5.36163 9.26683 7.60511 5.94278 3.31368 8.51051 7.02769 4.90987
threshold=0.013276673838262398 0.0080059099677748762 1.0000000180025095e-35 0.10394254431741896 0.0035406063549034985 7.5000000000000009 12.183049886160093 0.0012872227361614421 -0.17975590856930521
decision_type=2 2 2 2 2 2 2 2 2
left_child=1 2 3 -1 -4 6 -2 -7 -8
right_child=5 -3 4 -5 -6 7 8 -9 -10
leaf_value=-0.032456607188657019 0.01160329568556287 0.022429832286830272 -0.01140958388987382 0.0011226274234317818 0.013682834825459077 -0.017746193582861922 -0.036135583165007597 0.014832494415829964 -0.0071704024005549982
leaf_weight=8.5166493505239504 8.057093068957327 12.81318463385105 8.2034849375486356 12.150989234447477 43.19077904522419 7.3990322649478939 9.409752145409584 13.850287333130835 15.36481761932373
leaf_count=35 33 54 34 51 179 30 38 56 62
internal_value=0.00100681 0.00585587 0.00218023 -0.0136957 0.00911934 -0.0062733 -0.0120613 0.00229264 -0.0206095
internal_weight=138.956 84.8751 72.0619 20.6676 51.3943 54.081 32.8317 21.2493 24.7746
internal_count=572 353 299 86 213 219 133 86 100
is_linear=0
shrinkage=0.03


Tree=26
num_leaves=10
num_cat=0
split_feature=21 18 20 20 21 20 35 38 38
split_gain=5.43294 11.7735 7.45783 6.83284 5.08185 4.82474 3.33994 3.14783 2.52146
threshold=0.013835673276505674 0.72731772389525606 0.029570704591432302 0.019133704421432276 0.016624255671461603 0.016799814268973482 0.060796940402693463 0.0070570544863452654 0.01517114083483371
decision_type=2 2 2 2 2 2 2 2 2
left_child=1 6 3 -2 -5 -3 -1 -7 -4
right_child=2 5 8 4 -6 7 -8 -9 -10
leaf_value=0.030478380027909733 0.014331595217592934 -0.019593321102434384 0.022627405915461661 -0.022552314263866981 -0.0042201916323432228 -0.0082215139074159459 0.0030292663682637572 0.014015867802570589 0
leaf_weight=16.239735111594204 8.5662973374128324 9.6290365159511584 8.9338565021753329 22.125435516238213 40.19698777794838 7.6162571758031872 7.3722929060459128 11.065043926239012 7.1004819720983496
leaf_count=70 35 39 38 90 163 31 31 45 30
internal_value=0.000957074 0.00854033 -0.00349421 -0.00783018 -0.0114604 -0.00408421 0.0233995 0.0043062 0.0135861
internal_weight=138.845 51.9224 86.9231 70.8887 62.3224 28.3103 23.612 18.6813 16.0343
internal_count=572 216 356 288 253 115 101 76 68
is_linear=0
shrinkage=0.03


Tree=27
num_leaves=10
num_cat=0
split_feature=21 18 20 20 36 25 35 38 16
split_gain=5.13305 11.2564 7.08191 6.49265 5.95568 5.35636 3.18997 2.41717 1.64867
threshold=0.013835673276505674 0.72731772389525606 0.029570704591432302 0.019133704421432276 0.0052442944307557913 0.015942581300813014 0.060796940402693463 0.01517114083483371 1.0594200141897512
decision_type=2 2 2 2 2 2 2 2 2
left_child=1 6 3 -2 -3 -5 -1 -4 -6
right_child=2 4 7 5 8 -7 -8 -9 -10
leaf_value=0.029877404371251345 0.014001685321756614 0.015065377154454237 0.022166095598416525 -0.030362124590870881 0 -0.0064794820734941846 0.0029591683034023712 0 -0.018506507796757502
leaf_weight=16.111576631665233 8.5524288117885572 7.8621387332677868 8.8885027915239316 9.3913381993770582 7.6006864458322552 52.97764079272747 7.3679663985967627 7.1004819720983496 12.854910150170324
leaf_count=70 35 32 38 38 31 215 31 30 52
internal_value=0.000942205 0.0083266 -0.00337838 -0.00760188 -0.00398776 -0.0111403 0.0229144 0.0132841 -0.0126684
internal_weight=138.708 51.7973 86.9104 70.9214 28.3177 62.369 23.4795 15.989 20.4556
internal_count=572 216 356 288 115 253 101 68 83
is_linear=0
shrinkage=0.03


Tree=28
num_leaves=11
num_cat=0
split_feature=14 19 10 17 6 35 34 8 0 1
split_gain=5.05839 5.71768 6.45468 4.87807 7.85096 5.21472 4.87194 3.89045 3.05955 1.90277
threshold=33.851874712812339 0.15216859258148743 0.019240616839832029 -3.2209951792489639 0.010864606363177069 0.055518657750080476 0.011488402857059101 0.055884545904910245 -0.0029641631400425523 0.025708628116947411
decision_type=2 2 2 2 2 2 2 2 2 2
left_child=3 2 8 -1 5 -5 -4 -3 -2 -6
right_child=1 7 6 4 9 -7 -8 -9 -10 -11
leaf_value=-0.011669536579727302 0.014110258214916275 0.02154719485457882 -0.033178424412775055 0.021592022546118961 0.001706848994121359 -0.0012896260156021683 -0.004657291270441199 -0.002848182893484312 -0.0068734116532359552 -0.015032831337024852
leaf_weight=9.1909899115562421 8.0086841285228747 8.1742047965526599 11.918042540550234 34.443725556135178 10.882249623537065 10.007345020771025 12.358925595879553 10.93538177013397 14.283393517136572 8.3332802802324277
leaf_count=38 33 33 48 147 45 42 50 44 58 34
internal_value=0.000928573 -0.00490504 -0.0105901 0.00637831 0.00948821 0.016284 -0.0206893 0.00792925 0.000588778 -0.00557848
internal_weight=138.536 65.6786 46.569 72.8576 63.6666 44.4511 24.277 19.1096 22.2921 19.2155
internal_count=572 266 189 306 268 189 98 77 91 79
is_linear=0
shrinkage=0.03


Tree=29
num_leaves=12
num_cat=0
split_feature=5 25 40 35 23 5 34 15 18 35 25
split_gain=4.89638 6.88835 4.66022 4.6064 6.97244 4.77918 4.27945 3.65021 1.9602 1.85386 1.75123
threshold=-0.0012555323383813819 0.10372413793103449 -0.015886362109907955 0.033408491878768827 0.82172033435443959 0.046222696301835738 0.013158486594801457 38.298307862934543 0.32323445854999794 0.0022868926035960473 0.04435181715998502
decision_type=2 2 2 2 2 2 2 2 2 2 2
left_child=2 6 8 4 -3 -5 10 -8 -1 -4 -2
right_child=1 3 9 5 -6 -7 7 -9 -10 -11 -12
leaf_value=0.0085147290396743423 -0.0099132419569508811 -0.01112982747645774 0.0050896034556008182 0.0048761545222666272 0.017495428115758587 -0.018245189928718278 0.012517746832650323 -0.012841874953771454 -0.0090172035621304148 0.029799937039783876 -0.031305578486868303
leaf_weight=9.7601521015167254 14.816973492503168 8.0513325184583646 7.2698827087879208 16.011308595538143 28.206497341394424 11.934306144714354 8.2583921253681201 8.1735534816980344 9.2109103053808195 8.7821459621191007 7.9001453816890708
leaf_count=42 60 33 31 67 116 48 34 33 38 38 32
internal_value=0.000882294 -0.00231298 0.0103322 0.00355265 0.0104974 -0.0050561 -0.0120021 0 0 0.0212434 -0.0198907
internal_weight=138.376 103.353 35.0231 64.2034 36.2578 27.9456 39.1491 16.4319 18.9711 16.052 22.7171
internal_count=572 423 149 264 149 115 159 67 80 69 92
is_linear=0
shrinkage=0.03


Tree=30
num_leaves=11
num_cat=0
split_feature=37 38 35 35 33 23 18 17 34 34
split_gain=9.11336 8.44537 8.08784 8.59141 4.77665 4.75684 6.19112 4.61507 4.56308 0.818326
threshold=0.015436339371304621 0.01030694302783612 0.004257431469596896 -0.037469770689070529 0.58946210974114943 0.82172033435443959 1.0025186792969623 -2.9715302762683309 -0.012751597448073691 0.0079652569852287653
decision_type=2 2 2 2 2 2 2 2 2 2
left_child=1 2 3 -1 8 -2 7 -7 -3 -4
right_child=5 4 9 -5 -6 6 -8 -9 -10 -11
leaf_value=0.020606074786454143 -0.023664536310214989 0.018589412756508477 0.011369145375358502 -0.01733479343637296 -0.023275266876328544 -0.015870776483935596 -0.025270270048193821 0.0058536490379268889 -0.010827371767522707 0.031267842241403616
leaf_weight=7.6179463565349606 13.128296270966528 6.9216896295547494 9.2618177235126513 10.141262471675871 7.8787716031074515 9.3997012972831708 7.9742115139961234 35.820241272449493 7.7702863812446603 14.63853073120117
leaf_count=32 53 30 38 42 32 38 32 148 33 62
internal_value=-0.000780439 0.00703819 0.0149111 0 -0.00691345 -0.00855635 -0.0038335 0.00053927 0.00269965 0.0256092
internal_weight=130.553 64.2303 41.6596 17.7592 22.5707 66.3225 53.1942 45.2199 14.692 23.9003
internal_count=540 269 174 74 95 271 218 186 63 100
is_linear=0
shrinkage=0.03


Tree=31
num_leaves=11
num_cat=0
split_feature=37 20 20 17 11 37 6 16 35 15
split_gain=8.68293 6.23474 5.75004 5.42596 5.69697 4.95926 6.97827 4.19191 4.08485 2.55639
threshold=0.015436339371304621 0.027484855722118142 0.019222464421676331 -2.9715302762683309 0.048860309037257028 -0.01830320512964306 0.0029330386857259615 9.6081546664714725 0.010738575290937248 85.52413031103292
decision_type=2 2 2 2 2 2 2 2 2 2
left_child=3 2 7 4 -1 6 -5 -2 -7 -4
right_child=1 -3 9 5 -6 8 -8 -9 -10 -11
leaf_value=-0.02322629978650919 -0.0098064038407257043 0.012663746709798186 -0.026376692872247677 0.017124393213434105 0.0075925040334401048 0.0014468550215109043 -0.019194346075013424 0.012598070223957213 0.025719263835655124 -0.0031969546253614155
leaf_weight=7.753610551357272 19.479466319084171 8.5919188410043699 20.955437332391742 7.0574844628572446 9.5211958736181241 10.760946601629259 7.9012176692485809 9.3288345336914045 21.118909075856209 7.9370620846748343
leaf_count=32 81 35 85 30 39 46 33 38 89 32
internal_value=-0.000770228 -0.00836163 -0.012063 0.00686783 -0.00643667 0.0121445 -0.001176 -0.00171755 0.018538 -0.0211138
internal_weight=130.406 66.2927 57.7008 64.1134 17.2748 46.8386 14.9587 28.8083 31.8799 28.8925
internal_count=540 271 236 269 71 198 63 119 135 117
is_linear=0
shrinkage=0.03


Tree=32
num_leaves=11
num_cat=0
split_feature=37 38 28 36 20 14 20 16 15 12
split_gain=8.20536 7.82257 6.71646 6.9636 5.92415 5.5937 5.45496 3.97861 2.39202 1.82304
threshold=0.015436339371304621 0.01030694302783612 7.5000000000000009 0.0050380393820635963 0.027484855722118142 0.75658873827785567 0.019222464421676331 9.6081546664714725 85.52413031103292 51.347542609684417
decision_type=2 2 2 2 2 2 2 2 2 2
left_child=1 2 3 -1 6 -3 7 -2 -8 -4
right_child=4 5 9 -5 -6 -7 8 -9 -10 -11
leaf_value=0.023561378450539551 -0.0095273917531533813 0.0071026996046290583 0.0098987539676864012 -0.0085415541966396957 0.012367000250340571 -0.020133045872226526 -0.025641658795800992 0.012298881490428163 -0.0031205767850411301 0.035367194756872285
leaf_weight=7.1821026355028179 19.506579756736759 11.024719133973123 8.4155913293361682 15.518719673156737 8.582276448607443 11.531532064080237 20.966594457626346 9.3179179280996305 7.9363478422164908 10.345438927412031
leaf_count=31 81 48 36 64 35 47 85 38 32 43
internal_value=-0.000742331 0.00668772 0.0142983 0.00209329 -0.00812098 -0.00671602 -0.0117302 -0.00164492 -0.0205453 0.0267195
internal_weight=130.328 64.0181 41.4619 22.7008 66.3097 22.5563 57.7274 28.8245 28.9029 18.761
internal_count=540 269 174 95 271 95 236 119 117 79
is_linear=0
shrinkage=0.03


Tree=33
num_leaves=10
num_cat=0
split_feature=33 0 21 16 21 16 20 21 11
split_gain=6.165 9.42294 5.07947 8.40081 4.78523 4.03826 5.63012 3.64642 2.22408
threshold=0.8284749034749036 -0.016332320971866984 0.014229405202104658 -0.33372328351338781 0.016143955831310237 4.5491644640981415 0.01893472841182214 0.018476578321531437 0.03958520504842012
decision_type=2 2 2 2 2 2 2 2 2
left_child=1 7 3 -3 -4 -2 -7 -1 -8
right_child=5 2 4 -5 -6 6 8 -9 -10
leaf_value=-0.02791776112902496 -0.024258838663437469 0.029580555104266319 -0.013090874069378738 0 0.0074272190329059112 0.011675437193448086 -0.024004529564889659 0 -0.00085041971623425164
leaf_weight=8.1107810586690885 11.381286978721617 17.524648442864422 12.663011655211447 14.390740573406218 31.123730972409248 10.998590692877771 7.6464580595493343 7.7001947611570349 8.6887483149766904
leaf_count=33 46 77 52 60 129 45 31 32 35
internal_value=-0.000698025 0.00343482 0.00800996 0.0167572 0.000853207 -0.0105243 -0.0030301 -0.0160682 -0.013943
internal_weight=130.228 91.5131 75.7021 31.9154 43.7867 38.7151 27.3338 15.811 16.3352
internal_count=540 383 318 137 181 157 111 65 66
is_linear=0
shrinkage=0.03


Tree=34
num_leaves=11
num_cat=0
split_feature=4 21 20 24 20 37 37 37 21 25
split_gain=7.66648 10.5636 4.32272 4.21327 4.10863 7.07293 5.83836 3.11664 2.78979 0.767287
threshold=0.022385524146773309 0.013981960567036206 0.015838672701734214 -0.56634931333726513 0.027484855722118142 0.011290786042667646 0.055549047289299554 0.0076462226194665703 0.014229405202104658 0.1226279985678482
decision_type=2 2 2 2 2 2 2 2 2 2
left_child=1 2 -1 -3 5 8 -7 -5 -2 -4
right_child=4 3 9 7 -6 6 -8 -9 -10 -11
leaf_value=0.0018593627658173744 0.014959158816268294 -0.018621664727264741 0.011007205854635728 0.010002702555688716 0.0085164644035153649 -0.026409033144361743 0 -0.0081027037090764531 -0.0064924921287623895 0.034102958674605485
leaf_weight=10.476731017231943 8.021313279867174 10.211092770099638 7.0811712592840221 17.420072302222255 8.5608572512865049 24.947163790464401 10.552016243338583 12.795021012425421 9.172722250223158 10.823039487004278
leaf_count=45 33 42 30 74 35 101 43 52 37 48
internal_value=-0.000702604 0.00596611 0.0194352 -0.00360667 -0.00838254 -0.0116133 -0.0190016 0.00184303 0.00324953 0.027746
internal_weight=130.061 68.8071 28.3809 40.4262 61.2541 52.6932 35.4992 30.2151 17.194 17.9042
internal_count=540 291 123 168 249 214 144 126 70 78
is_linear=0
shrinkage=0.03


Tree=35
num_leaves=10
num_cat=0
split_feature=25 11 38 38 32 4 21 5 21
split_gain=6.31728 9.27945 8.49095 7.6657 6.52067 6.33659 5.8174 3.60895 2.77538
threshold=0.10372413793103449 0.051808228638695726 0.0075516974502015761 0.0065535484088480806 0.0054489827532788757 0.032685362735698227 0.015382404637666242 0.007394100044524011 0.017182776609242247
decision_type=2 2 2 2 2 2 2 2 2
left_child=1 4 3 -2 7 6 -4 -1 -7
right_child=2 -3 5 -5 -6 8 -8 -9 -10
leaf_value=0.0037748571269238581 -0.0041399756693916807 -0.03043073877172035 0.01275886401516026 0.026749999250670245 0.014493585462797973 -0.030775311055468824 -0.0078194010630107808 -0.018823651706399894 -0.0035326711952875832
leaf_weight=7.5232348144054439 9.6197488903999346 13.581716895103453 21.214841425418854 17.224777236580849 11.572235509753225 7.4177503436803809 23.947957262396812 15.677045851945875 8.3854443132877332
leaf_count=32 40 55 91 72 48 30 100 64 34
internal_value=-0.00257894 -0.0111063 0.00209254 0.015641 -0.00190597 -0.00394221 0.00166015 -0.0111823 -0.0191832
internal_weight=136.165 48.3542 87.8105 26.8445 34.7725 60.966 45.1628 23.2003 15.8032
internal_count=566 199 367 112 144 255 191 96 64
is_linear=0
shrinkage=0.03


Tree=36
num_leaves=14
num_cat=0
split_feature=37 38 8 25 23 1 38 2 21 34 34 34 16
split_gain=6.20365 9.96335 9.41602 6.41421 6.60811 6.31733 6.27832 4.87552 4.078 3.58606 1.47939 1.34816 1.27654
threshold=0.0091342512688116235 0.01030694302783612 -0.038819765307525941 0.17990752416981928 0.81865960613716671 0.0009492169198178636 0.0076160150737175896 0.0037546622461666073 0.013835673276505674 0.011779419329153608 -0.008614062410388033 -0.005899681360207131 7.6917059032789705
decision_type=2 2 2 2 2 2 2 2 2 2 2 2 2
left_child=1 5 -3 8 -5 11 -6 -4 9 -2 -7 -1 -10
right_child=3 2 7 4 6 10 -8 -9 12 -11 -12 -13 -14
leaf_value=-0.0077837937074603175 -0.0166633371495589 0.015729109601681151 -0.0026474928667199514 -0.019831430884805747 0.020525060205514391 0.011200309844449436 -0.00504585210574909 -0.035397741440080718 -0.031050546608701896 0.0075815592701772953 0.035924695321539156 0.0084802152103344939 -0.010601327871118126
leaf_weight=7.2086421549320221 8.0261914730072039 7.4524682015180614 9.3914988487958926 8.3897466361522657 14.832716986536981 8.9984226077795029 15.047128602862356 7.9707242697477332 12.564557284116747 9.4839198738336545 8.7685129344463348 7.113904654979704 10.801748305559157
leaf_count=30 33 33 39 34 62 38 62 33 51 39 38 30 44
internal_value=-0.00252296 0.00477436 -0.00874226 -0.00794278 0.000581871 0.0155664 0.00766865 -0.0205607 -0.0159285 -0.0033318 0.0265616 0 -0.0237698
internal_weight=136.05 56.9042 24.8147 79.146 38.2696 32.0895 29.8798 17.3622 40.8764 17.5101 17.7669 14.3225 23.3663
internal_count=566 241 105 325 158 136 124 72 167 72 76 60 95
is_linear=0
shrinkage=0.03


Tree=37
num_leaves=12
num_cat=0
split_feature=33 38 38 7 14 18 5 21 2 7 3
split_gain=6.02058 7.41519 7.79371 7.06424 6.97637 6.6603 6.18479 8.08234 5.64849 4.0273 1.95975
threshold=0.52911550906431459 0.0075516974502015761 0.0068199048966485227 0.0041626687572992082 40.46208759099455 0.70491839800478007 -0.014126903332905337 0.013981960567036206 -0.0023891318260527146 0.0092269755314919582 -0.033005020707561887
decision_type=2 2 2 2 2 2 2 2 2 2 2
left_child=6 2 4 8 -2 -5 10 -8 -3 -4 -1
right_child=1 3 9 5 -6 -7 7 -9 -10 -11 -12
leaf_value=0.0042115372258634265 0.01077686784102065 -0.010793554638553681 0 -0.038213905822417009 -0.023894431728672411 -0.010542829805731941 0.018211171907660587 -0.017751237311764787 0.021573152821722806 0.028032228877018436 0.028605327563149513
leaf_weight=7.3789854198694256 7.0527534335851696 7.7908608168363571 7.1191346496343639 9.8147029429674131 9.8551667034625989 40.612473890185356 7.1504831165075329 12.186464861035345 7.2608125358819944 10.50455069541931 9.1583433598279935
leaf_count=32 30 32 30 40 40 165 32 50 31 43 41
internal_value=-0.00246578 -0.00630813 0.00446572 -0.0121762 -0.00902861 -0.0174669 0.00761735 -0.00328942 0.00463924 0.0177771 0.0201587
internal_weight=135.885 100.01 34.5316 65.4789 16.9079 50.4272 35.8743 19.3369 15.0517 17.6237 16.5373
internal_count=566 411 143 268 70 205 155 82 63 73 73
is_linear=0
shrinkage=0.03


Tree=38
num_leaves=9
num_cat=0
split_feature=7 36 28 13 37 5 25 12
split_gain=5.88285 5.94765 6.02978 5.37522 5.80074 4.68366 4.2526 3.6826
threshold=0.013447236181402339 0.0080059099677748762 5.5000000000000009 8.0368114242300503 0.060640138707606213 -0.0012555323383813819 0.12632518692110259 75.707610146862493
decision_type=2 2 2 2 2 2 2 2
left_child=1 2 6 4 7 -4 -1 -2
right_child=3 -3 5 -5 -6 -7 -8 -9
leaf_value=-0.005004268143382961 -0.024632555201595803 0.01963600160834866 0.0062343891120478102 0.0092119559448632631 0.0064628684658264062 -0.013357111143593918 0.018624937988002209 0
leaf_weight=8.5077761858701724 27.173920765519142 12.914496496319769 13.294308066368101 8.2761633396148664 7.6072621643543235 33.500458434224129 16.319866016507149 8.1341574490070325
leaf_count=35 111 56 58 34 31 139 69 33
internal_value=-0.00238321 0.00234178 -0.00102157 -0.0102627 -0.0145953 -0.00745639 0.0101993 -0.0196376
internal_weight=135.728 84.5369 71.6224 51.1915 42.9153 46.7948 24.8276 35.3081
internal_count=566 357 301 209 175 197 104 144
is_linear=0
shrinkage=0.03


Tree=39
num_leaves=10
num_cat=0
split_feature=7 38 38 36 28 35 35 13 2
split_gain=5.55506 6.31598 9.45751 5.66077 5.68792 4.97841 4.31046 3.10856 2.95473
threshold=0.013447236181402339 0.0080681754353311725 0.0067220535326988958 0.0080059099677748762 5.5000000000000009 0.024762410311565678 -0.0038962612884215204 4.6066005313545419 0.031320471080644625
decision_type=2 2 2 2 2 2 2 2 2
left_child=3 2 -2 4 6 -6 -1 8 -3
right_child=1 7 -4 -5 5 -7 -8 -9 -10
leaf_value=-0.0052385027595008111 -0.021400588862394675 -0.032231352806712965 0.016569566813383455 0.019204350647452625 -0.019529128223366554 0 0.018513311877555928 -0.0015443322862386292 -0.0047015997776871359
leaf_weight=8.6057437807321566 7.3442092686891582 13.486715510487562 13.748593002557753 12.854497522115706 16.436993792653084 30.377263873815536 16.168317228555679 9.2490081340074521 7.3606855124235144
leaf_count=36 30 55 56 56 69 128 68 38 30
internal_value=-0.00229875 -0.00995624 0.00199091 0.00229265 -0.00097961 -0.00722914 0.00992743 -0.0183989 -0.0244303
internal_weight=135.632 51.1892 21.0928 84.4428 71.5883 46.8143 24.7741 30.0964 20.8474
internal_count=566 209 86 357 301 197 104 123 85
is_linear=0
shrinkage=0.03


Tree=40
num_leaves=9
num_cat=0
split_feature=33 17 14 35 35 8 12 5
split_gain=4.92403 5.75606 5.99031 4.28289 4.93224 3.68614 3.00112 3.6722
threshold=0.68248905565978746 -3.0648518574367638 39.452379825838769 -0.035095384084531826 -0.016707469966618867 0.038018201964045699 39.712036789216292 0.026483529909358875
decision_type=2 2 2 2 2 2 2 2
left_child=1 2 -1 -2 -5 -6 -3 -8
right_child=3 6 -4 4 5 -7 7 -9
leaf_value=-0.020699253741881016 0.0078861071485757904 0.025627024319440785 0.010711995534832318 -0.028774254450228038 -0.011379839758532006 0.0041327310672548741 0 0.022244487180374899
leaf_weight=10.586333289742472 14.387987002730368 9.6551027745008451 7.3058778941631308 8.0642584413290006 29.990002229809761 20.992035835981369 25.433179393410683 7.3484343290328971
leaf_count=44 59 44 30 33 123 85 108 31
internal_value=-0.000237167 0.00589095 -0.00733167 -0.0054932 -0.00915064 -0.00479448 0.0118825 0.00616229
internal_weight=133.763 60.3289 17.8922 73.4343 59.0463 50.982 42.4367 32.7816
internal_count=557 257 74 300 241 208 183 139
is_linear=0
shrinkage=0.03


Tree=41
num_leaves=9
num_cat=0
split_feature=12 23 34 12 7 12 40 18
split_gain=4.50295 7.93547 5.66708 12.7836 10.2342 5.23829 4.93142 2.32304
threshold=45.029977511106203 1.0097671560201258 0.011223659055923265 59.88782985099477 0.027150039833615799 57.756345767887218 0.048830152964862157 0.51494232289436381
decision_type=2 2 2 2 2 2 2 2
left_child=1 -1 3 7 -5 -4 -7 -2
right_child=2 -3 5 4 -6 6 -8 -9
leaf_value=0.025679310229026319 -0.0077028437758351132 -0.0062593201561508332 0.018691336811444997 0.01757498749780291 -0.016554486308912843 -0.010317228128092347 0.0099102161967697753 -0.030202765440699147
leaf_weight=12.765664801001551 10.150055155158045 10.999010831117628 13.525271892547606 18.013957098126415 10.863412722945212 23.460794806480408 16.5753014087677 17.324535489082336
leaf_count=57 42 48 57 74 44 96 68 71
internal_value=-0.000214117 0.0109765 -0.00292064 -0.00948463 0.00400934 0.00380819 -0.00151298 -0.0234861
internal_weight=133.678 23.7647 109.913 56.352 28.8774 53.5614 40.0361 27.4746
internal_count=557 105 452 231 118 221 164 113
is_linear=0
shrinkage=0.03


Tree=42
num_leaves=8
num_cat=0
split_feature=33 24 32 20 10 20 10
split_gain=4.59918 4.7368 3.61714 3.58437 7.51714 3.76073 1.18668
threshold=0.94442538004872867 -0.67997364953886685 0.0011389536414734283 0.016994523135248126 0.0075366295534726744 0.019098849491470119 0.027560916683154416
decision_type=2 2 2 2 2 2 2
left_child=1 2 -1 4 -3 -5 -2
right_child=6 3 -4 5 -6 -7 -8
leaf_value=-0.021663705644783444 -0.0027079771703435317 0.010328417996506996 0.0010400902268964674 0.019779786897708894 -0.023985638875849615 0.0036086004884915849 -0.022243429240927575
leaf_weight=10.194697782397272 7.6867438256740552 9.5962358713150042 10.323147445917128 16.163700670003891 9.0281211435794813 62.92768320441246 7.6340021342039108
leaf_count=42 31 42 43 69 37 262 31
internal_value=-0.000207027 0.00176707 -0.0104968 0.00465149 -0.0062909 0.00750477 -0.0147525
internal_weight=133.554 118.234 20.5178 97.7157 18.6244 79.0914 15.3207
internal_count=557 495 85 410 79 331 62
is_linear=0
shrinkage=0.03


Tree=43
num_leaves=11
num_cat=0
split_feature=33 17 14 34 33 34 22 23 23 38
split_gain=4.48068 5.3281 5.64761 4.41844 6.304 3.89236 5.02318 6.32422 4.10552 0.615823
threshold=0.68248905565978746 -3.0648518574367638 39.452379825838769 0.0097892813297230114 0.56392310563643167 0.038297884061126115 0.13259933572289798 1.1376222450866627 0.97181135579860289 0.009576285998540688
decision_type=2 2 2 2 2 2 2 2 2 2
left_child=1 2 -1 4 -3 6 7 -2 -8 -5
right_child=5 3 -4 9 -6 -7 8 -9 -10 -11
leaf_value=-0.020016558825371036 0.005942252260035614 0.012581552066393498 0.010473092480651352 0.030511822574921705 -0.016434602965187024 0.010066250678536243 -0.031572710966376066 -0.017939447701097181 -0.0038800809966498652 0.010025929017599846
leaf_weight=10.611704096198084 29.043869689106941 18.070191159844402 7.2826685756444922 7.746701747179034 7.9623683840036383 10.156150579452513 10.300723969936373 12.54997596144676 11.31620632112026 8.4101168960332853
leaf_count=44 119 80 30 34 33 42 42 51 46 36
internal_value=-0.000213315 0.00564274 -0.00704846 0.0114405 0.00263217 -0.00523063 -0.00815177 -0.00141185 -0.0192673 0.0229534
internal_weight=133.451 60.0838 17.8944 42.1894 26.0326 73.3669 63.2108 41.5938 21.6169 16.1568
internal_count=557 257 74 183 113 300 258 170 88 70
is_linear=0
shrinkage=0.03


Tree=44
num_leaves=8
num_cat=0
split_feature=33 24 32 20 10 21 35
split_gain=4.29062 4.46135 3.4167 3.38286 7.08521 5.66713 2.25215
threshold=0.94442538004872867 -0.67997364953886685 0.0011389536414734283 0.016994523135248126 0.0075366295534726744 0.014229405202104658 0.029143693586782263
decision_type=2 2 2 2 2 2 2
left_child=1 2 -1 4 -3 -5 -2
right_child=6 3 -4 5 -6 -7 -8
leaf_value=-0.021054724915671764 -0.024027073228218163 0.01004493725807193 0.00098764381961970378 0.019846675653015372 -0.023270888341898142 0.0018741294989951822 -9.4625537512250959e-05
leaf_weight=10.188992738723757 7.6085342764854413 9.5526228398084658 10.311433166265486 21.3231101334095 9.0460910797119123 57.595984920859337 7.6922082006931305
leaf_count=42 31 42 43 92 37 239 31
internal_value=-0.000204619 0.00170052 -0.0101988 0.00450743 -0.00611723 0.007286 -0.0142642
internal_weight=133.319 118.018 20.5004 97.5178 18.5987 78.9191 15.3007
internal_count=557 495 85 410 79 331 62
is_linear=0
shrinkage=0.03


Tree=45
num_leaves=9
num_cat=0
split_feature=7 21 20 21 9 37 9 25
split_gain=7.02209 9.56629 4.8676 5.38584 5.25783 3.79708 3.36081 2.85183
threshold=0.003546023269852002 0.013425265899584054 0.016592444995917079 0.013673421708973602 0.024780352733395804 -0.021933368583336606 0.063660050431477946 0.27033730158730163
decision_type=2 2 2 2 2 2 2 2
left_child=1 -1 -2 7 -5 -3 -7 -4
right_child=2 5 3 4 -6 6 -8 -9
leaf_value=0.030066317995839906 -0.017815525654882574 0.017504407966120922 0.022458409794957657 0.010705002568822527 -0.011199567955354914 -0.010602587308669736 0.0097724017217139872 0
leaf_weight=14.431844338774679 14.103317469358442 8.4640388786792737 10.408560141921045 11.350193351507185 32.846213608980179 18.73292346298695 8.7791062295436841 8.3425532430410367
leaf_count=66 58 37 43 47 134 79 36 35
internal_value=0.00247399 0.0110237 -0.00306698 0.000453314 -0.00502958 0.00180856 -0.00337099 0.0133386
internal_weight=127.459 50.4079 77.0508 62.9475 44.1964 35.9761 27.512 18.7511
internal_count=535 218 317 259 181 152 115 78
is_linear=0
shrinkage=0.03


Tree=46
num_leaves=9
num_cat=0
split_feature=7 21 35 3 4 37 26 23
split_gain=6.68255 9.16445 4.10379 5.24952 6.13245 3.6181 3.3126 1.94235
threshold=0.003546023269852002 0.013425265899584054 -0.039876730255863184 0.0081257022548516539 0.032188115195882834 -0.021933368583336606 0.19153439153439156 0.9240225202666853
decision_type=2 2 2 2 2 2 2 2
left_child=1 -1 7 -4 -5 -3 -7 -2
right_child=2 5 3 4 -6 6 -8 -9
leaf_value=0.02953594515546645 0 0.017143898829408897 -0.022913346203665055 0.0093091075419696641 -0.010857200047441139 -0.015137766134384785 0.0044013463831147539 0.019003851829263747
leaf_weight=14.288359418511389 7.1929776817560178 8.4254094809293729 11.897952124476431 22.402432754635811 28.015821233391762 10.789763659238817 16.747392207384109 7.5022827833890915
leaf_count=66 30 37 49 93 114 45 70 31
internal_value=0.00243082 0.0107889 -0.00296813 -0.00648626 -0.00159721 0.00178169 -0.00325335 0.0100421
internal_weight=127.262 50.2509 77.0115 62.3162 50.4183 35.9626 27.5372 14.6953
internal_count=535 218 317 256 207 152 115 61
is_linear=0
shrinkage=0.03


Tree=47
num_leaves=10
num_cat=0
split_feature=33 41 14 15 36 36 9 23 28
split_gain=5.67626 5.77215 5.49067 7.95848 7.83035 5.25374 3.12588 1.74507 0.845345
threshold=0.58002585649644489 1.0000000180025095e-35 12.577467310969725 62.801107298283867 0.005660661170519706 0.0066634034470565385 0.029482431535298725 0.9106744275576627 10.500000000000002
decision_type=2 2 2 2 2 2 2 2 2
left_child=1 -1 7 5 -5 -4 8 -2 -3
right_child=2 6 3 4 -6 -7 -8 -9 -10
leaf_value=-0.0047648342597750139 -0.025987353508696489 0.03259210806671934 0.017307801537587288 -0.028547223418244904 0.0032634599673149233 -0.002283840014083373 0.0037623811871366326 -0.0042046280099318611 0.0098165899912488579
leaf_weight=11.810742288827894 7.4346466809511211 10.169651255011564 26.95612621307373 10.556246578693392 13.223712816834448 18.611495554447174 11.610440716147421 9.6595147699117643 7.0263879150152198
leaf_count=52 30 46 112 43 54 78 49 40 31
internal_value=0.00237697 0.0113955 -0.00185292 0.00182668 -0.0113951 0.00923093 0.0183874 -0.0161937 0.0260597
internal_weight=127.059 40.6172 86.4417 69.3476 23.78 45.5676 28.8065 17.0942 17.196
internal_count=535 178 357 287 97 190 126 70 77
is_linear=0
shrinkage=0.03


Tree=48
num_leaves=10
num_cat=0
split_feature=7 21 20 15 40 21 0 0 7
split_gain=6.22303 8.75213 4.52719 7.18064 6.31203 4.6946 3.18284 2.32798 2.0646
threshold=0.003546023269852002 0.013425265899584054 0.016592444995917079 32.000389259004514 0.05563511802297972 0.018557304583484195 -0.004523769974419444 -0.012863873192846818 -0.011922122534215119
decision_type=2 2 2 2 2 2 2 2 2
left_child=1 -1 -2 5 -5 -4 7 -3 -8
right_child=2 6 3 4 -6 -7 8 -9 -10
leaf_value=0.028864748830800882 -0.017109318773402844 0 0.02233945194960834 -0.014178287900515322 0.012370602101743495 -0.0018893038908557938 0.0027234535651451813 0.020680843598253718 -0.015397189981300853
leaf_weight=14.086572065949438 14.1216923892498 10.766431674361227 14.989121347665789 29.047821804881096 8.5963518470525724 10.161280706524847 8.1006281375885028 7.7687643617391613 9.2374466210603696
leaf_count=66 58 45 63 119 35 42 35 33 39
internal_value=0.00230634 0.0104048 -0.00289423 0.000500499 -0.00741904 0.01258 0.00161852 0.0100713 -0.0067492
internal_weight=126.876 49.9598 76.9163 62.7946 37.6442 25.1504 35.8733 18.5352 17.3381
internal_count=535 218 317 259 154 105 152 78 74
is_linear=0
shrinkage=0.03


Tree=49
num_leaves=9
num_cat=0
split_feature=7 17 1 13 35 36 13 0
split_gain=5.92473 7.56695 4.90061 4.44617 4.63081 7.62338 3.88715 0.372193
threshold=0.003546023269852002 -3.0648518574367638 0.0078057746085259403 9.4509058379382136 -0.039876730255863184 0.0073095840377121911 -2.4121718280328923 -0.0029641631400425523
decision_type=2 2 2 2 2 2 2 2
left_child=1 6 7 4 -2 -6 -1 -3
right_child=3 2 -4 -5 5 -7 -8 -9
leaf_value=-0.014596396888415009 0.0093986254031872864 0.031358107279957491 -9.1521359215892702e-05 0.015686097100780158 -0.0028844684415183794 -0.029330088417225661 0.010454931460645661 0.013394614622384489
leaf_weight=11.3908928334713 12.48845452070236 12.480107173323635 7.795436978340148 7.9552921950817099 45.010892629623413 11.404901549220083 7.1281505674123755 11.001497864723206
leaf_count=47 52 56 35 33 185 47 30 50
internal_value=0.00226077 0.0101803 0.0188515 -0.00280799 -0.005537 -0.00930858 -0.00414369 0.0252425
internal_weight=126.656 49.7961 31.277 76.8595 68.9042 56.4158 18.519 23.4816
internal_count=535 218 141 317 284 232 77 106
is_linear=0
shrinkage=0.03


end of trees

feature_importances:
volatility=30
macro_topix_vol_20=27
atr_pct=26
price_position_20d=21
macro_usdjpy_ret_60=21
vol_ratio=20
macro_topix_ret_20=19
div_ma_10=15
rsi=15
macd_signal=14
macd_hist_change=14
macro_usdjpy_ret_20=14
macro_usdjpy_vol_20=14
return_3d=13
macd=13
return_1d=12
upper_shadow_pct=11
ma_20_60_cross=10
bb_pct_b=10
div_ma_60=9
rsi_change=9
macd_hist=9
return_10d=8
return_20d=8
candle_body_pct=8
month=8
gap=7
macro_nikkei_ret_20=7
ma_5_20_cross=6
bb_bandwidth=6
return_2d=5
vol_change=5
div_ma_5=4
div_ma_20=4
lower_shadow_pct=3
return_5d=2
streak=2
macro_nikkei_above_200dma=2

parameters:
[boosting: gbdt]
[objective: binary]
[metric: binary_logloss]
[tree_learner: serial]
[device_type: cpu]
[data_sample_strategy: bagging]
[data: ]
[valid: ]
[num_iterations: 50]
[learning_rate: 0.03]
[num_leaves: 15]
[num_threads: 0]
[seed: 44]
[deterministic: 0]
[force_col_wise: 0]
[force_row_wise: 0]
[histogram_pool_size: -1]
[max_depth: 4]
[min_data_in_leaf: 30]
[min_sum_hessian_in_leaf: 0.001]
[bagging_fraction: 0.7]
[pos_bagging_fraction: 1]
[neg_bagging_fraction: 1]
[bagging_freq: 5]
[bagging_seed: 21897]
[bagging_by_query: 0]
[feature_fraction: 0.6]
[feature_fraction_bynode: 1]
[feature_fraction_seed: 12646]
[extra_trees: 0]
[extra_seed: 20733]
[early_stopping_round: 0]
[early_stopping_min_delta: 0]
[first_metric_only: 0]
[max_delta_step: 0]
[lambda_l1: 0.5]
[lambda_l2: 2]
[linear_lambda: 0]
[min_gain_to_split: 0]
[drop_rate: 0.1]
[max_drop: 50]
[skip_drop: 0.5]
[xgboost_dart_mode: 0]
[uniform_drop: 0]
[drop_seed: 20829]
[top_rate: 0.2]
[other_rate: 0.1]
[min_data_per_group: 100]
[max_cat_threshold: 32]
[cat_l2: 10]
[cat_smooth: 10]
[max_cat_to_onehot: 4]
[top_k: 20]
[monotone_constraints: ]
[monotone_constraints_method: basic]
[monotone_penalty: 0]
[feature_contri: ]
[forcedsplits_filename: ]
[refit_decay_rate: 0.9]
[cegb_tradeoff: 1]
[cegb_penalty_split: 0]
[cegb_penalty_feature_lazy: ]
[cegb_penalty_feature_coupled: ]
[path_smooth: 0]
[interaction_constraints: ]
[verbosity: -1]
[saved_feature_importance_type: 0]
[use_quantized_grad: 0]
[num_grad_quant_bins: 4]
[quant_train_renew_leaf: 0]
[stochastic_rounding: 1]
[linear_tree: 0]
[max_bin: 255]
[max_bin_by_feature: ]
[min_data_in_bin: 5]
[bin_construct_sample_cnt: 200000]
[data_random_seed: 182]
[is_enable_sparse: 1]
[enable_bundle: 1]
[use_missing: 1]
[zero_as_missing: 0]
[feature_pre_filter: 1]
[pre_partition: 0]
[two_round: 0]
[header: 0]
[label_column: ]
[weight_column: ]
[group_column: ]
[ignore_column: ]
[categorical_feature: ]
[forcedbins_filename: ]
[precise_float_parser: 0]
[parser_config_file: ]
[objective_seed: 3944]
[num_class: 1]
[is_unbalance: 0]
[scale_pos_weight: 1]
[sigmoid: 1]
[boost_from_average: 1]
[reg_sqrt: 0]
[alpha: 0.9]
[fair_c: 1]
[poisson_max_delta_step: 0.7]
[tweedie_variance_power: 1.5]
[lambdarank_truncation_level: 30]
[lambdarank_norm: 1]
[label_gain: ]
[lambdarank_position_bias_regularization: 0]
[eval_at: ]
[multi_error_top_k: 1]
[auc_mu_weights: ]
[num_machines: 1]
[local_listen_port: 12400]
[time_out: 120]
[machine_list_filename: ]
[machines: ]
[gpu_platform_id: -1]
[gpu_device_id: -1]
[gpu_use_dp: 0]
[num_gpu: 1]

end of parameters

pandas_categorical:[]
