tree
version=v4
num_class=1
num_tree_per_iteration=1
label_index=0
max_feature_idx=44
objective=binary sigmoid:1
feature_names=return_1d return_2d return_3d return_5d return_10d return_20d div_ma_5 div_ma_10 div_ma_20 div_ma_60 ma_5_20_cross ma_20_60_cross rsi rsi_change macd macd_signal macd_hist macd_hist_change bb_pct_b bb_bandwidth atr_pct volatility vol_change vol_ratio candle_body_pct upper_shadow_pct lower_shadow_pct day_of_week month is_month_end is_month_start streak gap price_position_20d macro_usdjpy_ret_20 macro_usdjpy_ret_60 macro_usdjpy_vol_20 macro_topix_ret_20 macro_topix_vol_20 macro_topix_above_200dma macro_nikkei_ret_20 macro_nikkei_above_200dma macro_nikkei_vi macro_jgb10y macro_bias_score
feature_infos=[-0.088888888888888906:0.092120970951054426] [-0.15149006622516559:0.11400716275368095] [-0.17060013486176673:0.13471752776436507] [-0.15781572527678744:0.1694855532064834] [-0.2223184889967077:0.23857024106400671] [-0.25966754155730531:0.28375826251180358] [-0.11898690656963584:0.084362747164720267] [-0.1471402904626441:0.12165020387693247] [-0.18782932530406879:0.16778818665611117] [-0.21818573318158044:0.26453365017397945] [-0.12554603732909742:0.12027734418793168] [-0.13132407656016265:0.13298379914330538] [7.0974576271186578:89.709595959595958] [-25.106419049086846:26.226593477043423] [-3478.7068774433865:3826.6146606590337] [-3072.3385275515757:3445.4798666682491] [-1270.6675056391937:1251.7804298485344] [-495.87185813293991:382.02099209101766] [-0.28560500578010667:1.3613027411094016] [0.047500356250724518:0.4251416444667202] [0.014434864334749919:0.057857142857142857] [0.0099180483000624597:0.041873816736060776] [-0.91399835796387519:4.1239344262295079] [0.53272352729952943:1.9008511531952217] [-1:1] [0:0.96363636363636362] [0:0.92307692307692313] [0:4] [1:12] none [0:1] [-8:8] [-0.09973646868031627:0.09224598930481287] [0:1] [-0.10288784967882303:0.08505611680078462] [-0.13986255140503889:0.13160084488587853] [0.0024251968629527628:0.011841457708833433] [-0.21871130063915301:0.21255327098343968] [0.0039190687430325395:0.040640984327119524] [0:1] [-0.22859537662338159:0.23022297972565586] [0:1] none none none
tree_sizes=1075 1301 959 1311 1098 1070 899 1199 1311 1286 997 1095 986 1193 1093 890 761 1035 891 996 1199 873 846 1178 998 893 1097 1105 870 896 1380 1071 1207 1188 1288 768 1088 686 790 999 1289 1209 1092 1088 1094 1000 1093 1377 788 863

Tree=0
num_leaves=9
num_cat=0
split_feature=37 16 4 35 7 35 26 2
split_gain=13.2246 9.84181 11.3912 7.99025 6.432 5.12351 3.74607 1.49576
threshold=0.04228509516460089 -552.39220450127482 -0.030011316253142847 0.020663014124312821 0.011953107825693554 0.031419655124635411 0.19118036549836676 -0.011455321546879891
decision_type=2 2 2 2 2 2 2 2
left_child=1 -1 6 -4 7 -6 -3 -2
right_child=4 2 3 -5 5 -7 -8 -9
leaf_value=-0.27268254816457638 -0.26873090676736844 -0.25021853431317587 -0.24402549779762395 -0.26340766535208515 -0.24643162035078434 -0.27452934073996899 -0.22414306628951644 -0.29296115328174477
leaf_weight=14.257259279489515 8.1118889003992098 11.799111127853395 32.20174078643322 40.067814871668816 10.570037052035334 8.8493333458900434 18.190296322107315 8.3577037155628187
leaf_count=58 33 48 131 163 43 36 74 34
internal_value=-0.256032 -0.251076 -0.247739 -0.25477 -0.271359 -0.260076 -0.232666 -0.284052
internal_weight=152.405 116.516 102.259 72.2696 35.889 19.4194 29.9894 16.4696
internal_count=620 474 416 294 146 79 122 67
is_linear=0
shrinkage=1


Tree=1
num_leaves=11
num_cat=0
split_feature=23 5 36 36 4 16 40 16 38 40
split_gain=18.7488 12.7766 13.9416 13.4194 11.674 8.22829 6.11667 5.80425 5.32971 1.64456
threshold=0.85222892690656071 1.0000000180025095e-35 0.0052904640750907313 0.0066298260915324371 -0.036262044608486747 -485.36567695616736 0.037126741926553193 25.252596040507147 0.0083453654490257025 0.00059720521097250689
decision_type=2 2 2 2 2 2 2 2 2 2
left_child=4 2 9 8 -1 -4 -5 -6 -3 -2
right_child=1 3 5 6 7 -7 -8 -9 -10 -11
leaf_value=0.014765223793542151 0.01680721909403449 0.0051943022461285 -0.013179261428059839 0.031777756507936385 -0.034081087794703022 0.01588434228300269 4.2746033222537853e-05 -0.005857368055744815 -0.019289491756565403 0.046467508469557668
leaf_weight=8.1295716762542707 7.8705244511365917 9.3396437615156156 10.071897774934767 10.341986775398256 15.476068317890169 28.316200479865074 11.55539585649967 14.50737328827381 23.827621087431908 13.043652996420859
leaf_count=33 32 38 41 42 63 115 47 59 97 53
internal_value=0.00406618 0.0101908 0.0196141 -2.66375e-05 -0.01353 0.0076125 0.0170638 -0.0221144 -0.0120652 0.0384014
internal_weight=152.48 114.367 59.3023 55.0646 38.113 38.3881 21.8974 29.9834 33.1673 20.9142
internal_count=620 465 241 224 155 156 89 122 135 85
is_linear=0
shrinkage=0.03


Tree=2
num_leaves=8
num_cat=0
split_feature=37 11 28 6 8 38 24
split_gain=12.2546 9.83668 8.65621 6.80376 5.54921 5.43604 1.8115
threshold=0.050222334880281612 -0.058902532303276238 2.5000000000000004 0.0055359536554717538 0.040658098863946855 0.0077544048798427441 -0.090804597701149417
decision_type=2 2 2 2 2 2 2
left_child=1 6 5 -4 -2 -3 -1
right_child=4 2 3 -5 -6 -7 -8
leaf_value=0.037362438971968753 -0.026457250022545079 0.0033806781269414168 0.0058504803675313464 -0.01113017010880459 0 0.036791358109254033 0.011322712810372507
leaf_weight=8.8817665129899996 12.976950123906137 10.11207038164139 60.296458274126053 30.217236801981926 12.278748854994772 8.6296440809965116 9.1183659732341749
leaf_count=36 53 41 245 123 50 35 37
internal_value=0.00397099 0.0078555 0.00407088 0 -0.0141916 0.021552 0.0273728
internal_weight=152.511 127.256 109.255 90.5137 25.2557 18.7417 18.0001
internal_count=620 517 444 368 103 76 73
is_linear=0
shrinkage=0.03


Tree=3
num_leaves=11
num_cat=0
split_feature=23 10 36 4 36 36 5 8 38 11
split_gain=17.6157 11.7793 15.1323 10.9769 8.11274 9.90184 8.34289 4.69522 1.91003 1.7942
threshold=0.85222892690656071 0.029537218530590218 0.0073411826941857548 -0.036262044608486747 0.0052904640750907313 0.0064025124615287952 0.0087328697176114484 0.015511944983263347 0.0091699318318860506 1.0000000180025095e-35
decision_type=2 2 2 2 2 2 2 2 2 2
left_child=3 4 8 -1 6 -6 -2 9 -3 -5
right_child=1 2 -4 7 5 -7 -8 -9 -10 -11
leaf_value=0.014179262755974776 0.036507742783825799 -0.0060428356017410969 0.018578228451149703 -0.013908339280169957 -0.013500710780613654 0.014752102079067606 0.0024362985501157099 -0.0039198337928722671 -0.030587087692218722 -0.041068676680509411
leaf_weight=8.1500979959964734 22.490166738629341 7.6106620728969636 11.331741243600844 9.5699741095304542 13.051013067364691 39.198121145367622 10.53582940995693 11.525141209363936 10.288297265768049 8.7920217365026456
leaf_count=33 91 31 46 39 53 159 43 47 42 36
internal_value=0.00388043 0.00981 -0.00596396 -0.0131934 0.0154017 0.00718094 0.0268264 -0.0215494 -0.0225609 -0.0304063
internal_weight=152.543 114.506 29.2307 38.0372 85.2751 52.2491 33.026 29.8871 17.899 18.362
internal_count=620 465 119 155 346 212 134 122 73 75
is_linear=0
shrinkage=0.03


Tree=4
num_leaves=9
num_cat=0
split_feature=35 19 20 35 36 14 11 9
split_gain=10.1644 12.353 12.7205 8.02541 5.27854 7.2514 4.79088 3.49435
threshold=-0.083440988298122395 0.1284064872300493 0.021563084124145034 -0.023040564360045864 0.0057013751940565927 674.50446443253543 -0.028171762185037971 0.035809885843243149
decision_type=2 2 2 2 2 2 2 2
left_child=-1 2 6 -4 7 -6 -2 -3
right_child=1 4 3 -5 5 -7 -8 -9
leaf_value=0.033198465934326578 0.0079896135117321649 -0.0010295812462342458 -0.0053429034402871474 0.022350847211266092 -0.012373940916161365 0.01244042874305851 -0.016036453105989862 -0.027093221834893901
leaf_weight=7.9294250756502143 9.6293375641107577 8.359724313020708 9.851876422762869 46.080598160624504 21.414608791470528 17.207684278488159 17.432635575532913 14.664095327258108
leaf_count=32 39 34 40 187 87 70 71 60
internal_value=0.00374791 0.00160033 0.00914886 0.0171979 -0.00829476 -0.000880776 -0.00700973 -0.0190678
internal_weight=152.57 144.641 82.9944 55.9325 61.6461 38.6223 27.062 23.0238
internal_count=620 588 337 227 251 157 110 94
is_linear=0
shrinkage=0.03


Tree=5
num_leaves=9
num_cat=0
split_feature=35 23 10 36 21 19 10 5
split_gain=17.1121 8.75418 11.6309 14.0203 10.5385 9.76625 7.1775 1.03319
threshold=-0.087935128800527659 0.85222892690656071 0.028709209281546858 0.0055173634771088402 0.01958808002244165 0.16180910013515368 0.042931555282865748 -0.051440099180814595
decision_type=2 2 2 2 2 2 2 2
left_child=-1 4 3 -3 7 -6 -4 -2
right_child=1 2 6 -5 5 -7 -8 -9
leaf_value=0.037736183104002188 -0.011570054709486648 0.021188211262179502 -0.029051978332456284 -0.0037192534798100711 0.016113413165875851 -0.020925204008626162 0 -0.035582147122839698
leaf_weight=7.7020047903060904 7.375650197267535 34.112831547856331 13.229841113090517 43.627899676561356 12.76448927819729 9.3188981264829618 14.700753927230833 12.661372825503348
leaf_count=31 30 138 54 177 52 38 60 52
internal_value=-0.000761969 -0.00334546 0.00118863 0.0072794 -0.0145988 0 -0.0146166 -0.0292762
internal_weight=155.494 147.792 105.671 77.7407 42.1204 22.0834 27.9306 20.037
internal_count=632 601 429 315 172 90 114 82
is_linear=0
shrinkage=0.03


Tree=6
num_leaves=7
num_cat=0
split_feature=35 37 34 34 34 24
split_gain=16.2863 7.89092 10.5066 10.0655 9.77043 3.37225
threshold=-0.087935128800527659 0.056587347134767547 -0.0082294837784580559 0.023752065802994719 -0.045213557430406941 -0.29028368794326237
decision_type=2 2 2 2 2 2
left_child=-1 2 4 -4 -2 -3
right_child=1 5 3 -5 -6 -7
leaf_value=0.036760987459036984 0.012854522407946137 -0.00069609237260758123 0.012824778577648908 -0.0078626674563947868 -0.020312781282464356 -0.028031594042189436
leaf_weight=7.7218701392412177 8.384905740618704 7.3202075362205532 56.910482987761497 30.44932296872139 31.704605743288994 12.929664477705954
leaf_count=31 34 30 231 124 129 53
internal_value=-0.000751933 -0.00327828 -0.00027629 0.0054317 -0.0127381 -0.0197749
internal_weight=155.421 147.699 127.449 87.3598 40.0895 20.2499
internal_count=632 601 518 355 163 83
is_linear=0
shrinkage=0.03


Tree=7
num_leaves=10
num_cat=0
split_feature=23 28 15 0 36 36 20 19 10
split_gain=12.0563 13.451 19.1696 9.47269 9.05864 7.96284 7.09207 6.99316 1.64567
threshold=0.85222892690656071 2.5000000000000004 -626.81783336672868 -0.0015913243964148502 0.0045717422609081538 0.0066298260915324371 0.024840465162651586 0.16180910013515368 -0.017099538830745161
decision_type=2 2 2 2 2 2 2 2 2
left_child=6 5 4 -4 -3 -2 8 -8 -1
right_child=1 2 3 -5 -6 -7 7 -9 -10
leaf_value=-0.0102078135937977 0.0071559208196761556 0.040122241614077556 0.00065756135724738367 -0.022585384389697184 0.0052923982575396426 0.044824590642326391 0.011683470074877429 -0.019186669037966713 -0.034738943573154227
leaf_weight=8.5768299549818057 14.276329904794695 8.6968933194875699 29.028263866901398 29.457671225070953 23.698259249329567 8.1937083899974805 12.78507997095585 9.7758948653936368 10.864804148674009
leaf_count=35 58 35 118 120 96 33 52 40 45
internal_value=-0.00072808 0.00427832 -0.000860152 -0.011161 0.0168683 0.0240458 -0.01416 -0.00155528 -0.026578
internal_weight=155.354 113.351 90.8811 58.4859 32.3952 22.47 42.0026 22.561 19.4416
internal_count=632 460 369 238 131 91 172 92 80
is_linear=0
shrinkage=0.03


Tree=8
num_leaves=11
num_cat=0
split_feature=23 28 15 32 31 38 15 15 14 38
split_gain=11.5338 12.7601 18.1791 7.26724 6.02742 5.58323 4.92482 4.46495 4.46103 1.94351
threshold=0.85222892690656071 2.5000000000000004 -626.81783336672868 -0.0082798504396417432 1.0000000180025095e-35 0.0078739586329390019 231.3990537441012 -989.28079630719355 1622.9154957696849 0.0078356669331329353
decision_type=2 2 2 2 2 2 2 2 2 2
left_child=5 8 3 -3 -4 -1 7 -7 9 -2
right_child=1 2 4 -5 -6 6 -8 -9 -10 -11
leaf_value=-0.029169313695032145 0.012375516395830953 -0.0039878063488405146 -0.0011105840234702973 0.025005734615389564 -0.02070625110478428 -0.0079469831976598619 -0.017393912303590137 0.020440102856724152 0.0013158516366007058 0.042771762633446453
leaf_weight=12.827003151178358 7.4272932857275027 9.3829846680164319 31.237414330244064 23.047686636447906 27.160809263586998 8.0817005634307844 13.631807804107664 7.3679047822952297 7.3679224252700797 7.7098051607608795
leaf_count=53 30 38 127 93 111 33 56 30 30 31
internal_value=-0.00069009 0.00420101 -0.000805582 0.0164372 -0.0108567 -0.0138477 -0.00516503 0.00552229 0.023436 0.0319175
internal_weight=155.242 113.334 90.8289 32.4307 58.3982 41.9084 29.0814 15.4496 22.505 15.1371
internal_count=632 460 369 131 238 172 119 63 91 61
is_linear=0
shrinkage=0.03


Tree=9
num_leaves=11
num_cat=0
split_feature=23 21 15 40 12 19 34 13 4 19
split_gain=10.9796 9.49688 9.27145 8.93725 9.75838 8.76407 6.24265 2.68804 2.43358 0.0480653
threshold=0.85222892690656071 0.01958808002244165 -626.81783336672868 -0.024840015920523536 51.643376734519229 0.16180910013515368 -0.0082294837784580559 1.1540910431045754 0.013712465971019829 0.10881020603150794
decision_type=2 2 2 2 2 2 2 2 2 2
left_child=1 9 6 -4 -5 -3 7 -2 -8 -1
right_child=2 5 3 4 -6 -7 8 -9 -10 -11
leaf_value=-0.032272863803928173 -0.010765756702678044 0.015479260888394597 -0.027614661708778628 0.016426526731978211 -0.006584600806829783 -0.019657682384209351 0.031264059415256749 0.011740359996311203 0.0057687565659536918 -0.012618460156616428
leaf_weight=12.52146725356579 7.6555114388465864 12.796050980687143 8.5952714383602125 24.41419991850853 41.879758507013321 9.2374299466609937 15.901849403977396 7.4325581789016724 7.4324380159378043 7.2570423185825339
leaf_count=52 31 52 35 99 171 38 64 30 30 30
internal_value=-0.000662282 -0.0135198 0.00410426 -0.00191993 0.00190299 0 0.0157312 0 0.0248319 -0.0275712
internal_weight=155.124 41.812 113.312 74.8892 66.294 22.0335 38.4224 15.0881 23.3343 19.7785
internal_count=632 172 460 305 270 90 155 61 94 82
is_linear=0
shrinkage=0.03


Tree=10
num_leaves=8
num_cat=0
split_feature=35 9 20 18 20 2 33
split_gain=12.8837 8.23724 10.8563 5.81225 8.59965 8.03821 4.11891
threshold=-0.087935128800527659 -0.055394613609979625 0.029201340371154533 0.31768029108788115 0.028290831364085434 -0.015622665725317729 0.10482217098137862
decision_type=2 2 2 2 2 2 2
left_child=-1 2 6 5 -5 -3 -2
right_child=1 3 -4 4 -6 -7 -8
leaf_value=0.036144600231396318 0.0036085981351092009 -0.0040446641986926395 -0.0076971525832750329 -0.012850265311219255 0.0078549256693919035 0.026883338491563102 0.034307754455554958
leaf_weight=8.2405834347009641 7.3971505761146572 16.215279370546344 11.803117722272871 59.296156823635101 23.071041703224182 10.600472673773764 14.370058894157408
leaf_count=33 30 66 48 243 94 43 58
internal_value=0.00358678 0.00113029 0.0137554 -0.00279425 -0.00682422 0.00867817 0.0256879
internal_weight=150.994 142.753 33.5703 109.183 82.3672 26.8158 21.7672
internal_count=615 582 136 446 337 109 88
is_linear=0
shrinkage=0.03


Tree=11
num_leaves=9
num_cat=0
split_feature=35 5 36 35 21 23 22 21
split_gain=12.251 11.2435 14.0866 7.13105 7.08314 4.78285 4.23153 3.92207
threshold=-0.087935128800527659 -0.0037134406359359824 0.0050415936606048395 0.019443537752982801 0.019251663966013015 0.89358645377072854 -0.22939803016918278 0.018549491049157176
decision_type=2 2 2 2 2 2 2 2
left_child=-1 2 5 7 -5 -2 -4 -3
right_child=1 3 6 4 -6 -7 -8 -9
leaf_value=0.035260079026738715 0.0045103771001510293 0.017553642524663505 -0.015995393586011812 -0.027674493025146345 -0.0029679865110127869 0.037660672813506192 0.0049296992084540848 -0.0031204491338493573
leaf_weight=8.2439896464347822 7.3506124168634441 10.297419816255571 9.3319260179996473 18.161503970623016 26.088109001517296 14.716274753212927 35.407640397548676 21.354978710412979
leaf_count=33 30 42 38 75 107 59 144 87
internal_value=0.00351571 0.00111626 0.0100263 -0.00658954 -0.0141909 0.0285338 0 0.00380319
internal_weight=150.952 142.708 66.8065 75.902 44.2496 22.0669 44.7396 31.6524
internal_count=615 582 271 311 182 89 182 129
is_linear=0
shrinkage=0.03


Tree=12
num_leaves=8
num_cat=0
split_feature=37 23 38 28 19 19 27
split_gain=10.6252 12.8065 8.1705 9.777 6.63786 5.25991 3.93813
threshold=0.062606667236926997 0.85222892690656071 0.0074318032817804079 2.5000000000000004 0.085445005522300957 0.16313688412474217 1.5000000000000002
decision_type=2 2 2 2 2 2 2
left_child=1 4 6 -4 -1 -6 -3
right_child=-2 2 3 -5 5 -7 -8
leaf_value=-0.028633726078412216 -0.0201290391102781 0.0058214118446000152 0.029988528514627241 0.0017033472991035863 0.0095861379364366693 -0.016650067471969364 0.036347730095639637
leaf_weight=9.0721220076084119 13.324963778257368 7.9161270707845715 11.428247600793837 70.608725920319557 15.689242780208589 9.2131112217903119 13.629573374986647
leaf_count=38 55 32 46 287 64 38 55
internal_value=0.00343112 0.0060766 0.0113389 0.00644206 -0.00928891 -7.90837e-05 0.0272162
internal_weight=150.882 137.557 103.583 82.037 33.9745 24.9024 21.5457
internal_count=615 560 420 333 140 102 87
is_linear=0
shrinkage=0.03


Tree=13
num_leaves=10
num_cat=0
split_feature=5 28 36 34 0 40 38 38 40
split_gain=10.0227 11.4241 10.3192 5.89481 5.69754 5.38385 3.89612 6.86263 2.86467
threshold=-0.0037134406359359824 2.5000000000000004 0.0050415936606048395 0.0066583726293194543 -0.016691196740220734 -0.0024685049968774515 0.0065660819651827415 0.010455629625215023 -0.0024685049968774515
decision_type=2 2 2 2 2 2 2 2 2
left_child=2 3 5 -2 -4 -1 -3 -8 -6
right_child=1 6 4 -5 8 -7 7 -9 -10
leaf_value=0.0048050944065496969 0.030988503983416762 0.0079309878469881866 0.018965988091779681 -0.0016022630272952219 0.0039455765559554441 0.038266677888066536 -0.021335739445784079 0 -0.011832534424810507
leaf_weight=8.4235711544752139 8.9402713328599948 7.3473447710275641 12.802277877926825 7.341929003596305 20.98271207511425 13.651792287826536 31.741869226098061 23.651779696345329 15.947130918502806
leaf_count=34 36 30 52 30 85 55 131 97 65
internal_value=0.00333887 -0.00386071 0.0113551 0.0169047 0.00307468 0.0275812 -0.00983707 -0.0126494 -0.00274031
internal_weight=150.831 79.0232 71.8075 16.2822 49.7321 22.0754 62.741 55.3936 36.9298
internal_count=615 324 291 66 202 89 258 228 150
is_linear=0
shrinkage=0.03


Tree=14
num_leaves=9
num_cat=0
split_feature=35 5 36 35 25 0 23 36
split_gain=11.2606 9.89929 12.6612 6.38966 7.12486 5.21318 4.39885 3.78532
threshold=-0.087935128800527659 -0.0037134406359359824 0.0050415936606048395 0.019443537752982801 0.40577844842890115 -0.016691196740220734 0.89358645377072854 0.0073095840377121911
decision_type=2 2 2 2 2 2 2 2
left_child=-1 2 6 7 -5 -4 -2 -3
right_child=1 3 5 4 -6 -7 -8 -9
leaf_value=0.033720054386108929 0.0039200275821878461 -0.0058660711389483099 0.01548538139253103 -0.020315436037444009 0.0055184989882996922 -0.0062770686616316169 0.035602693152422905 0.013443556604819972
leaf_weight=8.2325120419263822 7.367170691490176 15.886746540665628 11.827870130538939 32.887442722916603 11.13602429628372 32.921906307339668 14.723837882280348 15.772490233182905
leaf_count=33 30 65 48 136 46 134 59 64
internal_value=0.00327211 0.000967275 0.00932668 -0.00627246 -0.0134988 0 0.026862 0.00353545
internal_weight=150.756 142.523 66.8408 75.6827 44.0235 44.7498 22.091 31.6592
internal_count=615 582 271 311 182 182 89 129
is_linear=0
shrinkage=0.03


Tree=15
num_leaves=7
num_cat=0
split_feature=35 11 28 37 17 37
split_gain=19.3858 10.8832 7.96888 7.25938 5.55725 4.91039
threshold=-0.087935128800527659 -0.060210390438576393 2.5000000000000004 0.025950903654948346 70.653615423937609 0.050222334880281612
decision_type=2 2 2 2 2 2
left_child=-1 3 4 -2 -3 -4
right_child=1 2 5 -5 -6 -7
leaf_value=0.038504100482112565 0.032650809606344137 -0.0026295355830661202 -0.0072977263999120063 -0.0033045966273874817 0.02570735455720331 -0.025032909189041407
leaf_weight=8.218082055449484 9.1705377697944659 13.755146473646166 90.316113829612732 7.3769019544124594 7.9284687191247931 16.989238142967224
leaf_count=33 37 56 369 30 32 71
internal_value=-0.00133588 -0.00417868 -0.00725441 0.0171851 0.00839424 -0.0106496
internal_weight=153.754 145.536 128.989 16.5474 21.6836 107.305
internal_count=628 595 528 67 88 440
is_linear=0
shrinkage=0.03


Tree=16
num_leaves=6
num_cat=0
split_feature=35 37 28 38 25
split_gain=18.4707 9.50351 6.95453 7.76702 3.63082
threshold=-0.087935128800527659 0.064999855205081461 2.5000000000000004 0.0065346808554528927 0.25137362637362642
decision_type=2 2 2 2 2
left_child=-1 2 4 -4 -2
right_child=1 -3 3 -5 -6
leaf_value=0.037649661074476995 0.025149731029395172 -0.026612726331428475 0.0204105398727286 -0.0066311512332314516 0
leaf_weight=8.1981292665004712 10.171141594648363 13.15792094171047 8.3372175544500333 106.04280619323254 7.6764436960220328
leaf_count=33 41 55 34 434 31
internal_value=-0.00127491 -0.00405272 -0.00133295 -0.0042143 0.014941
internal_weight=153.584 145.386 132.228 114.38 17.8476
internal_count=628 595 540 468 72
is_linear=0
shrinkage=0.03


Tree=17
num_leaves=9
num_cat=0
split_feature=11 28 15 38 36 34 4 17
split_gain=14.8047 15.6022 10.6486 6.24204 5.49848 3.75271 7.4852 5.47277
threshold=-0.060210390438576393 2.5000000000000004 1711.4220498968605 0.015129116403883548 0.0065716592877551995 -0.0056083275303652194 0.03138043876957753 -61.140161913157833
decision_type=2 2 2 2 2 2 2 2
left_child=3 2 4 -1 -2 7 -7 -3
right_child=1 5 -4 -5 -6 6 -8 -9
leaf_value=0.032495927580636311 0.0075734395137297761 0 -0.0093988838551396954 0 0.044406675785235293 0 -0.019459180596427286 -0.027827529430415349
leaf_weight=12.898062482476236 9.3870156407356315 9.790057376027109 8.8066364675760251 7.6274677366018286 7.6808039247989646 53.998308047652245 23.826461404561996 19.405798226594925
leaf_count=52 38 40 36 31 31 221 99 80
internal_value=-0.00121494 -0.00504943 0.0148724 0.02119 0.0278548 -0.010188 -0.00617398 -0.0193252
internal_weight=153.421 132.895 25.8745 20.5255 17.0678 107.021 77.8248 29.1959
internal_count=628 545 105 83 69 440 320 120
is_linear=0
shrinkage=0.03


Tree=18
num_leaves=7
num_cat=0
split_feature=35 23 20 5 28 2
split_gain=16.9325 5.70986 5.85209 5.71857 11.7482 2.50448
threshold=-0.087935128800527659 0.8221603052650347 0.025156237097641702 0.15456895277120644 2.5000000000000004 -0.00081805799894713027
decision_type=2 2 2 2 2 2
left_child=-1 2 -2 4 -3 -4
right_child=1 3 5 -5 -6 -7
leaf_value=0.036198826913609962 -0.027148091645039257 0.024088505586250714 -0.012737264374429727 -0.023088189060800225 -0.0027441346238419712 0.0076000751873882095
leaf_weight=8.1441209614276868 14.977129489183424 15.399501860141752 7.9974280893802652 7.2887402027845374 89.920240730047226 9.4963508993387222
leaf_count=33 63 62 33 30 368 39
internal_value=-0.00116755 -0.00383084 -0.01453 -0.000415098 0.00141527 -0.00128075
internal_weight=153.224 145.079 32.4709 112.608 105.32 17.4938
internal_count=628 595 135 460 430 72
is_linear=0
shrinkage=0.03


Tree=19
num_leaves=8
num_cat=0
split_feature=11 37 7 34 37 22 4
split_gain=13.9258 9.40631 6.86806 10.9107 9.58613 6.7619 6.54012
threshold=-0.060210390438576393 0.025950903654948346 0.013007843134847836 1.0000000180025095e-35 0.048914930370180694 0.243717130225133 0.035023521932612829
decision_type=2 2 2 2 2 2 2
left_child=1 -1 4 -4 5 -2 -5
right_child=2 -3 3 6 -6 -7 -8
leaf_value=0.034957737873203193 0.0007954274874922224 -0.0033934310414736142 0.026339425353057128 0.014871968899657381 -0.030879379654909604 -0.018057069920832339 -0.01382095672764546
leaf_weight=12.649267449975016 54.845620021224022 7.8604933917522422 12.493670731782911 8.0770258754491824 13.961050122976301 21.945846244692802 21.220151633024216
leaf_count=51 224 32 51 33 59 90 88
internal_value=-0.00113318 0.0205975 -0.00486347 0.0048114 -0.00948807 -0.00472355 -0.00498638
internal_weight=153.053 20.5098 132.543 41.7908 90.7525 76.7915 29.2972
internal_count=628 83 545 172 373 314 121
is_linear=0
shrinkage=0.03


Tree=20
num_leaves=10
num_cat=0
split_feature=24 23 23 35 22 7 9 13 17
split_gain=12.2388 6.07103 5.93739 6.71063 9.42348 9.035 5.88716 3.40072 2.38238
threshold=-0.061891137803839966 0.8221603052650347 0.78277394886883978 0.022926755600788388 -0.014928773029313057 -0.013770521370508097 0.073025364246568955 -4.5229862178500211 -11.974226374049236
decision_type=2 2 2 2 2 2 2 2 2
left_child=1 8 -2 5 -5 -4 7 -3 -1
right_child=2 6 3 4 -6 -7 -8 -9 -10
leaf_value=-0.013940612571476595 -0.024779325104650314 0.0084531515314321039 -0.016040834915785212 0.0030544371213410367 -0.024377610806808992 0.01689378090672709 -0.0025912067755629849 0.027857253009565069 0.005919379827509768
leaf_weight=8.603187024593355 10.758470073342322 19.189981505274773 8.3333867192268354 21.24078731238842 19.39394836127758 23.979943752288818 10.844030126929281 24.62467135488987 8.2542951256036741
leaf_count=36 45 78 34 87 80 98 45 100 34
internal_value=0.00185639 0.0108876 -0.00575859 -0.00216687 -0.0102158 0.00752312 0.0156645 0.020426 -0.00382426
internal_weight=155.223 71.5162 83.7065 72.9481 40.6347 32.3133 54.6587 43.8147 16.8575
internal_count=637 293 344 299 167 132 223 178 70
is_linear=0
shrinkage=0.03


Tree=21
num_leaves=7
num_cat=0
split_feature=11 37 2 1 37 37
split_gain=5.83909 5.8134 4.69193 8.91208 5.59545 2.97534
threshold=-0.060210390438576393 0.061282708919279123 -0.010714671183487233 0.01280078865508061 -0.011182531191308185 0.025950903654948346
decision_type=2 2 2 2 2 2
left_child=5 2 4 -4 -2 -1
right_child=1 -3 3 -5 -6 -7
leaf_value=0.023969528119202121 -0.021122445481409968 -0.0185209761332376 0.015284936828858861 -0.0047954770758924254 0.0006134416788484893 0
leaf_weight=12.628259971737863 12.750688910484312 12.518569961190222 41.428062424063683 33.793101474642754 33.661208629608154 8.3621039241552335
leaf_count=51 52 53 170 139 138 34
internal_value=0.00179077 -0.000488003 0.00151623 0.00617901 -0.00567411 0.0157826
internal_weight=155.142 134.152 121.633 75.2212 46.4119 20.9904
internal_count=637 552 499 309 190 85
is_linear=0
shrinkage=0.03


Tree=22
num_leaves=7
num_cat=0
split_feature=11 37 28 13 3 37
split_gain=5.56031 5.5288 7.33096 9.15746 6.92567 2.81429
threshold=-0.060210390438576393 0.061282708919279123 2.5000000000000004 1.6222174900653281 0.011896034262151025 0.025950903654948346
decision_type=2 2 2 2 2 2
left_child=5 2 4 -4 -2 -1
right_child=1 -3 3 -5 -6 -7
leaf_value=0.023357484587863551 0 -0.018109451785414427 0.0049081573769694789 -0.013284264309376117 0.032830897191195987 0
leaf_weight=12.622867703437807 9.6276403069496173 12.465216636657713 64.828722730278969 37.332942426204681 9.8621726483106595 8.3621039241552335
leaf_count=51 39 53 266 154 40 34
internal_value=0.00173496 -0.000486377 0.00146179 -0.00172331 0.0174621 0.0153913
internal_weight=155.102 134.117 121.651 102.162 19.4898 20.985
internal_count=637 552 499 420 79 85
is_linear=0
shrinkage=0.03


Tree=23
num_leaves=10
num_cat=0
split_feature=24 28 23 14 11 34 15 7 17
split_gain=11.3137 7.53335 5.74306 4.8355 4.20852 5.48334 3.65653 3.25271 2.23699
threshold=-0.061891137803839966 2.5000000000000004 0.8221603052650347 1604.8668208524434 -0.028768570767038478 0.028182886756487172 -1137.21531748352 -0.042044499315454863 -11.974226374049236
decision_type=2 2 2 2 2 2 2 2 2
left_child=2 -2 8 7 6 -6 -3 -4 -1
right_child=1 4 3 -5 5 -7 -8 -9 -10
leaf_value=-0.013713837069823612 0.012675417278488364 -0.0096657683491585718 0 -0.0035338441049129741 -0.020321998528765137 0.0023567017024603578 0.012492586053210982 0.022290159963517846 0.0055020033198343475
leaf_weight=8.5822966098785418 14.154002130031584 12.29311938583851 7.8796155452728263 8.6242361068725568 35.65462152659893 10.845139428973196 10.533139273524283 38.144592061638832 8.2663171589374524
leaf_count=36 58 50 32 36 148 45 43 155 34
internal_value=0.00169511 -0.00563604 0.0103795 0.0150313 -0.00983551 -0.0148443 0.00013765 0.0188248 -0.00390684
internal_weight=154.977 83.48 71.4971 54.6484 69.326 46.4998 22.8263 46.0242 16.8486
internal_count=637 344 293 223 286 193 93 187 70
is_linear=0
shrinkage=0.03


Tree=24
num_leaves=8
num_cat=0
split_feature=35 23 10 20 20 1 20
split_gain=9.4172 6.73457 6.29065 6.49788 5.20596 3.87716 3.57758
threshold=-0.087935128800527659 0.81016987898976212 0.030076477731282861 0.021402051675168999 0.023452232305742473 0.010232998118208771 0.027661408339048395
decision_type=2 2 2 2 2 2 2
left_child=-1 4 3 -3 -2 -4 -6
right_child=1 2 5 -5 6 -7 -8
leaf_value=0.030195332753288194 -0.026054739926646548 -0.0074318803589692181 0.00037653156383573888 0.011441924578420776 0.011300057247419729 -0.019966690106440119 -0.012857990743286061
leaf_weight=7.7608027160167685 12.18877784907818 18.840772807598114 17.108822599053386 68.814316749572754 8.4546834081411379 12.25157694518566 9.4623042196035367
leaf_count=32 52 77 71 280 35 51 39
internal_value=0.00164969 -0.000140318 0.00305006 0.00714255 -0.0124255 -0.00836602 -0.000715152
internal_weight=154.882 147.121 117.015 87.6551 30.1058 29.3604 17.917
internal_count=637 605 479 357 126 122 74
is_linear=0
shrinkage=0.03


Tree=25
num_leaves=7
num_cat=0
split_feature=37 23 34 4 34 6
split_gain=8.60887 5.06639 6.00367 7.65234 6.56117 3.46483
threshold=0.061282708919279123 1.3021421869869594 -0.0064129415175119822 0.045941460556442888 0.034551093974205867 0.0012351634602471616
decision_type=2 2 2 2 2 2
left_child=1 2 3 -1 -4 -3
right_child=-2 5 4 -5 -6 -7
leaf_value=-0.015264123819555346 -0.021832835207555804 0.029546599411097982 0.0087743560980352679 0.01408172237510325 -0.011373613611598839 0.00031356819581776323
leaf_weight=34.798705443739891 13.183216288685797 7.3920161724090558 66.823916733264923 8.0143009126186353 16.070093095302582 7.7994272261857986
leaf_count=143 56 30 274 33 66 32
internal_value=-0.000277008 0.00191224 -5.73038e-05 -0.00905276 0.00451579 0.0171931
internal_weight=154.082 140.898 125.707 42.813 82.894 15.1914
internal_count=634 578 516 176 340 62
is_linear=0
shrinkage=0.03


Tree=26
num_leaves=9
num_cat=0
split_feature=35 35 23 38 24 23 9 25
split_gain=8.53378 5.29067 3.94256 8.97218 5.13981 3.8971 6.12293 4.28643
threshold=-0.083440988298122395 0.044535659883583552 1.0462381337283697 0.011335692677746504 -0.20776482262465887 1.0728574267523208 0.073025364246568955 0.058771929824561413
decision_type=2 2 2 2 2 2 2 2
left_child=-1 5 3 -3 -4 7 -7 -2
right_child=1 2 4 -5 -6 6 -8 -9
leaf_value=0.026137084438678088 0.0031520044584804636 0.023998796203743806 0.0098028692675139126 -0.01046627612716554 -0.019835549242094453 0.012003122486364606 -0.014995826201143425 -0.013435635652954053
leaf_weight=8.2244344055652601 15.746847718954085 18.752165809273723 8.620594799518587 8.0117814987897855 8.0328888297080976 20.385884344577793 9.1986337751150113 57.03154544532299
leaf_count=34 65 77 35 33 33 83 38 236
internal_value=-0.000261775 -0.00218618 0.00623869 0.0131498 -0.00428314 -0.00595442 0.0027155 -0.00965771
internal_weight=154.005 145.78 43.4174 26.7639 16.6535 102.363 29.5845 72.7784
internal_count=634 600 178 110 68 422 121 301
is_linear=0
shrinkage=0.03


Tree=27
num_leaves=9
num_cat=0
split_feature=35 37 34 34 34 7 11 7
split_gain=8.14576 7.30524 7.0764 6.8922 5.77299 3.74078 4.02395 2.73332
threshold=-0.083440988298122395 0.041194988069299117 -0.0075609324700373062 0.034551093974205867 -0.045213557430406941 0.02502364357380886 0.011711894201190233 0.048782832606318972
decision_type=2 2 2 2 2 2 2 2
left_child=-1 2 4 -4 -2 6 -3 -7
right_child=1 5 3 -5 -6 7 -8 -9
leaf_value=0.025592376905210545 0.010555690007447162 -0.031848964516142386 0.011692044696525968 -0.010537703603841228 -0.015466388934101852 0.010420788067010318 -0.0050000272657434435 -0.012449779552167245
leaf_weight=8.1905786246061307 8.1457741260528547 11.334607303142549 59.122431710362434 13.438337281346319 26.927447453141212 7.509864613413809 11.999003723263739 7.2085721641778946
leaf_count=34 33 48 241 55 111 31 51 30
internal_value=-0.000242359 -0.00212328 0.00179373 0.00720166 -0.00877473 -0.0131138 -0.0201191 -3.25634e-05
internal_weight=153.877 145.686 107.634 72.5608 35.0732 38.052 23.3336 14.7184
internal_count=634 600 440 296 144 160 99 61
is_linear=0
shrinkage=0.03


Tree=28
num_leaves=7
num_cat=0
split_feature=37 34 28 34 2 22
split_gain=7.83802 4.35246 4.94706 7.25772 4.11947 2.99943
threshold=0.061282708919279123 0.034551093974205867 2.5000000000000004 0.018946996336555836 -0.00048709244061423401 0.025016194585342436
decision_type=2 2 2 2 2 2
left_child=1 2 5 -4 -3 -1
right_child=-2 4 3 -5 -6 -7
leaf_value=0.025754490293924914 -0.020913474511599205 -0.023229143385884242 -0.0030527358325980899 0.015218666356921973 0.0031152200455384126 0
leaf_weight=11.508022278547289 13.049417585134504 9.2598368972539919 81.426910221576691 23.397497996687889 7.7292398959398261 7.3575703352689734
leaf_count=47 56 38 335 96 32 30
internal_value=-0.000242261 0.00183635 0.00392439 0.00109372 -0.011388 0.0173214
internal_weight=153.728 140.679 123.69 104.824 16.9891 18.8656
internal_count=634 578 508 431 70 77
is_linear=0
shrinkage=0.03


Tree=29
num_leaves=7
num_cat=0
split_feature=37 34 34 18 16 2
split_gain=7.47054 4.13501 4.47818 9.33859 6.65945 3.94348
threshold=0.061282708919279123 0.034551093974205867 -0.0064129415175119822 0.41116943082753471 469.76783060197818 -0.00048709244061423401
decision_type=2 2 2 2 2 2
left_child=1 2 4 -4 -1 -3
right_child=-2 5 3 -5 -6 -7
leaf_value=-0.0081647555455984892 -0.020464332235146366 -0.022722415021600148 0.020661089684528223 -0.000151233118189664 0.019402176471971223 0.0030398036458638474
leaf_weight=40.934241682291031 12.980688810348509 9.2274411618709582 30.385274454951286 44.842195615172386 7.5171426534652701 7.7329314202070227
leaf_count=169 56 38 123 185 31 32
internal_value=-0.000231086 0.00179199 0.0038283 0.00837825 -0.00299089 -0.0111036
internal_weight=153.62 140.639 123.679 75.2275 48.4514 16.9604
internal_count=634 578 508 308 200 70
is_linear=0
shrinkage=0.03


Tree=30
num_leaves=12
num_cat=0
split_feature=23 38 15 34 19 37 5 3 16 15 38
split_gain=7.60412 6.92032 5.92415 5.90934 7.97042 10.4613 4.14006 3.37002 3.23425 1.96417 1.82027
threshold=0.9448331415108534 0.0095929568392516523 -805.68067189147871 -0.005950479611343761 0.14410817576929655 0.025950903654948346 0.12087109222774974 -0.0012631459640898288 149.01823541894362 729.61311190268054 0.0082945056066949779
decision_type=2 2 2 2 2 2 2 2 2 2 2
left_child=3 6 -3 10 5 -5 8 -6 -2 -4 -1
right_child=1 2 9 4 7 -7 -8 -9 -10 -11 -12
leaf_value=-0.031397892709855595 0.0078396111153214657 0.011658732397701748 -0.020270443206478708 0.022592176341398006 -0.026705678017657473 -0.011502806470046902 -0.0047327759272899053 0 0.026506890709047173 0 -0.0092649051719052508
leaf_weight=7.1266457587480572 24.373891949653625 11.08184887468815 12.308225736021997 17.410136207938198 9.1068286001682299 11.621983617544172 7.5671011805534354 7.6486039012670508 17.763257831335068 8.2414817959070188 14.152571216225622
leaf_count=30 99 45 51 71 38 49 32 32 73 34 59
internal_value=0.000207476 0.00640036 -0.00407254 -0.00705367 -0.000438702 0.00859839 0.0132551 -0.0161442 0.0168933 -0.0135028 -0.0193825
internal_weight=148.403 81.3358 31.6316 67.0668 45.7876 29.0321 49.7043 16.7554 42.1371 20.5497 21.2792
internal_count=613 334 130 279 190 120 204 70 172 85 89
is_linear=0
shrinkage=0.03


Tree=31
num_leaves=9
num_cat=0
split_feature=23 17 21 15 28 4 36 33
split_gain=7.24301 8.04473 7.41591 8.50511 8.84858 7.28858 4.30549 3.42757
threshold=0.9448331415108534 69.654956340638947 0.02441985743135076 1673.5859282859362 5.5000000000000009 -0.034981319454871256 0.0074312198479703851 0.780080328673044
decision_type=2 2 2 2 2 2 2 2
left_child=1 5 3 4 -2 -1 -4 -7
right_child=2 -3 6 -5 -6 7 -8 -9
leaf_value=0.004999525494411637 0.029171129119603244 0.012360479840069516 -0.024545677731521748 -0.015755819564350345 0.0046720513920760313 -0.022715964542070134 0.0030686090179868767 0
leaf_weight=14.205646291375158 21.819867298007011 13.079046279191969 7.7326098084449759 7.3708550035953513 36.277333661913872 31.867768064141273 8.1139870285987836 7.8116456121206275
leaf_count=58 89 54 32 31 149 134 33 33
internal_value=0.000173692 -0.00691781 0.00621959 0.0107612 0.0147875 -0.0121404 -0.0108064 -0.018582
internal_weight=148.279 66.9641 81.3147 65.4681 58.0972 53.8851 15.8466 39.6794
internal_count=613 279 334 269 238 225 65 167
is_linear=0
shrinkage=0.03


Tree=32
num_leaves=10
num_cat=0
split_feature=7 33 7 35 23 35 6 17 7
split_gain=8.19272 12.0792 8.66109 7.65825 6.84737 6.77851 4.29239 6.18067 0.763472
threshold=0.013007843134847836 0.53990860177280697 -0.042044499315454863 0.023290670109844095 0.88288121838074163 0.044300051176204731 0.0097113157510118706 126.33847940667592 -0.0024876091785900061
decision_type=2 2 2 2 2 2 2 2 2
left_child=1 2 -1 6 -4 -5 -2 -8 -3
right_child=3 8 4 5 -6 -7 7 -9 -10
leaf_value=-0.019849206653216322 0.038181384988450917 -0.0096490971201163428 -0.0053777628916091211 -0.020720978655316219 0.013843983679775497 0.010176082150587937 -0.0050536284728509174 0.026175430110292355 -0.027682601181962373
leaf_weight=12.174777895212172 7.518726825714114 9.730178505182268 25.709301441907883 8.8047124594450015 38.108104005455971 13.264693245291708 9.933133006095888 8.5456772297620756 14.338717997074125
leaf_count=50 31 41 107 37 155 55 41 35 61
internal_value=0.000166662 -0.00461096 0.00121658 0.0101988 0.00594435 -0.00222479 0.0206865 0.00980194 -0.0222673
internal_weight=148.128 100.061 75.9922 48.0669 63.8174 22.0694 25.9975 18.4788 24.0689
internal_count=613 414 312 199 262 92 107 76 102
is_linear=0
shrinkage=0.03


Tree=33
num_leaves=10
num_cat=0
split_feature=7 18 7 35 35 36 1 2 1
split_gain=7.81692 13.7574 10.7465 7.30025 6.46025 4.4845 4.38881 5.45451 4.38851
threshold=0.013007843134847836 0.41116943082753471 -0.042044499315454863 0.023290670109844095 0.044300051176204731 0.0052904640750907313 -0.019329396206325341 0.0024197678521798997 0.022487206782527028
decision_type=2 2 2 2 2 2 2 2 2
left_child=1 2 -1 8 -5 -4 -3 -8 -2
right_child=3 6 5 4 -6 -7 7 -9 -10
leaf_value=-0.019380578925847741 0.031931568164609014 0 0.019196345058225397 -0.020281313610442147 0.0098977855652775688 0.0011337844979615785 -0.034793059202780516 -0.0056418017284894737 0.0054172271923088175
leaf_weight=12.143921345472334 12.628072589635851 7.9562167525291434 23.093048483133316 8.7696070373058337 13.284455507993696 28.717069894075394 16.163917347788814 11.84454497694969 13.368484392762182
leaf_count=50 52 33 94 37 55 118 69 50 55
internal_value=0.000152376 -0.00451694 0.00367535 0.00995417 -0.0021676 0.00987772 -0.0189061 -0.0241627 0.0201936
internal_weight=147.969 99.9187 63.954 48.0506 22.0541 51.8101 35.9647 28.0085 25.9966
internal_count=613 414 262 199 92 212 152 119 107
is_linear=0
shrinkage=0.03


Tree=34
num_leaves=11
num_cat=0
split_feature=7 33 36 7 35 23 35 4 1 14
split_gain=7.42627 11.0364 8.13942 8.05505 6.94096 6.37781 6.1577 4.25466 2.11058 1.18173
threshold=0.013007843134847836 0.53990860177280697 0.0048775667393845187 -0.039884552532499208 0.023290670109844095 0.8858792149988638 0.044300051176204731 0.098266415009862121 -0.013349029035542801 690.91858182835142
decision_type=2 2 2 2 2 2 2 2 2 2
left_child=1 2 5 -4 7 -1 -6 9 -3 -2
right_child=4 8 3 -5 6 -7 -8 -9 -10 -11
leaf_value=-0.0032111479101063719 0.01276301460672071 -0.0035367222048918222 -0.026309484196515444 0.0007106700347863144 -0.019853065417940172 0.026232491254192761 0.0096277909781640348 0 -0.026896410850527925 0.036065261869769827
leaf_weight=8.928410470485689 10.164328858256345 7.0556602925062206 10.624121278524397 41.580413594841957 8.7336999475955981 14.774466812610624 13.303082376718519 7.2552992552518836 16.795590937137604 8.5776782631874067
leaf_count=37 42 30 44 171 37 60 55 30 72 35
internal_value=0.000143795 -0.00441025 0.00113956 -0.00527932 0.00969979 0.0151712 -0.00211185 0.0196834 -0.0213746 0.0266001
internal_weight=147.793 99.7587 75.9074 52.2045 48.0341 23.7029 22.0368 25.9973 23.8513 18.742
internal_count=613 414 312 215 199 97 92 107 102 77
is_linear=0
shrinkage=0.03


Tree=35
num_leaves=6
num_cat=0
split_feature=35 34 34 15 5
split_gain=10.6049 6.25597 8.32327 7.85144 4.26404
threshold=-0.083440988298122395 -0.045213557430406941 -0.0075609324700373062 1711.4220498968605 0.03729466145483807
decision_type=2 2 2 2 2
left_child=-1 -2 4 -4 -3
right_child=1 2 3 -5 -6
leaf_value=0.02906563848982727 0.017848477058632087 -0.024310856317969341 0.0021891545105628958 -0.023790318030230125 0
leaf_weight=7.7829336524009696 9.5782825499773008 22.863647863268852 93.639198422431946 9.7252093702554685 10.028132975101469
leaf_count=33 39 95 387 42 42
internal_value=-0.00105429 -0.00313467 -0.00495506 -0.000517988 -0.01764
internal_weight=153.617 145.834 136.256 103.364 32.8918
internal_count=638 605 566 429 137
is_linear=0
shrinkage=0.03


Tree=36
num_leaves=9
num_cat=0
split_feature=23 21 37 19 36 15 20 36
split_gain=6.845 10.2488 6.27646 5.76193 4.72874 9.13176 4.85355 1.26228
threshold=0.85222892690656071 0.01958808002244165 0.064999855205081461 0.17100514850022638 0.0069051313625328719 -589.01264221577037 0.024695028209182176 0.0058181111864939348
decision_type=2 2 2 2 2 2 2 2
left_child=1 7 4 -3 5 -2 -6 -1
right_child=2 3 -4 -5 6 -7 -8 -9
leaf_value=-0.034367410996920623 0.013522342581716734 0.013904324940778309 -0.017788198283833007 -0.015280161416861856 0.02415705016952251 -0.0091990662231636548 0.0026806302200165165 -0.011085609046739747
leaf_weight=10.174895644187929 24.443470925092697 13.770323276519777 9.8600555360317212 7.7191210091114035 17.142667397856712 37.980848729610443 23.495741903781891 8.8695632368326169
leaf_count=44 99 57 43 33 71 157 96 38
internal_value=-0.00101991 -0.0113592 0.00269396 0.00237409 0.00509759 0 0.0128001 -0.0263212
internal_weight=153.457 40.5339 112.923 21.4894 103.063 62.4243 40.6384 19.0445
internal_count=638 172 466 90 423 256 167 82
is_linear=0
shrinkage=0.03


Tree=37
num_leaves=5
num_cat=0
split_feature=34 38 34 5
split_gain=5.90148 5.20831 4.11279 4.13232
threshold=-0.045213557430406941 0.0061571398906444938 -0.032914997333413014 0.0015946671943397608
decision_type=2 2 2 2
left_child=-1 -2 -3 -4
right_child=1 2 3 -5
leaf_value=0.01882765949827387 0.018176404145487074 -0.023482131773724685 0.0023108275225114851 -0.0082303087669902877
leaf_weight=10.279182523488997 7.7649966329336158 7.6389047950506201 65.79576949775219 61.775103762745857
leaf_count=42 32 32 271 261
internal_value=-0.00100407 -0.00277341 -0.00433327 -0.00272611
internal_weight=153.254 142.975 135.21 127.571
internal_count=638 596 564 532
is_linear=0
shrinkage=0.03


Tree=38
num_leaves=6
num_cat=0
split_feature=35 38 4 38 27
split_gain=9.95126 5.0919 4.02035 6.08056 4.71404
threshold=-0.083440988298122395 0.0061571398906444938 -0.030011316253142847 0.0076924103027747265 2.5000000000000004
decision_type=2 2 2 2 2
left_child=-1 -2 4 -4 -3
right_child=1 2 3 -5 -6
leaf_value=0.02832392748800934 0.01772159565407699 -0.0053024450632855871 -0.02215650737236086 -0.0035429285391651304 0.013242516641142434
leaf_weight=7.7087826281785956 7.7764979600906363 26.229492992162704 19.776361599564552 72.351945176720619 19.330727592110634
leaf_count=33 32 108 83 303 79
internal_value=-0.000965875 -0.00298287 -0.00449661 -0.00808377 0.00247659
internal_weight=153.174 145.465 137.689 92.1283 45.5602
internal_count=638 605 573 386 187
is_linear=0
shrinkage=0.03


Tree=39
num_leaves=8
num_cat=0
split_feature=35 23 21 10 36 3 14
split_gain=9.51761 5.06722 12.3578 5.46189 5.27753 4.73528 3.43317
threshold=-0.083440988298122395 0.8221603052650347 0.01958808002244165 0.030076477731282861 0.0053836867069834453 -0.0012631459640898288 1122.6385333625442
decision_type=2 2 2 2 2 2 2
left_child=-1 2 -2 4 -3 -4 -5
right_child=1 3 5 6 -6 -7 -8
leaf_value=0.027798083900861536 -0.031001325481378537 0.013444726589594612 -0.011174312517816018 -0.024803037130024897 -0.0015383528126939904 0.01671695626104663 -0.0022228408093062503
leaf_weight=7.6575774848461142 15.327938720583914 31.312359482049942 7.8547254353761682 8.5627939999103564 53.10594317317009 9.7907734662294388 19.421676129102707
leaf_count=33 67 128 33 36 218 41 82
internal_value=-0.000923954 -0.00289535 -0.0128727 7.42712e-05 0.00402812 0.00366425 -0.0108258
internal_weight=153.034 145.376 32.9734 112.403 84.4183 17.6455 27.9845
internal_count=638 605 141 464 346 74 118
is_linear=0
shrinkage=0.03


Tree=40
num_leaves=11
num_cat=0
split_feature=10 19 21 9 3 14 40 9 21 26
split_gain=6.0118 7.34572 7.62106 10.2649 5.63047 5.28338 5.02786 3.90642 3.20322 2.55071
threshold=-0.011401514372856468 0.12913625797591671 0.017601252078605561 -0.045578461039217005 0.033769916883507174 690.91858182835142 -0.012602758717473848 -0.11729727278972667 0.025341338634059733 0.13041125541125545
decision_type=2 2 2 2 2 2 2 2 2 2
left_child=1 2 3 -1 6 -6 -2 -3 -8 -9
right_child=4 7 -4 -5 5 -7 8 9 -10 -11
leaf_value=0.022464307466421047 0.0065914769787348065 0.0092285276978075741 0.0310031057966768 -0.014721340029860473 -0.0090858140376159097 0.016195965165215528 -0.019273894996058381 0 -2.0369001871347652e-05 -0.021343041844507402
leaf_weight=10.285327345132826 8.821243464946745 7.5048675686121014 12.124649152159689 12.45456399023533 11.860920742154123 13.419528692960737 41.965722307562828 7.7856804728508022 11.365745604038237 11.626436367630957
leaf_count=42 36 31 49 52 49 56 179 32 48 48
internal_value=-0.00223608 0.00469432 0.013593 0.0019479 -0.00729638 0.00398807 -0.0121014 -0.00645599 -0.0155908 -0.0135159
internal_weight=149.215 61.7815 34.8645 22.7399 87.4332 25.2804 62.1527 26.917 53.3315 19.4121
internal_count=622 254 143 94 368 105 263 111 227 80
is_linear=0
shrinkage=0.03


Tree=41
num_leaves=10
num_cat=0
split_feature=10 19 21 11 6 41 3 34 24
split_gain=5.69459 6.96821 7.20383 8.58178 5.39116 5.34801 5.31847 3.56147 2.85044
threshold=-0.011401514372856468 0.12913625797591671 0.017601252078605561 -0.028171762185037971 0.026442512027988953 1.0000000180025095e-35 0.034559526929112024 0.016349850125635616 0.090219092331768405
decision_type=2 2 2 2 2 2 2 2 2
left_child=1 2 3 -1 5 -2 -7 8 -3
right_child=4 7 -4 -5 -6 6 -8 -9 -10
leaf_value=0.021739528065494611 0.0080737176063920852 0.01119745082467068 0.03015823620532317 -0.012466727286013229 0.0089929723395809243 -0.017858999985348914 0.0021492897609104627 -0.020238334116360654 -0.010195036863908847
leaf_weight=9.5406647175550461 9.8990896940231305 10.157875239849096 12.146070688962935 13.170997560024261 13.243301391601561 50.877405434846878 13.277970939874647 8.5677199959754926 8.161296069622038
leaf_count=39 41 42 49 55 55 217 55 35 34
internal_value=-0.00216034 0.0045815 0.0132503 0.00189206 -0.00709254 -0.0103272 -0.0135514 -0.00627726 0.000863343
internal_weight=149.042 61.7446 34.8577 22.7117 87.2978 74.0545 64.1554 26.8869 18.3192
internal_count=622 254 143 94 368 313 272 111 76
is_linear=0
shrinkage=0.03


Tree=42
num_leaves=9
num_cat=0
split_feature=23 10 3 34 17 2 1 15
split_gain=5.55532 6.2077 8.0583 7.31188 5.84726 5.35955 3.71622 3.49859
threshold=1.2653673458982275 -0.0052106669674960018 0.033769916883507174 0.023522350374874493 44.847017605753088 -0.026881415724023357 0.004915785875183821 249.44679316183081
decision_type=2 2 2 2 2 2 2 2
left_child=1 3 5 4 -1 -3 -2 -4
right_child=6 2 7 -5 -6 -7 -8 -9
leaf_value=0.01614638843380254 0.022021581892484654 0.0016451899657374887 -0.0048736466237075619 -0.015101512338511671 -0.0040652709269507819 -0.02156000384975745 -0.0023106217027132211 0.018547250294147263
leaf_weight=29.12389275431633 11.166375905275347 9.5888178646564466 10.585234567523004 14.185619696974753 19.192908063530922 39.549222454428673 7.5280813425779334 7.9340986013412467
leaf_count=119 46 40 44 59 80 170 31 33
internal_value=-0.00208106 -0.00440274 -0.0106065 0.00220079 0.00797713 -0.0168512 0.012222 0.00525915
internal_weight=148.854 130.16 67.6574 62.5024 48.3168 49.138 18.6945 18.5193
internal_count=622 545 287 258 199 210 77 77
is_linear=0
shrinkage=0.03


Tree=43
num_leaves=9
num_cat=0
split_feature=34 33 23 34 34 34 34 32
split_gain=5.26733 6.18965 5.44139 7.33132 4.82291 6.61045 4.19366 0.925578
threshold=0.036526421026013674 0.33001685052565316 0.79476297652243788 -0.0056083275303652194 1.0000000180025095e-35 0.020830122334225213 -0.0082294837784580559 0.0018437812382303689
decision_type=2 2 2 2 2 2 2 2
left_child=1 2 -1 -4 6 -6 -3 -2
right_child=7 4 3 -5 5 -7 -8 -9
leaf_value=-0.010607003462004201 -0.0062711711802849639 -0.0025225152312234028 0 0.024247435135194732 -0.019102629831236995 0.0020852393247443321 0.02011985038040779 -0.024813693800026643
leaf_weight=8.8952277451753599 9.767665311694147 22.738233163952831 20.251420184969902 21.432629898190498 30.256564155220985 19.901476472616196 8.138904392719267 7.2964994907379142
leaf_count=37 41 96 84 87 128 84 34 31
internal_value=-0.00201735 3.79144e-06 0.00816731 0.0128193 -0.00498493 -0.0106506 0.00385042 -0.016758
internal_weight=148.679 131.614 50.5793 41.6841 81.0352 50.158 30.8771 17.0642
internal_count=622 550 208 171 342 212 130 72
is_linear=0
shrinkage=0.03


Tree=44
num_leaves=9
num_cat=0
split_feature=38 10 38 21 13 9 36 13
split_gain=5.06025 5.67966 8.88815 6.4522 5.51214 5.30601 5.1209 2.31147
threshold=0.015129116403883548 -0.011401514372856468 0.012286949747291461 0.016594225487146435 -0.7758382480973437 -0.028281979649926965 0.0057013751940565927 0.21018970260517025
decision_type=2 2 2 2 2 2 2 2
left_child=1 3 4 6 -3 -5 -1 -2
right_child=7 2 -4 5 -6 -7 -8 -9
leaf_value=0.009463816750861059 -0.027574266113512602 -0.017804523359066356 0.021152749772635118 0.0025520981461303531 -0.00096680999380300539 0.03029858404698622 -0.01512651676661868 -0.0019023818080903235
leaf_weight=12.920190945267679 7.4503476917743665 30.826654523611069 8.1707614958286268 13.789727136492731 42.381645232439041 12.559242770075796 13.12245102226734 7.2841732949018478
leaf_count=53 31 132 34 57 179 51 55 30
internal_value=-0.00197074 0 -0.00494407 0.00751721 -0.00854123 0.0175111 -0.00258706 -0.0175236
internal_weight=148.505 133.771 81.3791 52.3916 73.2083 26.349 26.0426 14.7345
internal_count=622 561 345 216 311 108 108 61
is_linear=0
shrinkage=0.03


Tree=45
num_leaves=8
num_cat=0
split_feature=35 13 19 19 21 21 8
split_gain=10.1689 6.12967 3.99475 6.08812 3.76649 2.61037 2.20159
threshold=-0.087935128800527659 -6.5089639979559832 0.12913625797591671 0.10466350723126863 0.027418884744000494 0.022813570309929806 -0.014393295741844532
decision_type=2 2 2 2 2 2 2
left_child=-1 5 3 -3 -4 6 -2
right_child=1 2 4 -5 -6 -7 -8
leaf_value=0.02848576377549623 0.025993853907983897 -0.0089769982631625108 -0.017437494589902992 0.0085853902180316449 0.00043549772108326235 -0.0028897862936188897 0.00092879732267409944
leaf_weight=6.9075467586517325 7.3547391146421441 43.571353986859322 40.672056496143341 26.640310317277908 11.856454610824583 7.6917884349822989 6.9842363148927697
leaf_count=30 30 183 173 110 49 32 30
internal_value=-0.00246634 -0.00441342 -0.00710489 -0.00205238 -0.0132602 0.00930071 0.0163113
internal_weight=151.678 144.771 122.74 70.2117 52.5285 22.0308 14.339
internal_count=637 607 515 293 222 92 60
is_linear=0
shrinkage=0.03


Tree=46
num_leaves=9
num_cat=0
split_feature=37 28 18 8 24 21 21 34
split_gain=5.93965 6.89898 6.94599 7.88621 3.84277 2.90152 2.64577 0.504098
threshold=0.061282708919279123 6.5000000000000009 0.70308360255956515 -0.0031557789503303493 0.68532289628180043 0.016976496910485462 0.020017663572382844 0.018946996336555836
decision_type=2 2 2 2 2 2 2 2
left_child=1 2 3 -1 5 -3 -4 -2
right_child=7 4 6 -5 -6 -7 -8 -9
leaf_value=0.0073563702176135636 -0.026562856596020663 -0.010819585169087301 0.028376046630661522 -0.019865556969525484 -0.020811203871157931 0.0019198756071892873 0.0027022556051270585 -0.0070206879713105852
leaf_weight=33.041409984230995 6.8181770741939527 23.643707245588303 12.335078001022341 11.179798826575277 12.22664639353752 38.153868332505226 7.3065857440233222 6.7491848468780518
leaf_count=136 31 99 52 48 51 160 30 30
internal_value=-0.0023735 -0.000275667 0.0067242 0 -0.00652999 -0.0029055 0.020651 -0.0199559
internal_weight=151.454 137.887 63.8629 44.2212 74.0242 61.7976 19.6417 13.5674
internal_count=637 576 266 184 310 259 82 61
is_linear=0
shrinkage=0.03


Tree=47
num_leaves=12
num_cat=0
split_feature=23 28 15 21 25 15 2 38 13 36 40
split_gain=6.90971 7.71714 9.47432 9.13775 5.84456 3.17341 3.10735 2.9213 3.37478 2.81582 0.826276
threshold=0.85222892690656071 6.5000000000000009 -589.01264221577037 0.02027813740062424 0.1659779614325069 -535.99345833153154 0.024862259639738097 0.0078739586329390019 -3.6407175794247979 0.0044740643824713053 0.024671143710632618
decision_type=2 2 2 2 2 2 2 2 2 2 2
left_child=7 3 4 6 -3 -5 -2 -1 -9 -4 -10
right_child=1 2 9 5 -6 -7 -8 8 10 -11 -12
leaf_value=-0.024578520898817596 0.022142823158976178 -0.0091954235409584181 0 0.0055522587238007485 0.02025254010365686 -0.015508896064458584 0 0.0086042006638670145 -0.017869546843125281 -0.019456706396914672 -0.0016800034710182145
leaf_weight=12.262491524219511 28.676813200116158 7.7684727460145977 7.3720231652259818 9.3118858486413973 13.15406049787998 11.702252939343451 7.3899043649435034 7.4948119819164303 10.28412474691868 28.654085144400597 7.2162618786096564
leaf_count=55 119 32 31 38 54 49 31 32 44 121 31
internal_value=-0.00232269 0.00127392 -0.00628013 0.00902182 0.00881591 -0.00585294 0.0179348 -0.0132165 -0.00567878 -0.0154443 -0.01282
internal_weight=151.287 114.029 56.9486 57.0809 20.9225 21.0141 36.0667 37.2577 24.9952 36.0261 17.5004
internal_count=637 475 238 237 86 87 150 162 107 152 75
is_linear=0
shrinkage=0.03


Tree=48
num_leaves=6
num_cat=0
split_feature=35 38 26 11 26
split_gain=9.40039 5.61942 4.9487 4.83974 4.08617
threshold=-0.087935128800527659 0.0061571398906444938 0.19118036549836676 -0.025292773692305755 0.22129140578544199
decision_type=2 2 2 2 2
left_child=-1 -2 3 -3 -4
right_child=1 2 4 -5 -6
leaf_value=0.02766491005719041 0.014750983936336603 -0.025416479488345418 0.017488980038426246 -0.0058602773094339616 -0.0033021551939478406
leaf_weight=6.803643822669982 10.66325895488262 16.730376183986664 7.631744608283042 41.533563420176506 67.663142874836922
leaf_count=30 44 69 32 177 285
internal_value=-0.00227034 -0.00414419 -0.0059588 -0.0123818 -0.000602745
internal_weight=151.026 144.222 133.559 58.2639 75.2949
internal_count=637 607 563 246 317
is_linear=0
shrinkage=0.03


Tree=49
num_leaves=7
num_cat=0
split_feature=35 13 28 14 36 20
split_gain=9.00263 5.72245 4.94523 5.90328 4.61277 3.48762
threshold=-0.087935128800527659 -6.5089639979559832 6.5000000000000009 -1251.8910461673074 0.0048661564967369562 0.02689623584688584
decision_type=2 2 2 2 2 2
left_child=-1 5 3 -3 -4 -2
right_child=1 2 4 -5 -6 -7
leaf_value=0.027196257070519498 0.017572560188805125 0.021100139283382696 0 -0.0042350442539184994 -0.017199771116357818 -0.0046698102121684798
leaf_weight=6.7485597282648078 14.080258443951609 7.8661200553178778 19.372750967741013 49.316794171929359 45.580171391367912 7.9023936688899985
leaf_count=30 59 32 81 208 194 33
internal_value=-0.00219169 -0.0040239 -0.00664027 0 -0.0121749 0.00922871
internal_weight=150.867 144.118 122.136 57.1829 64.9529 21.9827
internal_count=637 607 515 240 275 92
is_linear=0
shrinkage=0.03


end of trees

feature_importances:
macro_usdjpy_ret_60=31
macro_usdjpy_ret_20=30
vol_ratio=26
macro_usdjpy_vol_20=23
macro_topix_ret_20=21
macro_topix_vol_20=20
volatility=16
month=16
macd_signal=15
div_ma_10=13
bb_bandwidth=13
ma_20_60_cross=12
return_10d=10
return_20d=10
ma_5_20_cross=10
atr_pct=10
return_3d=9
rsi_change=8
div_ma_60=7
macd=7
macd_hist_change=7
candle_body_pct=7
macro_nikkei_ret_20=7
return_2d=6
return_5d=6
macd_hist=5
price_position_20d=5
div_ma_5=4
div_ma_20=4
bb_pct_b=4
vol_change=4
upper_shadow_pct=4
lower_shadow_pct=4
return_1d=3
day_of_week=2
gap=2
rsi=1
streak=1
macro_nikkei_above_200dma=1

parameters:
[boosting: gbdt]
[objective: binary]
[metric: binary_logloss]
[tree_learner: serial]
[device_type: cpu]
[data_sample_strategy: bagging]
[data: ]
[valid: ]
[num_iterations: 50]
[learning_rate: 0.03]
[num_leaves: 15]
[num_threads: 0]
[seed: 42]
[deterministic: 0]
[force_col_wise: 0]
[force_row_wise: 0]
[histogram_pool_size: -1]
[max_depth: 4]
[min_data_in_leaf: 30]
[min_sum_hessian_in_leaf: 0.001]
[bagging_fraction: 0.7]
[pos_bagging_fraction: 1]
[neg_bagging_fraction: 1]
[bagging_freq: 5]
[bagging_seed: 400]
[bagging_by_query: 0]
[feature_fraction: 0.6]
[feature_fraction_bynode: 1]
[feature_fraction_seed: 30056]
[extra_trees: 0]
[extra_seed: 12879]
[early_stopping_round: 0]
[early_stopping_min_delta: 0]
[first_metric_only: 0]
[max_delta_step: 0]
[lambda_l1: 0.5]
[lambda_l2: 2]
[linear_lambda: 0]
[min_gain_to_split: 0]
[drop_rate: 0.1]
[max_drop: 50]
[skip_drop: 0.5]
[xgboost_dart_mode: 0]
[uniform_drop: 0]
[drop_seed: 17869]
[top_rate: 0.2]
[other_rate: 0.1]
[min_data_per_group: 100]
[max_cat_threshold: 32]
[cat_l2: 10]
[cat_smooth: 10]
[max_cat_to_onehot: 4]
[top_k: 20]
[monotone_constraints: ]
[monotone_constraints_method: basic]
[monotone_penalty: 0]
[feature_contri: ]
[forcedsplits_filename: ]
[refit_decay_rate: 0.9]
[cegb_tradeoff: 1]
[cegb_penalty_split: 0]
[cegb_penalty_feature_lazy: ]
[cegb_penalty_feature_coupled: ]
[path_smooth: 0]
[interaction_constraints: ]
[verbosity: -1]
[saved_feature_importance_type: 0]
[use_quantized_grad: 0]
[num_grad_quant_bins: 4]
[quant_train_renew_leaf: 0]
[stochastic_rounding: 1]
[linear_tree: 0]
[max_bin: 255]
[max_bin_by_feature: ]
[min_data_in_bin: 5]
[bin_construct_sample_cnt: 200000]
[data_random_seed: 175]
[is_enable_sparse: 1]
[enable_bundle: 1]
[use_missing: 1]
[zero_as_missing: 0]
[feature_pre_filter: 1]
[pre_partition: 0]
[two_round: 0]
[header: 0]
[label_column: ]
[weight_column: ]
[group_column: ]
[ignore_column: ]
[categorical_feature: ]
[forcedbins_filename: ]
[precise_float_parser: 0]
[parser_config_file: ]
[objective_seed: 16083]
[num_class: 1]
[is_unbalance: 0]
[scale_pos_weight: 1]
[sigmoid: 1]
[boost_from_average: 1]
[reg_sqrt: 0]
[alpha: 0.9]
[fair_c: 1]
[poisson_max_delta_step: 0.7]
[tweedie_variance_power: 1.5]
[lambdarank_truncation_level: 30]
[lambdarank_norm: 1]
[label_gain: ]
[lambdarank_position_bias_regularization: 0]
[eval_at: ]
[multi_error_top_k: 1]
[auc_mu_weights: ]
[num_machines: 1]
[local_listen_port: 12400]
[time_out: 120]
[machine_list_filename: ]
[machines: ]
[gpu_platform_id: -1]
[gpu_device_id: -1]
[gpu_use_dp: 0]
[num_gpu: 1]

end of parameters

pandas_categorical:[]
