tree
version=v4
num_class=1
num_tree_per_iteration=1
label_index=0
max_feature_idx=44
objective=binary sigmoid:1
feature_names=return_1d return_2d return_3d return_5d return_10d return_20d div_ma_5 div_ma_10 div_ma_20 div_ma_60 ma_5_20_cross ma_20_60_cross rsi rsi_change macd macd_signal macd_hist macd_hist_change bb_pct_b bb_bandwidth atr_pct volatility vol_change vol_ratio candle_body_pct upper_shadow_pct lower_shadow_pct day_of_week month is_month_end is_month_start streak gap price_position_20d macro_usdjpy_ret_20 macro_usdjpy_ret_60 macro_usdjpy_vol_20 macro_topix_ret_20 macro_topix_vol_20 macro_topix_above_200dma macro_nikkei_ret_20 macro_nikkei_above_200dma macro_nikkei_vi macro_jgb10y macro_bias_score
feature_infos=[-0.08711174580506964:0.064180828246164001] [-0.086933238129239587:0.077333333333333254] [-0.084973166368515152:0.090666666666666673] [-0.11011583011583015:0.098731468745223872] [-0.1305266334691414:0.1122956645344706] [-0.13556457065584859:0.15977713874910138] [-0.066720198554639093:0.053672649976381728] [-0.08678619858369746:0.073690227282983051] [-0.10066412255441354:0.093958046427402936] [-0.13130872739729516:0.16785741334477805] [-0.058799118970855768:0.061645796603529091] [-0.057653234486609084:0.096228366840500179] [6.5246338215712285:90.079999999999998] [-21.934069968905249:41.38597014925373] [-88.067621649353896:115.96683796753769] [-72.732093455132713:109.14140212106557] [-35.181363116699501:42.556315273491535] [-14.811467894214729:12.550804885145702] [-0.33742043072460814:1.3843376619368757] [0.024429292409099686:0.17700337991167336] [0.01056081573197378:0.035330776605944393] [0.006076861184972495:0.026445390958253819] [-0.88732255520504733:3.2462817147856518] [0.55433732612055642:1.8274613724504742] [-0.99099099099099097:1] [0:0.88050314465408808] [0:1] [0:4] [1:12] none [0:1] [-10:10] [-0.08014994644769724:0.078755790866975595] [0:1] [-0.10288784967882303:0.08505611680078462] [-0.13986255140503889:0.13160084488587853] [0.0024251968629527628:0.011841457708833433] [-0.22586491944566001:0.19897857359448179] [0.0040695656242548776:0.036437272436454948] [0:1] [-0.22859537662338159:0.23022297972565586] [0:1] none none none
tree_sizes=1288 1094 1080 1301 1300 1183 1101 1396 1204 1094 1292 976 1183 973 1180 1205 1383 1307 992 1382 996 1311 996 995 1208 1094 1076 1002 891 1097 1524 1179 1522 1492 1098 991 1314 1179 1080 1316 1035 1210 1422 1177 861 993 1069 1386 1304 1095

Tree=0
num_leaves=11
num_cat=0
split_feature=20 15 21 28 21 38 38 23 10 40
split_gain=23.7081 16.8719 21.2902 15.6135 10.5623 10.4399 10.227 9.55899 4.04957 2.26795
threshold=0.014184217885541575 -4.2209355527360719 0.015016445218584987 9.5000000000000018 0.0097750516228973707 0.0073522421485820453 0.0079398430769895053 1.0024051216064025 -0.00019671308956159536 -0.0073459413921744257
decision_type=2 2 2 2 2 2 2 2 2 2
left_child=5 3 4 6 -3 -1 -2 -4 -7 -5
right_child=1 2 7 9 -6 8 -8 -9 -10 -11
leaf_value=-0.27926801781671845 -0.23096454920417672 -0.22465412857338019 -0.19773665960889103 -0.24642128557972548 -0.25556019920238898 -0.22807172019578875 -0.187873639111304 -0.23764508194702114 -0.25202631097476119 -0.22651435942363926
leaf_weight=10.602601885795591 8.3834526538848895 11.095746159553526 11.835462570190431 8.6300247907638568 38.465253353118896 7.890308380126954 17.013477444648743 7.3971641063690177 14.301183938980103 7.643736243247985
leaf_count=43 34 45 48 35 156 32 69 30 58 31
internal_value=-0.235271 -0.228675 -0.237672 -0.214048 -0.248207 -0.25701 -0.200198 -0.21257 -0.242998 -0.236315
internal_weight=143.258 110.464 68.7936 41.6707 49.561 32.7941 25.3969 19.2326 22.1915 16.2738
internal_count=581 448 279 169 201 133 103 78 90 66
is_linear=0
shrinkage=1


Tree=1
num_leaves=9
num_cat=0
split_feature=20 15 20 38 35 38 19 10
split_gain=22.5673 15.9114 14.5493 10.0093 8.58353 8.76979 4.37594 3.85824
threshold=0.014184217885541575 -4.2209355527360719 0.020390916832043932 0.0073522421485820453 0.061422043828735846 0.0077277549065625064 0.046394419763620652 -0.00019671308956159536
decision_type=2 2 2 2 2 2 2 2
left_child=3 4 6 -1 5 -2 -3 -5
right_child=1 2 -4 7 -6 -7 -8 -9
leaf_value=-0.04309278508727294 0.00068509008511879717 0.0087863232053908731 0.024852342533202652 0.0070225462273979774 -0.0050342110794854835 0.035978075755529283 -0.012517129470837747 -0.016343564935172254
leaf_weight=10.543094798922537 9.6183275133371335 8.1322174668312055 12.101592421531675 7.8968620300292978 7.893536150455474 24.244387701153755 48.524073898792267 14.272165298461914
leaf_count=43 39 33 49 32 32 98 197 58
internal_value=0 0.00643868 -0.0023027 -0.0212306 0.0206228 0.026969 -0.00900827 -0.0075073
internal_weight=143.226 110.514 68.7579 32.7121 41.7563 33.8627 56.6563 22.169
internal_count=581 448 279 133 169 137 230 90
is_linear=0
shrinkage=0.03


Tree=2
num_leaves=9
num_cat=0
split_feature=21 5 19 1 2 17 19 28
split_gain=19.54 12.4677 16.6634 12.4925 11.6938 7.016 8.4584 6.81034
threshold=0.015016445218584987 0.02892802888961055 0.062821453496624338 -0.0089022526524238348 -0.016009092801247567 -0.10568402365287087 0.11699216218755323 5.5000000000000009
decision_type=2 2 2 2 2 2 2 2
left_child=1 2 4 -4 -1 -2 -7 -3
right_child=5 7 3 -5 -6 6 -8 -9
leaf_value=0.016205395376980365 0.033790754465280723 -0.0016468910559298117 -0.0096528405087457445 0.027139625837389013 -0.019832947998387779 -0.009263909386860893 0.026124768285041608 -0.031391017451870493
leaf_weight=8.3677062392234784 14.350468397140501 12.034520044922827 10.341545149683951 23.470625281333923 33.93135093152523 12.102790012955667 8.4244723170995695 20.152443051338196
leaf_count=34 58 49 42 95 138 49 34 82
internal_value=0 -0.00640065 0.00016029 0.0155571 -0.0119554 0.018824 0.00562385 -0.0214556
internal_weight=143.176 108.298 76.1112 33.8122 42.2991 34.8777 20.5273 32.187
internal_count=581 440 309 137 172 141 83 131
is_linear=0
shrinkage=0.03


Tree=3
num_leaves=11
num_cat=0
split_feature=20 15 21 21 38 40 15 35 38 11
split_gain=21.0156 14.4618 18.6288 9.85965 9.61117 8.20491 6.85093 3.94155 3.37341 2.53305
threshold=0.014184217885541575 -4.2209355527360719 0.015016445218584987 0.0097750516228973707 0.0073522421485820453 -0.0082578996736435411 21.525327324134135 0.017198453265034556 0.0080681754353311725 -1.0000000180025095e-35
decision_type=2 2 2 2 2 2 2 2 2 2
left_child=4 5 3 -3 -1 7 -4 -2 -7 -6
right_child=1 2 6 -5 9 8 -8 -9 -10 -11
leaf_value=-0.042026678802129389 0.015397486851177764 0.010647613327611811 -4.262919962925505e-05 -0.019198702070297877 -0.015411800676236586 0.0079782866089793385 0.033712402175399746 -0.010329072702884487 0.03740191792889519 0.002889531391636091
leaf_weight=10.456494644284247 8.6808483153581637 11.093107298016546 7.4228071719408062 38.256503120064735 12.29628898203373 7.6681670397520092 11.903605639934538 8.3884289860725385 17.12699431180954 9.8236813396215439
leaf_count=43 35 45 30 156 50 31 48 34 69 40
internal_value=0 0.00621587 -0.00212434 -0.0120441 -0.0205247 0.0197125 0.0212564 0.00221064 0.0301368 -0.00709647
internal_weight=143.117 110.54 68.676 49.3496 32.5765 41.8644 19.3264 17.0693 24.7952 22.12
internal_count=581 448 279 201 133 169 78 69 100 90
is_linear=0
shrinkage=0.03


Tree=4
num_leaves=11
num_cat=0
split_feature=20 15 21 28 21 38 38 23 23 40
split_gain=20.0308 13.6573 17.6085 13.936 9.3631 9.23528 8.98704 8.81557 2.89729 1.89138
threshold=0.014184217885541575 -4.2209355527360719 0.015016445218584987 9.5000000000000018 0.0097750516228973707 0.0073522421485820453 0.0079398430769895053 1.0024051216064025 0.8796176335244309 -0.0073459413921744257
decision_type=2 2 2 2 2 2 2 2 2 2
left_child=5 3 4 6 -3 -1 -2 -4 -7 -5
right_child=1 2 7 9 -6 8 -8 -9 -10 -11
leaf_value=-0.041226131926618843 0.0034568375377588712 0.010366051375973148 0.034880601547130928 -0.010922201628786089 -0.018700590466831576 0.0051172993686549604 0.043668461767373032 -0.0031682041824372142 -0.014873641671706926 0.0071197714982311365
leaf_weight=10.379746362566946 8.4138538688421267 11.106698259711264 11.936854138970377 8.6179529577493685 38.152105569839478 8.3471800237894076 17.193276330828667 7.4217161685228339 13.751919165253637 7.6931479275226584
leaf_count=43 34 45 48 35 156 34 69 30 56 31
internal_value=0 0.00607322 -0.0020353 0.0191761 -0.0117054 -0.0200618 0.0322069 0.0206604 -0.00690228 -0.0017453
internal_weight=143.014 110.536 68.6174 41.9182 49.2588 32.4788 25.6071 19.3586 22.0991 16.3111
internal_count=581 448 279 169 201 133 103 78 90 66
is_linear=0
shrinkage=0.03


Tree=5
num_leaves=10
num_cat=0
split_feature=14 33 16 28 12 6 23 5 26
split_gain=19.7361 11.63 8.30213 12.9064 11.4155 7.93272 4.06722 3.37215 0.856707
threshold=-23.63869087311809 0.20031181203531784 4.4882497132467387 7.5000000000000009 75.110831892518732 -0.014744194058387502 0.7319951534611383 0.055804316378734405 0.15737874097007226
decision_type=2 2 2 2 2 2 2 2 2
left_child=1 8 5 4 -4 -2 -7 -5 -1
right_child=2 -3 3 7 -6 6 -8 -9 -10
leaf_value=0.0063327848233298307 0.010677081129594979 0.034405983336942836 0.023955330292744284 -0.0028136464712246252 -0.013986212699967011 0.0011989572260683856 -0.020436882291343134 -0.029341464546662439 -0.0060813748545333595
leaf_weight=7.413649350404742 8.3528963476419431 16.909599006175995 23.405243277549747 11.064618796110155 7.871052771806716 7.3633418381214133 53.046544224023819 7.8724307119846335 8.6402556598186475
leaf_count=30 34 68 95 45 32 30 217 32 35
internal_value=-0.00129013 0.0184624 -0.00710151 0.00189801 0.0136894 -0.0137532 -0.0176054 -0.0163075 0
internal_weight=151.94 32.9635 118.976 50.2133 31.2763 68.7628 60.4099 18.937 16.0539
internal_count=618 133 485 204 127 281 247 77 65
is_linear=0
shrinkage=0.03


Tree=6
num_leaves=9
num_cat=0
split_feature=15 28 25 11 11 21 7 21
split_gain=18.7289 8.53578 10.8173 9.75281 8.52058 5.44183 5.38127 2.25712
threshold=-33.230717682811452 7.5000000000000009 0.048561999057048569 -0.013712544409305969 0.013831966223776361 0.01584600011658378 -0.0085211801870903724 0.010003533134348541
decision_type=2 2 2 2 2 2 2 2
left_child=5 3 -3 7 -5 -1 -4 -2
right_child=1 2 6 4 -6 -7 -8 -9
leaf_value=0.0071188495901932944 -0.028625417815595969 0.010435263999170928 -0.0062502816373650886 0.021408630792431226 -0.0018723564638787864 0.039223029053796515 -0.028117197209547872 -0.0037030383467480583
leaf_weight=12.901675596833231 7.2467027306556693 11.268624022603033 20.359225898981094 21.438581302762032 32.403667390346527 8.9713355153799039 28.602205365896225 8.6453752517700178
leaf_count=52 30 46 83 87 132 36 117 35
internal_value=-0.0012485 -0.00574759 -0.0138476 0.00123039 0.00756366 0.0230977 -0.0199209 -0.0178353
internal_weight=151.837 129.964 60.2301 69.7343 53.8422 21.873 48.9614 15.8921
internal_count=618 530 246 284 219 88 200 65
is_linear=0
shrinkage=0.03


Tree=7
num_leaves=12
num_cat=0
split_feature=38 9 28 9 12 34 26 9 33 4 35
split_gain=11.8873 17.6662 16.3929 8.4437 7.21482 7.35926 6.80364 3.81921 3.2929 6.18353 0.000798025
threshold=0.0083689034945304431 0.010037987851795544 9.5000000000000018 -0.021903353473426073 66.857900444011008 -0.0039231273624454324 0.12269989963198395 -0.011149857674366414 0.24807918550448718 0.018671216783545556 -0.0014081143326124532
decision_type=2 2 2 2 2 2 2 2 2 2 2
left_child=6 2 10 -4 5 -3 7 -1 -8 -10 -2
right_child=1 4 3 -5 -6 -7 8 -9 9 -11 -12
leaf_value=-0.0097987468701784888 0.019844198123067005 0.0014439406067321631 0.014071662881249784 -0.018225635210232839 0.0072283257649711479 -0.029727479818068277 0 0.014771043454941636 -0.029498195410108247 -0.0038428676368780809 0.045115965117257038
leaf_weight=7.7999766469001797 8.2030789852142352 9.5659083724021912 18.06476587057114 9.30260321497917 14.264737561345099 15.151625335216522 8.3266181051731092 10.793760523200033 23.11981488764286 16.000776961445808 11.141982078552244
leaf_count=32 33 39 73 38 58 62 34 44 95 65 45
internal_value=-0.0012087 0.00599951 0.0182034 0.00208897 -0.00843309 -0.0178974 -0.010684 0.00378512 -0.0165812 -0.0200669 0.0379659
internal_weight=151.736 85.6947 46.7124 27.3674 38.9823 24.7175 66.0409 18.5937 47.4472 39.1206 19.3451
internal_count=618 348 189 111 159 101 270 76 194 160 78
is_linear=0
shrinkage=0.03


Tree=8
num_leaves=10
num_cat=0
split_feature=15 34 35 36 16 36 34 15 2
split_gain=17.2496 6.19097 7.14498 7.28856 6.43812 6.1873 5.2349 1.92241 1.39958
threshold=-33.230717682811452 0.027499062616639373 -0.0049814903519586054 0.0048556314556027257 11.280779580652109 0.0058798014429900141 0.008198080725048686 11.92722111889014 -0.0091571180435573978
decision_type=2 2 2 2 2 2 2 2 2
left_child=6 2 4 -4 -2 7 -1 -3 -7
right_child=1 5 3 -5 -6 8 -8 -9 -10
leaf_value=0.033666515482750979 -0.020376094250875523 -0.011414929738040855 -0.0074719661332451077 0.011952970313514506 0.0076292044168214919 -0.011048968692139487 0.0024468582371943741 0.0075829138151144075 -0.037739892117206769
leaf_weight=12.468345910310747 24.134036973118782 7.3377412557601946 27.115992918610573 39.755449801683426 8.1545076072216016 7.3396856486797324 9.4324574619531614 7.368945375084877 8.505328416824339
leaf_count=50 99 30 111 162 33 30 38 30 35
internal_value=-0.00116285 -0.00549458 -0.00156673 0.00387022 -0.0128334 -0.0169026 0.022178 -0.00122979 -0.0288408
internal_weight=151.612 129.712 99.16 66.8714 32.2885 30.5517 21.9008 14.7067 15.845
internal_count=618 530 405 273 132 125 88 60 65
is_linear=0
shrinkage=0.03


Tree=9
num_leaves=9
num_cat=0
split_feature=14 18 10 12 27 3 38 40
split_gain=16.6657 10.31 6.89587 9.80282 8.69965 6.93893 4.66536 0.507255
threshold=-23.63869087311809 0.1525575222492567 0.0090557342861843377 74.069338603855101 1.5000000000000002 -0.021747533312989561 0.007566951312943845 -0.004063129214133431
decision_type=2 2 2 2 2 2 2 2
left_child=1 -1 5 4 -4 -2 -7 -3
right_child=2 7 3 -5 -6 6 -8 -9
leaf_value=-0.0032132214563701487 0.004339078028566902 0.012743882967185627 -0.0076716213957966524 -0.019568769985256536 0.018664772887339816 -0.029604535623007262 -0.0090917179207086109 0.034834309336336293
leaf_weight=12.597373768687246 13.725798368453978 7.4654697328805932 16.429467484354973 13.236740365624426 26.086648046970367 19.442203551530838 29.578853622078896 12.952798500657082
leaf_count=51 56 30 67 54 106 81 121 52
internal_value=-0.00113592 0.0169808 -0.00650603 0.00094684 0.00826323 -0.0131845 -0.0183629 0.029284
internal_weight=151.515 33.0156 118.5 55.7529 42.5161 62.7469 49.0211 20.4183
internal_count=618 133 485 227 173 258 202 82
is_linear=0
shrinkage=0.03


Tree=10
num_leaves=11
num_cat=0
split_feature=19 34 5 21 13 11 14 9 13 18
split_gain=18.9541 10.9298 8.90257 14.2375 8.62382 6.59772 4.81278 7.69211 3.01234 0.464285
threshold=0.063089238500293784 0.031231176503199291 0.031255700600124399 0.014581674061783711 -6.113944703351339 -0.017611336041520095 -4.3678428093396624 0.015824614055408848 -0.96515329064497013 0.31915600011672757
decision_type=2 2 2 2 2 2 2 2 2 2
left_child=4 2 5 -4 -1 -2 9 -8 -3 -6
right_child=1 8 3 -5 6 -7 7 -9 -10 -11
leaf_value=0.0091598861634009446 0.033001508126718537 0 -0.015598377665385845 0.022122540003974581 -0.014889207897740016 0.0078189114012358462 0.012096067368360211 -0.020284021237523556 -0.022851694256733449 -0.040195591868956458
leaf_weight=9.2477963715791685 21.147670850157738 8.1228786408901232 18.725308537483215 13.888902157545088 7.1797117888927486 21.750205636024475 7.6035373508930233 18.178550198674202 8.8276090323925001 9.1315707266330701
leaf_count=38 85 33 77 56 30 88 31 75 36 38
internal_value=-0.000120429 0.00785145 0.0128087 0.000381973 -0.0145146 0.0214845 -0.0202356 -0.0100114 -0.0124621 -0.0327186
internal_weight=143.804 92.4626 75.5121 32.6142 51.3412 42.8979 42.0934 25.7821 16.9505 16.3113
internal_count=587 375 306 133 212 173 174 106 69 68
is_linear=0
shrinkage=0.03


Tree=11
num_leaves=8
num_cat=0
split_feature=15 28 10 28 9 40 0
split_gain=14.9977 12.0027 9.00969 6.56777 9.79893 6.93387 5.13606
threshold=-42.033046124269099 8.5000000000000018 0.0093049032980704344 3.5000000000000004 0.01831701976462825 0.0043104371167053132 -0.0077962250947414815
decision_type=2 2 2 2 2 2 2
left_child=-1 3 6 5 -5 -2 -3
right_child=1 2 -4 4 -6 -7 -8
leaf_value=0.026771723675914901 0.010064618442632936 0 0.003751506044993263 0.024628795791114294 -0.00032350480656506448 -0.019301326186034817 -0.029592879496229761
leaf_weight=14.451094970107077 9.3085497766733187 7.5951053351163855 13.738250538706778 20.31903213262558 35.49653697013855 17.136247545480728 25.605500131845474
leaf_count=58 38 31 56 82 145 71 106
internal_value=-0.000124485 -0.00360944 -0.0154392 0.00316901 0.00903841 -0.00845633 -0.0235683
internal_weight=143.65 129.199 46.9389 82.2604 55.8156 26.4448 33.2006
internal_count=587 529 193 336 227 109 137
is_linear=0
shrinkage=0.03


Tree=12
num_leaves=10
num_cat=0
split_feature=19 34 12 13 3 14 9 13 7
split_gain=17.3242 10.1636 10.362 8.13519 4.72841 4.52828 7.34083 2.87999 0.495965
threshold=0.063089238500293784 0.031231176503199291 75.110831892518732 -6.113944703351339 0.017191669713958694 -4.3678428093396624 0.020728928250856791 -0.96515329064497013 -0.0037667140417798977
decision_type=2 2 2 2 2 2 2 2 2
left_child=3 2 4 -1 -2 8 -7 -3 -5
right_child=1 7 -4 5 -6 6 -8 -9 -10
leaf_value=0.0090190640651809876 0.010494286064122459 0 -0.014024638758792493 -0.01417657658049242 0.029814388269204937 0.0091219424215476935 -0.021238899299814814 -0.022292243197907593 -0.039097216819179027
leaf_weight=9.2499950975179654 48.333812221884727 8.1174900680780429 9.5443260520696622 7.1328296959400204 17.632656767964363 9.5366959273815173 16.154891058802605 8.7890148758888227 9.0150177925825101
leaf_count=38 196 33 39 30 71 39 67 36 38
internal_value=-0.000111319 0.00749671 0.0122776 -0.0139202 0.0166046 -0.019514 -0.00958243 -0.0121032 -0.0316913
internal_weight=143.507 92.4173 75.5108 51.0894 65.9665 41.8394 25.6916 16.9065 16.1478
internal_count=587 375 306 212 267 174 106 69 68
is_linear=0
shrinkage=0.03


Tree=13
num_leaves=8
num_cat=0
split_feature=15 28 10 38 34 15 6
split_gain=13.8543 11.3389 8.39274 7.40611 8.12401 6.88277 6.62641
threshold=-42.033046124269099 8.5000000000000018 0.0093049032980704344 0.0083855264009464556 0.01160843184637528 33.592030414613752 -0.0104535969908952
decision_type=2 2 2 2 2 2 2
left_child=-1 3 6 5 -5 -2 -3
right_child=1 2 -4 4 -6 -7 -8
leaf_value=0.025723501527371427 0.0017289033593980341 0 0.0034657960478263667 0.00020936211406547711 0.027300248062744659 -0.023955060308625417 -0.030752851863644133
leaf_weight=14.441627785563467 30.361693605780602 9.2985662817954999 13.749740391969679 24.82503068447113 16.071245461702347 10.91547618806362 23.713875323534012
leaf_count=58 125 38 56 101 65 45 99
internal_value=-0.000127986 -0.00348677 -0.015013 0.0030951 0.0119816 -0.00550962 -0.0228962
internal_weight=143.377 128.936 46.7622 82.1734 40.8963 41.2772 33.0124
internal_count=587 529 193 336 166 170 137
is_linear=0
shrinkage=0.03


Tree=14
num_leaves=10
num_cat=0
split_feature=19 34 12 4 14 34 33 20 18
split_gain=15.9179 9.50237 9.84517 6.15103 6.12092 9.49257 3.72274 2.40004 2.21575
threshold=0.063089238500293784 0.031231176503199291 75.110831892518732 0.022160179552206064 -6.3706918646021213 0.010320476997857876 0.51753421309872938 0.017553737738979627 0.24877496455967418
decision_type=2 2 2 2 2 2 2 2 2
left_child=4 2 3 -2 8 6 -6 -3 -1
right_child=1 7 -4 -5 5 -7 -8 -9 -10
leaf_value=-0.007710347721255166 0.0080804759119384017 0 -0.013842152275115611 0.02812989296845253 0.021425866097145328 -0.023671204027197183 -0.0020051661917501341 -0.02229743812604152 -0.03527379824278435
leaf_weight=7.1364799588918713 42.645729795098305 9.2395927160978335 9.5275956988334638 23.336054533720016 7.7726816087961224 12.458780869841574 12.87569300830364 7.6234944462776175 10.606889143586157
leaf_count=30 173 38 39 94 32 52 53 31 45
internal_value=-0.000113231 0.00716725 0.0117907 0.016011 -0.0133932 -0.00463429 0.00726586 -0.0117956 -0.0268515
internal_weight=143.223 92.3725 75.5094 65.9818 50.8505 33.1072 20.6484 16.8631 17.7434
internal_count=587 375 306 267 212 137 85 69 75
is_linear=0
shrinkage=0.03


Tree=15
num_leaves=10
num_cat=0
split_feature=14 4 40 34 15 9 19 5 36
split_gain=11.1165 7.59868 10.1678 7.45672 7.00694 11.9192 6.62483 5.1069 2.02348
threshold=-24.659266954843584 0.01935945304794651 -0.02204208257685952 0.021883159817090773 10.132923339255539 0.014157797971257916 0.096131172365616802 -0.023242335553122936 0.0063903117896531372
decision_type=2 2 2 2 2 2 2 2 2
left_child=3 4 -3 8 7 -6 -4 -2 -1
right_child=1 2 6 -5 5 -7 -8 -9 -10
leaf_value=0.0078400783689936381 -0.00067934830122339624 0.031670271784259123 0.0084882791887084096 -0.0056758907139586303 0.024205422215537124 -0.010485198642498627 -0.01649277463986373 -0.027086344943654663 0.032309979999381844
leaf_weight=8.17561779916287 10.876258179545401 8.6668925136327726 21.365615606307983 8.1636668890714628 10.321381524205206 30.018564134836197 13.978366300463675 22.009691596031189 13.44365982711315
leaf_count=33 45 35 87 33 42 124 57 92 54
internal_value=0.000551234 -0.00355536 0.00592533 0.0163948 -0.00945896 -0.000530864 -0.00134409 -0.0193225 0.0251389
internal_weight=147.02 117.237 44.0109 29.7829 73.2259 40.3399 35.344 32.8859 21.6193
internal_count=602 482 179 120 303 166 144 137 87
is_linear=0
shrinkage=0.03


Tree=16
num_leaves=12
num_cat=0
split_feature=38 15 21 28 3 16 22 11 11 14 4
split_gain=12.7888 11.0192 6.76894 5.51984 11.043 6.64617 4.16062 4.10902 5.5606 2.03416 1.05907
threshold=0.0079398430769895053 -14.149630817507648 0.013707376417995493 5.5000000000000009 -0.018209311373214739 5.2979640144196578 0.19846951535952898 0.0089110576070061693 0.028707869368323261 -20.711154523721003 -0.029299673694492875
decision_type=2 2 2 2 2 2 2 2 2 2 2
left_child=2 6 7 5 -5 -3 10 9 -9 -1 -2
right_child=1 3 -4 4 -6 -7 -8 8 -10 -11 -12
leaf_value=-0.0081969812489713252 0.010911822072601454 -0.0043306212628064864 0.0082801214790074618 0.01604600747898698 -0.013950055505498785 0.028551241472630957 0 0.010185251085885775 -0.019517404345016968 -0.033699104279325917 0.032539405279106912
leaf_weight=7.7876805663108817 8.4261608570814186 8.5524473488330859 9.8768426030874235 13.308709397912024 36.229249283671379 9.4197071194648725 7.4140612930059424 8.6844536364078539 9.5813670307397825 12.534202590584757 15.053425312042235
leaf_count=32 34 35 40 54 149 38 30 36 40 53 61
internal_value=0.000549483 0.00682935 -0.0116694 0 -0.0052904 0.0132859 0.0210679 -0.0173016 -0.00504368 -0.0262083 0.0268323
internal_weight=146.868 98.4038 48.4645 67.5101 49.538 17.9722 30.8936 38.5877 18.2658 20.3219 23.4796
internal_count=602 401 201 276 203 73 125 161 76 85 95
is_linear=0
shrinkage=0.03


Tree=17
num_leaves=11
num_cat=0
split_feature=38 20 23 9 19 28 5 14 25 38
split_gain=12.188 10.1821 9.20152 9.13112 6.81448 4.87031 4.09581 3.97305 2.89461 2.89296
threshold=0.0079398430769895053 0.015033582803988883 1.1361123471209476 -0.016582173025070531 0.10599479668833979 8.5000000000000018 -0.0049777201001672813 3.2215734831165723 0.33917293233082713 0.012143282478604892
decision_type=2 2 2 2 2 2 2 2 2 2
left_child=1 8 3 9 7 -4 -5 -3 -1 -2
right_child=2 4 5 6 -6 -7 -8 -9 -10 -11
leaf_value=-0.032986584206929424 0.033947039973655599 -0.0017921867427865116 0.0020878854719888012 -0.011431077010725701 -0.018546025486591202 -0.023162345868241431 0.0083142298124162448 0.023317418105315343 -0.0054853950042116498 0.0068319301143245281
leaf_weight=14.5509070456028 15.564552694559099 8.8425442278385216 13.575028151273729 9.6821918934583646 8.2987343817949277 9.7704404145479185 41.871306166052818 9.3128606677055341 7.3446754515171042 7.900185912847518
leaf_count=62 63 36 55 40 34 40 171 38 31 32
internal_value=0.000545633 -0.0113975 0.00667578 0.0118169 0.000820768 -0.00888175 0.00403738 0.0113793 -0.0256205 0.0266605
internal_weight=146.713 48.3497 98.3637 75.0182 26.4541 23.3455 51.5535 18.1554 21.8956 23.4647
internal_count=602 201 401 306 108 95 211 74 93 95
is_linear=0
shrinkage=0.03


Tree=18
num_leaves=8
num_cat=0
split_feature=14 34 23 10 17 34 22
split_gain=9.80714 7.075 6.70039 7.03941 10.6906 5.97761 1.56827
threshold=-24.659266954843584 0.021883159817090773 0.72413790323695248 0.0090557342861843377 -2.5667870791408913 0.012787564016839783 0.062247446896088306
decision_type=2 2 2 2 2 2 2
left_child=1 6 -2 4 -4 -5 -1
right_child=2 -3 3 5 -6 -7 -8
leaf_value=0.029966279703473448 0.016774182640820406 -0.0059969785706497731 0.012367718991411114 -0.0058520158423876487 -0.019524786169546102 0.014177606822196313 0.0070740573666189599
leaf_weight=14.121549144387251 11.030242294073103 8.1594907194375974 9.8101233243942243 31.785924315452576 44.341577395796776 19.892675012350082 7.4580316841602317
leaf_count=57 45 33 40 130 186 81 30
internal_value=0.000515343 0.0154095 -0.00334428 -0.00585248 -0.0132453 0.00181953 0.0239618
internal_weight=146.6 29.7391 116.861 105.83 54.1517 51.6786 21.5796
internal_count=602 120 482 437 226 211 87
is_linear=0
shrinkage=0.03


Tree=19
num_leaves=12
num_cat=0
split_feature=38 15 23 14 11 32 26 22 23 23 28
split_gain=11.4024 9.79855 10.5735 5.88767 6.0539 4.39618 4.27644 4.779 3.88671 3.07648 2.92235
threshold=0.0079398430769895053 -14.149630817507648 1.132736902596416 -1.3863464461837791 0.028707869368323261 0.00018003770922148113 0.081799933087989302 0.081937125366527766 0.95899332682852323 0.96292086851257619 8.5000000000000018
decision_type=2 2 2 2 2 2 2 2 2 2 2
left_child=3 6 5 9 8 -3 -2 -8 -5 -1 -4
right_child=1 2 10 4 -6 -7 7 -9 -10 -11 -12
leaf_value=-0.036471004473804941 0 0.014808366572425919 -0.0046967469809596233 0.022319703208985599 -0.017312384288681312 -0.0019989837886585033 0.03463297170342592 0.0026479870225228149 -0.0033531819457885497 -0.0094861114393060657 -0.031969842888084847
leaf_weight=7.6206510514020946 7.8997839540243175 26.712763950228691 9.584292337298395 8.1309957057237678 10.714665919542311 23.878843173384666 15.572519794106485 7.3954079151153556 8.4633308798074705 13.228420749306677 7.2435003370046607
leaf_count=32 32 109 39 33 45 98 63 30 35 56 30
internal_value=0.00052284 0.0064518 0 -0.0110534 -0.000992385 0.00681587 0.0198826 0.025972 0.00946715 -0.022335 -0.0193821
internal_weight=146.445 98.2871 67.4194 48.1581 27.309 50.5916 30.8677 22.9679 16.5943 20.8491 16.8278
internal_count=602 401 276 201 113 207 125 93 68 88 69
is_linear=0
shrinkage=0.03


Tree=20
num_leaves=8
num_cat=0
split_feature=14 20 36 38 34 20 0
split_gain=10.2723 8.42693 8.60588 9.92241 5.67008 2.55983 1.55006
threshold=-20.711154523721003 0.021443792816758862 0.0079246560292421213 0.0073080226851421591 0.027805095720300769 0.015585130643422465 0.0059346824449748601
decision_type=2 2 2 2 2 2 2
left_child=4 2 3 -2 5 -1 -7
right_child=1 -3 -4 -5 -6 6 -8
leaf_value=0.002234760271193265 -0.022206087098859274 0.020647595360768926 -0.027470919573413584 0.0023966450663767949 -0.005608743461222896 0.032566979847572029 0.0084634299039377317
leaf_weight=7.3429897278547314 16.504265487194061 9.2095694690942747 13.291309639811514 68.203409105539322 7.8369703292846671 12.620219811797144 7.4194181263446799
leaf_count=30 70 37 56 280 32 51 30
internal_value=0.000729033 -0.0038117 -0.00662728 -0.00262554 0.0144161 0.0206495 0.0259014
internal_weight=142.428 107.209 97.999 84.7077 35.2196 27.3826 20.0396
internal_count=586 443 406 350 143 111 81
is_linear=0
shrinkage=0.03


Tree=21
num_leaves=11
num_cat=0
split_feature=14 4 16 38 19 34 8 21 38 37
split_gain=9.76625 8.0299 6.99941 5.80438 9.32163 5.41551 3.98241 1.35514 1.35187 0.671344
threshold=-20.711154523721003 0.031488393125939214 18.765869372022266 0.0073522421485820453 0.047505613061206979 0.027805095720300769 0.033889331421833944 0.0099217948765579368 0.011702842693925236 0.035617267640715052
decision_type=2 2 2 2 2 2 2 2 2 2
left_child=5 3 6 9 -5 7 -3 -1 -9 -2
right_child=1 2 -4 4 -6 -7 -8 8 -10 -11
leaf_value=0.0053288296621885793 -0.028876607515135964 0.03148563049287019 -0.0097403002711387125 0.014418873805265957 -0.010664403542737752 -0.0054772369688053536 0.0019450607937096227 0.031160022881731766 0.0080668356150946224 -0.0092220719833389867
leaf_weight=8.0847861766815203 10.187799900770189 9.6446489393711143 8.841127082705496 16.312101975083351 45.329237908124924 7.8324659913778296 8.578100383281706 11.880761727690698 7.3934548497200003 8.1894125342369062
leaf_count=33 44 39 36 67 187 32 35 48 30 35
internal_value=0.000715278 -0.00371269 0.00968963 -0.00855426 -0.00354641 0.0140674 0.0198892 0.0201655 0.0245979 -0.0226189
internal_weight=142.274 107.082 27.0639 80.0186 61.6413 35.1915 18.2227 27.359 19.2742 18.3772
internal_count=586 443 110 333 254 143 74 111 78 79
is_linear=0
shrinkage=0.03


Tree=22
num_leaves=8
num_cat=0
split_feature=14 20 36 38 12 38 2
split_gain=9.28456 7.92306 8.19232 9.10458 5.98064 3.41334 2.61128
threshold=-20.711154523721003 0.021443792816758862 0.0079246560292421213 0.0073080226851421591 26.279286792153119 0.012143282478604892 0.0055611896229499367
decision_type=2 2 2 2 2 2 2
left_child=4 2 3 -2 -1 6 -6
right_child=1 -3 -4 -5 5 -7 -8
leaf_value=-0.0057483106495035746 -0.021313459754325702 0.020086483319335005 -0.026756465275983739 0.0023329827925202924 0.037598818289520636 0.0027888825543107439 0.0084710231569806674
leaf_weight=8.611866742372511 16.342027962207794 9.2145715057849866 13.198197379708288 68.200896307826042 9.8013426363468223 9.1253992170095426 7.6269039660692206
leaf_count=35 70 37 56 280 40 37 31
internal_value=0.000706003 -0.00361196 -0.0063545 -0.00245144 0.0137303 0.0205331 0.0278083
internal_weight=142.121 106.956 97.7411 84.5429 35.1655 26.5536 17.4282
internal_count=586 443 406 350 143 108 71
is_linear=0
shrinkage=0.03


Tree=23
num_leaves=8
num_cat=0
split_feature=11 20 20 20 20 38 4
split_gain=9.33281 6.19009 6.06237 7.86876 7.66369 4.07108 2.22572
threshold=0.031418322849280818 0.017435919109543146 0.021443792816758862 0.019240875283957608 0.015350936313771992 0.013065730881712503 0.0028949715586640283
decision_type=2 2 2 2 2 2 2
left_child=2 6 3 4 -1 -4 -2
right_child=1 -3 5 -5 -6 -7 -8
leaf_value=-0.0028876382938700074 -0.0087738107313221243 0.0012237988079772711 0.033703584519414506 -0.01841464601162018 0.014482730768872461 0.0015006281918793871 -0.037058854456744325
leaf_weight=47.179627969861031 8.0907559543848055 11.4860612899065 7.9420387297868711 12.991631478071211 39.565190047025681 7.3931544870138168 7.3341163098812094
leaf_count=197 34 47 32 53 162 30 31
internal_value=0.000695466 -0.0144562 0.00455342 0.00151272 0.00501398 0.021008 -0.0257934
internal_weight=141.983 26.9109 115.072 99.7364 86.7448 15.3352 15.4249
internal_count=586 112 474 412 359 62 65
is_linear=0
shrinkage=0.03


Tree=24
num_leaves=10
num_cat=0
split_feature=20 28 38 9 33 15 33 34 38
split_gain=8.52846 8.78669 12.8594 18.0566 7.65122 6.24682 5.43252 3.55001 3.13873
threshold=0.021443792816758862 7.5000000000000009 0.0083855264009464556 0.01332554698681601 0.63211143695014671 7.9271113812725593 0.26591626381380101 -0.0012078863822200245 0.013065730881712503
decision_type=2 2 2 2 2 2 2 2 2
left_child=1 2 6 -4 5 -3 -1 -6 -2
right_child=8 4 3 -5 7 -7 -8 -9 -10
leaf_value=0.011532779688974825 0.029271590811133175 -0.010679192611997481 0.043210046954502798 -0.0012794096422832411 -0.0065051322751972672 0.013852339454707327 -0.013128977164475239 -0.032212512429934143 0.0014653154646241031
leaf_weight=8.7940717339515668 9.6832031756639498 21.323083013296127 13.096951350569727 16.387544691562653 11.392173767089846 13.491183713078497 26.888094335794449 13.444946601986883 7.3923947364091864
leaf_count=36 39 89 53 67 47 56 113 56 30
internal_value=0.000664776 -0.0020509 0.00534535 0.0194958 -0.0102856 -0.000529212 -0.00636337 -0.0223436 0.0194358
internal_weight=141.894 124.818 65.1667 29.4845 59.6514 34.8143 35.6822 24.8371 17.0756
internal_count=586 517 269 120 248 145 149 103 69
is_linear=0
shrinkage=0.03


Tree=25
num_leaves=9
num_cat=0
split_feature=28 28 20 12 8 10 21 23
split_gain=8.96437 7.73718 12.8788 6.16762 6.22879 5.58545 6.54356 5.20771
threshold=7.5000000000000009 2.5000000000000004 0.015469239036361443 73.275724902868959 0.019949464932109286 0.017387192789140696 0.015634243249217351 1.1498430676123073
decision_type=2 2 2 2 2 2 2 2
left_child=1 2 -1 4 -3 6 7 -2
right_child=5 3 -4 -5 -6 -7 -8 -9
leaf_value=-0.032897443740574212 -0.0031552304510281252 0.0066593101804369274 0.01279686645370392 -0.0092883939016027307 0.029736244522397644 -0.024719452590115806 0.012189254639713841 -0.027213970889495384
leaf_weight=9.1618020981550234 33.312828928232193 36.612441629171371 8.8661342710256559 9.517762213945387 15.61573041975498 14.262889206409453 13.990310266613958 9.9213662594556791
leaf_count=40 140 151 36 39 63 59 57 41
internal_value=-0.00128613 0.00545204 -0.0106422 0.0105729 0.0146779 -0.0089532 -0.00406821 -0.00996697
internal_weight=151.261 79.7739 18.0279 61.7459 52.2282 71.4874 57.2245 43.2342
internal_count=626 329 76 253 214 297 238 181
is_linear=0
shrinkage=0.03


Tree=26
num_leaves=9
num_cat=0
split_feature=34 33 35 20 35 8 20 26
split_gain=9.4689 10.8227 4.6864 5.87378 4.91579 3.15999 3.07876 5.01405
threshold=0.027805095720300769 0.90047584134788183 -0.0014081143326124532 0.015090479734384611 0.02950493322693826 0.014118993647012027 0.017459868082090855 0.29935064935064942
decision_type=2 2 2 2 2 2 2 2
left_child=1 2 3 -1 -4 6 7 -2
right_child=5 -3 4 -5 -6 -7 -8 -9
leaf_value=-0.021349305291854026 0.0068683279876730636 -0.020379058471781824 0.02085372880323124 0.00450389327049286 0.0038185541924412925 0 -0.034138901125226391 -0.023434959497436091
leaf_weight=8.774797782301901 7.2638605386018771 13.781496390700338 25.12599889934063 26.47292348742485 43.990627199411392 9.3176970928907377 8.4290637969970685 7.9438646137714386
leaf_count=38 31 57 103 108 182 38 35 34
internal_value=-0.00126351 0.00264585 0.00615338 -0.00233022 0.0106346 -0.0150577 -0.0204957 -0.00897311
internal_weight=151.1 118.146 104.364 35.2477 69.1166 32.9545 23.6368 15.2077
internal_count=626 488 431 146 285 138 100 65
is_linear=0
shrinkage=0.03


Tree=27
num_leaves=8
num_cat=0
split_feature=34 33 38 20 37 36 38
split_gain=9.01675 10.2718 9.05163 11.3962 8.14202 6.53991 1.82473
threshold=0.027805095720300769 0.90047584134788183 0.0074198257890737062 0.014223131018216909 -0.037911238941118412 0.0060349393816393213 0.010462946616925475
decision_type=2 2 2 2 2 2 2
left_child=1 2 3 -1 -4 -2 -7
right_child=5 -3 4 -5 -6 6 -8
leaf_value=-0.033180037268694056 0.0002730460189405601 -0.019899767765093796 -0.011219253859098631 0.0052203408045975314 0.014945348951812727 -0.032791136934822732 -0.0078772074284297732
leaf_weight=8.7228786945343035 13.753815889358519 13.738843351602553 10.458741694688795 17.203929856419563 67.992967218160629 11.480818480253221 7.6358926296234122
leaf_count=39 57 57 43 71 278 49 32
internal_value=-0.00124909 0.00256048 0.00597637 -0.00861303 0.0110786 -0.0147303 -0.0252386
internal_weight=150.988 118.117 104.379 25.9268 78.4517 32.8705 19.1167
internal_count=626 488 431 110 321 138 81
is_linear=0
shrinkage=0.03


Tree=28
num_leaves=7
num_cat=0
split_feature=31 2 36 19 17 38
split_gain=6.65954 5.43732 5.17389 7.53022 5.16941 1.63323
threshold=3.5000000000000004 0.017553962699118134 0.0065385107959399433 0.047505613061206979 0.96031558902040903 0.0098340459764950251
decision_type=2 2 2 2 2 2
left_child=1 2 4 -4 -1 -3
right_child=-2 5 3 -5 -6 -7
leaf_value=0.0086620733777659203 -0.021984510750348539 0.02214680943747873 0.013178880538522956 -0.014039707088532354 -0.0087588803735517678 0.0016930147203917361
leaf_weight=49.945742785930634 10.811399951577185 10.255953937768938 9.2161131650209409 43.544592306017876 19.212209030985832 7.8490217775106421
leaf_count=206 45 42 40 181 80 32
internal_value=-0.00124973 0.000532662 -0.00171447 -0.00870363 0.00350154 0.0150761
internal_weight=150.835 140.024 121.919 52.7607 69.158 18.105
internal_count=626 581 507 221 286 74
is_linear=0
shrinkage=0.03


Tree=29
num_leaves=9
num_cat=0
split_feature=34 23 31 36 38 5 2 23
split_gain=8.52637 7.07599 7.22983 6.16935 5.41209 4.04417 1.98254 0.782798
threshold=0.027805095720300769 1.1183520390986292 3.5000000000000004 0.0060349393816393213 0.0073080226851421591 -0.023242335553122936 -0.010526399741935031 1.2768505605916312
decision_type=2 2 2 2 2 2 2 2
left_child=1 2 4 -2 -1 -3 -5 -7
right_child=3 5 -4 6 -6 7 -8 -9
leaf_value=-0.004346197780507593 0.00019191478248645015 0.0029680493520428666 -0.017781987437439244 -0.0076283053869390027 0.013284802595113712 -0.024897367255094671 -0.032692102113658 -0.0057531415848303801
leaf_weight=17.807326346635818 13.7548191845417 10.296268597245218 7.6777120530605307 8.0010960400104505 65.795665800571442 9.335219085216524 11.009733542799951 7.1313251703977576
leaf_count=76 57 42 32 33 269 39 48 30
internal_value=-0.00120648 0.00249261 0.00656595 -0.0143413 0.00934039 -0.0103695 -0.0245877 -0.0189397
internal_weight=150.809 118.044 91.2807 32.7656 83.603 26.7628 19.0108 16.4665
internal_count=626 488 377 138 345 111 81 69
is_linear=0
shrinkage=0.03


Tree=30
num_leaves=13
num_cat=0
split_feature=38 9 12 33 38 20 21 11 9 11 20 10
split_gain=8.53165 10.4531 9.63561 7.09766 6.32723 6.55398 6.21705 4.07039 3.45717 2.86955 2.55518 2.36914
threshold=0.0079669344963835941 0.01332554698681601 62.344644530030187 0.86729559748427687 0.0094927697654114945 0.015741327769443068 0.013707376417995493 0.0089110576070061693 -0.033230776959683482 0.028707869368323261 0.016254112384057356 0.0017687373357697658
decision_type=2 2 2 2 2 2 2 2 2 2 2 2
left_child=6 4 11 -4 10 -6 7 8 -1 -9 -2 -3
right_child=1 2 3 -5 5 -7 -8 9 -10 -11 -12 -13
leaf_value=-0.004105127662541363 0.010637973203282287 -0.0028237921136647875 0.025497654427252221 -0.0059184697570902455 0.022397545705338664 -0.0035118783704617433 0.0088572491749724525 0.0077551923865466204 -0.034996318025816396 -0.014687834093666738 0.038628902030609077 -0.025200454796338631
leaf_weight=6.921520307660102 9.039739742875101 9.1215064376592654 10.317538499832155 11.171295806765555 11.783704265952109 21.043154940009117 10.555001169443129 8.1185859143733961 10.172516927123072 7.8142102211713782 10.251777440309523 12.743657842278479
leaf_count=30 37 38 42 46 48 86 43 34 44 34 42 53
internal_value=0.00145036 0.00653182 -0.00400929 0.0094136 0.0154016 0.00611012 -0.00915041 -0.0155108 -0.0250139 -0.00282599 0.0284486 -0.017513
internal_weight=139.054 95.4724 43.354 21.4888 52.1184 32.8269 43.5818 33.0268 17.094 15.9328 19.2915 21.8652
internal_count=577 392 179 88 213 134 185 142 74 68 79 91
is_linear=0
shrinkage=0.03


Tree=31
num_leaves=10
num_cat=0
split_feature=14 28 2 35 34 32 33 13 4
split_gain=8.37995 4.96124 7.57126 6.57656 6.46686 5.45974 4.31002 4.9528 4.30161
threshold=-20.711154523721003 8.5000000000000018 -0.016257227628527712 0.020779431134696939 0.006840396929503779 0.0029904124273181236 0.20031181203531784 3.4891231850929114 0.020254074126966119
decision_type=2 2 2 2 2 2 2 2 2
left_child=6 3 -3 8 -4 -5 -1 -8 -2
right_child=1 2 4 5 -6 -7 7 -9 -10
leaf_value=0 -0.015683818207516576 0.011912776274990586 -0.0028211977818250905 0.00068458038490100436 -0.031589299854942091 0.024077182018628421 0.034565985008446577 0.0023664551569918028 0.0063216688020604145
leaf_weight=13.792580455541609 20.009761810302738 7.7741750478744498 15.532871529459955 24.629584684967995 14.07754337787628 13.665106520056723 10.844267144799234 8.5471066236495954 9.9938276857137662
leaf_count=56 85 32 65 101 61 56 45 35 41
internal_value=0.0014115 -0.00264554 -0.0111948 0.0020061 -0.0181061 0.010185 0.0141744 0.0226229 -0.00794836
internal_weight=138.867 105.683 37.3846 68.2983 29.6104 38.2947 33.184 19.3914 30.0036
internal_count=577 441 158 283 126 157 136 80 126
is_linear=0
shrinkage=0.03


Tree=32
num_leaves=13
num_cat=0
split_feature=38 28 34 14 8 35 8 21 11 9 11 21
split_gain=8.00207 9.97691 14.4249 9.32028 7.87448 7.27701 6.39826 5.91406 3.9864 3.31523 2.7187 0.0478856
threshold=0.0079669344963835941 7.5000000000000009 0.001982249704764905 9.2539064061002154 0.019949464932109286 0.052076279981205349 0.019563222609671024 0.013707376417995493 0.0089110576070061693 -0.033230776959683482 0.028707869368323261 0.011415496315045846
decision_type=2 2 2 2 2 2 2 2 2 2 2 2
left_child=7 3 6 11 -5 -4 -3 8 9 -1 -10 -2
right_child=1 2 5 4 -6 -7 -8 -9 10 -11 -12 -13
leaf_value=-0.0040123369312486676 0.038543283911461841 0.028034570646174081 -0.025589752832868549 -0.015868895205473906 0.017182268769705019 0.0012421590275056367 -0.0035675814534611083 0.0086385293506679277 0.0076697005956558855 -0.034381751125092293 -0.014209450376074566 0.017519295008263429
leaf_weight=6.9085984081029883 9.5466058254241961 12.906060263514521 18.874993041157722 9.4774080067873019 12.62821616232395 14.015124782919882 7.4975901544094077 10.560847759246824 8.1147052198648435 10.08326092362404 7.7610771507024756 10.316406831145285
leaf_count=30 39 53 79 39 51 58 31 43 34 44 34 42
internal_value=0.00139267 0.00632043 -0.00208506 0.0169446 0.00224894 -0.0143104 0.0164706 -0.00888877 -0.0151232 -0.0245467 -0.00258018 0.0309115
internal_weight=138.691 95.2624 53.2938 41.9686 22.1056 32.8901 20.4037 43.4285 32.8676 16.9919 15.8758 19.863
internal_count=577 392 221 171 90 137 84 185 142 74 68 81
is_linear=0
shrinkage=0.03


Tree=33
num_leaves=13
num_cat=0
split_feature=38 9 12 33 38 21 5 11 10 11 10 9
split_gain=7.636 9.54301 8.81453 6.74442 5.84727 5.65423 4.87206 3.82698 3.29321 2.59827 2.27386 1.88007
threshold=0.0079669344963835941 0.01332554698681601 62.344644530030187 0.86729559748427687 0.011702842693925236 0.013707376417995493 0.0042782831775658456 0.0089110576070061693 -0.0096851821461437209 0.028707869368323261 0.0017687373357697658 -0.021616658846258439
decision_type=2 2 2 2 2 2 2 2 2 2 2 2
left_child=5 4 10 -4 6 7 -2 8 -1 -9 -3 -6
right_child=1 2 3 -5 11 -7 -8 9 -10 -11 -12 -13
leaf_value=-0.0037388172839308686 0.026389594696288186 -0.0025012914755182217 0.024589992116146459 -0.0060102055884285023 0.0082969189324226308 0.0084162307892183177 0 0.007476931325176908 -0.03391788137574505 -0.01391627428568761 -0.024416026893934406 -0.010169465775945538
leaf_weight=6.9071893841028205 28.527959510684013 9.0812973380088824 10.33657242357731 11.154488906264303 8.3492098301649076 10.567324608564375 7.5526008903980246 8.1255960911512357 9.9906978607177752 7.7294602692127219 12.644986033439634 7.4725930988788596
leaf_count=30 117 38 42 46 34 43 31 34 44 34 53 31
internal_value=0.0013618 0.00617973 -0.0038922 0.00890956 0.0146778 -0.00869195 0.021051 -0.01481 -0.0240768 -0.0025029 -0.0168712 0
internal_weight=138.44 95.1197 43.2173 21.4911 51.9024 43.3203 36.0806 32.7529 16.8979 15.8551 21.7263 15.8218
internal_count=577 392 179 88 213 185 148 142 74 68 91 65
is_linear=0
shrinkage=0.03


Tree=34
num_leaves=9
num_cat=0
split_feature=14 10 21 18 3 37 9 19
split_gain=7.40914 6.24638 4.94111 7.81817 5.57333 4.83117 2.94438 2.93189
threshold=-20.711154523721003 -0.0090279132213760254 0.015147759660473365 0.28143223098325759 0.023153698275893756 0.025895102344277613 -0.04082344050092606 0.072569653360545897
decision_type=2 2 2 2 2 2 2 2
left_child=5 7 3 -3 -4 6 -1 -2
right_child=1 2 4 -5 -6 -7 -8 -9
leaf_value=0.012081913894435655 -0.027071453751664049 0.021942005205959823 0.024077398667653831 -0.007212732526087836 -0.0043878888159049924 0.026948384348193261 -0.0085746012916741547 -0.0006804383053193037
leaf_weight=12.211061134934424 10.122572198510172 7.4591961652040473 12.872192442417147 58.957185089588165 8.3858828246593458 12.297040611505507 8.493875980377199 7.4324177950620642
leaf_count=50 44 31 52 249 34 51 35 31
internal_value=0.00130357 -0.00251047 0.000729276 -0.00317342 0.0127918 0.0133421 0.00293839 -0.0178775
internal_weight=138.231 105.229 87.6745 66.4164 21.2581 33.002 20.7049 17.555
internal_count=577 441 366 280 86 136 85 75
is_linear=0
shrinkage=0.03


Tree=35
num_leaves=8
num_cat=0
split_feature=20 28 0 14 38 14 19
split_gain=13.3682 9.62595 9.75873 7.22893 8.22246 2.24741 0.819846
threshold=0.021443792816758862 8.5000000000000018 -0.0091952903636891552 -21.492276072901173 0.010591852219468652 -23.63869087311809 0.12434415217317767
decision_type=2 2 2 2 2 2 2
left_child=1 3 -3 -1 -5 -4 -2
right_child=6 2 5 4 -6 -7 -8
leaf_value=0.022098568574088914 0.0072941708667205842 0.010601388247941696 -0.006032106655518228 -0.007786216442263817 0.01926896096703308 -0.02625774016042897 0.027455199870595522
leaf_weight=10.193104669451712 7.4227377027273205 8.2497192174196226 10.03465999662876 55.580147728323936 10.117866814136503 30.129847347736359 9.5207096934318525
leaf_count=42 30 34 41 234 41 131 39
internal_value=-0.00225439 -0.00584277 -0.0160191 0.000701201 -0.00295183 -0.0220861 0.0211173
internal_weight=141.249 124.305 48.4142 75.8911 65.698 40.1645 16.9434
internal_count=592 523 206 317 275 172 69
is_linear=0
shrinkage=0.03


Tree=36
num_leaves=11
num_cat=0
split_feature=21 28 35 38 40 38 26 7 17 18
split_gain=13.5067 10.2155 5.71647 5.45032 5.05964 4.18072 2.99643 3.32296 2.8683 2.50961
threshold=0.015460343659112903 7.5000000000000009 -0.0028213129801106236 0.0083689034945304431 -0.0030832063320606058 0.014091658989040081 0.37377450980392163 0.0038450568840315393 -0.75837302040119858 0.72333635493625648
decision_type=2 2 2 2 2 2 2 2 2 2
left_child=1 2 4 -2 -1 9 7 -3 -4 -5
right_child=3 6 8 5 -6 -7 -8 -9 -10 -11
leaf_value=0.0049913099181696577 -0.0033691279587710794 -0.0028459511664443151 -0.0013988692017358655 0.037593304320599222 -0.021592101862987153 0.0004187259653105329 -0.029764447089607279 -0.022590603091945358 0.01490259037049993 0.0084842849150854067
leaf_weight=9.0334600508213061 10.72111503779888 22.559041604399681 13.526000678539274 9.7452748417854362 12.723211035132406 8.2735836356878263 13.399885579943655 12.366715908050535 21.172525033354759 7.4147047400474539
leaf_count=37 44 96 56 40 57 34 58 53 87 30
internal_value=-0.00216303 -0.00769836 0.000783132 0.0130486 -0.0104322 0.020257 -0.0175421 -0.0110884 0.00840938 0.0279969
internal_weight=140.936 104.781 56.4552 36.1547 21.7567 25.4336 48.3256 34.9258 34.6985 17.16
internal_count=592 444 237 148 94 104 207 149 143 70
is_linear=0
shrinkage=0.03


Tree=37
num_leaves=10
num_cat=0
split_feature=21 14 23 26 20 26 26 34 15
split_gain=12.8855 4.83173 4.05284 5.28392 4.44866 3.36786 3.21209 2.39775 1.57602
threshold=0.015460343659112903 35.74438496384051 1.1402485664914244 0.23827838827838829 0.01400357276356015 0.41198922317018416 0.071112515802781301 0.011234976807087517 60.11889836115288
decision_type=2 2 2 2 2 2 2 2 2
left_child=1 2 4 -4 -1 6 -2 -8 -3
right_child=5 8 3 -5 -6 -7 7 -9 -10
leaf_value=-0.010955541613076051 0 -0.029021874626566201 0.00072508389013037973 -0.028549014720126713 0.0046127132746469693 -0.0012984116015103361 0.033930851574987569 0.0082145098459340711 -0.0056010281237281303
leaf_weight=22.983233392238617 7.620644316077235 9.767794683575632 8.2206548750400561 10.246312677860258 46.13272550702095 9.2483150810003263 9.7070770114660281 9.5409993827342969 7.1864400953054419
leaf_count=100 31 42 35 44 193 38 40 39 30
internal_value=-0.00210919 -0.00752666 -0.00422951 -0.0159872 -0.000515811 0.0127498 0.0178598 0.0238626 -0.0215243
internal_weight=140.654 104.537 87.5829 18.467 69.116 36.117 26.8687 19.2481 16.9542
internal_count=592 444 372 79 293 148 110 79 72
is_linear=0
shrinkage=0.03


Tree=38
num_leaves=9
num_cat=0
split_feature=20 28 9 38 6 17 6 23
split_gain=11.9007 8.90694 8.10444 10.0412 4.80032 3.92129 2.02578 0.831276
threshold=0.021443792816758862 8.5000000000000018 0.014157797971257916 0.0079967412262659156 -0.0072732284458814174 1.3784555628587658 0.0075112497264824994 1.0067841021120303
decision_type=2 2 2 2 2 2 2 2
left_child=1 2 3 -1 -3 -4 -6 -2
right_child=7 4 5 -5 6 -7 -8 -9
leaf_value=-0.0058089897448926585 0.026661246500797889 0 -0.0016287253511536605 0.02430644781570698 -0.024933282352192273 -0.022790273439299524 -0.0049771644419036379 0.0070157503480216387
leaf_weight=15.848357215523718 9.0159648805856722 12.416225671768187 29.767394557595253 20.06107796728611 26.270223617553711 9.9231115132570249 9.3048141300678235 7.8425576835870734
leaf_count=69 37 52 124 82 114 42 40 32
internal_value=-0.00205917 -0.0054628 0.000825699 0.0110143 -0.0153058 -0.00811867 -0.0206556 0.0200309
internal_weight=140.45 123.591 75.5999 35.9094 47.9913 39.6905 35.575 16.8585
internal_count=592 523 317 151 206 166 154 69
is_linear=0
shrinkage=0.03


Tree=39
num_leaves=11
num_cat=0
split_feature=21 28 0 35 15 38 40 19 24 0
split_gain=11.9932 9.25025 5.79458 5.29037 6.81853 5.02423 4.80827 4.16066 3.6433 2.01613
threshold=0.015460343659112903 7.5000000000000009 -0.0091952903636891552 -0.0028213129801106236 32.282994086319974 0.0083689034945304431 -0.0030832063320606058 0.10111034270546131 0.59734163888401481 0.0024412632715844489
decision_type=2 2 2 2 2 2 2 2 2 2
left_child=1 3 -3 6 -5 -2 -1 -7 -4 -9
right_child=5 2 8 4 -6 7 -8 9 -10 -11
leaf_value=0.0049693861436726321 -0.0033684429367296536 0.0034665542954160442 -0.025798159444793859 0.015905250493823919 -0.011916483656665363 9.8405555089592215e-05 -0.020973116639530529 0.038685128669683932 -0.00074033830679565474 0.011259392367810452
leaf_weight=9.0240416675806063 10.707981988787649 8.6836657971143705 31.386882796883583 25.820890054106712 8.8074332773685438 8.5501352399587649 12.59315451979637 7.5594831854105022 7.8194028139114371 9.2129206806421262
leaf_count=37 44 36 137 106 37 35 57 31 34 38
internal_value=-0.00200351 -0.00724662 -0.0166678 0.000814319 0.00815521 0.0123399 -0.0100046 0.0192917 -0.0214431 0.027224
internal_weight=140.166 104.135 47.89 56.2455 34.6283 36.0305 21.6172 25.3225 39.2063 16.7724
internal_count=592 444 207 237 143 148 94 104 171 69
is_linear=0
shrinkage=0.03


Tree=40
num_leaves=9
num_cat=0
split_feature=34 14 16 28 28 2 0 13
split_gain=8.50655 5.95672 6.61639 6.96722 5.6861 4.2057 3.68158 0.106507
threshold=0.033408568422619751 -20.711154523721003 3.5881242657232466 7.5000000000000009 6.5000000000000009 -0.010526399741935031 0.0045196796617076327 0.42121043605691005
decision_type=2 2 2 2 2 2 2 2
left_child=1 6 4 -4 -3 -2 7 -1
right_child=5 2 3 -5 -6 -7 -8 -9
leaf_value=0.028208955822644929 0 -0.020930474952066066 0.015970457987158466 -0.0066384683848723239 0 -0.026790254680630496 0 0.010585008908569778
leaf_weight=8.4746249616146141 7.9158486276865032 18.687373593449593 27.287323266267776 18.473276421427727 24.781112894415855 12.892075270414351 9.3626871258020383 8.1576164066791517
leaf_count=35 33 80 112 78 106 57 39 34
internal_value=-0.000554213 0.00260439 -0.0010054 0.00663352 -0.00931508 -0.0173973 0.0147176 0.0224341
internal_weight=136.032 115.224 89.2291 45.7606 43.4685 20.8079 25.9949 16.6322
internal_count=574 484 376 190 186 90 108 69
is_linear=0
shrinkage=0.03


Tree=41
num_leaves=10
num_cat=0
split_feature=20 40 0 38 38 25 25 20 26
split_gain=8.22275 6.55616 5.69505 4.97028 4.70974 4.79536 3.32818 2.81344 2.59295
threshold=0.015033582803988883 0.037335835215548625 0.0016822286085276252 0.0094206164229357955 0.010633758247569734 0.40883190883190884 0.066228070175438608 0.018709373555088876 0.10700654307524538
decision_type=2 2 2 2 2 2 2 2 2
left_child=4 2 6 -4 5 8 -2 -3 -1
right_child=1 7 3 -5 -6 -7 -8 -9 -10
leaf_value=-0.0019390054916770588 0.022772031261619197 0.025790959449360135 0.0032673635468230024 -0.020949947957017621 0.0060481719780531434 0.0032076485352023317 0.0015912774296953963 0.0027391505962890746 -0.025709740868743027
leaf_weight=7.1289658993482616 7.2693844735622397 13.525606691837313 11.180703625082971 15.226962760090826 9.6658624708652479 7.8381741791963568 32.175527915358543 9.9449101984500867 21.874368473887444
leaf_count=31 30 56 47 64 40 34 134 42 96
internal_value=-0.00053416 0.0046622 -0.000108653 -0.0106604 -0.0106044 -0.015446 0.00676719 0.0175944 -0.0208528
internal_weight=135.83 89.3231 65.8526 26.4077 46.5074 36.8415 39.4449 23.4705 29.0033
internal_count=574 373 275 111 201 161 164 98 127
is_linear=0
shrinkage=0.03


Tree=42
num_leaves=12
num_cat=0
split_feature=20 38 5 5 8 23 38 36 3 37 23
split_gain=7.80634 4.88124 11.2576 5.44368 5.65449 5.04084 4.48901 3.49094 4.4497 3.46563 3.32996
threshold=0.015033582803988883 0.0091620358536457381 0.057357726111076486 -0.0060400418602891684 -0.029069997697107258 0.91024100614258918 0.010633758247569734 0.0053352491639303426 0.0019004675913867344 0.040915876502171551 0.87292077518023137
decision_type=2 2 2 2 2 2 2 2 2 2 2
left_child=6 2 10 4 -3 -5 7 8 -1 -9 -2
right_child=1 3 -4 5 -6 -7 -8 9 -10 -11 -12
leaf_value=0.011259751914041945 0.0029498871810500786 0.0039367562969726926 -0.013453596381976471 0.023990969854796037 -0.023788383721629787 -0.0019838633766942762 0.0058952543090713214 -0.031544170772013602 -0.016404661256255861 -0.0027270794768676238 0.02630010894228588
leaf_weight=7.5524684637784985 9.7777525931596738 9.4946114271879214 9.9108482003211957 8.2402301430702227 13.098855495452879 16.233878746628761 9.670888885855673 12.873495846986772 9.0800183415412885 7.2006021887063971 22.576305687427521
leaf_count=32 41 39 42 34 56 67 40 58 39 32 94
internal_value=-0.000495484 0.00455952 0.0117669 -0.00182251 -0.0121547 0.00734678 -0.0103285 -0.0150741 -0.00317754 -0.0230706 0.0202626
internal_weight=135.71 89.3325 42.2649 47.0676 22.5935 24.4741 46.3775 36.7066 16.6325 20.0741 32.3541
internal_count=574 373 177 196 95 101 201 161 71 90 135
is_linear=0
shrinkage=0.03


Tree=43
num_leaves=10
num_cat=0
split_feature=34 20 15 21 24 28 2 0 23
split_gain=7.85327 9.08844 5.35228 7.81551 4.46927 6.43274 4.03629 3.70158 2.10652
threshold=0.033408568422619751 0.015033582803988883 -9.4472091704878611 0.014581674061783711 0.18301435406698566 4.5000000000000009 -0.010526399741935031 0.0039287390244867612 0.95899332682852323
decision_type=2 2 2 2 2 2 2 2 2
left_child=1 4 7 -4 5 -1 -2 -3 -6
right_child=6 2 3 -5 8 -7 -8 -9 -10
leaf_value=0.020132550972346876 0 0.026969606679145337 -0.0065438955038146975 0.017202275094620075 -0.0051871761979921599 -0.010784764610326852 -0.026029100468422068 0.0024320119675713962 -0.030216795105450507
leaf_weight=7.3255852758884457 7.8931059241294887 16.719795390963558 31.285258635878563 17.69856821000576 8.4308344423770922 15.278013452887533 12.727401897311209 10.515033036470411 7.6489451527595511
leaf_count=31 33 69 132 72 36 66 57 44 34
internal_value=-0.000485532 0.00254135 0.00858295 0.00207997 -0.00883059 0 -0.0167485 0.0188235 -0.0199486
internal_weight=135.523 114.902 76.2187 48.9838 38.6834 22.6036 20.6205 27.2348 16.0798
internal_count=574 484 317 204 167 97 90 113 70
is_linear=0
shrinkage=0.03


Tree=44
num_leaves=7
num_cat=0
split_feature=34 9 24 4 2 11
split_gain=7.47195 5.39542 5.11712 6.86953 3.87382 0.892852
threshold=0.033408568422619751 -0.04082344050092606 -0.72783389450056102 0.027787494699679009 -0.010526399741935031 -0.024028863015400855
decision_type=2 2 2 2 2 2
left_child=1 5 -3 -4 -2 -1
right_child=4 2 3 -5 -6 -7
leaf_value=0.025869605868120791 0 0.020851505104471754 -0.0076754039522772153 0.00951064166157649 -0.025517482056844246 0.0055800218685758164
leaf_weight=7.0903500616550446 7.8931059241294887 7.5063497573137274 64.790072426199913 28.071496784687042 12.634616628289221 7.2820451408624631
leaf_count=30 33 31 277 116 57 30
internal_value=-0.000476586 0.00247162 0 -0.00223106 -0.016378 0.0184431
internal_weight=135.268 114.74 100.368 92.8616 20.5277 14.3724
internal_count=574 484 424 393 90 60
is_linear=0
shrinkage=0.03


Tree=45
num_leaves=8
num_cat=0
split_feature=21 19 19 16 20 20 19
split_gain=11.9341 7.0523 5.90599 4.61906 4.09831 7.41476 4.47941
threshold=0.015147759660473365 0.10721288785451095 0.087266430852764712 5.2979640144196578 0.019370551696538108 0.020860842626710369 0.10915837911823646
decision_type=2 2 2 2 2 2 2
left_child=1 2 3 -1 -2 -6 -7
right_child=4 -3 -4 -5 5 6 -8
leaf_value=-0.0095156401804006203 0.026570889137385593 -0.023472496680174648 0.015776272946569584 0.006570211264831519 -0.016057821256172156 -0.00031074702246110345 0.026279898546056855
leaf_weight=62.881838142871857 11.758328303694723 15.908232986927031 11.341187387704847 18.640179693698883 7.9603661000728634 8.2481966614723223 10.806157991290091
leaf_count=275 48 67 47 78 33 34 45
internal_value=-0.000920592 -0.0061086 -0.00254374 -0.00558873 0.0128514 0.00494294 0.0151209
internal_weight=147.544 108.771 92.8632 81.522 38.773 27.0147 19.0544
internal_count=627 467 400 353 160 112 79
is_linear=0
shrinkage=0.03


Tree=46
num_leaves=9
num_cat=0
split_feature=14 2 4 12 12 32 16 16
split_gain=8.02558 6.47747 10.3898 6.35738 6.13578 3.70014 3.34126 2.39085
threshold=-23.63869087311809 -0.016009092801247567 0.018671216783545556 75.110831892518732 26.279286792153119 -0.001141081866859017 -11.880005868684231 -6.545028560736621
decision_type=2 2 2 2 2 2 2 2
left_child=4 5 6 -4 -1 -2 -3 -6
right_child=1 2 3 -5 7 -7 -8 -9
leaf_value=-0.00810075346543997 0.021042621338613367 0 0.010695930169717668 -0.014122208024644499 0.030756342690859324 -0.0027166325131014815 -0.01863109764622015 0.0070766392388737585
leaf_weight=7.1994377523660686 10.638335138559343 9.7054459601640684 30.663805648684502 10.719552934169768 10.049391806125644 8.481701731681822 48.855428218841553 10.991663634777066
leaf_count=30 44 42 127 45 42 35 216 46
internal_value=-0.000881169 -0.00441561 -0.00757318 0.00356684 0.0128308 0.0105335 -0.015551 0.0207253
internal_weight=147.305 119.064 99.9442 41.3834 28.2405 19.12 58.5609 21.0411
internal_count=627 509 430 172 118 79 258 88
is_linear=0
shrinkage=0.03


Tree=47
num_leaves=12
num_cat=0
split_feature=21 12 16 28 19 34 6 20 38 13 12
split_gain=10.9664 8.7139 7.9079 7.45213 6.62271 5.54929 6.54475 5.07177 2.84962 2.35688 0.307043
threshold=0.015147759660473365 44.6057653953048 4.8003809687664054 9.5000000000000018 0.075912717496050983 0.031231176503199291 0.0085295150433995579 0.015469239036361443 0.0096157763187708026 3.7784638913851905 44.901945472116211
decision_type=2 2 2 2 2 2 2 2 2 2 2
left_child=1 3 9 7 -4 6 10 -1 -5 -3 -2
right_child=5 2 4 8 -6 -7 -8 -9 -10 -11 -12
leaf_value=0 0.012558465033499767 -0.028515063818910731 0.011885869744638544 -0.022817272530781592 -0.013887601890032115 -0.0083203587462345081 -0.001070663783544134 0.02483765596660677 0.00027941078808584063 -0.0086308731992318904 0.031757081939314313
leaf_weight=13.250722080469133 8.6154337078332954 21.078115493059158 15.362236410379412 7.0412729531526548 16.360567688941956 7.2219014763832083 9.8891430944204313 14.223047554492949 7.5597412437200546 13.49651290476322 12.93113301694393
leaf_count=59 36 93 64 32 69 30 41 59 32 59 53
internal_value=-0.000842056 -0.00583041 -0.0125252 0.004468 -0.000996921 0.0123722 0.017788 0.0135901 -0.0113623 -0.0220596 0.0264362
internal_weight=147.03 108.372 66.2974 42.0748 31.7228 38.6576 31.4357 27.4738 14.601 34.5746 21.5466
internal_count=627 467 285 182 133 160 130 118 64 152 89
is_linear=0
shrinkage=0.03


Tree=48
num_leaves=11
num_cat=0
split_feature=21 9 38 21 40 17 20 38 19 18
split_gain=10.4105 6.74492 8.34619 6.49502 4.68919 4.55908 4.17113 3.31127 3.29449 3.23667
threshold=0.015147759660473365 0.01332554698681601 0.0079967412262659156 0.0090418463144917114 -0.02243007388382123 0.51914586023037768 0.015469239036361443 0.0083689034945304431 0.11152419060217061 0.86164440743572968
decision_type=2 2 2 2 2 2 2 2 2 2
left_child=1 2 6 -3 -4 7 -1 -2 -7 -5
right_child=5 3 4 9 -6 8 -8 -9 -10 -11
leaf_value=-0.019734373228753897 0.0015487123320870081 0.0074667591979856651 -0.0079710317368783257 -0.024207321746719999 0.015340372569178154 -0.012715303676388012 0.003946926979747461 0.028332499095170539 0.011191103919960088 -0.0019294960973944236
leaf_weight=17.170959204435352 7.5917694270610836 8.1820519715547544 8.0473242849111539 28.308497786521912 28.805154457688332 7.6741998493671444 7.9695600718259803 14.150015667080877 9.1858472973108274 9.6231525838375074
leaf_count=80 31 35 34 124 120 32 33 58 39 41
internal_value=-0.000820352 -0.00569075 0.000601586 -0.014135 0.0097156 0.0120585 -0.0119371 0.0205303 0 -0.0193109
internal_weight=146.709 108.107 61.993 46.1137 36.8525 38.6018 25.1405 21.7418 16.86 37.9317
internal_count=627 467 267 200 154 160 113 89 71 165
is_linear=0
shrinkage=0.03


Tree=49
num_leaves=9
num_cat=0
split_feature=14 2 4 31 38 19 34 15
split_gain=7.1185 5.89833 9.30107 7.117 5.19665 3.78882 3.30602 2.89975
threshold=-23.63869087311809 -0.016009092801247567 0.018671216783545556 2.5000000000000004 0.0081829894855656189 0.046054687878350167 0.020501285779181203 10.132923339255539
decision_type=2 2 2 2 2 2 2 2
left_child=4 7 5 -4 -1 -3 -6 -2
right_child=1 2 3 -5 6 -7 -8 -9
leaf_value=-0.0069081682249152645 -0.0021275597123002359 -4.6547891505662045e-05 0.010619767618700709 -0.016182132678127393 0.027805863735564471 -0.018967460475108774 0.0011303827738278569 0.018935041151889685
leaf_weight=7.285539552569392 7.9153930991888073 14.057767286896704 31.294529035687447 9.9727227985858899 13.050523191690447 43.880188003182411 7.7279434353113166 11.173788666725157
leaf_count=30 33 64 130 42 56 194 32 46
internal_value=-0.000791654 -0.00413811 -0.00717495 0.00334747 0.0121522 -0.0147816 0.0195136 0.0101166
internal_weight=146.358 118.294 99.2052 41.2673 28.064 57.938 20.7785 19.0892
internal_count=627 509 430 172 118 258 88 79
is_linear=0
shrinkage=0.03


end of trees

feature_importances:
macro_topix_vol_20=45
atr_pct=32
volatility=26
month=25
macro_usdjpy_ret_20=25
macd=22
macd_signal=19
bb_bandwidth=19
div_ma_60=18
vol_ratio=17
ma_20_60_cross=15
rsi=13
return_3d=11
ma_5_20_cross=11
return_10d=10
price_position_20d=10
macro_usdjpy_ret_60=10
macro_nikkei_ret_20=10
return_20d=9
macd_hist=9
lower_shadow_pct=9
macro_usdjpy_vol_20=9
return_1d=8
rsi_change=7
div_ma_20=6
macd_hist_change=6
bb_pct_b=6
return_5d=5
div_ma_5=5
upper_shadow_pct=4
macro_topix_ret_20=4
div_ma_10=3
vol_change=3
candle_body_pct=3
streak=3
gap=3
return_2d=1
day_of_week=1

parameters:
[boosting: gbdt]
[objective: binary]
[metric: binary_logloss]
[tree_learner: serial]
[device_type: cpu]
[data_sample_strategy: bagging]
[data: ]
[valid: ]
[num_iterations: 50]
[learning_rate: 0.03]
[num_leaves: 15]
[num_threads: 0]
[seed: 43]
[deterministic: 0]
[force_col_wise: 0]
[force_row_wise: 0]
[histogram_pool_size: -1]
[max_depth: 4]
[min_data_in_leaf: 30]
[min_sum_hessian_in_leaf: 0.001]
[bagging_fraction: 0.7]
[pos_bagging_fraction: 1]
[neg_bagging_fraction: 1]
[bagging_freq: 5]
[bagging_seed: 11149]
[bagging_by_query: 0]
[feature_fraction: 0.6]
[feature_fraction_bynode: 1]
[feature_fraction_seed: 21351]
[extra_trees: 0]
[extra_seed: 16806]
[early_stopping_round: 0]
[early_stopping_min_delta: 0]
[first_metric_only: 0]
[max_delta_step: 0]
[lambda_l1: 0.5]
[lambda_l2: 2]
[linear_lambda: 0]
[min_gain_to_split: 0]
[drop_rate: 0.1]
[max_drop: 50]
[skip_drop: 0.5]
[xgboost_dart_mode: 0]
[uniform_drop: 0]
[drop_seed: 2965]
[top_rate: 0.2]
[other_rate: 0.1]
[min_data_per_group: 100]
[max_cat_threshold: 32]
[cat_l2: 10]
[cat_smooth: 10]
[max_cat_to_onehot: 4]
[top_k: 20]
[monotone_constraints: ]
[monotone_constraints_method: basic]
[monotone_penalty: 0]
[feature_contri: ]
[forcedsplits_filename: ]
[refit_decay_rate: 0.9]
[cegb_tradeoff: 1]
[cegb_penalty_split: 0]
[cegb_penalty_feature_lazy: ]
[cegb_penalty_feature_coupled: ]
[path_smooth: 0]
[interaction_constraints: ]
[verbosity: -1]
[saved_feature_importance_type: 0]
[use_quantized_grad: 0]
[num_grad_quant_bins: 4]
[quant_train_renew_leaf: 0]
[stochastic_rounding: 1]
[linear_tree: 0]
[max_bin: 255]
[max_bin_by_feature: ]
[min_data_in_bin: 5]
[bin_construct_sample_cnt: 200000]
[data_random_seed: 179]
[is_enable_sparse: 1]
[enable_bundle: 1]
[use_missing: 1]
[zero_as_missing: 0]
[feature_pre_filter: 1]
[pre_partition: 0]
[two_round: 0]
[header: 0]
[label_column: ]
[weight_column: ]
[group_column: ]
[ignore_column: ]
[categorical_feature: ]
[forcedbins_filename: ]
[precise_float_parser: 0]
[parser_config_file: ]
[objective_seed: 26397]
[num_class: 1]
[is_unbalance: 0]
[scale_pos_weight: 1]
[sigmoid: 1]
[boost_from_average: 1]
[reg_sqrt: 0]
[alpha: 0.9]
[fair_c: 1]
[poisson_max_delta_step: 0.7]
[tweedie_variance_power: 1.5]
[lambdarank_truncation_level: 30]
[lambdarank_norm: 1]
[label_gain: ]
[lambdarank_position_bias_regularization: 0]
[eval_at: ]
[multi_error_top_k: 1]
[auc_mu_weights: ]
[num_machines: 1]
[local_listen_port: 12400]
[time_out: 120]
[machine_list_filename: ]
[machines: ]
[gpu_platform_id: -1]
[gpu_device_id: -1]
[gpu_use_dp: 0]
[num_gpu: 1]

end of parameters

pandas_categorical:[]
