tree
version=v4
num_class=1
num_tree_per_iteration=1
label_index=0
max_feature_idx=44
objective=binary sigmoid:1
feature_names=return_1d return_2d return_3d return_5d return_10d return_20d div_ma_5 div_ma_10 div_ma_20 div_ma_60 ma_5_20_cross ma_20_60_cross rsi rsi_change macd macd_signal macd_hist macd_hist_change bb_pct_b bb_bandwidth atr_pct volatility vol_change vol_ratio candle_body_pct upper_shadow_pct lower_shadow_pct day_of_week month is_month_end is_month_start streak gap price_position_20d macro_usdjpy_ret_20 macro_usdjpy_ret_60 macro_usdjpy_vol_20 macro_topix_ret_20 macro_topix_vol_20 macro_topix_above_200dma macro_nikkei_ret_20 macro_nikkei_above_200dma macro_nikkei_vi macro_jgb10y macro_bias_score
feature_infos=[-0.1145230304555751:0.085844229675952288] [-0.17184557438794723:0.10819304152637477] [-0.19698698927185576:0.1272627537026878] [-0.21479114357452633:0.14997202014549527] [-0.23265670310060227:0.23734335839599008] [-0.2729224822847327:0.27051282051282044] [-0.14374726184101641:0.082547542538060376] [-0.17620887483901182:0.12704637069130995] [-0.2058601112879378:0.17909770485538917] [-0.2452101158786005:0.20264223022144121] [-0.16034833022465633:0.13478325534568159] [-0.1461133909244523:0.10918758624349856] [11.412268188302434:96.610169491525426] [-26.166405926884977:30.705818965517238] [-1419.5641658301938:1215.7867024091938] [-1217.0129232006025:971.58569863973196] [-533.10655326081837:468.99317417642771] [-196.0379447228307:137.05173800247223] [-0.47670679861149556:1.2971735393536079] [0.037545589335515578:0.45191563716618627] [0.012987012987012988:0.064446038309003459] [0.0084315815491445359:0.046034046855147601] [-0.92603526689539617:4.1758360302049624] [0.47853764439148244:2.2056928407612957] [-1:1] [0:0.9285714285714286] [0:0.96103896103896103] [0:4] [1:12] none [0:1] [-10:11] [-0.12303664921465973:0.10952902519167584] [0:1] [-0.10288784967882303:0.08505611680078462] [-0.13986255140503889:0.13160084488587853] [0.0024251968629527628:0.011841457708833433] [-0.21871130063915301:0.21255316252998058] [0.0039190553184293257:0.040640975235326546] [0:1] [-0.22859537662338159:0.23022297972565586] [0:1] none none none
tree_sizes=1075 1098 1084 989 987 1095 1078 1090 1172 889 992 1205 1084 1205 1420 1102 1058 1099 1101 1317 789 784 789 974 787 1340 940 1081 1096 1186 1208 897 789 785 1190 1509 1206 1001 1086 1296 1211 1091 1005 1001 1298 1066 867 993 888 890

Tree=0
num_leaves=9
num_cat=0
split_feature=37 36 27 28 36 22 22 35
split_gain=28.379 12.3802 10.6182 5.53914 3.56343 3.23641 4.78389 2.31494
threshold=0.056587334505304294 0.0047560207707511197 1.5000000000000002 9.5000000000000018 0.0069995519183116096 0.093559093768222037 -0.21209534333674665 0.027902596173809194
decision_type=2 2 2 2 2 2 2 2
left_child=1 5 3 -3 -4 6 -1 -2
right_child=7 2 4 -5 -6 -7 -8 -9
leaf_value=-0.23424489976669075 -0.25761526850875544 -0.2115593774999715 -0.20715828663817204 -0.2352313422013162 -0.190531661816251 -0.23700343152114378 -0.20633586145464133 -0.23032010824988505
leaf_weight=7.658876657485961 10.870663642883303 29.400203943252563 32.364930391311646 10.376542568206785 28.659022331237793 13.588329553604124 10.870663642883303 9.6353609561920148
leaf_count=31 44 119 131 42 116 55 44 39
internal_value=-0.216629 -0.211349 -0.206161 -0.217918 -0.198497 -0.226914 -0.217723 -0.247715
internal_weight=153.425 132.919 100.801 39.7767 61.024 32.1179 18.5295 20.506
internal_count=621 538 408 161 247 130 75 83
is_linear=0
shrinkage=1


Tree=1
num_leaves=9
num_cat=0
split_feature=40 36 27 38 38 16 23 35
split_gain=24.2468 12.1817 11.1044 9.29076 8.02294 5.94521 4.61266 2.94853
threshold=0.065369400399097902 0.0048432310391404781 1.5000000000000002 0.0075583255542838838 0.010700263332473767 -27.418259033350363 0.97589043200937542 0.027902596173809194
decision_type=2 2 2 2 2 2 2 2
left_child=1 4 5 -4 6 -3 -1 -2
right_child=7 2 3 -5 -6 -7 -8 -9
leaf_value=-0.028262465627579912 -0.035126197351540059 -0.013527429353744427 0.040957970052009574 0.011851864654228625 0.011943816952554285 0.0093067320988934176 -0.0011286556984043583 -0.009366329213202438
leaf_weight=13.325769916176798 12.805887222290041 16.552406415343285 13.118236958980559 45.044612914323807 9.8753829002380353 20.752094075083733 11.109801813960074 10.859430998563765
leaf_count=54 52 67 53 182 40 84 45 44
internal_value=0.00103534 0.00630951 0.0118251 0.0198092 -0.00843005 -0.000616182 -0.017512 -0.0255411
internal_weight=153.444 129.778 95.4674 58.1628 34.311 37.3045 24.4356 23.6653
internal_count=621 525 386 235 139 151 99 96
is_linear=0
shrinkage=0.03


Tree=2
num_leaves=9
num_cat=0
split_feature=37 36 27 38 38 10 32 35
split_gain=26.0167 11.1657 9.48208 8.5993 6.81978 8.06217 5.50105 2.11943
threshold=0.056587334505304294 0.0047560207707511197 1.5000000000000002 0.0075583255542838838 0.010700263332473767 -0.0081476026175755761 -0.0048889844974673849 0.027902596173809194
decision_type=2 2 2 2 2 2 2 2
left_child=1 4 6 -4 5 -1 -3 -2
right_child=7 2 3 -5 -6 -7 -8 -9
leaf_value=0 -0.038421620350613042 -0.017407617092481318 0.037758319642701432 0.010688541925999873 0.010647407906072517 -0.034219577822892255 0.0061902238287144615 -0.012075475892989291
leaf_weight=12.322865262627602 10.775615036487581 10.371168255805967 14.153290495276449 47.072942703962326 9.1461122184991819 10.586657091975212 29.395253956317902 9.6110977679491025
leaf_count=50 44 42 57 190 37 43 119 39
internal_value=0.00099274 0.00603766 0.0109564 0.0181798 -0.00875199 -0.017332 -0.000143869 -0.0288595
internal_weight=153.435 133.048 100.993 61.2262 32.0556 22.9095 39.7664 20.3867
internal_count=621 538 408 247 130 93 161 83
is_linear=0
shrinkage=0.03


Tree=3
num_leaves=8
num_cat=0
split_feature=40 35 23 26 40 4 35
split_gain=22.2153 11.6217 7.69123 4.45869 3.35375 4.0119 2.72856
threshold=0.065369400399097902 -0.03262672486325479 0.72548438190108111 0.079246411483253607 -0.049212111960609477 0.01436349362298195 0.027902596173809194
decision_type=2 2 2 2 2 2 2
left_child=1 4 -3 -4 -1 -6 -2
right_child=6 2 3 -5 5 -7 -8
leaf_value=0.0027139466314424158 -0.033847426235268076 0.026774750376406586 0.011658611403552245 -0.0043913688844392142 0.0086665594484688028 0.04135289733800189 -0.0089422306734551205
leaf_weight=7.4381474554538753 12.698253080248834 7.6610704511404029 17.073843747377396 79.097613319754601 8.428949788212778 10.169820025563238 10.836771592497824
leaf_count=30 52 31 69 320 34 41 44
internal_value=0.000945181 0.0059845 0.00118033 -0.00120967 0.0231571 0.0295474 -0.0245658
internal_weight=153.404 129.869 103.833 96.1715 26.0369 18.5988 23.535
internal_count=621 525 420 389 105 75 96
is_linear=0
shrinkage=0.03


Tree=4
num_leaves=8
num_cat=0
split_feature=40 35 20 21 40 4 35
split_gain=21.1922 11.0368 6.26795 8.06863 3.16051 3.7624 2.59904
threshold=0.065369400399097902 -0.03262672486325479 0.030586021803435288 0.02148107020591709 -0.049212111960609477 0.01436349362298195 0.027902596173809194
decision_type=2 2 2 2 2 2 2
left_child=1 4 3 -3 -1 -6 -2
right_child=6 2 -4 -5 5 -7 -8
leaf_value=0.0026492671325090392 -0.033125838247763204 0.0027744130042612605 0.022775853819340049 -0.019349869379231562 0.0084512046761414678 0.040208323209236167 -0.0087240283334170336
leaf_weight=7.439955651760104 12.630208417773249 78.858355611562729 8.9093597680330259 16.0676029920578 8.4352899640798586 10.201950326561926 10.824789896607397
leaf_count=30 52 319 36 65 34 41 44
internal_value=0.000936468 0.0058525 0.00116406 -0.00113769 0.0225742 0.0287737 -0.0240236
internal_weight=153.368 129.913 103.835 94.926 26.0772 18.6372 23.455
internal_count=621 525 420 384 105 75 96
is_linear=0
shrinkage=0.03


Tree=5
num_leaves=9
num_cat=0
split_feature=40 35 40 28 2 19 20 35
split_gain=18.683 9.84917 7.81374 7.89647 4.99484 4.86623 3.44408 1.27178
threshold=0.075167417120873395 -0.03262672486325479 0.048371067203485836 6.5000000000000009 -0.014477528260533055 0.13099200682630199 0.022197881811388254 0.022017727214020181
decision_type=2 2 2 2 2 2 2 2
left_child=1 4 3 -3 -1 -4 -6 -2
right_child=7 2 5 -5 6 -7 -8 -9
leaf_value=-0.00062527099823167856 -0.037052457212672509 0.0053626704180652802 0.025231320292705414 -0.012047602783175201 0.0049804032555385777 -0.0023614953877761583 0.034413156148242127 -0.01195555163298663
leaf_weight=7.4406482875347164 8.9128578156232852 38.095347866415977 12.816857993602754 52.654641762375832 7.4508484452962902 7.386099934577941 12.942407086491583 8.3299395292997342
leaf_count=30 37 154 52 213 30 30 52 34
internal_value=-0.000406395 0.0032931 -0.000679536 -0.00461929 0.0186158 0.0151639 0.0257347 -0.0282105
internal_weight=156.03 138.787 110.953 90.75 27.8339 20.203 20.3933 17.2428
internal_count=632 561 449 367 112 82 82 71
is_linear=0
shrinkage=0.03


Tree=6
num_leaves=9
num_cat=0
split_feature=40 35 32 40 11 37 14 35
split_gain=17.8788 9.32534 7.5903 7.37652 8.17518 4.58352 1.82573 1.21735
threshold=0.075167417120873395 -0.03262672486325479 -0.00090385769553402706 0.048371067203485836 0.051466209655196778 0.049273033363460346 -56.855860010960889 0.022017727214020181
decision_type=2 2 2 2 2 2 2 2
left_child=1 2 -1 4 -3 -5 -4 -2
right_child=7 3 6 5 -6 -7 -8 -9
leaf_value=-0.001284703027173774 -0.036366295047987808 0 0.037589806716504921 0.024917535775837742 -0.021725994921723786 -0.0015856159825373404 0.010345834421925488 -0.011682666010430894
leaf_weight=10.188351199030878 8.847319647669794 73.16840273141861 10.203652247786524 12.372643545269968 17.534025251865387 7.8630459010601035 7.4683718234300605 8.3157100230455381
leaf_count=41 37 296 41 50 71 32 30 34
internal_value=-0.000392616 0.00321718 0.0181188 -0.000646895 -0.00448263 0.0147282 0.0290611 -0.027657
internal_weight=155.962 138.798 27.8604 110.938 90.7024 20.2357 17.672 17.163
internal_count=632 561 112 449 367 82 71 71
is_linear=0
shrinkage=0.03


Tree=7
num_leaves=9
num_cat=0
split_feature=40 28 14 16 36 14 19 20
split_gain=17.1105 9.02715 9.0319 10.0111 8.29637 7.76659 5.74871 0.65333
threshold=0.075167417120873395 6.5000000000000009 -620.51342747407568 -40.317148846100672 0.0061307361935033838 43.263498851587435 0.084621642368451766 0.022983671283021857
decision_type=2 2 2 2 2 2 2 2
left_child=1 4 -3 -4 6 -6 -1 -2
right_child=7 2 3 -5 5 -7 -8 -9
leaf_value=-0.016612354291837279 -0.034635768795623002 0.022370408450535326 -0.019752450270160649 0.0024177222995745411 0.035980707591813002 0.0029956153694956056 0.0089772856754661359 -0.0122154113777633
leaf_weight=9.3662364184856397 8.9264410883188265 8.4414924532175046 30.374983757734299 39.06118044257164 15.660607397556307 12.399435713887213 23.5012017339468 8.1526874303817731
leaf_count=38 37 34 123 158 63 50 95 34
internal_value=-0.000382605 0.0031395 -0.00346317 -0.00735217 0.0116593 0.023073 0.000720203 -0.027122
internal_weight=155.884 138.805 77.8777 69.4362 60.9275 28.06 32.8674 17.0791
internal_count=632 561 315 281 246 113 133 71
is_linear=0
shrinkage=0.03


Tree=8
num_leaves=10
num_cat=0
split_feature=40 28 11 10 23 22 27 4 23
split_gain=16.3749 8.51732 10.3492 6.47559 6.14668 6.03773 5.48512 4.94972 0.424666
threshold=0.075167417120873395 6.5000000000000009 -0.018461458338364763 0.029394193655612137 0.95241933235628995 0.1118638296976029 1.5000000000000002 -0.036591408210945468 0.98555826406436642
decision_type=2 2 2 2 2 2 2 2 2
left_child=1 5 4 -4 -3 7 -7 -1 -2
right_child=8 2 3 -5 -6 6 -8 -9 -10
leaf_value=0 -0.032709940053496499 -0.0065146133248706632 -0.01779878831389425 0.0097625372022671231 0.018286288967599061 -0.018924246654156089 0.0089441198514454544 0.024676095033433303 -0.011280789455176453
leaf_weight=8.4189200997352582 9.8219484537839907 12.359576880931852 37.222099021077156 7.413950875401496 20.836503967642784 7.4050354361534145 17.605837389826775 27.535886988043785 7.178488850593566
leaf_count=34 41 50 151 30 84 30 71 111 30
internal_value=-0.000370148 0.003067 -0.00334645 -0.0126769 0.00878075 0.0113392 0 0.0188805 -0.0265907
internal_weight=155.798 138.798 77.8321 44.636 33.1961 60.9657 25.0109 35.9548 17.0004
internal_count=632 561 315 181 134 246 101 145 71
is_linear=0
shrinkage=0.03


Tree=9
num_leaves=7
num_cat=0
split_feature=40 20 16 40 34 20
split_gain=15.6522 7.89562 8.1443 9.75358 8.51455 0.691623
threshold=0.075167417120873395 0.031379246442670324 98.861626099894892 0.04938668075811093 0.016483236562558571 0.022983671283021857
decision_type=2 2 2 2 2 2
left_child=1 2 3 -1 -4 -2
right_child=5 -3 4 -5 -6 -7
leaf_value=-0.0075971993564841033 -0.033520482937664464 0.023824828804611758 0.025123811605131885 0.016792809585741683 -0.0092946307254119752 -0.011430958452252643
leaf_weight=84.472087934613228 8.8240405917167681 12.680319666862486 18.64095123112202 15.599067077040671 7.4001905769109717 8.0933073908090574
leaf_count=342 37 51 75 63 30 34
internal_value=-0.000371866 0.00297996 0.000427751 -0.00339379 0.0148428 -0.0260715
internal_weight=155.71 138.793 126.112 100.071 26.0411 16.9173
internal_count=632 561 510 405 105 71
is_linear=0
shrinkage=0.03


Tree=10
num_leaves=8
num_cat=0
split_feature=20 21 35 14 20 22 12
split_gain=11.4251 11.8966 9.80981 8.43956 2.34141 1.02255 0.615632
threshold=0.030735737706321008 0.022171615466416463 -0.03262672486325479 567.86453262749285 0.025915288348479192 0.1118638296976029 46.299607472173854
decision_type=2 2 2 2 2 2 2
left_child=1 2 5 -4 -3 -1 -2
right_child=6 4 3 -5 -6 -7 -8
leaf_value=0.024506371672442431 0.029729581739415301 -0.034159310915449201 -0.0065500355068132564 0.019358904170763823 -0.0067124376158111086 0.0057447569665707906 0.0090087176683023781
leaf_weight=11.962648615241052 8.189675956964491 9.4972697645425814 88.289123088121414 10.786459773778914 7.3975185304880133 8.1885983198881132 7.4037135094404212
leaf_count=48 33 39 359 44 30 33 30
internal_value=2.38812e-05 -0.00278001 0.000592606 -0.00325366 -0.0249179 0.0187667 0.0228864
internal_weight=151.715 136.122 119.227 99.0756 16.8948 20.1512 15.5934
internal_count=616 553 484 403 69 81 63
is_linear=0
shrinkage=0.03


Tree=11
num_leaves=10
num_cat=0
split_feature=19 5 7 36 3 15 26 38 12
split_gain=10.3714 8.03399 8.4349 8.19239 7.96924 5.48334 4.41462 1.41317 0.247986
threshold=0.092672014427008495 0.13079604839599993 -0.01781122910199678 0.0047060436712268649 -0.025193720661131565 -443.22076423434248 0.19826295297993415 0.0083504152625116252 46.691824169069854
decision_type=2 2 2 2 2 2 2 2 2
left_child=4 2 5 -4 -1 -2 7 -6 -8
right_child=1 -3 3 -5 6 -7 8 -9 -10
leaf_value=0.011241995240451285 0.014479729775540025 -0.021230219917682952 -0.0061859995874401314 0.018463211319656832 0.0034179312208519729 -0.011957489659089382 -0.011711937496053657 -0.012256439304612236 -0.03149763224794052
leaf_weight=8.6175079643726331 7.4506940245628384 7.3379220217466345 13.269144147634504 55.459650635719299 7.8903854340314847 23.851854041218758 7.3678853660821941 7.3898844569921494 13.012484401464461
leaf_count=35 30 30 54 225 32 97 30 30 53
internal_value=4.17522e-05 0.00517429 0.00763643 0.0134519 -0.0117657 -0.00472276 -0.0180256 -0.0038357 -0.0267008
internal_weight=151.647 107.369 100.031 68.7288 44.2781 31.3025 35.6606 15.2803 20.3804
internal_count=616 436 406 279 180 127 145 62 83
is_linear=0
shrinkage=0.03


Tree=12
num_leaves=9
num_cat=0
split_feature=37 19 28 37 38 27 12 17
split_gain=11.2127 12.4925 8.83126 14.1842 7.23091 7.02839 4.74552 2.38772
threshold=0.056587334505304294 0.087651256389759749 8.5000000000000018 1.0000000180025095e-35 0.007808860004921119 1.5000000000000002 47.131039116467555 8.4873319309445936
decision_type=2 2 2 2 2 2 2 2
left_child=1 5 4 -4 -3 -1 -7 -2
right_child=7 2 3 -5 -6 6 -8 -9
leaf_value=-0.026724156184187331 -0.027242929613317649 0.031474148511830516 0.019136385858350313 -0.016325081343008353 0.0080203530948443381 0.014584382529942937 -0.012963267595836252 -0.0026108463059410282
leaf_weight=13.972383484244345 12.388639479875566 17.145133525133133 14.596130833029745 23.833222895860672 43.921657875180244 8.894633427262308 9.62555383145809 7.2406591475009909
leaf_count=57 52 69 59 97 177 36 39 30
internal_value=1.28137e-05 0.00334418 0.00868747 -0.00220482 0.0156324 -0.0121377 0 -0.019932
internal_weight=151.618 131.989 99.4961 38.4294 61.0668 32.4926 18.5202 19.6293
internal_count=616 534 402 156 246 132 75 82
is_linear=0
shrinkage=0.03


Tree=13
num_leaves=10
num_cat=0
split_feature=40 19 28 19 19 40 16 16 2
split_gain=10.7284 10.7778 6.50496 7.12381 6.99134 6.16842 6.07417 2.73386 0.355352
threshold=0.075167417120873395 0.087651256389759749 8.5000000000000018 0.12408842462578339 0.14184896563097232 0.014983144542194739 -11.267200809003656 46.406729438442916 -0.0029977512977469307
decision_type=2 2 2 2 2 2 2 2 2
left_child=1 5 4 -4 -3 8 -7 -2 -1
right_child=7 2 3 -5 -6 6 -8 -9 -10
leaf_value=-0.011456532000951408 -0.0038130672963879292 0.021295813608604965 -0.014483095610975891 0.01002837632122951 0.00042539440003990441 0.019464501387371165 -0.012746740981561417 -0.032133447725245221 -0.030693494381176658
leaf_weight=9.3609557151794451 7.1090149730443946 38.706673890352249 18.490640223026276 19.948496103286743 24.843908339738846 7.4015295356512096 9.8196837007999402 8.4741206616163236 7.3620701879262915
leaf_count=38 30 156 75 81 100 30 40 36 30
internal_value=1.04097e-06 0.00291054 0.00785309 -0.00152476 0.0136277 -0.0111333 0.000901797 -0.0219701 -0.0231005
internal_weight=151.517 135.934 101.99 38.4391 63.5506 33.9442 17.2212 15.5831 16.723
internal_count=616 550 412 156 256 138 70 66 68
is_linear=0
shrinkage=0.03


Tree=14
num_leaves=12
num_cat=0
split_feature=23 11 10 36 38 22 5 35 36 38 36
split_gain=6.33912 7.73036 7.2889 8.95343 10.9469 5.82843 5.80361 4.46242 3.27049 2.78301 1.65267
threshold=0.98555826406436642 -0.019419674257399207 -0.037655146111040587 0.0048432310391404781 0.0081477867905843885 0.084779452943766223 0.0076389048291722892 0.035347488336312967 0.0077021195002039402 0.0095961366280039526 0.006157900997307098
decision_type=2 2 2 2 2 2 2 2 2 2 2
left_child=2 7 -1 9 -5 6 -3 8 -2 -4 -7
right_child=1 5 3 4 -6 10 -8 -9 -10 -11 -12
leaf_value=0.01847362214507893 0.036106812706730697 -0.0058545370831091905 -0.032954655350800229 0.016640927647346555 -0.011003265147016356 -0.0021157557142676134 0.020472494218984196 7.3772538922590037e-05 0.0067652879860917144 -0.0054555638264199612 -0.024504641868141715
leaf_weight=7.8962704539299002 10.650017783045774 13.559664487838747 12.589404538273813 17.061576873064041 37.227053463459015 7.3589291274547559 12.024000972509382 10.128630876541136 8.2262038439512235 7.3767212629318228 7.3458455502986908
leaf_count=32 43 55 52 69 152 30 49 41 33 30 30
internal_value=0 0.00664892 -0.00550852 -0.00867313 -0.00176631 -0.00160342 0.00656228 0.0179594 0.0259115 -0.0248994 -0.015793
internal_weight=151.444 69.2933 82.151 74.2548 54.2886 40.2884 25.5837 29.0049 18.8762 19.9661 14.7048
internal_count=616 281 335 303 221 164 104 117 76 82 60
is_linear=0
shrinkage=0.03


Tree=15
num_leaves=9
num_cat=0
split_feature=37 28 20 11 35 10 32 16
split_gain=17.3393 8.77149 7.08531 7.90408 5.91386 5.45657 5.12803 3.24269
threshold=0.053210109110898414 6.5000000000000009 0.021844726945757061 -0.043108194958662242 0.055900136275615082 -0.034118665200683899 -0.002192651098901099 46.406729438442916
decision_type=2 2 2 2 2 2 2 2
left_child=1 5 4 -4 -3 -1 -7 -2
right_child=7 2 3 -5 -6 6 -8 -9
leaf_value=-0.0076385111150049307 -0.0061910686292206678 -0.021006783317020359 0.023242274003569544 -0.0032554608213694568 0.0057918517773737016 0.028196322913670517 0.0077156842536756764 -0.032269170780377401
leaf_weight=7.9485121965408316 10.069793194532396 21.737204864621166 12.939493358135222 28.088534489274025 8.6157924234867078 19.604570880532265 32.989683896303177 12.639280155301092
leaf_count=32 42 89 52 114 35 79 133 53
internal_value=0.00024352 0.00459415 -0.00235594 0.00544472 -0.0130485 0.0128416 0.0163779 -0.0227496
internal_weight=154.633 131.924 71.381 41.028 30.353 60.5428 52.5943 22.7091
internal_count=629 534 290 166 124 244 212 95
is_linear=0
shrinkage=0.03


Tree=16
num_leaves=9
num_cat=0
split_feature=37 28 0 0 10 32 12 21
split_gain=16.5245 8.26994 6.51376 5.36892 5.18157 4.83091 3.56816 1.49328
threshold=0.053210109110898414 6.5000000000000009 0.020212139340113237 0.0033225638019145358 -0.034118665200683899 -0.002192651098901099 67.639772175823069 0.017782394025635848
decision_type=2 2 2 2 2 2 2 2
left_child=1 4 3 -3 -1 -6 7 -2
right_child=6 2 -4 -5 5 -7 -8 -9
leaf_value=-0.0074582812832601235 -0.018227891905293302 0 0.01951064595563283 -0.018673582199243428 0.027392449274840306 0.0074942515928199619 -0.037804831963623074 0
leaf_weight=7.9447576105594626 7.1837693005800265 44.5138228982687 8.4028118848800641 18.403430089354515 19.632738560438156 33.004361033439636 7.5904922336339942 7.8401883095502853
leaf_count=32 30 181 34 75 79 133 32 33
internal_value=0.000228045 0.00447156 -0.00227747 -0.00592986 0.0124754 0.0159215 -0.0222657 -0.0100147
internal_weight=154.516 131.902 71.3201 62.9173 60.5819 52.6371 22.6144 15.024
internal_count=629 534 290 256 244 212 95 63
is_linear=0
shrinkage=0.03


Tree=17
num_leaves=9
num_cat=0
split_feature=40 28 11 36 36 10 16 16
split_gain=12.157 8.52458 6.14795 9.96169 7.0328 4.75868 5.3241 3.94583
threshold=0.07418991112433472 6.5000000000000009 -0.028334682929729679 0.006157900997307098 0.0052260808517211278 -0.034118665200683899 -51.671985224523574 46.406729438442916
decision_type=2 2 2 2 2 2 2 2
left_child=1 5 4 -4 -3 -1 -7 -2
right_child=7 2 3 -5 -6 6 -8 -9
leaf_value=-0.0082788030923564952 -0.0035441805838494879 -0.0070950166550652338 0.0043972506464679305 -0.021574838502816183 0.021988919295344904 0.032156965673424374 0.0086140107838149817 -0.034428489593299166
leaf_weight=7.4606010466814032 8.3148151040077227 12.268863931298258 22.541925951838493 26.267901137471199 13.158810287714003 10.92384350299835 44.704392686486244 8.7868757992982847
leaf_count=30 35 50 92 107 53 44 180 38
internal_value=0.000203145 0.0033713 -0.00334311 -0.00958394 0.00791493 0.0113626 0.014453 -0.0221412
internal_weight=154.428 137.326 74.2375 48.8098 25.4277 63.0888 55.6282 17.1017
internal_count=629 556 302 199 103 254 224 73
is_linear=0
shrinkage=0.03


Tree=18
num_leaves=9
num_cat=0
split_feature=40 23 10 40 0 28 16 26
split_gain=11.7048 9.88773 7.94263 7.33588 8.72731 8.42096 4.78749 4.28869
threshold=0.062314557228926544 0.98555826406436642 -0.031998702832772889 0.021240795017616557 -0.0022899318514262297 7.5000000000000009 46.406729438442916 0.079246411483253607
decision_type=2 2 2 2 2 2 2 2
left_child=1 3 -3 4 -1 -5 -2 -4
right_child=6 2 7 5 -6 -7 -8 -9
leaf_value=0.0026532619951952483 -0.0027509422292430179 -0.0052995400049490361 0.03785024688759258 0.022138636779019161 -0.022628916437741918 -0.0097576607284659278 -0.029039766796942167 0.012730928587845067
leaf_weight=21.469330102205276 13.979892343282701 13.601152360439299 8.4639353454112989 15.376955822110178 23.149826034903526 10.712839618325232 12.847649484872816 34.706773370504379
leaf_count=87 58 55 34 62 94 44 55 140
internal_value=0.000187926 0.00412807 0.0132835 -0.00317964 -0.0105502 0.00874533 -0.0170022 0.0194457
internal_weight=154.308 127.481 56.7719 70.709 44.6192 26.0898 26.8275 43.1707
internal_count=629 516 229 287 181 106 113 174
is_linear=0
shrinkage=0.03


Tree=19
num_leaves=11
num_cat=0
split_feature=37 23 10 37 24 36 34 12 1 10
split_gain=14.9188 7.62036 9.6782 8.43063 7.74001 6.06122 4.28349 3.38987 3.91072 0.866057
threshold=0.053210109110898414 0.98555826406436642 -0.031998702832772889 -0.0011125485952001577 0.082207207207207214 0.0046403044386678907 -0.014795559058829786 67.639772175823069 0.0021050871925676344 -0.0081476026175755761
decision_type=2 2 2 2 2 2 2 2 2 2
left_child=1 5 3 -3 -4 9 -7 8 -2 -1
right_child=7 2 4 -5 -6 6 -8 -9 -10 -11
leaf_value=-0.0048409841970588402 -0.02221630573041182 0.011621737220501754 0.0061751913061307657 -0.027516095112097141 0.032343678785892567 -0.0080914128471408671 0.0085098780893822206 -0.036557267423889178 0.0046547937798332535 -0.023750907142335492
leaf_weight=7.3452580124139812 7.7575407326221484 8.1910827159881574 24.78592811524868 7.3647498339414588 19.63640570640564 19.502311959862709 36.252259135246277 7.4466933012008658 7.170997217297554 8.7347293645143491
leaf_count=30 33 33 100 30 79 79 147 32 30 36
internal_value=0.000178448 0.00420217 0.0119553 -0.00707704 0.0189609 -0.0022166 0.00236411 -0.0213099 -0.00939759 -0.0174336
internal_weight=154.188 131.813 59.9782 15.5558 44.4223 71.8346 55.7546 22.3752 14.9285 16.08
internal_count=629 534 242 63 179 292 226 95 63 66
is_linear=0
shrinkage=0.03


Tree=20
num_leaves=6
num_cat=0
split_feature=14 37 14 11 23
split_gain=13.5467 9.51097 7.0864 7.49407 4.84856
threshold=-601.42314842919211 0.066754880669064112 -189.69984936353464 0.0042436089110760031 0.97836887008704831
decision_type=2 2 2 2 2
left_child=-1 2 4 -4 -2
right_child=1 -3 3 -5 -6
leaf_value=0.027244984858617864 -0.025504519177059592 -0.030869055174843764 0.010595518360579153 -0.0057147174278594616 -0.0029777959713717063
leaf_weight=10.452459469437597 15.587539896368979 10.115526109933851 42.929076910018921 55.450530618429184 21.480049669742584
leaf_count=42 64 44 174 226 87
internal_value=-0.00266098 -0.00525026 -0.00280651 0.00132231 -0.0136553
internal_weight=156.015 145.563 135.447 98.3796 37.0676
internal_count=637 595 551 400 151
is_linear=0
shrinkage=0.03


Tree=21
num_leaves=6
num_cat=0
split_feature=14 37 14 38 16
split_gain=12.8743 9.12224 6.7319 8.78635 4.22958
threshold=-601.42314842919211 0.066754880669064112 -189.69984936353464 0.0081141366798509907 -74.510466931925706
decision_type=2 2 2 2 2
left_child=-1 2 4 -4 -2
right_child=1 -3 3 -5 -6
leaf_value=0.026539452843186057 -0.025805003001839053 -0.030315783655874284 0.013612647355667851 -0.0048944860940787439 -0.0041423297720625399
leaf_weight=10.461441218852995 13.455397695302961 10.028946980834005 32.83187398314476 65.53866808116436 23.548595517873764
leaf_count=42 55 44 133 267 96
internal_value=-0.00259727 -0.005127 -0.00273756 0.00128112 -0.0133232
internal_weight=155.865 145.403 135.375 98.3705 37.004
internal_count=637 595 551 400 151
is_linear=0
shrinkage=0.03


Tree=22
num_leaves=6
num_cat=0
split_feature=20 37 28 36 20
split_gain=11.4085 8.56858 8.75411 6.77364 5.69297
threshold=0.030735737706321008 0.066754880669064112 6.5000000000000009 0.0050462768954078283 0.02036356469289086
decision_type=2 2 2 2 2
left_child=1 2 3 -1 -4
right_child=-2 -3 4 -5 -6
leaf_value=-0.0097405577809024299 0.021231721268780524 -0.029779868158632809 -0.022276118924077548 0.011987750736695569 -0.0037501488257163937
leaf_weight=15.88787657022476 14.153335928916929 9.9404781907796842 21.127196550369263 41.658171877264977 52.945671036839485
leaf_count=65 57 44 87 168 216
internal_value=-0.00253458 -0.00527795 -0.00289714 0.00561121 -0.00967807
internal_weight=155.713 141.559 131.619 57.546 74.0729
internal_count=637 580 536 233 303
is_linear=0
shrinkage=0.03


Tree=23
num_leaves=8
num_cat=0
split_feature=14 28 40 24 40 31 4
split_gain=12.0201 8.20548 9.62987 7.17382 4.81999 3.0174 2.93681
threshold=-601.42314842919211 6.5000000000000009 0.076415355734515203 -0.47416851441241675 0.025781435332291717 -1.4999999999999998 -0.0049437834145389372
decision_type=2 2 2 2 2 2 2
left_child=-1 2 4 5 -2 -3 -5
right_child=1 3 -4 6 -6 -7 -8
leaf_value=0.025665992027983767 0 -0.0081854430756890251 -0.021517602480321068 -0.025853104552124109 0.016527612712143386 0.012755065095676527 -0.0093946936321202164
leaf_weight=10.462709948420523 36.995972126722336 9.5088353902101534 10.816223502159117 23.31889434158802 24.982043147087097 10.735499471426008 28.701713442802429
leaf_count=42 149 39 48 96 101 44 118
internal_value=-0.00247716 -0.00493049 0.0020014 -0.011981 0.00688468 0.00239329 -0.0177341
internal_weight=155.522 145.059 72.7942 72.2649 61.978 20.2443 52.0206
internal_count=637 595 298 297 250 83 214
is_linear=0
shrinkage=0.03


Tree=24
num_leaves=6
num_cat=0
split_feature=20 37 28 20 28
split_gain=10.5742 8.09049 7.83654 5.30296 4.8327
threshold=0.030735737706321008 0.066754880669064112 6.5000000000000009 0.02036356469289086 3.5000000000000004
decision_type=2 2 2 2 2
left_child=1 2 4 -4 -1
right_child=-2 -3 3 -5 -6
leaf_value=-0.0025281417321019882 0.020467570496736181 -0.029020858799970857 -0.021383277138520358 -0.0034652023835102198 0.01410921009666382
leaf_weight=30.372348830103874 14.143853783607481 9.8004190772771818 20.998507604002953 52.860184907913208 27.159703001379967
leaf_count=123 57 44 87 216 110
internal_value=-0.00241103 -0.00506152 -0.00275361 -0.00918662 0.00528419
internal_weight=155.335 141.191 131.391 73.8587 57.5321
internal_count=637 580 536 303 233
is_linear=0
shrinkage=0.03


Tree=25
num_leaves=12
num_cat=0
split_feature=27 40 36 4 23 32 32 34 12 38 18
split_gain=11.5488 10.2847 8.64028 7.78937 4.39715 4.50996 4.08774 3.21013 3.17731 2.54252 1.74315
threshold=1.5000000000000002 0.062314557228926544 0.0055382943536720179 -0.012807511174588558 0.98555826406436642 0.0017561070275340376 -0.0086185049897757309 -0.0048998827391287794 58.992066600762264 0.010924057165815572 0.49441727287350851
decision_type=2 2 2 2 2 2 2 2 2 2 2
left_child=4 2 3 -2 7 -6 -4 -1 -3 -9 -7
right_child=1 8 6 -5 5 10 -8 9 -10 -11 -12
leaf_value=0 -0.016062397528674156 0 0.0018862221519602121 0.012203745255625507 0.012948208281632409 0 0.025320931092721984 -0.027381035811033551 -0.024558712985223056 -0.0040451629319898479 -0.01750060960333729
leaf_weight=9.5150140374898893 13.196702882647516 7.7365109473466855 10.376041337847708 18.745618298649788 12.03979551792145 7.3620311617851284 34.423780515789986 16.49058605730534 7.633474588394165 8.6037473380565626 8.6896791011095029
leaf_count=39 54 33 42 76 49 30 139 69 33 36 36
internal_value=0.000957658 0.00773881 0.012315 0 -0.00870379 0 0.0205263 -0.0155559 -0.0130335 -0.020823 -0.00971889
internal_weight=154.813 92.1121 76.7421 31.9423 62.7009 28.0915 44.7998 34.6093 15.37 25.0943 16.0517
internal_count=636 377 311 130 259 115 181 144 66 105 66
is_linear=0
shrinkage=0.03


Tree=26
num_leaves=8
num_cat=0
split_feature=40 27 5 9 22 16 35
split_gain=11.0522 8.71656 5.28223 6.12768 5.1034 5.08267 4.62019
threshold=0.071665812940453169 1.5000000000000002 0.10591091322212144 -0.048900005349293216 0.26394297137775241 25.153423324356947 0.027902596173809194
decision_type=2 2 2 2 2 2 2
left_child=1 4 3 -3 5 -1 -2
right_child=6 2 -4 -5 -6 -7 -8
leaf_value=-0.0081576536830216175 -0.029049512539447854 0 -0.010874914526652721 0.018384082197992393 -0.021884476757404701 0.011985237280283164 0
leaf_weight=26.153116270899773 12.111777395009996 23.388071209192276 7.3659466207027426 51.086211249232292 10.495533943176268 16.802430808544159 7.2899766117334357
leaf_count=107 55 95 30 207 43 68 31
internal_value=0.000912318 0.004117 0.0102337 0.0127474 -0.00500928 0 -0.0190299
internal_weight=154.693 135.291 81.8402 74.4743 53.4511 42.9555 19.4018
internal_count=636 550 332 302 218 175 86
is_linear=0
shrinkage=0.03


Tree=27
num_leaves=9
num_cat=0
split_feature=40 27 19 1 35 9 14 0
split_gain=10.5087 8.22237 10.1814 5.89029 4.45098 4.29045 6.4277 2.92864
threshold=0.071665812940453169 1.5000000000000002 0.091061945164337993 -0.015618357456679275 0.027902596173809194 0.10251045058990625 -220.81700146728687 -1.0000000180025095e-35
decision_type=2 2 2 2 2 2 2 2
left_child=1 2 7 -4 -2 6 -3 -1
right_child=4 5 3 -5 -6 -7 -8 -9
leaf_value=-0.0044641163254676612 -0.02854813290835179 -2.714972205365378e-05 -0.012839959233801055 0.011502313267956804 0 -0.0090686500295725711 0.018078898686621669 -0.033302572082541164
leaf_weight=7.3058132678270367 11.991706654429438 24.119384974241257 10.821062326431273 26.092849493026733 7.2899766117334357 7.348745957016944 50.420185372233391 9.1854502856731397
leaf_count=30 55 98 44 106 31 30 204 38
internal_value=0.000861587 0.00398179 -0.00488286 0.00368791 -0.0186438 0.00992045 0.0121766 -0.0232027
internal_weight=154.575 135.293 53.4052 36.9139 19.2817 81.8883 74.5396 16.4913
internal_count=636 550 218 150 86 332 302 68
is_linear=0
shrinkage=0.03


Tree=28
num_leaves=9
num_cat=0
split_feature=27 37 20 14 17 9 21 21
split_gain=9.85566 7.49726 4.30562 3.77098 6.42325 6.06776 3.20028 4.86633
threshold=1.5000000000000002 0.056587334505304294 0.030403997585885873 -189.69984936353464 7.1051963321465346 0.093061202774418053 0.021526134507072716 0.018009140120694909
decision_type=2 2 2 2 2 2 2 2
left_child=2 3 6 4 -2 -5 7 -1
right_child=1 -3 -4 5 -6 -7 -8 -9
leaf_value=-0.01211496578617618 -0.012348633910267925 -0.013185783033378006 0.010462485216336527 0.019242536652579745 0.01511513746987516 -0.0060619870236524103 -0.025771029891669527 0.009427942204899396
leaf_weight=34.912244349718094 13.711437344551088 11.836330726742743 7.3542218357324591 45.268791317939758 12.853383004665373 8.3929462134838086 9.8627680093049985 10.249211192131041
leaf_count=145 56 52 30 183 52 34 42 42
internal_value=0.000799468 0.00706573 -0.00814796 0.010484 0.00054249 0.0149397 -0.0111781 -0.00671535
internal_weight=154.441 92.0629 62.3784 80.2266 26.5648 53.6617 55.0242 45.1615
internal_count=636 377 259 325 108 217 229 187
is_linear=0
shrinkage=0.03


Tree=29
num_leaves=10
num_cat=0
split_feature=40 27 19 7 22 37 14 11 2
split_gain=9.6978 7.2583 9.61703 5.25253 4.06877 3.91326 7.56663 5.0807 3.66702
threshold=0.071665812940453169 1.5000000000000002 0.091061945164337993 -0.018476011689704062 0.12706450942623829 0.01406759211781339 -220.81700146728687 -0.0065380066298528208 -0.0042466779032906956
decision_type=2 2 2 2 2 2 2 2 2
left_child=1 2 8 -4 -2 7 -7 -3 -1
right_child=4 5 3 -5 -6 6 -8 -9 -10
leaf_value=-0.0034987567332604194 -0.027457286800326369 0.023810278340296847 -0.011895069751177189 0.011095400099587217 0 -0.021387843009958097 0.0087774711094028533 0.0019107764295892822 -0.034221462122395567
leaf_weight=7.7692471295595196 11.98653891682625 24.792181625962257 10.769413083791731 26.122878432273865 7.1096594780683509 7.5225864648818961 31.739966049790382 17.86210897564888 8.6316800117492658
leaf_count=32 54 100 44 106 32 31 129 72 36
internal_value=0.000764194 0.00375698 -0.00457326 0.00373188 -0.0180623 0.00933502 0.00187783 0.0154718 -0.0224452
internal_weight=154.306 135.21 53.2932 36.8923 19.0962 81.9168 39.2626 42.6543 16.4009
internal_count=636 550 218 150 86 332 160 172 68
is_linear=0
shrinkage=0.03


Tree=30
num_leaves=10
num_cat=0
split_feature=40 40 11 36 19 37 26 26 20
split_gain=8.58949 6.8933 13.407 8.84779 8.02552 7.48348 6.49647 1.79353 1.49513
threshold=0.076415355734515203 0.024070586211614623 -0.025690700193302992 0.0043209750435972902 0.14184896563097232 -0.010333225840623515 0.44821428571428579 0.21269841269841272 0.023341349403876468
decision_type=2 2 2 2 2 2 2 2 2
left_child=1 2 3 -1 6 -4 -3 -6 -2
right_child=8 4 5 -5 7 -7 -8 -9 -10
leaf_value=-0.014602188579905863 -0.030556359216119752 0.022912782392392642 0.0034166325281766428 0.019343932555475125 0.0007652483027086284 -0.020943007347139629 -0.0041440225434244962 -0.01697248349276247 -0.0058272430286243852
leaf_weight=7.3166161477565792 7.6129803955554944 29.432449370622635 14.075545966625212 23.545409500598907 7.7851536422967893 35.983317643404007 8.803057134151457 7.3218502253293991 6.6783258616924286
leaf_count=30 35 120 57 95 32 147 36 30 30
internal_value=-0.00144169 0.000933889 -0.00443139 0.0104408 0.0092101 -0.0139373 0.0164143 -0.00793399 -0.0220552
internal_weight=148.555 134.263 80.9209 30.862 53.3425 50.0589 38.2355 15.107 14.2913
internal_count=612 547 329 125 218 204 156 62 65
is_linear=0
shrinkage=0.03


Tree=31
num_leaves=7
num_cat=0
split_feature=40 39 40 15 28 21
split_gain=8.24584 6.50734 10.2632 9.11964 5.54699 0.385698
threshold=0.076415355734515203 1.0000000180025095e-35 0.024070586211614623 -133.95129963955824 7.5000000000000009 0.018994414552582467
decision_type=2 2 2 2 2 2
left_child=1 -1 3 -3 -4 -2
right_child=5 2 4 -5 -6 -7
leaf_value=0.020248582050936388 -0.028900498396727033 0.0039337433954519619 0.016413283117015922 -0.017477341836519073 -0.0023135136019379584 -0.0092458006116093901
leaf_weight=12.118414238095282 6.5457225739955884 27.79100513458252 30.539887562394142 41.401822850108147 22.324972659349442 7.6503710597753525
leaf_count=49 30 113 124 169 92 35
internal_value=-0.00142228 0.00089832 -0.00119741 -0.00879805 0.00843546 -0.0216843
internal_weight=148.372 134.176 122.058 69.1928 52.8649 14.1961
internal_count=612 547 498 282 216 65
is_linear=0
shrinkage=0.03


Tree=32
num_leaves=6
num_cat=0
split_feature=35 20 21 35 20
split_gain=8.05586 6.977 7.72011 5.83278 2.51422
threshold=-0.083440988298122395 0.031867707504836536 0.02255157190606873 0.027430432568370081 0.027321464346020029
decision_type=2 2 2 2 2
left_child=-1 2 3 -2 -4
right_child=1 -3 4 -5 -6
leaf_value=0.024622333902820068 -0.0096061055118846876 0.017881249076130281 -0.030550771855830081 0.0038995007623910671 -0.004289035675950471
leaf_weight=7.9043090492486945 49.595605239272118 10.568579316139219 11.239190295338632 61.581804886460304 7.3255427181720725
leaf_count=32 206 43 48 253 30
internal_value=-0.00138835 -0.00328449 -0.00536776 -0.00205602 -0.0223424
internal_weight=148.215 140.311 129.742 111.177 18.5647
internal_count=612 580 537 459 78
is_linear=0
shrinkage=0.03


Tree=33
num_leaves=6
num_cat=0
split_feature=35 20 21 38 38
split_gain=7.68253 6.63382 7.38966 7.87299 2.78449
threshold=-0.083440988298122395 0.031867707504836536 0.02255157190606873 0.012112788071331671 0.010776612910024599
decision_type=2 2 2 2 2
left_child=-1 2 3 -2 -4
right_child=1 -3 4 -5 -6
leaf_value=0.024076536832157557 0.00101656174752227 0.017438473139458885 -0.030143605516446306 -0.021751500522775254 -0.0030579652091914191
leaf_weight=7.8865933418273917 97.449146896600723 10.56268374621868 11.456361666321756 13.709811002016066 7.0355397611856452
leaf_count=32 402 43 48 57 30
internal_value=-0.00134417 -0.00319798 -0.00523255 -0.00199379 -0.0218747
internal_weight=148.1 140.214 129.651 111.159 18.4919
internal_count=612 580 537 459 78
is_linear=0
shrinkage=0.03


Tree=34
num_leaves=10
num_cat=0
split_feature=40 40 37 15 28 35 36 5 21
split_gain=7.81896 6.16271 10.8637 10.1475 5.07735 5.45249 3.5964 2.7061 0.412157
threshold=0.076415355734515203 0.024070586211614623 0.011431518126445829 -9.0752465017495201 7.5000000000000009 0.028409734978965377 0.0049597557690506501 -0.0010600553035734481 0.018994414552582467
decision_type=2 2 2 2 2 2 2 2 2
left_child=1 2 3 -1 6 -6 -3 -4 -2
right_child=8 4 7 -5 5 -7 -8 -9 -10
leaf_value=0.012180498124098301 -0.028353511701481222 0 -0.0062793386769825722 -0.01344145448277434 -0.018201120993729881 0.0093313878738579773 0.022072765841990343 -0.029315253006531906 -0.0088018131560600003
leaf_weight=36.992162615060806 6.4598165899515134 8.1321254819631594 11.631243005394937 19.361747920513153 8.8500175327062625 13.687117308378218 22.642910987138748 12.635986745357512 7.5823987722396851
leaf_count=150 30 33 48 79 37 56 92 52 35
internal_value=-0.00130712 0.000942908 -0.00413746 0.00296143 0.00876867 -0.00147124 0.0163574 -0.020164 -0.0211447
internal_weight=147.976 133.933 80.6211 56.3539 53.3122 22.5371 30.775 24.2672 14.0422
internal_count=612 547 329 229 218 93 125 100 65
is_linear=0
shrinkage=0.03


Tree=35
num_leaves=13
num_cat=0
split_feature=14 38 14 11 13 13 4 13 17 0 13 5
split_gain=6.58115 12.5897 7.44774 8.49093 6.33271 8.26414 5.68959 5.39013 2.56265 1.97359 1.51554 1.41934
threshold=-34.656853657761523 0.0081477867905843885 -159.80194729234424 -0.02016066007817879 1.7218286448265874 4.1402468338462457 -0.018669975777667321 -1.1448933472897591 -41.701032149601922 0.0015823961955249157 2.2703968226130731 -0.085762835295545556
decision_type=2 2 2 2 2 2 2 2 2 2 2 2
left_child=2 7 3 6 8 -6 -1 -2 -3 -4 -9 -5
right_child=1 4 9 11 5 -7 -8 10 -10 -11 -12 -13
leaf_value=0.019720289728573578 0.027005300544044385 -0.000844140536261706 0.031635862949372408 -0.0023254887611783956 0.022225304669875517 -0.014311378144800838 -0.0015078889124178817 -0.0082003475759469431 -0.0235189820975647 0.008417081548080475 0.0087669567742957345 -0.023294100956467636
leaf_weight=21.638228565454483 11.057432845234873 7.1998602896928778 11.554069817066194 7.5130541622638702 8.0351819843053836 10.347043648362158 19.056382015347481 7.2491511702537519 25.909599974751472 9.8250746130943281 7.6542500555515289 7.4435974210500699
leaf_count=88 46 30 47 31 33 43 79 31 108 40 32 31
internal_value=0.00277474 -0.00322743 0.00892855 0.00255501 -0.0118306 0.00153721 0.0098233 0.0129257 -0.0193444 0.0232398 0 -0.0151623
internal_weight=154.483 77.4525 77.0304 55.6513 51.4917 18.3822 40.6946 25.9608 33.1095 21.3791 14.9034 14.9567
internal_count=639 323 316 229 214 76 167 109 138 87 63 62
is_linear=0
shrinkage=0.03


Tree=36
num_leaves=10
num_cat=0
split_feature=23 24 8 17 21 37 19 37 2
split_gain=12.9688 9.18221 6.59225 6.46417 4.60497 7.44951 6.47671 3.33569 1.90199
threshold=0.98555826406436642 0.42539682539682544 -0.043505751682310835 6.8163507634033929 0.013038910028437345 -1.0000000180025095e-35 0.14184896563097232 -0.020513137149839652 0.011186427851257232
decision_type=2 2 2 2 2 2 2 2 2
left_child=1 2 -1 -4 -2 7 -7 -6 -3
right_child=4 8 3 -5 5 6 -8 -9 -10
leaf_value=0.02298222348889898 0.028687185580288144 -0.032067852276155558 -0.010135127903789107 0.01064686140372088 0.0063653908266183929 0.0078575292585678688 -0.017414323793054992 0.031611362762697166 -0.0075638896892201105
leaf_weight=7.8593662381172171 11.309151470661162 9.3066305965185183 40.345203831791878 17.352178931236267 12.359472498297693 24.512129977345467 11.851221218705176 10.873516157269476 8.6184759140014631
leaf_count=32 46 39 169 72 50 102 49 44 36
internal_value=0.0027037 -0.00514074 5.1158e-05 -0.00348649 0.0120329 0.00780019 -0.000466326 0.0203445 -0.0229809
internal_weight=154.387 83.4819 65.5567 57.6974 70.9055 59.5963 36.3634 23.233 17.9251
internal_count=639 348 273 241 291 245 151 94 75
is_linear=0
shrinkage=0.03


Tree=37
num_leaves=8
num_cat=0
split_feature=9 27 36 34 36 19 17
split_gain=10.4387 6.10956 4.09681 6.26924 5.85393 2.48461 2.86715
threshold=0.11658084627362718 1.0000000180025095e-35 0.0046403044386678907 -0.0097398967122197515 0.003466028208224677 0.091061945164337993 -4.1984349663023997
decision_type=2 2 2 2 2 2 2
left_child=1 5 4 -4 -3 -1 -7
right_child=-2 2 3 -5 -6 6 -8
leaf_value=-0.02025341522121266 -0.023949931182081788 0.017493434084101374 8.3212511503491922e-05 0.016515709235869269 -0.010839259670167814 -0.013088620642680866 0.009524345027083183
leaf_weight=7.6612467318773296 10.126040577888487 7.2666620016098049 34.769597977399826 58.545558512210846 19.697222769260406 7.2286798954010072 9.0181921720504707
leaf_count=32 43 30 142 242 82 31 37
internal_value=0.0026421 0.00491434 0.00772771 0.0106805 -0.00200512 -0.00816435 -4.65628e-05
internal_weight=154.313 144.187 120.279 93.3152 26.9639 23.9081 16.2469
internal_count=639 596 496 384 112 100 68
is_linear=0
shrinkage=0.03


Tree=38
num_leaves=9
num_cat=0
split_feature=37 2 38 36 38 32 13 14
split_gain=8.69076 5.96369 7.62368 7.49314 7.09571 3.37023 2.60118 0.8341
threshold=-0.00049928014613848093 -0.032039370675572325 0.0083923855864146187 0.0060592821187525608 0.010972553106947272 -0.0079834469741864571 5.8866925847464708 -15.586081537345306
decision_type=2 2 2 2 2 2 2 2
left_child=5 -2 3 -3 -4 -1 7 -7
right_child=1 2 4 -5 -6 6 -8 -9
leaf_value=0 0.016266207867557038 -0.0068875709485496338 -0.020601435389732702 0.017533085165783446 0.00053166200706488494 0.026394705018764578 0.00098859672504005925 0.007412888381271898
leaf_weight=13.800522506237028 11.638083651661871 21.368297010660172 32.330286920070648 19.309965699911118 22.034215986728668 18.025489062070847 8.3882711678743345 7.3790935724973705
leaf_count=56 48 91 135 80 92 73 34 30
internal_value=0.00255082 -0.00211589 -0.00481021 0.00463183 -0.012055 0.0129772 0.0178349 0.0223719
internal_weight=154.274 106.681 95.0428 40.6783 54.3645 47.5934 33.7929 25.4046
internal_count=639 446 398 171 227 193 137 103
is_linear=0
shrinkage=0.03


Tree=39
num_leaves=11
num_cat=0
split_feature=23 11 14 10 36 38 12 38 38 35
split_gain=12.0438 7.40948 6.99712 5.65603 7.63317 8.20225 3.5872 3.19889 2.23203 0.188464
threshold=0.98555826406436642 -0.019419674257399207 -198.81456078452354 -0.040715939630949653 0.0048432310391404781 0.0082373312703154008 59.45940104436837 0.0091170767621364234 0.010059670820436425 -0.029663460040684427
decision_type=2 2 2 2 2 2 2 2 2 2
left_child=3 6 -3 -1 8 -6 9 -4 -5 -2
right_child=1 2 7 4 5 -7 -8 -9 -10 -11
leaf_value=0.015505721720096463 0.012748498892881599 -0.019228446974698152 0.018017880613107575 -0.029418442554028007 0.014567129910970113 -0.0094130582205176842 0.0018535987057328766 0 -0.0046271332301530332 0.032920340584941525
leaf_weight=8.3386889249086362 7.3821851164102616 7.9936051964759818 15.794006511569021 13.435137718915941 16.891170158982277 37.366715461015701 7.6027027815580359 17.629633456468582 7.2587191164493552 14.46340826153755
leaf_count=34 30 33 66 58 70 156 31 72 30 59
internal_value=0.00250156 0.0114953 0.00260784 -0.00506483 -0.00789183 -0.00142862 0.0225573 0.00904443 -0.0225576 0.0283738
internal_weight=154.156 70.8655 41.4172 83.2904 74.9517 54.2579 29.4483 33.4236 20.6939 21.8456
internal_count=639 291 171 348 314 226 120 138 88 89
is_linear=0
shrinkage=0.03


Tree=40
num_leaves=10
num_cat=0
split_feature=37 19 13 40 37 35 0 25 26
split_gain=10.1438 7.17706 7.19945 5.86295 6.30878 7.90889 4.4246 3.36423 2.96222
threshold=1.0000000180025095e-35 0.088561597091203134 5.4613997929644507 0.010778926395724754 0.053210109110898414 -0.015157193110803433 -0.0013673750139160388 0.18786764705882356 0.19399641577060936
decision_type=2 2 2 2 2 2 2 2 2
left_child=1 -1 7 6 5 -5 -2 -3 -6
right_child=3 2 -4 4 8 -7 -8 -9 -10
leaf_value=-0.011577127596711432 -0.0026275062037917061 0.0097642664524789126 -0.0039941009577005729 0.024367997069111788 -0.00037420661142641381 -0.001602482253894979 -0.030652899554236755 0.034185131347248598 -0.02404791223936616
leaf_weight=7.8157961666584006 11.227536454796793 13.812664046883585 9.3617621809244138 11.035917088389395 9.5637840926647204 50.268301337957382 10.792809218168257 14.348266854882239 11.349235847592352
leaf_count=32 46 56 38 45 42 207 45 58 52
internal_value=-5.99864e-05 0.0113913 0.0168988 -0.00530265 -0.00126397 0.00345791 -0.0183966 0.024146 -0.0148539
internal_weight=149.576 45.3385 37.5227 104.238 82.2172 61.3042 22.0203 28.1609 20.913
internal_count=621 184 152 437 346 252 91 114 94
is_linear=0
shrinkage=0.03


Tree=41
num_leaves=9
num_cat=0
split_feature=37 19 13 32 37 36 25 17
split_gain=9.62465 6.83062 6.8562 4.52757 4.09682 3.7755 3.17883 1.60044
threshold=1.0000000180025095e-35 0.088561597091203134 5.4613997929644507 0.011866471012559445 0.066754880669064112 0.0046403044386678907 0.18786764705882356 24.042662139295377
decision_type=2 2 2 2 2 2 2 2
left_child=1 -1 6 4 5 -2 -3 -5
right_child=3 2 -4 7 -6 -7 -8 -9
leaf_value=-0.011311908805898146 -0.010799781870632276 0.0095096089468739119 -0.0038953694179798578 -0.0055952719244895524 -0.020574090277044432 0.003863560953137622 0.033323589737182427 -0.027846224662123876
leaf_weight=7.8061132580041876 19.129829943180084 13.810662955045702 9.361764729022978 8.9244668781757372 7.6093848347663871 60.535071924328804 14.329621255397795 7.8584464639425269
leaf_count=32 81 56 38 38 36 249 58 33
internal_value=-7.00889e-05 0.0110833 0.0164613 -0.00518531 -0.00206436 0 0.0235404 -0.0186683
internal_weight=149.365 45.3082 37.502 104.057 87.2743 79.6649 28.1403 16.7829
internal_count=621 184 152 437 366 330 114 71
is_linear=0
shrinkage=0.03


Tree=42
num_leaves=8
num_cat=0
split_feature=39 23 19 24 19 40 11
split_gain=10.4715 5.78972 5.25387 5.93762 5.07279 7.07613 0.497026
threshold=1.0000000180025095e-35 0.98555826406436642 0.20493428020288615 0.62967032967032976 0.091061945164337993 0.063409026271087812 -0.0078980411550447754
decision_type=2 2 2 2 2 2 2
left_child=-1 4 3 -3 6 -6 -2
right_child=1 2 -4 -5 5 -7 -8
leaf_value=0.02401408900121076 -0.0088960351164091792 0.0018191344109735339 -0.016005656320068815 0.025996085894049652 0.0021417268064200918 -0.025609978823786499 -0.025653982718391297
leaf_weight=12.558808699250219 9.4138000309467333 46.348224714398384 8.1908375024795514 10.069126546382902 42.786818280816078 8.0069830417633039 11.819849148392676
leaf_count=51 40 192 34 41 176 37 50
internal_value=-8.74488e-05 -0.00272541 0.00358201 0.00713319 -0.00852966 -0.00275331 -0.0202754
internal_weight=149.194 136.636 64.6082 56.4174 72.0275 50.7938 21.2336
internal_count=621 570 267 233 303 213 90
is_linear=0
shrinkage=0.03


Tree=43
num_leaves=8
num_cat=0
split_feature=39 23 35 26 21 21 24
split_gain=9.95586 5.51927 5.06665 6.05011 5.12261 4.44793 4.37223
threshold=1.0000000180025095e-35 0.98555826406436642 0.042782929003027832 0.10432213930348259 0.015408295866365114 0.012925002746108307 0.49028301886792458
decision_type=2 2 2 2 2 2 2
left_child=-1 5 3 -3 -4 -2 -7
right_child=1 2 4 -5 -6 6 -8
leaf_value=0.023421157633139865 -0.02407997639091896 0.026082903619678823 0.0074311999328861879 0.0016998310641254276 -0.021279986619029911 0.00026595022499094996 -0.017146705681166361
leaf_weight=12.54133780300617 11.74257382750511 11.384868398308752 7.6745700091123608 35.013945251703262 10.537092879414557 44.769195437431335 15.378603905439375
leaf_count=51 49 47 31 146 43 189 65
internal_value=-9.10688e-05 -0.00266663 0.00348501 0.00882323 -0.00890058 -0.00834301 -0.00435329
internal_weight=149.042 136.501 64.6105 46.3988 18.2117 71.8904 60.1478
internal_count=621 570 267 193 74 303 254
is_linear=0
shrinkage=0.03


Tree=44
num_leaves=11
num_cat=0
split_feature=37 19 13 26 26 3 35 36 38 26
split_gain=8.66436 6.18599 6.47929 4.60025 5.80492 5.03666 6.38592 4.72193 4.08731 3.04202
threshold=1.0000000180025095e-35 0.088561597091203134 5.4613997929644507 0.23581070716367544 0.61348484848484863 -0.014569385128689659 0.032771731144638279 0.0072115767005135499 0.008658820925991401 0.35665362035225051
decision_type=2 2 2 2 2 2 2 2 2 2
left_child=1 -1 9 5 7 6 -2 -5 -7 -3
right_child=3 2 -4 4 -6 8 -8 -9 -10 -11
leaf_value=-0.010791210853833765 -0.0022301313746885421 0.029846734570781134 -0.0040938128346862035 -0.021828387175563253 0.0095032176617793722 0.0046500833074564667 0.028524413201717367 0 -0.014613020753437372 0.0060001379787365718
leaf_weight=7.7778244018554679 11.080807372927667 17.727549910545353 9.3472740203142148 30.099170908331871 7.6705549359321585 15.640358269214628 9.0900070965290052 10.962655678391455 19.185745611786842 10.343950718641279
leaf_count=32 47 72 38 128 32 66 37 46 81 42
internal_value=-8.10865e-05 0.0105071 0.0156376 -0.0049479 -0.0114866 0.000782594 0.0122758 -0.0160152 -0.00577195 0.0225419
internal_weight=148.926 45.1966 37.4188 103.729 48.7324 54.9969 20.1708 41.0618 34.8261 28.0715
internal_count=621 184 152 437 206 231 84 174 147 114
is_linear=0
shrinkage=0.03


Tree=45
num_leaves=9
num_cat=0
split_feature=37 19 10 22 18 36 35 3
split_gain=6.91788 6.93837 6.57235 5.22121 4.41569 3.88336 3.33375 3.26442
threshold=0.053210109110898414 0.092412721535215028 -0.0081476026175755761 -0.26467387603120035 0.078021310224733756 0.0070432854719026826 0.027902596173809194 0.0018958789704272008
decision_type=2 2 2 2 2 2 2 2
left_child=1 2 -1 7 -5 -4 -2 -3
right_child=6 3 5 4 -6 -7 -8 -9
leaf_value=0.011183687630229162 -0.022993474023189405 -0.016110747097721451 -0.022781645517277689 -0.006847015795931108 0.014009478602512894 0 0 0.0050510795336242038
leaf_weight=10.227829813957213 12.973247334361078 9.9642234891653079 17.180227369070057 8.3147842288017255 65.261653691530228 10.920364782214163 7.3871115744113913 11.497310906648634
leaf_count=42 60 41 72 34 267 45 33 47
internal_value=0.000522415 0.00316105 -0.00717108 0.00754446 0.0113352 -0.0146492 -0.0148274 -0.00467048
internal_weight=153.727 133.366 38.3284 95.038 73.5764 28.1006 20.3604 21.4615
internal_count=641 548 159 389 301 117 93 88
is_linear=0
shrinkage=0.03


Tree=46
num_leaves=7
num_cat=0
split_feature=39 37 40 20 12 7
split_gain=6.82203 4.57965 8.4789 5.91428 4.10792 3.50062
threshold=1.0000000180025095e-35 0.053210109110898414 0.047334094691330326 0.030735737706321008 67.639772175823069 0.019442082618817965
decision_type=2 2 2 2 2 2
left_child=-1 2 3 -2 -3 -4
right_child=1 4 5 -5 -6 -7
leaf_value=0.01946539796313659 -0.0054139701074694437 -0.0017632985763908421 0.026567765128494677 0.017617352505871764 -0.029842572387920378 0
leaf_weight=13.479697078466414 90.659504443407059 13.011603906750681 12.176617711782457 9.086979538202284 7.0105365216732016 8.1547861546277982
leaf_count=55 373 59 50 37 33 34
internal_value=0.000487867 -0.00148076 0.000695877 -0.00286332 -0.0140934 0.0175217
internal_weight=153.58 140.1 120.078 99.7465 20.0221 20.3314
internal_count=641 586 494 410 92 84
is_linear=0
shrinkage=0.03


Tree=47
num_leaves=8
num_cat=0
split_feature=39 23 10 24 7 9 40
split_gain=6.47193 4.96163 5.79254 5.20291 4.71412 4.49211 3.57274
threshold=1.0000000180025095e-35 0.98555826406436642 -0.014492282226943041 0.57938508064516137 -0.015223085892794058 0.0068667077501719442 -0.022089105845620512
decision_type=2 2 2 2 2 2 2
left_child=-1 2 4 6 -2 -4 -3
right_child=1 3 5 -5 -6 -7 -8
leaf_value=0.018981149992530481 -0.010093007725660139 -0.013758422917217484 -0.021476901671008245 0.019826941696475805 0.016563905276710603 -0.0036027172887541921 0.0042359953266068997
leaf_weight=13.460201576352118 7.4753836095333126 11.098444908857344 22.583913370966911 13.36636823415756 13.066153511404989 33.365209922194481 39.017835944890976
leaf_count=55 31 45 96 55 54 142 163
internal_value=0.000483679 -0.00143177 -0.00658012 0.00455396 0.00616281 -0.0115687 0
internal_weight=153.434 139.973 76.4907 63.4826 20.5415 55.9491 50.1163
internal_count=641 586 323 263 85 238 208
is_linear=0
shrinkage=0.03


Tree=48
num_leaves=7
num_cat=0
split_feature=37 20 21 10 12 37
split_gain=6.28912 5.78847 10.1416 6.38491 3.7059 1.05394
threshold=0.053210109110898414 0.030735737706321008 0.022854960939550726 0.029394193655612137 67.639772175823069 0.068782935448324048
decision_type=2 2 2 2 2 2
left_child=1 2 3 -1 5 -2
right_child=4 -3 -4 -5 -6 -7
leaf_value=0.00033333403267304392 0.0039118480199958009 0.020157256661258813 -0.023137764169524327 0.019789928528529267 -0.029411672848750344 -0.010389274124503706
leaf_weight=90.609375134110451 6.8414746224880236 13.681535705924032 12.178528070449827 16.681088984012604 6.937807783484458 6.396024614572525
leaf_count=373 30 56 51 68 33 30
internal_value=0.000470537 0.00298633 0.000596925 0.00380241 -0.0142283 -0.00247036
internal_weight=153.326 133.151 119.469 107.29 20.1753 13.2375
internal_count=641 548 492 441 93 60
is_linear=0
shrinkage=0.03


Tree=49
num_leaves=7
num_cat=0
split_feature=39 37 10 12 20 12
split_gain=6.07444 4.20141 5.39087 7.07981 5.17194 3.85875
threshold=1.0000000180025095e-35 0.053210109110898414 0.029394193655612137 73.797010184209697 0.031061310154618084 67.639772175823069
decision_type=2 2 2 2 2 2
left_child=-1 2 4 -4 -2 -3
right_child=1 5 3 -5 -6 -7
leaf_value=0.018393472956386402 -0.0044221146835842677 -0.0016017633040357937 0.027415758043885734 -0.0062109381470523044 0.017377352074463299 -0.028974596251284856
leaf_weight=13.425911396741865 91.757139503955841 12.9763620197773 11.939825370907785 7.3997323662042609 8.7945889085531217 6.8625016659498206
leaf_count=55 379 59 49 30 36 33
internal_value=0.000449395 -0.00140415 0.000670813 0.0144703 -0.00206748 -0.0135436
internal_weight=153.156 139.73 119.891 19.3396 100.552 19.8389
internal_count=641 586 494 79 415 92
is_linear=0
shrinkage=0.03


end of trees

feature_importances:
macro_nikkei_ret_20=34
macro_topix_ret_20=30
macro_usdjpy_ret_60=25
macro_usdjpy_vol_20=23
atr_pct=20
macro_topix_vol_20=19
bb_bandwidth=18
macd=16
month=16
ma_5_20_cross=14
vol_ratio=14
volatility=13
ma_20_60_cross=11
rsi=11
macd_hist=11
day_of_week=11
lower_shadow_pct=10
rsi_change=8
vol_change=8
gap=8
return_1d=6
return_10d=6
macd_hist_change=6
candle_body_pct=6
macro_topix_above_200dma=6
return_3d=5
return_20d=5
div_ma_60=5
div_ma_10=4
macro_usdjpy_ret_20=4
return_5d=3
macd_signal=3
return_2d=2
bb_pct_b=2
upper_shadow_pct=2
div_ma_20=1
streak=1

parameters:
[boosting: gbdt]
[objective: binary]
[metric: binary_logloss]
[tree_learner: serial]
[device_type: cpu]
[data_sample_strategy: bagging]
[data: ]
[valid: ]
[num_iterations: 50]
[learning_rate: 0.03]
[num_leaves: 15]
[num_threads: 0]
[seed: 42]
[deterministic: 0]
[force_col_wise: 0]
[force_row_wise: 0]
[histogram_pool_size: -1]
[max_depth: 4]
[min_data_in_leaf: 30]
[min_sum_hessian_in_leaf: 0.001]
[bagging_fraction: 0.7]
[pos_bagging_fraction: 1]
[neg_bagging_fraction: 1]
[bagging_freq: 5]
[bagging_seed: 400]
[bagging_by_query: 0]
[feature_fraction: 0.6]
[feature_fraction_bynode: 1]
[feature_fraction_seed: 30056]
[extra_trees: 0]
[extra_seed: 12879]
[early_stopping_round: 0]
[early_stopping_min_delta: 0]
[first_metric_only: 0]
[max_delta_step: 0]
[lambda_l1: 0.5]
[lambda_l2: 2]
[linear_lambda: 0]
[min_gain_to_split: 0]
[drop_rate: 0.1]
[max_drop: 50]
[skip_drop: 0.5]
[xgboost_dart_mode: 0]
[uniform_drop: 0]
[drop_seed: 17869]
[top_rate: 0.2]
[other_rate: 0.1]
[min_data_per_group: 100]
[max_cat_threshold: 32]
[cat_l2: 10]
[cat_smooth: 10]
[max_cat_to_onehot: 4]
[top_k: 20]
[monotone_constraints: ]
[monotone_constraints_method: basic]
[monotone_penalty: 0]
[feature_contri: ]
[forcedsplits_filename: ]
[refit_decay_rate: 0.9]
[cegb_tradeoff: 1]
[cegb_penalty_split: 0]
[cegb_penalty_feature_lazy: ]
[cegb_penalty_feature_coupled: ]
[path_smooth: 0]
[interaction_constraints: ]
[verbosity: -1]
[saved_feature_importance_type: 0]
[use_quantized_grad: 0]
[num_grad_quant_bins: 4]
[quant_train_renew_leaf: 0]
[stochastic_rounding: 1]
[linear_tree: 0]
[max_bin: 255]
[max_bin_by_feature: ]
[min_data_in_bin: 5]
[bin_construct_sample_cnt: 200000]
[data_random_seed: 175]
[is_enable_sparse: 1]
[enable_bundle: 1]
[use_missing: 1]
[zero_as_missing: 0]
[feature_pre_filter: 1]
[pre_partition: 0]
[two_round: 0]
[header: 0]
[label_column: ]
[weight_column: ]
[group_column: ]
[ignore_column: ]
[categorical_feature: ]
[forcedbins_filename: ]
[precise_float_parser: 0]
[parser_config_file: ]
[objective_seed: 16083]
[num_class: 1]
[is_unbalance: 0]
[scale_pos_weight: 1]
[sigmoid: 1]
[boost_from_average: 1]
[reg_sqrt: 0]
[alpha: 0.9]
[fair_c: 1]
[poisson_max_delta_step: 0.7]
[tweedie_variance_power: 1.5]
[lambdarank_truncation_level: 30]
[lambdarank_norm: 1]
[label_gain: ]
[lambdarank_position_bias_regularization: 0]
[eval_at: ]
[multi_error_top_k: 1]
[auc_mu_weights: ]
[num_machines: 1]
[local_listen_port: 12400]
[time_out: 120]
[machine_list_filename: ]
[machines: ]
[gpu_platform_id: -1]
[gpu_device_id: -1]
[gpu_use_dp: 0]
[num_gpu: 1]

end of parameters

pandas_categorical:[]
