tree
version=v4
num_class=1
num_tree_per_iteration=1
label_index=0
max_feature_idx=44
objective=binary sigmoid:1
feature_names=return_1d return_2d return_3d return_5d return_10d return_20d div_ma_5 div_ma_10 div_ma_20 div_ma_60 ma_5_20_cross ma_20_60_cross rsi rsi_change macd macd_signal macd_hist macd_hist_change bb_pct_b bb_bandwidth atr_pct volatility vol_change vol_ratio candle_body_pct upper_shadow_pct lower_shadow_pct day_of_week month is_month_end is_month_start streak gap price_position_20d macro_usdjpy_ret_20 macro_usdjpy_ret_60 macro_usdjpy_vol_20 macro_topix_ret_20 macro_topix_vol_20 macro_topix_above_200dma macro_nikkei_ret_20 macro_nikkei_above_200dma macro_nikkei_vi macro_jgb10y macro_bias_score
feature_infos=[-0.097063111851697581:0.12918108419838514] [-0.16714697406340062:0.15132641291810844] [-0.20677035681610245:0.15841288782816232] [-0.2103825136612022:0.15811455847255362] [-0.17475728155339809:0.17716262975778552] [-0.24360730593607305:0.31349480968858123] [-0.13751939835263219:0.085724201758445195] [-0.15323762086141224:0.10169292540327324] [-0.16651445381221103:0.12472133662535662] [-0.20463184513568236:0.16641256055952849] [-0.099009644971944311:0.090424935530889039] [-0.11791142756148054:0.10265552912733256] [7.2897196261682211:94.346289752650179] [-23.017006296792111:34.977504951534002] [-208.78652181563393:120.53264154710359] [-182.2161292176815:102.17110063482949] [-65.643000378406384:45.390032562909333] [-24.630029079541728:26.119424481002035] [-0.32138915756615788:1.3470312427772173] [0.039543879031471843:0.32732122564073562] [0.01326670585929845:0.063807160581354133] [0.0091251542063920856:0.055432099082295946] [-0.90395175083265822:7.31958762886598] [0.53149947884215609:2.1432873365825342] [-1:1] [0:0.97959183673469385] [0:0.91666666666666663] [0:4] [1:12] none [0:1] [-6:7] [-0.086416419119632715:0.11933174224343679] [0:1] [-0.10288784967882303:0.08505611680078462] [-0.13986255140503889:0.13160084488587853] [0.0024251968629527628:0.011841457708833433] [-0.21871130063915301:0.21255327098343968] [0.003919066191763053:0.040640984327119496] [0:1] [-0.22859537662338159:0.23022297972565586] [0:1] none none none
tree_sizes=872 1000 1080 890 1163 1101 999 989 984 1084 1298 1092 1102 1096 967 973 994 1078 882 1088 1199 890 895 1106 995 789 781 791 789 791 991 1076 1205 1070 1099 969 1189 1284 972 969 990 994 1088 986 1068 1102 787 1208 868 1277

Tree=0
num_leaves=7
num_cat=0
split_feature=35 2 15 14 35 14
split_gain=18.6444 11.0416 9.28532 8.45925 6.53154 2.38249
threshold=-0.073262096730316514 -0.022810611507116271 -7.7053760419151045 8.7392456038866175 0.040090918997515053 0.4176390622290001
decision_type=2 2 2 2 2 2
left_child=-1 5 4 -4 -3 -2
right_child=1 2 3 -5 -6 -7
leaf_value=-0.18254582837403613 -0.19703566447955348 -0.19733199500111337 -0.24744043172898894 -0.22467425757894707 -0.22317575911304682 -0.21583374820997067
leaf_weight=10.129482030868528 14.082450628280641 13.341269016265871 19.023661375045776 65.471042394638062 17.788358688354492 13.588329553604124
leaf_count=41 57 54 77 265 72 55
internal_value=-0.218173 -0.221245 -0.225407 -0.230542 -0.21199 -0.205012
internal_weight=153.425 143.295 115.624 84.4947 31.1296 27.6708
internal_count=621 580 468 342 126 112
is_linear=0
shrinkage=1


Tree=1
num_leaves=8
num_cat=0
split_feature=38 7 38 20 17 34 9
split_gain=20.0325 8.05036 8.06598 10.9621 6.44436 3.19631 4.11437
threshold=0.017596522990668932 -0.013137995937962449 0.007701708797093078 0.022113679346619858 4.2949272493157649 -0.013614840389358727 -0.032553164993031354
decision_type=2 2 2 2 2 2 2
left_child=1 5 3 -3 -4 -1 -7
right_child=-2 2 4 -5 -6 6 -8
leaf_value=-0.007282340789167399 0.037764345999739039 -0.032879944555278803 0.0016419755300371977 0.0031793003254550057 -0.020465480485803194 0.022425921744598055 0.00041796604413795087
leaf_weight=7.6612950712442389 9.4083236604928953 19.499770626425747 62.719834983348846 10.122257292270659 12.352523669600485 14.840184673666956 16.790975987911224
leaf_count=31 38 79 254 41 50 60 68
internal_value=-0.000417337 -0.00349812 -0.00788077 -0.0206619 -0.00223768 0.00763224 0.0119089
internal_weight=153.395 143.987 104.694 29.622 75.0724 39.2925 31.6312
internal_count=621 583 424 120 304 159 128
is_linear=0
shrinkage=0.03


Tree=2
num_leaves=9
num_cat=0
split_feature=20 33 11 35 3 25 20 2
split_gain=19.0155 13.7862 11.4665 7.31385 6.99808 6.28688 6.24125 6.12128
threshold=0.032764887518666526 0.49768300563094253 -0.0010221543839278866 0.041347002822479835 -0.014461394304885576 0.037406716417910456 0.019097867830235597 -0.026842803079051399
decision_type=2 2 2 2 2 2 2 2
left_child=2 -2 3 6 -5 -4 -1 -7
right_child=1 -3 5 4 -6 7 -8 -9
leaf_value=-0.00031158135495531564 0 0.051319688219765451 0.0082545943243378973 0.01667799011921399 -0.013636959459081914 0.00525568570188763 0.030286327503789401 -0.017431697563136162
leaf_weight=8.1392190456390399 9.6555704921484011 8.1866322159767133 11.098242014646528 8.1662836670875567 18.248941466212273 10.634978592395781 13.609169304370878 65.624051257967949
leaf_count=33 39 33 45 33 74 43 55 266
internal_value=-0.000394849 0.026959 -0.00444494 0.00693739 -0.00322295 -0.0109032 0.0191417 -0.0140226
internal_weight=153.363 17.8422 135.521 48.1636 26.4152 87.3573 21.7484 76.259
internal_count=621 72 549 195 107 354 88 309
is_linear=0
shrinkage=0.03


Tree=3
num_leaves=7
num_cat=0
split_feature=38 2 5 11 23 36
split_gain=18.0562 11.8182 5.31221 8.36676 3.00923 5.73447
threshold=0.017596522990668932 -0.022810611507116271 0.12443439766678589 -0.0014317450357229087 0.93020062980434026 0.0055537524095247833
decision_type=2 2 2 2 2 2
left_child=1 4 3 -3 -1 -6
right_child=-2 2 -4 -5 5 -7
leaf_value=0.028334803369378655 0.035811667329228497 0.00085445318018622751 0.0087951915125123042 -0.0162991489527738 -0.01085867475436127 0.018643924365846238
leaf_weight=7.4325416386127499 9.4611659646034223 38.508276715874672 13.32931576669216 65.010557323694229 8.4102961421012896 11.143862918019293
leaf_count=30 38 156 54 264 34 45
internal_value=-0.000341635 -0.00328109 -0.00751192 -0.00988073 0.0137746 0.0054287
internal_weight=153.296 143.835 116.848 103.519 26.9867 19.5542
internal_count=621 583 474 420 109 79
is_linear=0
shrinkage=0.03


Tree=4
num_leaves=10
num_cat=0
split_feature=20 33 11 21 35 19 1 20 20
split_gain=17.4124 12.9394 10.3434 8.4055 9.27515 6.20814 6.50579 4.36747 3.54121
threshold=0.032764887518666526 0.49768300563094253 -0.0010221543839278866 0.013746090750510377 0.041078361526139202 0.13346265956548334 0.0060982200808518136 0.01786816559021737 0.020642262177250893
decision_type=2 2 2 2 2 2 2 2 2
left_child=2 -2 3 7 -5 8 -7 -1 -4
right_child=1 -3 5 4 -6 6 -8 -9 -10
leaf_value=0.0039128715328533258 0 0.049373345429735045 -0.024368822881347705 0.030725430867832158 0 0.016146670697649738 -0.01208482668792275 -0.024665218389881317 -0.0082759271224438907
leaf_weight=7.3986247777938825 9.6632077842950839 8.2247446030378324 24.086830273270607 15.134608522057531 18.277298077940941 12.586268588900568 12.555354341864584 7.3923508375883102 37.905758023262024
leaf_count=30 39 33 98 61 74 51 51 30 154
internal_value=-0.000295089 0.0258404 -0.00418472 0.00660568 0.0148683 -0.0103366 0.001644 -0.0107134 -0.0153293
internal_weight=153.225 17.888 135.337 48.2029 33.4119 87.1342 25.1416 14.791 61.9926
internal_count=621 72 549 195 135 354 102 60 252
is_linear=0
shrinkage=0.03


Tree=5
num_leaves=9
num_cat=0
split_feature=34 21 14 40 37 15 10 19
split_gain=15.8825 8.43907 8.72568 7.06235 7.92172 6.36137 4.53444 3.44613
threshold=-0.038138333288536157 0.01497698837113008 -12.477871290740948 -0.022572985183564483 0.0046797774661013767 57.322979851423248 -0.0074179139505174399 0.13992497257271366
decision_type=2 2 2 2 2 2 2 2
left_child=7 2 -2 6 -5 -4 -3 -1
right_child=1 3 5 4 -6 -7 -8 -9
leaf_value=0.0072663903597471576 0.0079939141261576967 0.00054652379265799397 -0.026275077593112425 0.026178803535198792 0.0010113078061453904 0.0018022313487543425 -0.027930626254540909 0.039520348427781182
leaf_weight=7.8826793581247312 11.105977609753607 7.6934380084276226 29.458485767245293 12.125174298882483 63.617314234375954 7.8622469007968894 8.3960568308830243 7.7102867960929871
leaf_count=32 45 31 120 49 258 32 34 31
internal_value=-4.68664e-05 -0.00346526 -0.0133666 0.00176985 0.005803 -0.0201878 -0.0149297 0.0267474
internal_weight=155.852 140.259 48.4267 91.832 75.7425 37.3207 16.0895 15.593
internal_count=632 569 197 372 307 152 65 63
is_linear=0
shrinkage=0.03


Tree=6
num_leaves=8
num_cat=0
split_feature=38 13 37 17 17 1 5
split_gain=15.6002 7.96717 7.38461 7.68674 6.4026 4.68217 3.98849
threshold=0.020724647412294791 -5.038714143761502 0.038031539075465866 -1.0338404109750845 -1.9091852569536554 -0.023302727884834503 -0.0074355643564836807
decision_type=2 2 2 2 2 2 2
left_child=1 4 3 -3 5 -1 -4
right_child=-2 2 6 -5 -6 -7 -8
leaf_value=0.0130029213503763 0.033564255017997521 0.012206830888836416 0.00054098894855922526 -0.0071908328223054263 0.026181576788002064 -0.014903067214989109 -0.021995344109576802
leaf_weight=8.6660185903310794 9.4890229254960996 24.683012768626213 7.3980144560337058 56.346548244357109 11.570718526840208 8.8694252818822878 28.761374071240425
leaf_count=35 38 100 30 229 47 36 117
internal_value=-1.73852e-05 -0.00272001 -0.00629562 -0.000949605 0.0106733 -0.000424786 -0.0172048
internal_weight=155.784 146.295 117.189 81.0296 29.1062 17.5354 36.1594
internal_count=632 594 476 329 118 71 147
is_linear=0
shrinkage=0.03


Tree=7
num_leaves=8
num_cat=0
split_feature=34 41 36 37 27 23 15
split_gain=14.7374 7.70453 12.5489 7.74008 5.25754 3.89936 3.23575
threshold=-0.038138333288536157 1.0000000180025095e-35 0.0068774530163991298 -0.017821967987405481 2.5000000000000004 1.0773459925019302 27.914499891972074
decision_type=2 2 2 2 2 2 2
left_child=6 5 3 -3 -4 -2 -1
right_child=1 2 4 -5 -6 -7 -8
leaf_value=0.038173846221931804 0.00051351437036704678 -0.022625237619498431 -0.032179652231145002 0.0028428983062967384 -0.0045086887968700416 0.026666581303317501 0.0069115880204864066
leaf_weight=7.7173419594764692 13.339882329106333 10.365663349628447 17.936432763934139 78.468183010816574 12.060878515243528 7.9325539618730536 7.8931940346956253
leaf_count=31 54 42 73 319 49 32 32
internal_value=0 -0.00329487 -0.00638045 -0.000396473 -0.0225001 0.0123642 0.0257985
internal_weight=155.714 140.104 118.831 88.8338 29.9973 21.2724 15.6105
internal_count=632 569 483 361 122 86 63
is_linear=0
shrinkage=0.03


Tree=8
num_leaves=8
num_cat=0
split_feature=38 13 37 17 17 15 1
split_gain=14.3463 7.51719 6.95067 7.1634 6.02307 5.77412 4.40815
threshold=0.020724647412294791 -5.038714143761502 0.038031539075465866 -1.0338404109750845 -1.9091852569536554 4.8841063695970188 -0.023302727884834503
decision_type=2 2 2 2 2 2 2
left_child=1 4 3 -3 6 -4 -1
right_child=-2 2 5 -5 -6 -7 -8
leaf_value=0.012646670324553695 0.03222355157786113 0.011810381705741561 0.0028404652001280482 -0.0069113474733068052 0.025430666850749049 -0.023076584625764434 -0.014440687828464208
leaf_weight=8.6767795234918612 9.4870780408382398 24.715818211436272 8.6247517913579923 56.271330609917641 11.60503940284252 27.431441009044647 8.8469135761261004
leaf_count=35 38 100 35 229 47 112 36
internal_value=0 -0.00257696 -0.00605836 -0.000870128 0.0104204 -0.0166595 -0.000338624
internal_weight=155.659 146.172 117.043 80.9871 29.1287 36.0562 17.5237
internal_count=632 594 476 329 118 147 71
is_linear=0
shrinkage=0.03


Tree=9
num_leaves=9
num_cat=0
split_feature=34 21 7 40 1 15 23 19
split_gain=13.7072 7.79532 9.38744 6.96298 8.44363 5.86829 4.43548 3.10552
threshold=-0.038138333288536157 0.01497698837113008 -0.01220927840789752 -0.022572985183564483 0.02756318860845686 56.125354216709646 0.96605630662899677 0.13992497257271366
decision_type=2 2 2 2 2 2 2 2
left_child=7 2 -2 6 -5 -4 -3 -1
right_child=1 3 5 4 -6 -7 -8 -9
leaf_value=0.0064972820522529928 0.009144554581085854 -0.027893597921549686 -0.025921385743358876 0.010967654363670516 -0.012708695471261027 0.00088924279091108049 0.00025967720974530342 0.037026713946267685
leaf_weight=7.9055865705013257 11.33976164460182 8.1583483368158358 28.805994167923927 60.67879344522953 14.986837357282637 8.0870708227157575 7.8968874514102927 7.70620496571064
leaf_count=32 46 33 118 246 61 33 32 31
internal_value=0 -0.00314752 -0.0126925 0.00187553 0.00587852 -0.0199152 -0.0147205 0.0249122
internal_weight=155.565 139.954 48.2328 91.7209 75.6656 36.8931 16.0552 15.6118
internal_count=632 569 197 372 307 151 65 63
is_linear=0
shrinkage=0.03


Tree=10
num_leaves=11
num_cat=0
split_feature=41 21 3 11 18 33 14 19 28 0
split_gain=13.8487 7.8388 15.595 8.14203 18.7538 7.11016 4.97863 3.67498 2.85814 1.54499
threshold=1.0000000180025095e-35 0.01497698837113008 -0.0095923370414036629 0.042487016548191765 0.566082278467959 0.46464040534336132 43.5992397954899 0.071448754634636347 3.5000000000000004 -0.0065946511378892616
decision_type=2 2 2 2 2 2 2 2 2 2
left_child=8 2 7 4 -3 -5 -4 -2 -1 -10
right_child=1 3 6 5 -6 -7 -8 -9 9 -11
leaf_value=0.0018348971100365069 -0.0028310167374210253 -0.0075914757794029964 -0.033015109305492271 0.010168814400231893 0.026109037822332617 -0.021528969529653899 -0.0036416776280248104 0.023178867736226103 0.034962991654491869 0.011426719770376901
leaf_weight=8.1598916351795214 7.5932574868202192 28.45350307226181 20.42658215761185 7.4008446782827404 26.661542102694511 16.948210403323174 9.0536331534385663 7.3845506906509399 9.1910388171672839 10.391078293323515
leaf_count=33 31 115 84 30 108 69 37 30 37 42
internal_value=0.00108026 -0.00318059 -0.0130291 0.00232984 0.0087917 -0.0112847 -0.0252752 0.010329 0.0195516 0.025385
internal_weight=151.664 123.922 44.458 79.4641 55.115 24.3491 29.4802 14.9778 27.742 19.5821
internal_count=616 504 182 322 223 99 121 61 112 79
is_linear=0
shrinkage=0.03


Tree=11
num_leaves=9
num_cat=0
split_feature=38 21 3 21 28 35 19 5
split_gain=11.5592 7.33909 16.6338 7.91435 9.69199 7.21587 4.1714 4.07193
threshold=0.019786011440137852 0.01497698837113008 -0.0095923370414036629 0.026230654145621989 8.5000000000000018 0.031891721255214008 0.071448754634636347 0.058572584227323483
decision_type=2 2 2 2 2 2 2 2
left_child=1 2 6 5 -5 -3 -1 -4
right_child=-2 3 7 4 -6 -7 -8 -9
leaf_value=-0.0027646434299022009 0.030439439072946058 0.016226553083799913 -0.029009021485139827 -0.032211182976297145 0.00822556347471772 -0.0014894999220319788 0.0239539924831359 -0.0010593833849075098
leaf_weight=7.5903486907482174 9.2161158919334394 40.774489149451256 23.507085487246517 9.126678407192232 8.1414091885089857 36.758909702301025 9.1382335871458036 7.3363368958234778
leaf_count=31 37 165 97 37 33 149 37 30
internal_value=0.00106286 -0.00113018 -0.0105813 0.00357811 -0.013493 0.00781246 0.0120293 -0.023287
internal_weight=151.59 142.373 47.572 94.8015 17.2681 77.5334 16.7286 30.8434
internal_count=616 579 195 384 70 314 68 127
is_linear=0
shrinkage=0.03


Tree=12
num_leaves=9
num_cat=0
split_feature=41 23 21 3 16 23 38 20
split_gain=12.7895 7.29973 6.45226 13.4902 8.77402 3.37439 3.08441 7.29333
threshold=1.0000000180025095e-35 0.77407966700866193 0.015402716582053376 -0.0095923370414036629 2.6612254350187685 0.68506495470619633 0.013289959732696682 0.025759560186159412
decision_type=2 2 2 2 2 2 2 2
left_child=6 5 3 -3 -4 -2 7 -1
right_child=1 2 4 -5 -6 -7 -8 -9
leaf_value=0.023489847860751707 -0.00018107106305215165 0.0064333330078960756 -0.0096248780494876014 -0.026154782975390797 0.012690671885417346 0.023118589463413192 0.031990031888991355 -0.010832331782180186
leaf_weight=10.655358985066419 7.8982811868190792 15.985574722290037 33.773022770881653 29.254107087850571 26.454683601856232 10.37315960228443 9.446332246065138 7.6620502769947043
leaf_count=43 32 65 137 121 107 42 38 31
internal_value=0.00102993 -0.00306732 -0.00623388 -0.0145373 2.8895e-05 0.0132826 0.0187738 0.00874176
internal_weight=151.503 123.739 105.467 45.2397 60.2277 18.2714 27.7637 18.3174
internal_count=616 504 430 186 244 74 112 74
is_linear=0
shrinkage=0.03


Tree=13
num_leaves=9
num_cat=0
split_feature=41 13 24 36 19 19 38 19
split_gain=12.1294 7.0164 8.81921 7.02096 5.14791 5.66944 2.94091 6.9055
threshold=1.0000000180025095e-35 1.7632502949825837 0.63459141890688986 0.0050331300533814202 0.064616342290457443 0.079300206048069408 0.013289959732696682 0.10263862933327743
decision_type=2 2 2 2 2 2 2 2
left_child=6 4 3 -3 -2 -6 7 -1
right_child=1 2 -4 -5 5 -7 -8 -9
leaf_value=0.024176710871209775 -0.01389238495132304 -0.002310558906222792 0.0073326950008552865 -0.02993436692920344 0.027822203319135843 0.0022619857519461215 0.031217458804192331 -0.0089272285729042524
leaf_weight=9.6882212907075935 11.407566249370573 15.67242284119129 13.931315764784811 20.489445373415947 7.6067279875278464 54.519077017903328 9.4392998665571195 8.6416561454534513
leaf_count=39 47 64 57 84 31 221 38 35
internal_value=0.00101913 -0.00297197 -0.0114645 -0.0191039 0.00276517 0.00639564 0.018297 0.00848909
internal_weight=151.396 123.627 50.0932 36.1619 73.5334 62.1258 27.7692 18.3299
internal_count=616 504 205 148 299 252 112 74
is_linear=0
shrinkage=0.03


Tree=14
num_leaves=8
num_cat=0
split_feature=41 23 5 3 25 23 26
split_gain=11.5207 6.81581 6.6959 7.1563 3.44639 3.21596 1.66684
threshold=1.0000000180025095e-35 0.77407966700866193 0.091138641535643564 -0.026915438331928773 0.12841791679965955 0.68506495470619633 0.29520697167755999
decision_type=2 2 2 2 2 2 2
left_child=4 5 3 -3 -1 -2 -6
right_child=1 2 -4 -5 6 -7 -8
leaf_value=0 -0.00020887128560263604 0.0064707630646692119 0.011446196230541345 -0.013363846887259662 0.031105032992902275 0.02248740600012655 0.007801151112479276
leaf_weight=7.6769116967916515 7.898159712553027 18.560458168387413 14.531388431787489 72.170210137963295 11.912045404314997 10.39422197639942 8.1761905252933484
leaf_count=31 32 75 59 296 48 42 33
internal_value=0.00100342 -0.00288552 -0.00595678 -0.00909254 0.0178441 0.0128938 0.0238643
internal_weight=151.32 123.554 105.262 90.7307 27.7651 18.2924 20.0882
internal_count=616 504 430 371 112 74 81
is_linear=0
shrinkage=0.03


Tree=15
num_leaves=8
num_cat=0
split_feature=38 17 28 11 18 5 11
split_gain=15.5028 13.7084 7.37975 8.08097 6.35078 5.9259 9.71443
threshold=0.020724647412294791 -0.93534240055822682 8.5000000000000018 0.042487016548191765 0.30111255314717683 0.093207409563670698 -0.013910370843841722
decision_type=2 2 2 2 2 2 2
left_child=1 2 4 -4 -1 6 -3
right_child=-2 5 3 -5 -6 -7 -8
leaf_value=0.01273943588069814 0.033489362497103832 0.002276494107428432 0.034153537943222671 0 -0.010853128437899031 0.0072067738832867195 -0.021434525250782321
leaf_weight=14.844818904995916 8.9234587103128415 19.906364068388939 12.389281570911409 12.338192224502562 23.859020113945007 10.830698952078817 51.375234261155128
leaf_count=60 36 81 50 50 97 44 211
internal_value=-0.000880486 -0.0035148 0.00669631 0.0188647 -0.00125437 -0.0115528 -0.0147268
internal_weight=154.467 145.544 63.4313 24.7275 38.7038 82.1123 71.2816
internal_count=629 593 257 100 157 336 292
is_linear=0
shrinkage=0.03


Tree=16
num_leaves=8
num_cat=0
split_feature=38 32 38 26 21 23 26
split_gain=14.75 10.6059 6.52773 4.94203 6.47625 2.92077 2.64886
threshold=0.020724647412294791 0.0045995270096158567 0.01127530571148074 0.46741109357931793 0.013746090750510377 0.88467693901938316 0.39559108527131787
decision_type=2 2 2 2 2 2 2
left_child=1 3 6 4 -1 -5 -3
right_child=-2 2 -4 5 -6 -7 -8
leaf_value=-0.0094981011971324771 0.032741566323426584 -0.02741142960637373 0.0018004246484862917 0.0013866793446625154 0.009867939833526072 -0.019408040321121766 -0.0043678474414312182
leaf_weight=17.912894353270531 8.8994808942079526 23.135981112718586 12.526868015527723 8.3607493489980715 63.42692643404007 11.493016332387922 8.5449826121330243
leaf_count=74 36 95 51 34 257 47 35
internal_value=-0.000819337 -0.00339162 -0.0153419 0.00187985 0.00529752 -0.0106392 -0.0222699
internal_weight=154.301 145.401 44.2078 101.194 81.3398 19.8538 31.681
internal_count=629 593 181 412 331 81 130
is_linear=0
shrinkage=0.03


Tree=17
num_leaves=9
num_cat=0
split_feature=38 17 28 11 18 15 15 12
split_gain=14.0719 12.7558 7.0017 7.60273 5.97351 5.51983 7.51773 5.65773
threshold=0.020724647412294791 -0.93534240055822682 8.5000000000000018 0.042487016548191765 0.30111255314717683 -7.7053760419151045 30.412423599611909 48.558410917402298
decision_type=2 2 2 2 2 2 2 2
left_child=1 2 4 -4 -1 7 -7 -3
right_child=-2 5 3 -5 -6 6 -8 -9
leaf_value=0.012331927760868531 0.032023367390513487 -0.0086293346120826855 0.033181167200438851 0 -0.010547302808980131 -0.025899234094803797 -0.0021023270975347725 0.01824690559806268
leaf_weight=14.859272509813307 8.8713744282722455 21.367363139986995 12.415074840188028 12.334615036845205 23.819429397583008 30.705223754048347 21.732330605387688 8.0681035816669446
leaf_count=60 36 87 50 50 97 127 89 33
internal_value=-0.000798558 -0.00331192 0.00652645 0.0183716 -0.00121484 -0.0110866 -0.0167519 -9.33042e-05
internal_weight=154.173 145.301 63.4284 24.7497 38.6787 81.873 52.4376 29.4355
internal_count=629 593 257 100 157 336 216 120
is_linear=0
shrinkage=0.03


Tree=18
num_leaves=7
num_cat=0
split_feature=35 13 14 10 20 15
split_gain=10.2397 10.6228 5.11853 7.88527 4.90685 4.5199
threshold=-0.064522768068576639 5.8083557337838281 72.0280960289722 0.03303672921474355 0.030093454094564338 -9.6170439090370952
decision_type=2 2 2 2 2 2
left_child=4 2 3 -2 -1 -3
right_child=1 5 -4 -5 -6 -7
leaf_value=0.0013469254944587998 -0.00088147717279648478 -0.0010231681787997396 -0.017079250362713704 0.020877148247017994 0.035728856950265696 -0.029452761261482545
leaf_weight=8.0899106562137586 86.905016168951988 8.8223150819540042 11.288246259093283 15.826672494411467 7.3650697022676459 15.697684645652769
leaf_count=33 355 36 46 64 30 65
internal_value=-0.000751794 -0.00352547 0.00031761 0.00266206 0.0208074 -0.020638
internal_weight=153.995 138.54 114.02 102.732 15.455 24.52
internal_count=629 566 465 419 63 101
is_linear=0
shrinkage=0.03


Tree=19
num_leaves=9
num_cat=0
split_feature=34 17 15 5 19 19 16 20
split_gain=10.0416 10.2599 8.75332 8.00525 7.0422 6.69931 6.12124 5.70508
threshold=-0.028649123250902405 -0.93534240055822682 -7.7053760419151045 0.091138641535643564 0.095556664521191201 0.16197606159669931 -8.0093079733153463 0.020508989589146358
decision_type=2 2 2 2 2 2 2 2
left_child=6 5 4 -4 -3 7 -1 -2
right_child=1 2 3 -5 -6 -7 -8 -9
leaf_value=-0.001475882076196391 0.014903923132884607 0.01818771742021686 -0.025693306146909494 0.002490031483632164 -0.0094809771007223452 0.024530441204086383 0.028566777715249184 -0.0070097266122109095
leaf_weight=8.3485165834426898 13.744865819811819 11.477224841713907 35.264972597360611 10.317526862025259 19.201094776391983 10.917744278907774 13.288697078824041 31.319780960679054
leaf_count=34 56 47 147 42 78 44 54 127
internal_value=-0.000726359 -0.00398308 -0.011087 -0.0191623 0.000890892 0.005484 0.0171964 0
internal_weight=153.88 132.243 76.2608 45.5825 30.6783 55.9824 21.6372 45.0646
internal_count=629 541 314 189 125 227 88 183
is_linear=0
shrinkage=0.03


Tree=20
num_leaves=10
num_cat=0
split_feature=19 7 33 9 15 35 33 32 37
split_gain=10.6462 8.72182 8.67114 7.83693 6.31091 10.0974 5.47908 4.04239 5.88503
threshold=0.16602319314041217 -0.013137995937962449 0.48846485681530777 0.077184219346611224 -7.7053760419151045 0.041078361526139202 0.71214135371662801 0.0035533838004160327 -0.016029144957859228
decision_type=2 2 2 2 2 2 2 2 2
left_child=1 7 -2 -4 5 -3 -6 8 -1
right_child=2 4 3 -5 6 -7 -8 -9 -10
leaf_value=-0.005320354533288673 -0.0085259335915079254 0.02704421563772498 0.041140526479532043 0.0024602001373219265 -0.023383913269806288 -0.010668313044291519 -0.005492726973570102 -0.0092816650340766787 0.02160775335982331
leaf_weight=9.1800316274166125 8.3416308164596575 7.8985784649848965 10.011418730020525 9.6620025485753995 32.893322303891182 15.658695250749586 35.430671215057373 8.1196506172418577 18.304298996925354
leaf_count=37 34 32 41 39 137 64 146 33 74
internal_value=-0.00150623 -0.0053049 0.0144819 0.024816 -0.0101962 0.00251634 -0.0147395 0.00678974 0.012354
internal_weight=155.5 127.485 28.0151 19.6734 91.8813 23.5573 68.324 35.604 27.4843
internal_count=637 523 114 80 379 96 283 144 111
is_linear=0
shrinkage=0.03


Tree=21
num_leaves=7
num_cat=0
split_feature=38 3 12 38 20 16
split_gain=12.4842 10.7753 7.50062 9.01072 5.8331 3.74225
threshold=0.020724647412294791 -0.026915438331928773 52.516850385292614 0.01203564108141956 0.022822186652599715 -12.22357006089077
decision_type=2 2 2 2 2 2
left_child=1 4 5 -4 -1 -3
right_child=-2 2 3 -5 -6 -7
leaf_value=0.024861049099926803 0.030888152054345815 0.0016486326784682691 -0.0061872569143158179 0.020503884020646238 -0.00089557202562589114 -0.019250086660460651
leaf_weight=13.905822709202768 7.9846941232681266 7.3427452594041815 56.201591208577156 12.096490696072577 13.364198699593542 44.402830764651299
leaf_count=56 33 30 231 49 54 184
internal_value=-0.00145486 -0.00369863 -0.00765243 -0.00079768 0.0125273 -0.0160545
internal_weight=155.298 147.314 120.044 68.2981 27.27 51.7456
internal_count=637 604 494 280 110 214
is_linear=0
shrinkage=0.03


Tree=22
num_leaves=7
num_cat=0
split_feature=38 3 12 38 20 0
split_gain=11.9153 10.1806 7.10936 8.53503 5.53253 4.27087
threshold=0.020724647412294791 -0.026915438331928773 52.516850385292614 0.01203564108141956 0.022822186652599715 -0.012339484296695567
decision_type=2 2 2 2 2 2
left_child=1 4 5 -4 -1 -3
right_child=-2 2 3 -5 -6 -7
leaf_value=0.024180427546025045 0.030276363202121299 0.00013930342951322546 -0.0060133839599281272 0.019954315404645213 -0.00087225396891819364 -0.019820005895732681
leaf_weight=13.924320399761202 7.9427056312561026 10.493247434496878 56.150441497564316 12.111598029732702 13.363298401236532 41.105888292193413
leaf_count=56 33 43 231 49 54 171
internal_value=-0.0013879 -0.00358069 -0.00743233 -0.000755652 0.0121777 -0.0156275
internal_weight=155.091 147.149 119.861 68.262 27.2876 51.5991
internal_count=637 604 494 280 110 214
is_linear=0
shrinkage=0.03


Tree=23
num_leaves=9
num_cat=0
split_feature=34 11 7 40 40 21 15 36
split_gain=6.29878 9.05498 6.73196 6.98009 7.41735 6.51652 7.97893 3.93267
threshold=-0.036732432993421042 0.039672004536003509 -0.013137995937962449 -0.019595860061444866 0.0079767398291039644 0.016037899862036322 57.765026043790762 0.0064025124615287952
decision_type=2 2 2 2 2 2 2 2
left_child=1 -1 3 -2 -5 7 -7 -4
right_child=2 -3 5 4 -6 6 -8 -9
leaf_value=0.035762521060290361 -0.009579996510697221 -0.0056037828619184549 -0.0077712757867831501 0.036591903852741456 0.0026938804909778114 0.0060427089862042579 -0.01886634308077997 -0.027554839046097339
leaf_weight=7.4497336596250516 12.84332638978958 7.6241994798183441 30.356982573866844 7.9504146873950985 17.487848430871964 41.906513646245003 13.682519882917402 15.570738539099692
leaf_count=31 52 31 127 32 71 171 56 66
internal_value=-0.00132435 0.0157559 -0.00346808 0.00681213 0.01573 -0.00754633 -0.000270147 -0.0156614
internal_weight=154.872 15.0739 139.798 38.2816 25.4383 101.517 55.589 45.9277
internal_count=637 62 575 155 103 420 227 193
is_linear=0
shrinkage=0.03


Tree=24
num_leaves=8
num_cat=0
split_feature=35 20 7 40 40 15 15
split_gain=8.06344 9.11804 7.35757 9.84774 7.51074 4.00204 6.90586
threshold=-0.05141627340112364 0.024444756086294431 -0.010350980561131942 -0.019595860061444866 0.047334094691330326 69.376946185323746 33.656298313291728
decision_type=2 2 2 2 2 2 2
left_child=1 -1 3 -2 -5 6 -4
right_child=2 -3 5 4 -6 -7 -8
leaf_value=-0.0073420373080444268 -0.013144409913400042 0.031588238081476455 -0.011936481641801394 0.02548829035023983 -0.0036464217963781821 -0.027434635006078154 0.0060427626897232838
leaf_weight=7.2832597941160229 14.308685481548308 11.09167321026325 58.156572341918945 19.762631207704548 10.563478529453276 7.9904965907335272 25.533788576722145
leaf_count=30 58 46 242 80 43 33 105
internal_value=-0.00128193 0.0162153 -0.00394931 0.005672 0.0152781 -0.00881464 -0.00626299
internal_weight=154.691 18.3749 136.316 44.6348 30.3261 91.6809 83.6904
internal_count=637 76 561 181 123 380 347
is_linear=0
shrinkage=0.03


Tree=25
num_leaves=6
num_cat=0
split_feature=38 17 18 40 21
split_gain=10.1705 7.61926 5.87431 5.41731 2.01418
threshold=0.019786011440137852 4.2949272493157649 0.054255048629799664 -0.019595860061444866 0.022165167274722498
decision_type=2 2 2 2 2
left_child=1 2 -1 -4 -3
right_child=-2 4 3 -5 -6
leaf_value=0.021214989109086636 0.028314045732040872 -0.0042354867449292295 -0.013208280820794076 0.0024959079721461178 -0.028399401779243785
leaf_weight=10.199634343385695 9.3631711900234205 8.0104583948850649 22.662473365664482 95.866925045847893 8.4496209919452649
leaf_count=41 39 33 93 395 35
internal_value=0.000925622 -0.00109946 0.00135649 -0.000551584 -0.0191853
internal_weight=154.552 145.189 128.729 118.529 16.4601
internal_count=636 597 529 488 68
is_linear=0
shrinkage=0.03


Tree=26
num_leaves=6
num_cat=0
split_feature=38 18 40 38 38
split_gain=9.71648 7.0768 5.90108 8.18768 5.44303
threshold=0.019786011440137852 0.054255048629799664 -0.019595860061444866 0.010483911689697438 0.0093535392393454594
decision_type=2 2 2 2 2
left_child=1 -1 4 -4 -3
right_child=-2 2 3 -5 -6
leaf_value=0.020673487374068832 0.027726217742363144 0.0040895002408592842 -0.0051088758891579648 0.012701756467598758 -0.023481671885852921
leaf_weight=10.205086499452589 9.3179180324077588 7.3816779106855419 78.224504560232162 30.696040466427803 18.631414160132408
leaf_count=41 39 30 324 125 77
internal_value=0.000897828 -0.00107607 -0.00310847 0 -0.015389
internal_weight=154.457 145.139 134.934 108.921 26.0131
internal_count=636 597 556 449 107
is_linear=0
shrinkage=0.03


Tree=27
num_leaves=6
num_cat=0
split_feature=38 18 10 32 10
split_gain=9.27346 6.71857 9.52042 9.15006 6.2642
threshold=0.019786011440137852 0.054255048629799664 0.006180171302221483 0.0012602799775103259 -0.01277141671693399
decision_type=2 2 2 2 2
left_child=1 -1 4 -4 -3
right_child=-2 2 3 -5 -6
leaf_value=0.020149652794105213 0.02715703727097624 -0.0013554338220525344 0.014146825465686887 -0.0065794848613292519 -0.020657561575776872
leaf_weight=10.208219245076178 9.2704513370990735 31.851038753986359 37.98552094399929 34.044600740075111 30.956841170787811
leaf_count=41 39 131 155 140 130
internal_value=0.000888491 -0.00103495 -0.00301946 0.00423494 -0.0114445
internal_weight=154.317 145.046 134.838 72.0301 62.8079
internal_count=636 597 556 295 261
is_linear=0
shrinkage=0.03


Tree=28
num_leaves=6
num_cat=0
split_feature=38 17 18 21 20
split_gain=8.85743 7.25733 4.97113 4.66212 2.33344
threshold=0.019786011440137852 4.2949272493157649 0.054255048629799664 0.014903305471530983 0.026875237361326302
decision_type=2 2 2 2 2
left_child=1 2 -1 -4 -3
right_child=-2 4 3 -5 -6
leaf_value=0.019642583809701374 0.026605411680592817 -0.0030100265265705375 -0.0082437922408773526 0.0039260218441326969 -0.028184333523030292
leaf_weight=10.209199070930479 9.2209981828927976 7.7690217196941402 42.261539787054062 76.079726204276085 8.6232240200042707
leaf_count=41 39 32 178 310 36
internal_value=0.000872199 -0.00100266 0.00139011 -0.000360144 -0.0186934
internal_weight=154.164 144.943 128.55 118.341 16.3922
internal_count=636 597 529 488 68
is_linear=0
shrinkage=0.03


Tree=29
num_leaves=6
num_cat=0
split_feature=38 18 40 38 38
split_gain=8.46721 6.07255 5.49423 7.70534 5.15124
threshold=0.019786011440137852 0.054255048629799664 -0.019595860061444866 0.010483911689697438 0.0093535392393454594
decision_type=2 2 2 2 2
left_child=1 -1 4 -4 -3
right_child=-2 2 3 -5 -6
leaf_value=0.019151446405930764 0.026070335829295629 0.0041203628678320465 -0.004843766554045695 0.012435924354467113 -0.022676058262123391
leaf_weight=10.208183154463766 9.1697711050510389 7.3790383338928249 78.04645924270153 30.698479861021042 18.517479002475739
leaf_count=41 39 30 324 125 77
internal_value=0.000847991 -0.000979891 -0.00287395 3.53015e-05 -0.0147549
internal_weight=154.019 144.85 134.641 108.745 25.8965
internal_count=636 597 556 449 107
is_linear=0
shrinkage=0.03


Tree=30
num_leaves=8
num_cat=0
split_feature=38 36 40 38 40 0 25
split_gain=7.05615 9.66502 8.82842 11.5161 6.4505 6.39766 1.83828
threshold=0.020724647412294791 0.0070432854719026826 -0.039438904463816864 0.010483911689697438 0.0064919340775928544 -0.008227122901486748 0.29422863485016654
decision_type=2 2 2 2 2 2 2
left_child=1 2 -1 -4 6 -6 -3
right_child=-2 4 3 -5 5 -7 -8
leaf_value=-0.021379975476087644 0.0263230808404421 -0.0059496946986470987 0.00019144699986086447 0.023732633334609513 0.00021520888359094151 -0.028653140109733459 0.011965279751686105
leaf_weight=8.4595782756805402 7.1987607330083838 8.0142241418361646 62.485966563224792 25.544185355305672 8.508507654070856 20.227480888366699 7.790822058916091
leaf_count=35 31 33 258 104 35 84 32
internal_value=0.00081541 -0.000731598 0.004492 0.0075646 -0.0120766 -0.0201596 0.0023908
internal_weight=148.23 141.031 96.4897 88.0302 44.541 28.736 15.805
internal_count=612 581 397 362 184 119 65
is_linear=0
shrinkage=0.03


Tree=31
num_leaves=9
num_cat=0
split_feature=9 8 21 4 34 21 14 14
split_gain=8.06181 11.9125 19.7949 9.12775 7.45094 6.75107 5.07014 3.12869
threshold=0.093210524132312664 0.007232313145376785 0.01497698837113008 -0.017057565394592796 0.0067477665603434831 0.013746090750510377 -1.3647072047651816 60.357022918248738
decision_type=2 2 2 2 2 2 2 2
left_child=1 3 -3 5 -2 -1 -5 -4
right_child=4 2 7 6 -6 -7 -8 -9
leaf_value=-0.013931662630030955 0 -0.013753744951273831 0.031008259328005463 -0.0020579888046961866 -0.034049380573248814 0.011436728807799923 -0.027525481005887042 0.007159740133474762
leaf_weight=10.553475543856619 13.919049784541132 13.926594167947767 27.810316607356071 15.140212118625643 8.4515211433172208 33.726046249270439 14.738205999135969 9.8359360843896848
leaf_count=44 57 59 114 63 35 138 62 40
internal_value=0.000796854 0.0038969 0.0147474 -0.00364116 -0.014901 0.0047256 -0.0160297 0.0258311
internal_weight=148.101 125.731 51.5728 74.1579 22.3706 44.2795 29.8784 37.6463
internal_count=612 520 213 307 92 182 125 154
is_linear=0
shrinkage=0.03


Tree=32
num_leaves=10
num_cat=0
split_feature=41 36 25 25 36 7 7 9 15
split_gain=7.75166 14.704 10.3914 8.48797 5.15406 2.86393 2.48137 1.42161 0.920686
threshold=1.0000000180025095e-35 0.0070432854719026826 0.49399585921325057 0.15092386110226189 0.0063170362415130325 0.009981006310637747 -0.013137995937962449 0.012483529845485142 3.7805730485841442
decision_type=2 2 2 2 2 2 2 2 2
left_child=3 2 4 -1 -2 6 -3 -4 -5
right_child=1 5 7 8 -6 -7 -8 -9 -10
leaf_value=-0.0068012571626370729 0.0047703533271083298 -0.0081915609244140909 -0.0028164749710795898 0.0350225784179862 0.026114890656747314 -0.0025091188262322734 -0.032261947967994961 -0.023675703438578475 0.01240965852087559
leaf_weight=8.9388631135225314 59.947537288069725 10.103888168931006 7.4651564210653332 8.2063969820737857 11.527614176273344 9.7617487311363202 13.831073224544527 8.6456904560327512 9.5325268656015378
leaf_count=37 247 41 31 34 47 41 59 36 39
internal_value=0.000745861 -0.00242793 0.00396358 0.0148607 0.00903413 -0.0187525 -0.0240945 -0.0162169 0.0261194
internal_weight=147.96 121.283 87.586 26.6778 71.4752 33.6967 23.935 16.1108 17.7389
internal_count=612 502 361 110 294 141 100 67 73
is_linear=0
shrinkage=0.03


Tree=33
num_leaves=9
num_cat=0
split_feature=38 36 25 35 37 13 25 21
split_gain=6.53304 8.56378 7.87254 7.48349 5.75499 5.00511 3.77235 3.75437
threshold=0.020724647412294791 0.0070432854719026826 0.49399585921325057 0.013177225799022587 0.023210107091385605 -2.5929825097620873 0.26807491289198609 0.015713454140748779
decision_type=2 2 2 2 2 2 2 2
left_child=1 2 3 -1 6 -6 -3 -4
right_child=-2 4 7 -5 5 -7 -8 -9
leaf_value=-0.0070193120003750383 0.025407243187066247 -0.010489536193935892 -0.024245789897595352 0.01343286041404161 0 -0.030242419429109324 0.012997746050871039 0.00093384737424960355
leaf_weight=19.246315494179726 7.09834861755371 11.543853625655176 9.2467034757137316 60.175290077924728 8.1979469805955905 15.262297660112379 9.2753959298133832 7.809950351715087
leaf_count=79 31 48 39 247 34 64 38 32
internal_value=0.000715326 -0.000763307 0.00413831 0.00824176 -0.0114846 -0.0210519 0 -0.0130413
internal_weight=147.856 140.758 96.4783 79.4216 44.2795 23.4602 20.8192 17.0567
internal_count=612 581 397 326 184 98 86 71
is_linear=0
shrinkage=0.03


Tree=34
num_leaves=9
num_cat=0
split_feature=41 36 40 7 40 14 33 2
split_gain=7.385 13.4637 9.98324 6.90278 3.24588 2.73373 2.39355 1.52979
threshold=1.0000000180025095e-35 0.0070432854719026826 -0.034851846460604956 0.039969851217442905 0.0079767398291039644 -9.8394333177592426 0.57664532273496738 0.010354205109279537
decision_type=2 2 2 2 2 2 2 2
left_child=5 2 -2 -4 -3 -1 -7 -6
right_child=1 4 3 -5 7 6 -8 -9
leaf_value=0.027487084820804246 -0.024190824800613717 -0.001823081358698492 0.010391801009246986 -0.015961903871270347 -0.029194623874351702 -0.0051619932842382494 0.014190265941429237 -0.0065377856174136523
leaf_weight=8.3237596750259417 8.1317866146564466 10.258535072207449 71.526796638965607 7.9748339504003516 16.177696824073795 7.6046583056449917 10.693312302231787 7.0457544177770606
leaf_count=35 34 43 294 33 68 31 44 30
internal_value=0.0006805 -0.00241575 0.00367901 0.00723738 -0.0180987 0.0144754 0.00569231 -0.0239789
internal_weight=147.737 121.115 87.6334 79.5016 33.482 26.6217 18.298 23.2235
internal_count=612 502 361 327 141 110 75 98
is_linear=0
shrinkage=0.03


Tree=35
num_leaves=8
num_cat=0
split_feature=14 38 32 17 6 16 17
split_gain=7.32629 12.1881 10.7872 6.17474 4.4643 4.52205 4.12225
threshold=-71.89854035548386 0.011335692677746414 0.0045995270096158567 -2.2496597106155263 0.016008147312082863 -2.878622336938959 1.2229963593896687
decision_type=2 2 2 2 2 2 2
left_child=-1 2 3 -2 5 -3 -4
right_child=1 4 6 -5 -6 -7 -8
leaf_value=-0.023632704035922519 -0.0074593957196490241 0.0075303323039264489 -0.025152946888444661 0.010163468881320933 0 0.035440991048692867 -0.0030632980306783924
leaf_weight=7.5394723415374747 23.597510933876038 12.333120822906494 16.65471063554287 54.183830395340919 9.2508928030729276 13.703557074069977 16.874880328774452
leaf_count=31 96 51 70 224 39 57 71
internal_value=0.00169039 0.00339423 -0.00142934 0.00457602 0.0182725 0.0242355 -0.015256
internal_weight=154.138 146.599 111.311 77.7813 35.2876 26.0367 33.5296
internal_count=639 608 461 320 147 108 141
is_linear=0
shrinkage=0.03


Tree=36
num_leaves=10
num_cat=0
split_feature=34 15 32 36 28 15 8 36 17
split_gain=6.97071 7.28645 5.77643 7.1817 5.53949 5.31686 4.25001 3.41474 2.67356
threshold=-0.027608794835424996 42.646824973111571 0.0045995270096158567 0.0049452748353441744 9.5000000000000018 -7.7053760419151045 -0.015462671781661065 0.0064361885678310355 0.16106104460419426
decision_type=2 2 2 2 2 2 2 2 2
left_child=1 6 4 -4 5 -2 -1 -6 -5
right_child=2 -3 3 8 7 -7 -8 -9 -10
leaf_value=0.0043230376875001784 0.010935310079096492 -0.0065457600701019645 0.0065576441795614443 -0.0044186989956744452 0.024817643324240968 -0.0066599746235979917 0.037528892264093359 0 -0.025312026127056037
leaf_weight=7.3974022865295455 20.583451017737389 7.3466306030750266 13.740133956074713 11.897466689348223 12.502460777759554 46.122706830501556 9.5992735922336578 7.6062485277652732 17.285993114113808
leaf_count=31 84 30 57 50 51 191 41 31 73
internal_value=0.00163226 0.0157441 -0.00110056 -0.00993594 0.00322436 -0.000852019 0.0258431 0.0162791 -0.018105
internal_weight=154.082 24.3433 129.738 42.9236 86.8149 66.7062 16.9967 20.1087 29.1835
internal_count=639 102 537 180 357 275 72 82 123
is_linear=0
shrinkage=0.03


Tree=37
num_leaves=11
num_cat=0
split_feature=34 38 12 38 16 33 12 3 16 38
split_gain=6.62828 5.49949 12.2913 8.62433 9.89184 4.61085 3.9986 3.20837 2.61234 0.327688
threshold=-0.027608794835424996 0.010776612910024568 50.134946742392508 0.0085040045916676514 6.797650207990011 0.20639935357388864 41.784656826732565 -0.008770380595676695 12.925953571326088 0.011198819967585724
decision_type=2 2 2 2 2 2 2 2 2 2
left_child=7 3 5 4 -2 -3 -5 -1 -4 -9
right_child=1 2 8 6 -6 -7 -8 9 -10 -11
leaf_value=0.00055190588865145884 0.009581393667735907 0.008269550306951496 0.030434272805874008 0 -0.019443240118269801 -0.017200794582064114 -0.022008646283214944 0.030503311864716495 0.0043703575126853196 0.0098844479587356631
leaf_weight=10.219879105687143 39.693444475531578 8.0988334268331545 13.466448932886125 8.3087196350097638 12.037303104996679 14.216437503695486 26.484727129340172 7.1588608324527723 7.3482754379510871 6.9353199154138565
leaf_count=42 166 33 55 34 50 59 110 29 30 31
internal_value=0.00160008 -0.00106248 0.00733753 -0.00549027 0.0020761 -0.00742014 -0.016649 0.0153697 0.0230801 0.0237786
internal_weight=153.968 129.654 43.13 86.5242 51.7307 22.3153 34.7934 24.3141 20.8147 14.0942
internal_count=639 537 177 360 216 92 144 102 85 60
is_linear=0
shrinkage=0.03


Tree=38
num_leaves=8
num_cat=0
split_feature=14 38 32 17 36 6 12
split_gain=6.89893 11.1876 9.86441 5.62258 4.71377 4.24934 2.87222
threshold=-71.89854035548386 0.011335692677746414 0.0045995270096158567 -2.2496597106155263 0.0049452748353441744 0.016008147312082863 41.521301837793409
decision_type=2 2 2 2 2 2 2
left_child=-1 2 3 -2 -4 6 -3
right_child=1 5 4 -5 -6 -7 -8
leaf_value=-0.023000658296109817 -0.0071408875895259405 0.0056080007319033358 0.00050038714260656504 0.0096716708442501804 -0.021932785812080614 0 0.030326467562131889
leaf_weight=7.5324534177780142 23.555202066898346 8.964305445551874 10.756738394498823 54.262003734707832 22.586304515600204 9.2281022369861585 16.997245073318481
leaf_count=31 96 37 45 224 96 39 71
internal_value=0.00157729 0.00323643 -0.00138036 0.00434318 -0.0146525 0.0175136 0.0233394
internal_weight=153.882 146.35 111.16 77.8172 33.343 35.1897 25.9616
internal_count=639 608 461 320 141 147 108
is_linear=0
shrinkage=0.03


Tree=39
num_leaves=8
num_cat=0
split_feature=14 38 35 14 21 3 16
split_gain=6.57675 10.623 7.11543 8.18159 6.74545 3.4595 4.12787
threshold=-71.89854035548386 0.011335692677746414 0.040253656556901947 -10.406616514608457 0.0162804134174858 0.036548250291947533 -2.6394315627598597
decision_type=2 2 2 2 2 2 2
left_child=-1 2 3 -2 -4 6 -3
right_child=1 5 4 -5 -6 -7 -8
leaf_value=-0.022476337419000555 0.026491569153871859 0.0071997508573728736 5.5519545238279508e-05 -7.6306048565258786e-05 -0.023199647102874334 0 0.033333446420588775
leaf_weight=7.5237080603837958 10.339137822389601 13.498814597725868 21.210461020469666 60.408779174089432 19.149332493543625 8.5006967782974225 13.167252823710442
leaf_count=31 42 56 89 251 79 36 55
internal_value=0.001528 0.00315036 -0.00134604 0.00422171 -0.0111986 0.0170681 0.0220527
internal_weight=153.798 146.274 111.108 70.7479 40.3598 35.1668 26.6661
internal_count=639 608 461 293 168 147 111
is_linear=0
shrinkage=0.03


Tree=40
num_leaves=8
num_cat=0
split_feature=34 21 8 34 36 36 21
split_gain=11.3419 7.44781 10.0952 7.39493 6.32838 5.63997 1.19862
threshold=-0.036732432993421042 0.01497698837113008 -0.022715694548215381 0.030210685170191879 0.0048054974366338737 0.0048708526735336656 0.017974636053228226
decision_type=2 2 2 2 2 2 2
left_child=-1 2 -2 4 -3 -4 -5
right_child=1 3 5 6 -6 -7 -8
leaf_value=0.02433872348946849 0.013604071368468697 0.020893991027404479 -0.0024277880054328163 -0.002357187660525542 0.00085851402174819895 -0.027495738414031801 -0.021878379477275733
leaf_weight=13.469750359654425 8.8057906180620176 18.110512629151344 14.458218425512312 7.2806176990270606 54.825078994035721 23.604085996747017 8.4696821421384794
leaf_count=58 36 74 61 30 225 102 35
internal_value=0 -0.0027547 -0.0122157 0.00223892 0.00645853 -0.0189445 -0.014982
internal_weight=149.024 135.554 46.8681 88.6859 72.9356 38.0623 15.7503
internal_count=621 563 199 364 299 163 65
is_linear=0
shrinkage=0.03


Tree=41
num_leaves=8
num_cat=0
split_feature=34 21 8 34 36 36 36
split_gain=10.7756 7.04974 9.62781 7.05222 5.97266 5.38174 1.20177
threshold=-0.036732432993421042 0.01497698837113008 -0.022715694548215381 0.030210685170191879 0.0048054974366338737 0.0048708526735336656 0.0060685481839526491
decision_type=2 2 2 2 2 2 2
left_child=-1 2 -2 4 -3 -4 -5
right_child=1 3 5 6 -6 -7 -8
leaf_value=0.023748286523358895 0.013260684187147395 0.020295587801259805 -0.0023649189462748286 -0.0023537673514266791 0.00083360612849220914 -0.026912663389659208 -0.021747515223856127
leaf_weight=13.440663710236548 8.8144580125808698 18.143603965640068 14.450584575533865 7.4900783896446219 54.829028353095055 23.437874898314476 8.2325642555952054
leaf_count=58 36 74 61 31 225 102 34
internal_value=0 -0.00268394 -0.011911 0.00216471 0.00628495 -0.0185143 -0.0146632
internal_weight=148.839 135.398 46.7029 88.6953 72.9726 37.8885 15.7226
internal_count=621 563 199 364 299 163 65
is_linear=0
shrinkage=0.03


Tree=42
num_leaves=9
num_cat=0
split_feature=34 28 5 23 23 34 9 1
split_gain=10.2394 7.40572 10.2961 8.26654 6.00954 5.66405 3.4954 3.13446
threshold=-0.036732432993421042 5.5000000000000009 -0.010582349558305336 0.81192233535620562 1.3055738045971912 0.0032294316815292272 0.058092667935656254 0.0014554285809103009
decision_type=2 2 2 2 2 2 2 2
left_child=-1 2 5 7 -5 -2 -4 -3
right_child=1 3 6 4 -6 -7 -8 -9
leaf_value=0.023176051931681967 0.022198435288482601 0.032254983892700581 -0.030217213807492926 -0.0055756143322219596 0.01925451122818329 -0.0064274351090082065 -0.0083934525032937097 0.0029763673331035991
leaf_weight=13.409205764532087 8.0559727549552935 8.3689782917499524 17.034239247441292 55.560365378856659 8.2460260540246946 13.522336125373839 17.147233664989471 7.3014822006225577
leaf_count=58 33 34 74 231 34 56 71 30
internal_value=0 -0.00261542 -0.0108625 0.00311111 -0.00165109 0.00459991 -0.020753 0.0213427
internal_weight=148.646 135.237 55.7598 79.4769 63.8064 21.5783 34.1815 15.6705
internal_count=621 563 234 329 265 89 145 64
is_linear=0
shrinkage=0.03


Tree=43
num_leaves=8
num_cat=0
split_feature=34 21 14 34 23 11 23
split_gain=9.71387 6.49182 8.96601 6.73041 6.26462 4.02199 1.56844
threshold=-0.036732432993421042 0.01497698837113008 -7.3162504185529533 0.030210685170191879 1.0685915762731228 0.034722378176878517 0.94508138434041389
decision_type=2 2 2 2 2 2 2
left_child=-1 2 -2 4 -3 -4 -5
right_child=1 3 5 6 -6 -7 -8
leaf_value=0.022621097479930626 0.0072924719242327121 0.012642462447442845 -0.027592061579062389 -0.022716510155368238 -0.0049321514200132604 -0.003812200122465343 -0.0017818198661029739
leaf_weight=13.375597715377806 13.886245772242544 46.638995602726936 20.263053223490715 7.7225898206233961 26.328041806817055 12.264483392238615 7.9606314450502396
leaf_count=58 58 191 89 32 108 52 33
internal_value=0 -0.00252601 -0.0114185 0.00211348 0.00613868 -0.0198005 -0.0143419
internal_weight=148.44 135.064 46.4138 88.6503 72.967 32.5275 15.6832
internal_count=621 563 199 364 299 141 65
is_linear=0
shrinkage=0.03


Tree=44
num_leaves=9
num_cat=0
split_feature=34 28 9 36 38 21 21 15
split_gain=9.24571 7.03546 7.99893 7.19015 6.65719 6.13142 5.0863 4.76986
threshold=-0.036732432993421042 5.5000000000000009 0.0010230703290205938 0.0049452748353441744 0.0097449902186472585 0.017431740980422605 0.016160537413542248 -21.036325642189599
decision_type=2 2 2 2 2 2 2 2
left_child=-1 2 7 -4 5 -3 -6 -2
right_child=1 4 3 -5 6 -7 -8 -9
leaf_value=0.022082572121301804 -0.011347486426961165 0.0017938470747659919 0 -0.02845015943016533 -0.0041048740721829312 -0.0224241878300354 0.01919549615638088 0.015372683522270938
leaf_weight=13.340046539902685 8.2113063037395495 33.193549871444702 12.979271739721296 22.400100409984589 9.8539543747901899 10.54318283498287 25.81159034371376 11.924323409795759
leaf_count=58 34 139 54 97 41 44 105 49
internal_value=0 -0.00247797 -0.0105422 -0.0188478 0.00309647 -0.00444148 0.0124835 0.00375781
internal_weight=148.257 134.917 55.515 35.3794 79.4023 43.7367 35.6655 20.1356
internal_count=621 563 234 151 329 183 146 83
is_linear=0
shrinkage=0.03


Tree=45
num_leaves=9
num_cat=0
split_feature=13 11 19 9 32 3 13 32
split_gain=6.28773 7.03694 6.74463 4.58568 4.26339 4.78007 3.25773 2.72709
threshold=3.1077518993372881 -0.0014317450357229087 0.16106078498112417 -0.032553164993031354 0.010247855382359618 -0.035264210973168723 -1.2670063273860206 0.0016663763749976692
decision_type=2 2 2 2 2 2 2 2
left_child=2 3 4 -2 5 -1 -4 -3
right_child=1 7 6 -5 -6 -7 -8 -9
leaf_value=0.011203405663314689 -0.012571659083889176 -0.0021487488657316793 0.02578080662644221 0.012863646376940117 0.016890338941273491 -0.0074847083864269847 0.0008784636973991533 -0.026112638781430834
leaf_weight=12.838987916707991 8.9448307156562823 7.6729701608419445 12.196868091821672 12.866684958338736 7.9031389355659476 62.631434440612793 9.2658624798059446 18.737204656004906
leaf_count=52 37 33 51 55 33 261 39 80
internal_value=-0.00163147 -0.0104266 0.00239311 0.00162296 -0.00140831 -0.00390472 0.0166606 -0.0203198
internal_weight=153.058 48.2217 104.836 21.8115 83.3736 75.4704 21.4627 26.4102
internal_count=641 205 436 92 346 313 90 113
is_linear=0
shrinkage=0.03


Tree=46
num_leaves=6
num_cat=0
split_feature=38 17 19 16 38
split_gain=5.54352 6.45622 5.74057 3.1064 2.12001
threshold=0.020724647412294791 4.2949272493157649 0.064616342290457443 18.274208012007481 0.0077411078573196316
decision_type=2 2 2 2 2
left_child=1 2 4 -4 -1
right_child=-2 -3 3 -5 -6
leaf_value=-0.022396511097335502 0.019124517947188401 -0.021147165065827995 0.0035510389537692206 -0.012477853236161237 -0.00052369663024854761
leaf_weight=11.559167355298998 8.6830548048019391 14.070787474513052 100.77001003921032 9.9356263577938062 7.8610219657421103
leaf_count=51 40 59 416 41 34
internal_value=-0.00157139 -0.00316481 -0.000816138 0.00178349 -0.0151186
internal_weight=152.88 144.197 130.126 110.706 19.4202
internal_count=641 601 542 457 85
is_linear=0
shrinkage=0.03


Tree=47
num_leaves=10
num_cat=0
split_feature=13 11 21 11 36 9 0 10 23
split_gain=5.90686 6.68167 5.7318 7.29903 4.5372 4.3922 3.65374 3.10748 2.14875
threshold=3.1077518993372881 -0.0014317450357229087 0.013746090750510377 0.040715443438587691 0.0070926940345379247 -0.032553164993031354 0.0027678001803015388 -0.0025729431373259222 0.95110065590899706
decision_type=2 2 2 2 2 2 2 2 2
left_child=2 5 7 4 -4 -2 -5 -1 -3
right_child=1 8 3 6 -6 -7 -8 -9 -10
leaf_value=-0.019842316103004007 -0.012265697213693937 -0.0060696111867140062 0.018637771847907682 -0.012569332575350613 0.00011546580750790862 0.012638263375859885 0.007968501516844884 0.0015310996625956231 -0.026885604377979631
leaf_weight=11.942205488681795 8.9222648143768328 10.962987780570986 34.656347289681435 20.252252772450451 20.111799314618111 12.857077330350874 9.4211594313383085 8.3082723021507245 15.29185079038143
leaf_count=51 37 47 142 83 86 55 39 35 66
internal_value=-0.00154199 -0.0100888 0.00235441 0.00592376 0.012344 0.0016316 -0.00548367 -0.0110498 -0.0197694
internal_weight=152.726 48.0342 104.692 84.4416 54.7681 21.7793 29.6734 20.2505 26.2548
internal_count=641 205 436 350 228 92 122 86 113
is_linear=0
shrinkage=0.03


Tree=48
num_leaves=7
num_cat=0
split_feature=38 0 21 5 33 8
split_gain=5.2436 4.41084 5.97903 4.99234 4.12913 3.4385
threshold=0.020724647412294791 0.016897768288920537 0.019557377884033018 0.091138641535643564 0.093362486334530703 0.045875152670989121
decision_type=2 2 2 2 2 2
left_child=1 3 -3 4 -1 -5
right_child=-2 2 -4 5 -6 -7
leaf_value=0.012055839295746822 0.018676425020668415 -0.00053254762354239065 -0.031775360184793641 0.024851004237419094 -0.0057606454393153757 0
leaf_weight=11.077842429280279 8.621027395129202 13.808236360549929 8.5682414919137937 8.340555354952814 90.196888133883476 11.981852039694784
leaf_count=45 40 58 36 34 379 49
internal_value=-0.00150884 -0.0030596 -0.0147367 -0.000585712 -0.00347083 0.0121428
internal_weight=152.595 143.974 22.3765 121.597 101.275 20.3224
internal_count=641 601 94 507 424 83
is_linear=0
shrinkage=0.03


Tree=49
num_leaves=11
num_cat=0
split_feature=13 34 15 38 32 12 37 35 14 32
split_gain=5.47265 4.89399 4.79778 4.40264 6.40407 4.31097 4.02026 2.81934 1.58648 1.62173
threshold=3.1077518993372881 0.034057339461087917 6.4235188621707575 0.010870438749035309 0.0019236059671431385 46.02708779211796 0.027330882527990655 0.024984302338169954 33.554678990671285 0.007305011183396771
decision_type=2 2 2 2 2 2 2 2 2 2
left_child=1 3 6 5 -5 -1 7 -2 -4 -10
right_child=2 -3 8 4 -6 -7 -8 -9 9 -11
leaf_value=-0.010642829302326361 0.0037059675337571697 -0.013059924389283686 -0.029727206103125705 0.00068805763953396913 0.029092892322284347 0.0056839855931601849 0.0142268604183209 -0.01816645198117783 0 -0.017711903925635718
leaf_weight=19.622252315282822 6.9368139356374803 13.595879361033438 8.2338510304689425 16.858317539095882 12.201780304312704 42.306064411997795 8.651894345879553 9.7475290447473508 7.1649452000856382 7.0963636487722397
leaf_count=81 31 57 37 71 51 176 36 41 30 30
internal_value=-0.00145295 0.00229094 -0.00970345 0.0049776 0.014203 0.00010501 0 -0.00884652 -0.0191788 -0.00925904
internal_weight=152.416 104.584 47.8314 90.9884 29.0601 61.9283 25.3362 16.6843 22.4952 14.2613
internal_count=641 436 205 379 122 257 108 72 97 60
is_linear=0
shrinkage=0.03


end of trees

feature_importances:
macro_topix_vol_20=39
volatility=23
macro_usdjpy_ret_20=19
macro_usdjpy_vol_20=19
macd_signal=18
macd_hist_change=15
macd=14
bb_bandwidth=13
atr_pct=13
vol_ratio=13
macro_nikkei_ret_20=13
ma_20_60_cross=12
macro_usdjpy_ret_60=11
return_5d=10
gap=10
rsi_change=9
return_20d=8
div_ma_10=8
div_ma_60=8
macd_hist=8
bb_pct_b=8
price_position_20d=8
rsi=7
upper_shadow_pct=7
month=7
macro_topix_ret_20=7
macro_nikkei_above_200dma=7
return_1d=5
return_2d=5
div_ma_20=5
ma_5_20_cross=5
return_3d=4
lower_shadow_pct=3
div_ma_5=2
return_10d=1
candle_body_pct=1
day_of_week=1

parameters:
[boosting: gbdt]
[objective: binary]
[metric: binary_logloss]
[tree_learner: serial]
[device_type: cpu]
[data_sample_strategy: bagging]
[data: ]
[valid: ]
[num_iterations: 50]
[learning_rate: 0.03]
[num_leaves: 15]
[num_threads: 0]
[seed: 42]
[deterministic: 0]
[force_col_wise: 0]
[force_row_wise: 0]
[histogram_pool_size: -1]
[max_depth: 4]
[min_data_in_leaf: 30]
[min_sum_hessian_in_leaf: 0.001]
[bagging_fraction: 0.7]
[pos_bagging_fraction: 1]
[neg_bagging_fraction: 1]
[bagging_freq: 5]
[bagging_seed: 400]
[bagging_by_query: 0]
[feature_fraction: 0.6]
[feature_fraction_bynode: 1]
[feature_fraction_seed: 30056]
[extra_trees: 0]
[extra_seed: 12879]
[early_stopping_round: 0]
[early_stopping_min_delta: 0]
[first_metric_only: 0]
[max_delta_step: 0]
[lambda_l1: 0.5]
[lambda_l2: 2]
[linear_lambda: 0]
[min_gain_to_split: 0]
[drop_rate: 0.1]
[max_drop: 50]
[skip_drop: 0.5]
[xgboost_dart_mode: 0]
[uniform_drop: 0]
[drop_seed: 17869]
[top_rate: 0.2]
[other_rate: 0.1]
[min_data_per_group: 100]
[max_cat_threshold: 32]
[cat_l2: 10]
[cat_smooth: 10]
[max_cat_to_onehot: 4]
[top_k: 20]
[monotone_constraints: ]
[monotone_constraints_method: basic]
[monotone_penalty: 0]
[feature_contri: ]
[forcedsplits_filename: ]
[refit_decay_rate: 0.9]
[cegb_tradeoff: 1]
[cegb_penalty_split: 0]
[cegb_penalty_feature_lazy: ]
[cegb_penalty_feature_coupled: ]
[path_smooth: 0]
[interaction_constraints: ]
[verbosity: -1]
[saved_feature_importance_type: 0]
[use_quantized_grad: 0]
[num_grad_quant_bins: 4]
[quant_train_renew_leaf: 0]
[stochastic_rounding: 1]
[linear_tree: 0]
[max_bin: 255]
[max_bin_by_feature: ]
[min_data_in_bin: 5]
[bin_construct_sample_cnt: 200000]
[data_random_seed: 175]
[is_enable_sparse: 1]
[enable_bundle: 1]
[use_missing: 1]
[zero_as_missing: 0]
[feature_pre_filter: 1]
[pre_partition: 0]
[two_round: 0]
[header: 0]
[label_column: ]
[weight_column: ]
[group_column: ]
[ignore_column: ]
[categorical_feature: ]
[forcedbins_filename: ]
[precise_float_parser: 0]
[parser_config_file: ]
[objective_seed: 16083]
[num_class: 1]
[is_unbalance: 0]
[scale_pos_weight: 1]
[sigmoid: 1]
[boost_from_average: 1]
[reg_sqrt: 0]
[alpha: 0.9]
[fair_c: 1]
[poisson_max_delta_step: 0.7]
[tweedie_variance_power: 1.5]
[lambdarank_truncation_level: 30]
[lambdarank_norm: 1]
[label_gain: ]
[lambdarank_position_bias_regularization: 0]
[eval_at: ]
[multi_error_top_k: 1]
[auc_mu_weights: ]
[num_machines: 1]
[local_listen_port: 12400]
[time_out: 120]
[machine_list_filename: ]
[machines: ]
[gpu_platform_id: -1]
[gpu_device_id: -1]
[gpu_use_dp: 0]
[num_gpu: 1]

end of parameters

pandas_categorical:[]
